D,r2
19.506688068485822,0.3824383783352473
25.58152734778122,0.35085006174663447
31.594890510948904,0.33529701322343597
37.65224534501643,0.3168235862601852
45.18299656881433,0.30095884635232156
52.6087437742114,0.29746275707614056
58.620471535365155,0.28808545123376406
66.14808853118713,0.2750875425216177
73.61392028554432,0.2595295549604708
81.06203081785856,0.2537179348117139
88.66522544780729,0.2555286054802969
96.11465482438433,0.24677185130321674
103.57046153846154,0.2387938467669901
111.1038492381716,0.23713287132025715
118.59233668341709,0.2268066110512888
125.95753368721927,0.22890644041907687
134.95381959430298,0.22343578331802375
142.49430113977203,0.22342075032401526
150.18687527162103,0.22002906230192432
157.6300319488818,0.20935062794989917
165.1422558922559,0.21448452595952647
174.10555794915985,0.20404134428756407
181.6382036685642,0.20310785459655567
189.14315878378378,0.1941965878869059
198.05037895675434,0.20615404171683685
205.63791968400264,0.19108722302294062
213.10467205750226,0.18615521481366512
221.94858962693357,0.18275500727929564
229.5523114355231,0.1790983947585798
237.21497373029771,0.1838538039675632
244.61197041022191,0.18268790256464246
252.12380082229328,0.18454710140802763
261.2235939643347,0.17495837460519267
269.9937977099237,0.1673207406670006
277.625754527163,0.17948548037058512
285.2282502443793,0.16689899329365795
294.2356979405034,0.1688427956258068
303.2847650688182,0.1705655216257492
312.00902612826604,0.16411107456016297
319.53923541247485,0.16456810941416192
327.14468690702085,0.1722621272562168
336.2965779467681,0.16714670454245084
345.3054474708171,0.16099359088153986
354.32317368166423,0.16558990177239089
363.1684622918707,0.15581117903074107
372.05993065874196,0.16261643347570365
381.0014844136566,0.1505388620141153
389.92860785313616,0.15700613401736452
398.85828343313375,0.1489858510170733
408.05797845048744,0.15271939734368656
417.02314130969967,0.14370244560871664
425.8728115345005,0.1402842803657327
434.8318273092369,0.14467152526884078
444.05157736604906,0.14415515554654626
453.13406703351677,0.13569885849640703
462.1964824120603,0.13806622780065442
470.85898760330576,0.1449431914404578
479.8187250996016,0.13719482363994082
489.1712294673967,0.14114905698933286
498.28184143222506,0.1422201369966504
507.34619341563786,0.13529730989703995
516.3055118110236,0.13684226270308342
525.3732576148684,0.14376152083125002
534.3151302605211,0.1355794039034128
543.4417895271988,0.13187671455563368
552.2757527733756,0.13034817250508335
561.3279288702929,0.12497553432918751
570.4766112266112,0.13103761953957452
580.5365546218487,0.1306425447173805
590.7574232511323,0.12911367882856142
600.1160358565737,0.1238140855800017
609.3586474501109,0.12206050476830443
618.4709022957821,0.1258965476471604
627.3587370713119,0.12797108693245424
637.6426799007444,0.12919085975551495
648.0478589420655,0.13063875558790364
657.257345491388,0.1274047732845783
666.4461206896551,0.12380799714453515
675.359314538419,0.12617281739282898
684.4961360123648,0.13127375262988836
694.2889182058047,0.12976554759363604
705.0424272323631,0.12672925953426709
714.3985466741196,0.1334402882845367
723.5215982721382,0.1253185082682579
733.9126007636827,0.128192618051083
744.3937568455641,0.13019444139534192
753.410882842865,0.12628604936422222
763.662382176521,0.13423358304485267
774.3242127000516,0.11230313322720305
783.501138952164,0.11705790581256569
793.5445772058823,0.11866817176313361
803.9332051898126,0.12145383780292986
813.5916856492028,0.11900721983597977
823.5564700502972,0.12138279345964029
833.761186264308,0.12010475592426897
843.3028628829734,0.10697549536528934
852.4751929437707,0.12321343355878549
862.5013876040703,0.12255779420650456
873.0304369170349,0.11658383769168913
882.5296377607025,0.12165003096069074
891.520719738277,0.12489146831656901
901.7850629613548,0.12272035206398255
912.4085623678646,0.11516186892067039
921.3940700808625,0.11059121652980744
931.4245548266167,0.11529970858826877
942.0043881033642,0.11290326679567733
951.5505804311774,0.10679242402217266
961.5615925058548,0.11780228895661166
971.9319960861056,0.11528958411836521
981.7450549450549,0.11539888656212749
991.3996212121212,0.11707855422394978
1001.8292929292929,0.12040408075134672
1011.587542087542,0.11448675182919076
1021.8450574712643,0.11474656134784295
1032.3357856016817,0.10777700425183194
1041.6968680089485,0.11087689891425286
1051.503164556962,0.11246111766315443
1061.9506704980843,0.10858160485854887
1071.6003460207612,0.10521335647804014
1081.4330336015144,0.11079244400052245
1092.0545364402578,0.10638990407936173
1102.5082205029014,0.10075211630305077
1113.0266529984624,0.108392511363879
1122.5317185697809,0.098671732412466
1132.8612132352941,0.10651950583126642
1143.347049269085,0.10340582942972022
1153.8387096774193,0.11324411721161583
1164.3706411698538,0.10452688860675835
1174.4115942028986,0.10848191100104644
1184.9605985037406,0.10335561715969535
1195.4493456131847,0.10405316482461757
1205.9084046300957,0.10610426405863892
1216.5878787878787,0.10595173099781104
1226.943488943489,0.10703470580967482
1236.8038305281486,0.1065726191902877
1246.9066111881646,0.11010910977577174
1257.4807268722468,0.10013896030211171
1267.834790612057,0.10190263567827666
1278.3055555555557,0.10083018775268413
1288.9155722326454,0.10611364875697654
1299.368029739777,0.10258908798444268
1310.094366197183,0.11091194960582086
1320.4188422247446,0.09422303884987371
1330.8534764349045,0.10515834721076799
1341.345544013122,0.09652940222305235
1351.8926237161531,0.10393605184334129
1363.1253658536586,0.09791548336426621
1374.0441988950276,0.10071716522386029
1384.5292026409345,0.10555738257479111
1394.5720207253887,0.105892979341956
1405.1118611378977,0.10772677620100203
1415.9178666666667,0.09760853910836545
1426.9768700787401,0.1009692119980513
1437.463157894737,0.0988309244120566
1448.1981941309255,0.10017037298450035
1459.3864836325238,0.09746974274081416
1469.9680479281078,0.09253201716657598
1480.3939393939395,0.1041002328119203
1490.9645748987855,0.09985123007301296
1501.4946181445412,0.0956282863845763
1511.9087281795512,0.09376385129997508
1523.1858365019011,0.0948733656649515
1534.4506738544474,0.0986923181806457
1544.9600415153088,0.09858556134888227
1555.9116101290015,0.09920848742785701
1566.5032822757112,0.08886500488944364
1577.3923423423423,0.09737289239764074
1588.4018937401368,0.08840419049100837
1598.9522167487685,0.09171862511154656
1609.4987199180748,0.08781673488748629
1619.90380859375,0.0949123955939201
1630.4071125265393,0.09487598116257567
1640.883686545096,0.09668142879209296
1651.8422604422603,0.09024674132383433
1662.5765104460756,0.08731702084062676
1673.2551755175518,0.08995505807567845
1684.356890459364,0.09292525494433236
1694.9474497681608,0.0895853020317994
1705.4102564102564,0.08938282337109303
1715.9165394402035,0.09444823776815672
1727.229118058796,0.09004228567435177
1738.42136659436,0.09497297327002606
1749.546186641402,0.08918010745232384
1760.9568193786204,0.09021178073706261
1771.9429256594724,0.08961739359362908
1783.1310089804542,0.08112120906747848
1794.6973749380882,0.08829258854462851
1805.955091383812,0.08878132515560815
1816.9497805948317,0.08734928518829686
1828.0544904137234,0.08032760353327174
1838.863877118644,0.08726020630151936
1849.9745681381958,0.087507434066014
1861.166147455867,0.08546062018174728
1872.0025536261492,0.08830241712377551
1883.307361376673,0.09029805920439123
1895.4548628428927,0.09162012141837476
1907.0485788113695,0.09013628433312366
1918.0102933607823,0.0857312874411943
1929.4506376948511,0.08402228392970104
1940.5952890792291,0.09498232648606678
1951.5,0.08566295228906338
1963.0847723704867,0.07879216545630623
1973.9417525773197,0.08871784968086861
1985.8978169995355,0.08471279944090909
1997.966219839142,0.08452573244364626
2009.4356968215159,0.08536905601192818
2020.9680479281078,0.0894518886991062
2032.1022784810127,0.07808074402424939
2042.875402792696,0.089916284683097
2054.473904939422,0.0852284623212102
2065.9782496116004,0.08833784954761494
2077.612463485881,0.07967138475110311
2089.037590113285,0.07917586656774583
2099.9473963868227,0.08264138641578406
2111.3727144866384,0.08457789454805442
2122.920377160817,0.08107878143828738
2134.0558717020176,0.07574960983754542
2144.9198992443326,0.08784657301336365
2156.1970490242743,0.0730386459033325
2168.0072765072764,0.08454752885919979
2178.991062039958,0.07824164127189942
2190.5572632622707,0.08042560398867954
2202.5150300601204,0.08286135876300986
2214.5373062015506,0.08188025743751687
2225.9107708553324,0.08063851096217682
2237.359961032635,0.08432044637263124
2249.2982030111702,0.07848165088430728
2261.058212058212,0.0792164142924913
2272.099191374663,0.071696278748065
2283.467876410005,0.08129213701997573
2295.3016997167138,0.0769252855745784
2307.514098690836,0.0790763798196688
2319.4401408450703,0.0761067360449717
2330.9608369098714,0.0803014085507539
2342.3401360544217,0.07471497479895067
2353.973780807551,0.07572205706461221
2365.5509190263288,0.07715913784380063
2377.6083916083917,0.07982041023242815
2389.604605585497,0.07896328449801045
2401.0122601279318,0.07763827911238684
2412.479670861568,0.06703082494420473
2423.9734325185973,0.07538371073649827
2435.4963750604156,0.07209072269017941
2447.582677165354,0.07522703826027669
2459.039419087137,0.07368416338070415
2470.639399806389,0.06959145002303915
2482.0868149755834,0.06573152199475035
2493.3904534606204,0.06785922515445728
2504.90756302521,0.0665503263263989
2516.0607452782033,0.06744101145976629
2527.616889312977,0.06788699628295232
2539.039121114684,0.06567959789245956
2550.9286389413987,0.07386261096591185
2562.9734129137278,0.06437395346297323
2574.510163609321,0.06659599288274176
2586.469945355191,0.06654619952251402
2598.3845785440612,0.06683685155259272
2609.8613968597724,0.06419350854390675
2621.4857571214393,0.06694844920306088
2633.512171372931,0.0658067355302367
2645.565458207452,0.06406968007525943
2657.3929282868526,0.06505519498339424
2669.0111642743223,0.05830941584673011
2680.943992340833,0.05874049963419373
2693.1185344827586,0.06338954107974917
2704.4783689706614,0.06713070386376004
2716.5940792774713,0.06610926326983335
2728.400811770675,0.060920804383893135
2741.127901234568,0.06406156954249118
2753.5869894099847,0.06298739340690757
2765.5826260609088,0.06443679932014913
2777.5135,0.0633233300005979
2789.569543147208,0.06129602241812654
2808.9403958614485,0.05972897712092637
2835.4190034762455,0.05761161258139113
2861.8157657657657,0.05676679635921199
2889.6307277628034,0.060102961237294646
2917.162488393686,0.05910218434718969
2944.315545755237,0.060271379848123155
2971.4515382835993,0.057242139898541995
2998.1831341911766,0.058544277210910364
3025.413082437276,0.055707827334897174
3053.3624267027517,0.0565895233877173
3081.034584755404,0.05696375000921286
3108.1011467889907,0.05870885500746777
3134.9770167777524,0.05686562637576352
3162.5501432664755,0.05216855534374499
3190.497433504433,0.05339268794603326
3218.512595591543,0.05343596101554811
3246.870590878454,0.054022789061009054
3275.4953117674636,0.05521874761193272
3303.4721598563087,0.05317504421987302
3331.9367697594503,0.05058535582239224
3360.897702165267,0.05229641449870014
3389.8423076923077,0.05169472956180011
3419.1020314996576,0.050406725489827976
3447.1259971844206,0.05156455910986189
3474.7745781777276,0.053185955186656954
3504.557490511275,0.052075802961293036
3534.2114467408587,0.05183957552127962
3562.619202226345,0.04954960843634783
3590.9962305986696,0.04926531308993928
3619.4602076124565,0.05079070837667159
3648.1608062709965,0.05160206870884047
3677.032243099049,0.051788685898496736
3706.601814962373,0.050284118609593115
3735.983837450935,0.04872190406797487
3764.451300944048,0.0482748280051734
3793.615435501654,0.048089912061783
3822.403819604234,0.04891506805042131
3851.008729611762,0.046168290792600014
3880.0174966352624,0.046218904359451904
3909.235294117647,0.04625607273384559
3938.082070992539,0.04514435689419542
3967.288940092166,0.045384909261566415
3995.8638105975197,0.04580228165452789
4026.0702028081123,0.044175945697808944
4056.7524282810027,0.04491320594669124
4085.8471899674873,0.04491867493047595
4115.874191389695,0.045668212478939256
4146.205654354765,0.04455267855257516
4175.547255750398,0.04347864704026913
4205.544522887725,0.04292836599668603
4235.957586754366,0.04325678837795372
4266.387508706756,0.043942335235404716
4297.710485479938,0.04233866706814172
4328.951672862454,0.043037265013028625
4359.910920189916,0.040885363207391195
4391.50626118068,0.04317095606928657
4423.003233256351,0.041673382413596936
4454.513288288288,0.04295674154548803
4485.908928171851,0.04247864483041389
4516.84566500227,0.04314456644032413
4547.952164009112,0.04284494089102083
4578.785632315814,0.04072440074788898
4610.1470521798055,0.042775341352150255
4641.446954140999,0.04015329679953751
4672.913463699708,0.03943623977426144
4703.552484904784,0.04139185191077607
4734.566188197768,0.03934791082284407
4766.405972190563,0.04141484018616735
4798.388826057453,0.04090215763351716
4830.438766321477,0.03952838607540082
4862.322164364954,0.04104973426764683
4894.316464392031,0.03924498035104757
4926.249091734787,0.03900724485822653
4958.315137614679,0.03785959578767978
4990.966832129964,0.03723575262882038
5023.428184892898,0.037936726641154286
5055.843373493976,0.03649114788537205
5088.556247118488,0.03388081512762493
5120.875874520424,0.037266504556092477
5153.524575311439,0.0349438468202997
5185.868807962,0.03647094684210927
5218.790043788891,0.035415929907557674
5252.178367253601,0.034735902204528574
5284.625421822272,0.03557905912583452
5316.740408913393,0.03533882813188589
5348.832095431015,0.03283503585333556
5381.682621337508,0.034476851378391925
5414.919152812571,0.03520967675746116
5447.180327868852,0.03528262202380944
5479.514751899866,0.03495507385888696
5512.859116022099,0.03461940306846416
5546.121741101791,0.03381206491502356
5578.469373865699,0.03390492237944164
5610.806921675774,0.035180865625512606
5643.095610204551,0.03403309579024908
5676.271629778672,0.03528794881267282
5710.232171337435,0.03464541958915355
5743.007092198582,0.03513238109885351
5775.9628117913835,0.03643061770119894
5808.89266955926,0.034152031221229985
5841.978509066487,0.03560723483350313
5875.156533575318,0.03618748882199148
5907.881242807825,0.03700109483980046
5941.5367810967455,0.03921047193396874
5974.857737682165,0.04005992781570218
6008.703525641025,0.037771898958120116
6042.438453038674,0.03806026348111119
6075.934276586034,0.03647155263267419
6109.164662349676,0.038824548244210985
6142.0861200183235,0.0365614003844134
6174.921930604982,0.03725921860385191
6208.601941747573,0.0369813381739242
6242.063106796117,0.037533905802853706
6275.638326585695,0.038137557779982956
6308.86369894447,0.037937509362806925
6341.831660583942,0.03856400290237941
6375.609311740891,0.03698898836810979
6409.187671860678,0.03514805532531071
6442.02089009991,0.03617724027848785
6475.165833711949,0.036641453444109365
6508.357079252003,0.03442477667496348
6542.635945759595,0.03413480281499458
6576.469984021913,0.0352225831023923
6610.376324689966,0.034520123722400146
6643.8301756007395,0.034662012384143896
6676.608344549125,0.0368719437304101
6710.058756805807,0.03487471232890387
6743.094942528735,0.03463492014345704
6776.53708323883,0.03607178478691857
6811.0784488522395,0.0360271759365238
6845.5339098771055,0.03708113856045229
6879.738176833447,0.037414650218758186
6913.111085714286,0.03461173503972429
6947.461870177031,0.03456400443266596
6981.467166553056,0.03422828997712099
7015.599368373562,0.035854660300432266
7049.420883901992,0.034664427929835255
7083.9517553793885,0.035077962739391504
7119.260475651189,0.033622349055418985
7154.170820117807,0.03556788869505117
7188.516306844281,0.03542739791072672
7223.53756447634,0.03661198949430272
7259.3042675893885,0.03641708230700004
7293.398732744965,0.03683424747883684
7328.00999545661,0.037779172070417186
7362.897772828508,0.03811908747564976
7397.910820724438,0.03645100993669819
7432.9975230803875,0.03639675111765043
7468.0,0.03442949230256871
7502.79908045977,0.036730292559900485
7538.539906103287,0.036487967928096623
7574.054537121907,0.03630138140185431
7608.550251256282,0.03631716831236736
7642.985619721525,0.035529658161044496
7678.341664806962,0.03713725805292144
7713.582420144556,0.035550363578744915
7748.7945174949855,0.036085048890399166
7783.759749303621,0.034550573595573446
7819.479051208158,0.034840562929099594
7855.3111919927205,0.03433344258368856
7890.965306122449,0.03359593916416016
7926.556346109708,0.035056943483483205
7963.208801077683,0.03467189184721812
7999.1598369934345,0.03420165814331413
8035.79600275672,0.035738318622498134
8073.104453990504,0.03407340385714144
8109.989981785064,0.033245111500481164
8146.494307832422,0.034579624200848105
8182.981055480379,0.0343940032163625
8219.875286565795,0.03627565522256346
8255.91225689733,0.03661325507212879
8293.151356279917,0.035481234497967244
8330.169491525423,0.037201121382551314
8366.206173692697,0.03684016455765562
8403.383792396995,0.03611123887259709
8439.680841438589,0.036230244119981235
8476.665003402131,0.035593858555802035
8514.395776566758,0.036725346049719436
8552.128899082569,0.03582909623771694
8589.278348214286,0.035818598395699966
8626.570373788649,0.034822972892125895
8664.362469572914,0.03630254068203373
8702.85454131573,0.03549065603102131
8741.788216191138,0.03638884339858376
8779.624804469273,0.03474343186510943
8817.015296803653,0.03521576240821036
8854.27182448037,0.03465004198387527
8891.299822852081,0.03466676469085634
8929.006265954979,0.03402779438613405
8966.915831663327,0.03427471044219784
9005.507503410641,0.033732361124051445
9043.685649202733,0.034405381178413866
9081.484314174491,0.03522480301679895
9119.838513513514,0.0353357855638363
9158.362815884477,0.03417637205400175
9195.93681765389,0.035000366944443036
9233.930776214253,0.03549978660221441
9272.488953358625,0.03614928225062339
9310.079990935872,0.03545103946352097
9346.850852927617,0.03566461016523348
9384.433439345752,0.03663355481657277
9422.458011802088,0.03521131694144473
9460.912671618276,0.035525787357190745
9498.972860125261,0.03349853068574392
9537.183592017738,0.03506412917197301
9575.355943738658,0.03572981078519778
9612.969418257071,0.03467263065834727
9650.50999326297,0.03585908555047963
9688.532482598608,0.03558401765595878
9728.030700778643,0.03546443184778869
9767.640856296972,0.03503203868024031
9806.512721490231,0.03505286833215946
9845.74702653248,0.0343649943816553
9884.986288848264,0.032901956490536025
9924.132356308679,0.03503278512829092
9963.303634751774,0.03507504469493713
10003.031134686347,0.03368488714381681
10041.682921245421,0.0339945426245142
10080.52800361337,0.03185071869068831
10119.928890876565,0.031491266569625025
10158.434792626727,0.03271947348708542
10197.231440071557,0.031021698097677623
10236.00664071445,0.032684446574600665
10273.48735050598,0.03164683526105024
10312.029130632682,0.03338830138002937
10350.47500570646,0.033588494279822044
10388.816163410302,0.03296295159471902
10427.931534799365,0.03231314272547975
10466.584618874773,0.030653132971465918
10504.010070954451,0.03244629491534449
10541.711795336201,0.03177553850755575
10579.179291174427,0.031888045901475495
10616.687373850638,0.030884559115138446
10655.899010346378,0.03380980469759451
10694.947610294117,0.03344599011609157
10734.042841037204,0.03543903134355433
10773.008291110087,0.03314835833994864
10812.582261340554,0.03334525032998543
10852.621860149355,0.03321790889473461
10892.257367829021,0.03241724246559951
10930.90720699977,0.03106315208280469
10969.98202911738,0.03208771723089546
11010.84396355353,0.032925354120679345
11050.48555833523,0.03211273186576001
11090.822402524229,0.03224878963877148
11131.484392800183,0.03238591778458653
11171.207297605473,0.03178212465764482
11210.968275245756,0.03160426273324101
11251.41166936791,0.02999576012217486
11291.588557100524,0.03130513300461636
11330.89747669925,0.03109744982931707
11370.386651835373,0.031090930402285867
11411.187628395344,0.03270736215626216
11451.54282433984,0.0317049786823458
11492.73076065135,0.031725867880970565
11533.675005737892,0.032780982128747534
11573.61605107159,0.031761211254801976
11613.803849679194,0.0318596001028562
11655.145368492225,0.030543169367882046
11697.200956937799,0.03342941622216945
11737.849910394265,0.031662034425651624
11778.894184720639,0.030444279054229723
11819.922972360671,0.03222768945975179
11860.82105738816,0.02981483396848936
11902.2049124403,0.030456250516271835
11942.505760368664,0.02964676383677811
11983.55703160788,0.030362124763487222
12025.9151856018,0.029885461817284718
12068.37756251408,0.030627783816158164
12110.369269753513,0.02968970482303317
12152.776145972408,0.02931555876291134
12194.11613945971,0.030702365590153304
12234.796835588168,0.030102567117858546
12277.324348607368,0.03065407112165294
12319.511548913044,0.029868514634344902
12361.844540688398,0.031067538864326203
12403.786594933872,0.030630012885307725
12444.57868252516,0.0312909901120821
12486.98563611491,0.02995056185392069
12530.007523939808,0.030593551886515784
12572.622333182024,0.029049390361320704
12614.65836698071,0.029359956201467707
12656.322196796338,0.028594774090392055
12698.917347865578,0.02902939989327667
12741.547332576618,0.030669808285872423
12783.012933968686,0.03066359149121568
12824.77482390366,0.03041858247278349
12867.34460547504,0.029707164026431827
12910.057161921708,0.028852104422148618
12952.143513203215,0.029508468613781532
12993.860095389507,0.029622853116043582
13036.623855311354,0.029765749984342012
13078.082004555808,0.02867567117516218
13119.604697986577,0.02786074124808731
13161.716182192722,0.02837061038476441
13202.908235833907,0.028268725790649037
13244.353337828725,0.027603438147713225
13285.75643382353,0.027592340728883422
13327.636545293073,0.02781611218432205
13370.595572976712,0.028053925451672533
13412.467479674797,0.02792164213516745
13454.840842200589,0.02684972302196559
13498.024423337856,0.027366637082048045
13539.954888939776,0.026737471956990937
13581.564457557875,0.026240827160515623
13623.194087992668,0.026486617209821633
13665.879268020532,0.027530024260350998
13709.018972697824,0.027284736106828873
13751.841187131853,0.026566954041107194
13794.46799910173,0.027723992139903963
13836.106247150023,0.02821047574282508
13877.343374858438,0.02647942716749553
13918.99705415817,0.027150751815860116
13960.280546075086,0.027602650683850774
14002.08831048106,0.02690982843928543
14043.704954454566,0.02688155838428536
14084.523886452804,0.027951560087177415
14124.9173981544,0.02664898122097325
14166.52411138782,0.027307204138306243
14208.545495802133,0.026659603611058465
14250.999095636445,0.026612232547001215
14293.340032340033,0.02655535251225991
14334.587782805429,0.026040124938239383
14375.69839475469,0.02665535118420311
14416.725409836066,0.026262060416649146
14458.721644826028,0.02678220981958247
14499.987657142858,0.026954439785375685
14542.032579185521,0.026454688717725983
14586.472826086956,0.02625688885780177
14629.850746268658,0.025700223054551188
14673.479605866178,0.026593635561147487
14717.06828291815,0.02703155872840424
14761.14484489051,0.02672998644789751
14803.965736328568,0.025006422500820507
14846.720337053062,0.027426106290993454
14889.906357585494,0.026577340124638405
14933.571526040481,0.02746828613505448
14977.410216021603,0.028054051858694768
15021.10522757999,0.027105634010309024
15065.26221313338,0.026981112435505033
15109.5823876532,0.025845534949026187
15152.84125540141,0.027277831546982385
15196.18774566474,0.025625780877488392
15240.238623751387,0.026953691284075095
15283.914820735328,0.02559340253087492
15327.400730260155,0.026686010973145824
15371.217154526888,0.025635656198678757
15415.060787474096,0.026201297097700457
15458.818202047174,0.026147218484780167
15503.245670009115,0.0250374230812985
15547.367453472538,0.025725565634519925
15591.388210914114,0.027047755777705938
15636.750788643532,0.02609647882240398
15682.03664087392,0.025761964812416605
15726.524869407222,0.025705810529013585
15770.35802747129,0.02574032514728632
15814.58074176457,0.02606137188810171
15858.715679600635,0.02888401509289821
15903.971812080537,0.02709884661194482
15948.151676300578,0.02565104067108365
15992.355555555556,0.026291664387747986
16036.584880036215,0.025862679792101242
16079.970475546541,0.02578353345102482
16123.87143503848,0.025797923698219812
16168.624393624394,0.025474061938859267
16213.002904378909,0.024929024180703956
16257.175434583714,0.02579674375617763
16302.52738150023,0.02541995903060661
16349.669425184522,0.02542107134497925
16396.10775961317,0.025044074098788442
16441.724830699775,0.02442527334827579
16488.815474847732,0.02593235789314812
16536.232037957525,0.024128708036308035
16583.116666666665,0.024753271561533705
16630.473922902493,0.026528208203751097
16679.694288913775,0.02471767807216192
16727.84995404412,0.024043352566133883
16775.04616763783,0.024805432828542154
16822.165986394557,0.02557086110300484
16869.16522136011,0.02352360725587899
16915.969178082192,0.02400068394126499
16963.044484793463,0.02352849083215639
17010.062185642433,0.024386157875747383
17056.960337360382,0.02354171104470805
17104.574208144797,0.02456631304560878
17152.007711499205,0.026109239345124734
17200.994394618832,0.025958229556989003
17249.731707317074,0.023791598786386377
17299.47246770904,0.024352252075197
17348.87159090909,0.02445215462314832
17398.134527089074,0.0252452408388703
17447.333258578157,0.02578058941948816
17496.79683972912,0.024841560838775947
17545.431349849503,0.025017093896216328
17594.534525696174,0.02446244359815927
17644.69325565763,0.024008182875019983
17693.451903114186,0.02239331229334682
17743.150213627163,0.023829580054871666
17791.511670480548,0.02441742920440084
17839.658630884693,0.024284552279605305
17888.21412556054,0.023191246027075375
17937.961887477315,0.023746111555546533
17986.166628519113,0.02363306102877332
18035.68297632469,0.02359646550306558
18084.657900702787,0.024331386235200363
18134.52410326708,0.024275769683060767
18184.723705224733,0.0255949890432531
18235.249437696806,0.0230411864008297
18287.201365187713,0.0249025094187872
18340.318761384337,0.023229996229198486
18392.084710743802,0.024404094810746582
18443.04396590399,0.024864636365292573
18495.008268259073,0.02405621924294491
18546.508466922554,0.02442257242562512
18597.859254206458,0.02478246446356252
18648.116416552977,0.02223521615938958
18698.994969128744,0.023636138015492667
18749.215061058345,0.02421210711882763
18800.932614555255,0.023218225794447205
18851.63087095303,0.02419022265684837
18900.925068744273,0.02540907745591717
18950.379646418856,0.02560434271249703
19000.242110009018,0.024999180647892073
19050.974347228585,0.025913019520751354
19102.826047769264,0.024522075880169646
19153.840437656712,0.02510403481561869
19204.61150261423,0.02508999900431168
19255.515054744526,0.024675967219912692
19306.624232780177,0.02440052825069535
19357.538149898715,0.02496578589463806
19410.103606708017,0.023707952259258015
19461.815437003406,0.023396351617621252
19514.120235934664,0.024417602007324957
19566.70677200903,0.023447553291047876
19620.45440180587,0.024057385830222284
19673.958134243458,0.02299304593018146
19727.577641165757,0.023709360351157567
19779.131825451223,0.02243582048527923
19830.648618288025,0.022908069834373615
19881.857892335767,0.023201701682447028
19932.239597622312,0.02387646697999676
19982.59544737435,0.023652419197633754
20033.44434243746,0.023968527041778986
20083.960695730744,0.02295591132260354
20134.98746867168,0.025068017304253183
20185.924829157175,0.0255252587523338
20238.688291139242,0.02428487933677914
20292.893195132943,0.023644538072408426
20347.364302059497,0.02279936959320054
20400.444291924046,0.023691152882830132
20452.723212271598,0.023450332291593087
20505.207645329112,0.02292207802227008
20559.215744778518,0.023493466994551362
20612.461210762332,0.024322745012993544
20667.165526675788,0.025276175755048445
20721.1967953058,0.023965281036582187
20774.587005906407,0.02296617798218317
20827.767340376664,0.024064875631631306
20882.004556846663,0.023101556048454697
20936.33196814562,0.02372797683466541
20990.45046686404,0.024153472743567952
21046.42346823423,0.023506004556884886
21103.371389891698,0.023130615725851542
21160.587579617833,0.02331550816198707
21217.48894404332,0.023323104133092087
21274.331411439114,0.02349524452030488
21330.774966109355,0.024995725348131954
21387.17711171662,0.02427493463908347
21443.92408200045,0.024338812593231708
21499.93769968051,0.02427499842518392
21554.989844278945,0.024381238014068315
21612.95548489666,0.023861001511724735
21669.023389130933,0.02399902077283218
21724.69387755102,0.02443974920140733
21779.627455459115,0.024952802393462623
21833.570015733872,0.024237532838432954
21888.498497804485,0.024497163674377737
21943.883684446435,0.02417523274188803
22000.590651236667,0.023786006300005953
22057.940920540415,0.023846950122221867
22115.204754429244,0.02435545625684656
22174.4741537054,0.024159105542967255
22231.861287398006,0.024635227519457435
22289.056363636362,0.02403447552151632
22346.80163413527,0.02384119086921952
22404.227929373996,0.025434142620811447
22461.092293703114,0.023992094522212723
22517.62036412677,0.02363637264801204
22574.40022883295,0.02291432808613787
22632.131136363638,0.02376765367868602
22690.005604124635,0.024432555274174633
22746.3090578061,0.023869649863049864
22801.516151202748,0.0246369067388847
22859.019872087712,0.02407847032994496
22917.16606822262,0.023491081471878814
22975.429425287355,0.023248095266438423
23033.033826164876,0.024188378074504562
23090.044628479412,0.023406607643211716
23148.35437330929,0.026014141747531857
