D,r2
68.88383715260848,0.5802764288645906
96.03343949044586,0.5459901227172655
122.94680106397873,0.5282780852045036
151.47391757955137,0.5107562056685272
181.4275627970129,0.4832408981831288
213.19797149826678,0.46614902693191784
246.02247342215045,0.44366740708698954
279.12222064863334,0.43188466734909164
314.92154172383687,0.4159404301814633
352.45677020303884,0.4085856539517463
390.15041782729804,0.39815378017242264
429.47258197850647,0.3838544988396651
469.6521624123793,0.3779241825623435
511.49013246823466,0.35851110879227216
555.424254473161,0.35677754115023375
600.4911788291901,0.3431326327723345
646.8323369204198,0.3293910765069547
694.9421107902336,0.31912597556958283
743.9336835193697,0.30729008531025576
793.9986689737788,0.2877890982606679
845.9886685552408,0.2856086021200665
899.8773498093861,0.27724462700804403
955.6907382550336,0.264812854022846
1011.4723779023219,0.25824750961334514
1066.9976076555024,0.24772372608508408
1122.4427625354779,0.23902123488066596
1179.8530320044918,0.23756278887622306
1237.2548672566372,0.23629846658345538
1296.0987654320988,0.22736774252630607
1355.3166461496376,0.21098686549699297
1414.9639339714247,0.20586531173426417
1477.2351890034365,0.20002953914492483
1542.8140248152795,0.18702089281804726
1611.100469872858,0.17505037787641678
1681.0643960286818,0.16428905710833913
1752.6501937984497,0.16552341216933045
1823.8590063835693,0.16142542935186063
1894.9927737632017,0.15261877575154048
1969.3652316972855,0.1555989399402281
2045.4046595479128,0.1452716209649
2121.7240421987785,0.14123227949689912
2196.233665559247,0.1326574551867767
2276.7224523612263,0.13198264864287124
2361.0067298448016,0.1324652733901026
2444.98315701559,0.1245645660491475
2528.7109201773837,0.12029509235593601
2614.8875224540557,0.12106841313486788
2704.898744654435,0.11809257038144154
2795.4458217270194,0.11969917405169707
2886.1576907102312,0.11344800424810769
2975.969990319458,0.11828141628166541
3066.3783152397964,0.12197428694734885
3157.1016620498617,0.12647461169126764
3248.39917184265,0.12463443497860009
3341.1546633554085,0.12118344754750249
3433.344325897187,0.12113280271687193
3526.500208015532,0.11422435616839301
3621.2921052631577,0.11580555157848375
3719.7428492849285,0.11044108296906972
3817.871331200445,0.1084878328095066
3916.8927977839335,0.10535458735276054
4018.327562517175,0.09908979317115998
4122.627266435986,0.09274669866692462
4226.8622123648465,0.09301465929799431
4333.058717877867,0.08748555501978958
4435.957975034674,0.09098223577242039
4534.9428888272805,0.08885576084074918
4633.642660802639,0.09137599585467772
4730.496871088861,0.0933711430790793
4827.169241379311,0.09637284714543587
4925.690193890361,0.0945647156592839
5024.628579257433,0.09446693553894803
5126.597786998617,0.09154896470838024
5229.078031878032,0.08953798235930578
5332.657712545001,0.09692534382285505
5436.945426913512,0.09265114848566099
5542.432986832987,0.09520330191249737
5649.870250103634,0.09293010971538027
5758.805617352614,0.09319748769245349
5869.178336079078,0.09030429316619705
5979.147823668474,0.08379664662256991
6089.190956858407,0.08397018647289066
6202.892581356867,0.08320015070381062
6318.291320022186,0.08496825438185539
6434.858386294556,0.09434165807633647
6552.095805067147,0.09132968215836475
6669.4295764933095,0.09770314742215419
6785.808422219144,0.09434830358525893
6903.8807085524495,0.0956020699522639
7020.842323651453,0.09324134260713589
7134.919551370812,0.08778538947824058
7249.134477033757,0.08135955721586693
7360.906561461794,0.07942082286964951
7469.614394463668,0.07687945724855681
7585.072257529704,0.06900812765327288
7697.068247621673,0.07015989787478775
7808.207898762342,0.06699661515466614
7917.58223638631,0.06756313927716236
8024.196008258775,0.06757232834048704
8132.302527973477,0.06582957263595893
8244.974774774775,0.06689687325090043
8360.549909508562,0.0636864973755783
8476.3583218707,0.06402725642939858
8590.400110604176,0.06127154036435006
8708.519883608147,0.06098342007651307
8830.563053097345,0.060723447056270224
8952.485011741954,0.06171422062886368
9073.054823039556,0.06306709253639144
9191.785190311419,0.05974712284916787
9310.393315840354,0.0616020906947222
9429.193633583542,0.062292277238280076
9549.437431394072,0.06251665064497446
9672.69070155902,0.0573026134002563
9799.432499654553,0.0564996902228153
9926.336314847942,0.061251299547626904
10052.887396121883,0.05635594325593993
10174.814063368538,0.05436603091018769
10296.568078355634,0.05511690267641798
10421.467268936762,0.05494832090103438
10546.892144724172,0.05645198223278776
10674.325700096566,0.05765520921819751
10798.435629784273,0.05665074397148126
10922.987555309735,0.055415927272485815
11051.663711911357,0.05541039598395016
11178.020503646621,0.0547844615178808
11305.138231631383,0.05494376665854083
11436.2861887628,0.057951030842178064
11572.29585881045,0.05853947217858022
11705.666850447968,0.058182098896323
11836.476684654766,0.056383923326439475
11969.729793103448,0.05872740796780638
12104.362045012504,0.05989399500726518
12237.195202646815,0.05783309072485397
12365.919871794871,0.05484872308570343
12492.797284323138,0.057231154796904236
12622.056716833891,0.055135332525843114
12749.289971030486,0.05436009965197952
12877.76546107123,0.05400942624837668
13004.506870229008,0.05370968298041972
13127.896508900234,0.05434683833000263
13252.645669291338,0.051196810107856566
13381.646782656724,0.0504927824534765
13508.397812240377,0.05451687868911602
13630.673353624792,0.054068496909444506
13753.368632893824,0.05347413296005207
13879.901941747572,0.05465929642849589
14004.146738380912,0.05563151643233672
14128.967389802405,0.05616796221982876
14255.733646798506,0.05697122644352406
14385.897552882621,0.05659364170074939
14521.84410383872,0.05783612701390678
14662.01785467128,0.056810387080594396
14799.026457958165,0.05051899613062732
14930.717303683114,0.05010442541900132
15059.960968858131,0.04941549046062146
15192.05132450331,0.04870517380329909
15328.202626123013,0.04961826306638212
15459.380135565085,0.048653966831459554
15593.176933701658,0.05009399982043734
15731.413364627917,0.0532808175065977
15868.520637119114,0.05468432732560108
16009.147042564953,0.054365402805632415
16149.984842163816,0.05272540728975879
16292.242042623859,0.056244774087871305
16433.380551724138,0.05343713072709671
16575.027877947294,0.0561135859489457
16719.528268063983,0.05474548424326959
16866.45423167196,0.054108611707724574
17012.759112959113,0.05270927760006826
17156.785882352942,0.049030570266215406
17304.841595126003,0.05358768329223083
17458.926799007444,0.05289362184627399
17609.837373597453,0.05263043635167353
17757.324448146606,0.05288479612547065
17899.172004417447,0.05543584309407794
18048.187231685362,0.05716704191010501
18195.00538748446,0.054795408678535135
18340.26250866251,0.05365094497621432
18482.864678265672,0.052569088726509686
18629.601548458453,0.05075508371036231
18774.996683250414,0.05207031364705144
18919.229077327433,0.050985358132985284
19067.552434975096,0.051344746498774956
19223.18243524034,0.05208360696826718
19379.992919616827,0.05376887910864117
19537.650380622836,0.0538117751126434
19701.41324137931,0.05275457245552121
19865.236361118805,0.05030763177851345
20034.04979253112,0.04928663861549559
20204.240845654276,0.05069389863261309
20368.855758582504,0.048967981119412585
20532.14600854819,0.04944301959866044
20695.64045410494,0.04952310931080064
20855.335321037302,0.0541791944633066
21017.031107424304,0.057985199215661934
21177.820199778023,0.061891119415184874
21335.85846323631,0.05560062739825786
21493.851918548276,0.05720866670622428
21659.288048746712,0.05997583431889104
21828.28001650392,0.05811149875823424
22000.56281128943,0.05429611217985637
22174.098025583982,0.053806079782026166
22344.93583918491,0.05157597139677698
22510.445736434107,0.04821799520681696
22673.117328519857,0.047396785337977684
22840.035881865857,0.049769209206160465
23014.414159536296,0.04933446525705892
23181.692672053498,0.049348956488316914
23348.154755360087,0.04632199827894957
23517.35959905332,0.046335317516391736
23679.971318257034,0.04642419321550934
23841.1703539823,0.04699251576730437
24002.62304173021,0.046892673575737745
24166.421364576156,0.04942575880687492
24329.83139050791,0.050171524793718045
24493.65610296153,0.05107850571195139
24659.839386825024,0.05182636561652985
24829.898620689655,0.04838398205112805
25005.350290295824,0.04617853453294342
25179.336339669764,0.045184394531014804
25349.7435508346,0.04941067927364996
25519.45093684941,0.04675862992871671
25685.070367800137,0.04447196928167926
25847.79016935151,0.04523645014838867
26008.248308244718,0.04322959232883573
26164.501460564752,0.04717823580621
26326.561301889393,0.0459617249826779
26492.174844505873,0.04510163654325794
26653.234437820603,0.045025860560013925
26811.39524270502,0.04610896716530002
26969.011031439604,0.04541861036962763
27125.05911809709,0.04535661869726222
27278.998893958247,0.04923512446607584
27430.681667586967,0.05010637088508441
27584.740326147043,0.04878987059417949
27745.566325117696,0.04753853572598212
27903.731421480767,0.047673336028698034
28058.793705808956,0.047762942999861946
28218.962167405763,0.049110749717306966
28378.172409040795,0.04994354690986816
28536.627800194798,0.04830436298816783
28698.72190739461,0.04640356518832497
28865.41616105902,0.04781487016701889
29031.210373041187,0.048179671526294286
29197.283726057598,0.0498028672321751
29361.382120582122,0.04793566859303394
29524.930958298813,0.050497376130082816
29688.974081774082,0.05435137172672357
29846.46863724674,0.061177074775271664
29999.155276935795,0.0623842249071365
30148.905584180477,0.06088596784040172
30295.067915690866,0.06478944153128745
30434.5,0.06490629163234522
30568.895424836603,0.061723894466518145
30700.43867403315,0.06129213944389198
30833.26663910707,0.0634894130859812
30973.638865721434,0.06052726985267332
31118.269845644983,0.059729343077061625
31264.19762135251,0.0595202559834569
31402.88713255685,0.06065928002483866
31540.856510920654,0.06160850735755204
31673.48017682,0.0610621719172802
31813.30795799945,0.06341349158290861
31951.641621696417,0.0598477494448936
32092.18526199364,0.05580710376961999
32241.10652444937,0.05134739776566169
32394.96601470384,0.050817431201698404
32548.650241545893,0.05015622477239175
32707.190054024104,0.05231081219478858
32860.35869864902,0.0473612580778977
33013.10587089594,0.04451455427563242
33157.93793103448,0.0442107620788563
33303.95641980416,0.042842300573152886
33535.352294036755,0.04814652635133506
33857.345976581964,0.045424881177446454
34186.55146600125,0.04522896340544371
34530.30353910493,0.04615115340819266
34868.523044344794,0.04403034112728696
35196.93735542357,0.04727895990264681
35523.87494542506,0.048741983825673116
35879.6309650053,0.04716429009566501
36236.74400049866,0.048398409334267735
36594.9462915601,0.04657237730535506
36961.43676727363,0.04258591781452443
37339.674556213016,0.04214335223332788
37717.84121431695,0.04051641513276145
38108.59578448491,0.042145545655974274
38485.03724499345,0.04406556485226551
38870.482782283216,0.04604820451702864
39253.90133016924,0.04876840058325189
39632.6142021409,0.0470831289189406
40004.27343115829,0.0432768281107553
40377.02803738318,0.04444542465066712
40755.01584232521,0.043279537616366395
41127.78039485193,0.04496917997848295
41490.54266126519,0.04239854553755841
41853.25722489233,0.04388146318136832
42203.52625342978,0.04416692294914965
42565.569914593856,0.04683959568652239
42926.36346057884,0.04709561255483356
43279.87068588904,0.04616228630105916
43640.59925233645,0.04650346266727726
44001.12528132033,0.04785612726351922
44371.67106984859,0.04565642758633149
44735.83530658026,0.04380753943061857
45098.298995445184,0.046680934125905384
45472.57834704562,0.04570938409103405
45843.0814731445,0.044043603374962846
46201.42821535394,0.04551553712869912
46551.376997004496,0.04641322217233425
46891.89416604338,0.047018610228230485
47255.27701522336,0.047167707006611694
47623.006682488136,0.04402385447349116
47984.02434923402,0.044026309703821806
48327.896504369535,0.04120528007516975
48649.641156993814,0.04179154474517037
48938.463279301744,0.04304861083998
49222.657548756935,0.04506383356798916
49520.83737909517,0.04702263218033225
49827.74769556552,0.047889609951746404
50131.442688487725,0.046526291812061235
50446.98692077728,0.04520687425974266
50782.032640579164,0.04510922301475002
51100.14040882463,0.04403647112831639
51399.72857232037,0.046806203893288094
51695.078737209886,0.04615806828994784
52013.991335785075,0.04622457137723266
52347.96774596045,0.04419975609400005
52700.73749532244,0.04558562532949112
53058.93483959555,0.04516702084174401
53427.9410077326,0.043875337909904014
53788.600473697334,0.047004453022010666
54149.8239221314,0.04391972829474492
54519.57721092678,0.043773726177325396
54886.750561377245,0.04325131730668413
55245.91492686586,0.041955608134164414
55608.90316945346,0.0425645636134274
55997.05693285163,0.04201851268556642
56391.71786560279,0.04183746085687418
56789.07230721199,0.04095153881805233
57182.99712876849,0.04182280762081447
57572.66385978044,0.04507578442341944
57947.84074489288,0.0445416782103139
58322.73610677977,0.04544935369977542
58705.431004366816,0.04476706119012454
59095.71588854952,0.04181869457174778
59466.58373384932,0.0433417036636252
59815.00806149231,0.04132342473176294
60161.31490818549,0.04136292540937994
60524.80570142536,0.03876714692346196
60904.4646036984,0.041453603954331765
61288.38446190298,0.04538769761848787
61682.669350308934,0.04394806291776468
62082.084762676976,0.04148963576456549
62475.7636499626,0.03959485764439248
62861.93847210944,0.04157872909559202
63261.99151537837,0.04462085826011902
63665.1412711283,0.04476310956904656
64064.29914636426,0.042445839060101846
64468.62446231532,0.04535332748542633
64850.08164414414,0.04318156232147924
65208.533300136936,0.04150259473310209
65547.36994327744,0.042907851396982846
65887.44382654337,0.04214990957752711
66227.96891933976,0.04213570170203833
66590.27972289834,0.042980995274992
66957.19500935746,0.04897399905205544
67330.18064314705,0.046207624762720056
67714.7713110668,0.04706499680194166
68093.7248472759,0.04450571228338249
68457.18276485628,0.04116214540998453
68803.8310325442,0.040615963546324824
69139.85801736523,0.04093169694391064
69481.08912123475,0.0446223326708381
69805.0069925704,0.04865587265279127
70119.09101116586,0.05020718398910393
70435.46091408591,0.04900814909250706
70765.8719067506,0.04465171230299336
71087.77195387971,0.05184021477730469
71410.79200998752,0.054247946012439346
71755.13978293413,0.048177994485053555
72118.7152284896,0.05323853804027915
72494.41171689384,0.047783882310633734
72862.30978532201,0.043182442609260574
73221.78814298169,0.04033981528133363
73570.41450615355,0.042273586458073976
73917.62471952132,0.041635301727155904
74271.1055420485,0.04117798062278068
74623.4890917047,0.0417403745196211
74979.76185432114,0.043276848615388885
75338.18422036644,0.04268032746774908
75688.95463891831,0.04028503610276267
76022.58221916782,0.04277906703526841
76336.18877678126,0.04627595853957078
76654.3929953802,0.04433315260000857
76996.24458146487,0.04296660983347161
77348.66974768923,0.044138659062424056
77678.62408872828,0.04505887959450089
77991.58144626548,0.04527875664530546
78307.47753578096,0.044801171130693
78631.89958811783,0.043752473122278514
78970.41965678627,0.04378554002383554
79316.20122103165,0.044304816731990264
79653.25293383271,0.04500445952688054
79988.64367171434,0.04235673668434953
80331.17056877069,0.038314231219374766
80685.27038653367,0.03935991924783405
81036.93631766249,0.040402460143235196
81382.40851833374,0.042138214441891066
81738.42670238615,0.04082998457597672
82093.8332293097,0.03957196945287675
82442.80692883895,0.040614380665513275
82798.53750701503,0.0424632669277167
83145.29046756976,0.04447148082224298
83497.2765479828,0.049564738166762434
83870.39009037083,0.05094338741345411
84264.51038353602,0.04854842929783066
84648.42383031815,0.048685295514689295
85013.62853221882,0.04776106710900076
85368.78398999374,0.046738489969299545
85717.02341512019,0.04717544854787723
86080.94708268331,0.04722953543406542
86456.16300354897,0.041733613861275436
86827.19680618802,0.042807060398478064
87189.20607876178,0.04077394836430868
87535.43253200124,0.04154476141642564
87876.00916001994,0.04390145026257225
88217.71103207288,0.04420116292477328
88557.51768007483,0.04291971635656667
88913.11110417577,0.04178030111869542
89270.24400599401,0.03988487804310612
89605.43223397636,0.039797563226964955
89940.17076366358,0.03995663782836541
90293.95358860641,0.04056163867947057
90669.87597430941,0.03984084673549038
91042.78105145135,0.03809128812605935
91421.10963434419,0.04070217631811991
91793.4827047952,0.04077796326105704
92183.06763826607,0.04061064249018223
92585.46670830731,0.04003850428795274
92983.09626669997,0.03898322686575847
93371.33873783986,0.03863527634550641
93765.9101732951,0.04067798854282165
94170.73928771907,0.03869775053768344
94579.25665814258,0.04123885145024066
94977.52754726399,0.04255088165714545
95378.44059653064,0.04530436700298594
95791.21398278658,0.04849799419735734
96184.47485963818,0.047410612328405745
96554.80220533267,0.042652429348978546
96907.36216587559,0.042618850567755766
97264.97085383322,0.041278753670214434
97636.78830431255,0.03874967901285565
97999.12394682644,0.038956801510614675
98349.3492251937,0.03718321289545581
98693.22505916054,0.03979935021218471
99028.05901823632,0.04233345958751315
99360.14480568012,0.04266846591289112
99691.63065483629,0.043491147829005365
100002.17318957996,0.04565661569375261
100289.68979057591,0.04297959456261917
100579.68789091818,0.04356609643894833
100882.06081754736,0.042512659693173534
101188.91970848387,0.04334046476103814
101490.14330334832,0.040357723408920666
101775.61916018663,0.041849466620933744
102069.24763870645,0.04014117544347143
102363.50408074263,0.03706176083452818
102656.90325598803,0.03870468906243848
102958.26512266684,0.03939441518503314
103261.45744216499,0.03778582167414418
103555.74231752165,0.03638589067420531
103837.22364814354,0.038946331722041684
104125.84958130233,0.039234960780079625
104423.62283543042,0.03857255359551349
104736.33903062815,0.03932819793175045
105049.42621111042,0.04384544137291629
105360.70947381578,0.04686688452376129
105686.32132169577,0.044406040986285346
106042.61478477855,0.040988949590992786
106400.86129112662,0.040080805712074875
106753.09263420723,0.040697378464962804
107099.88099245683,0.03811039751680834
107445.93452455329,0.04006568293953313
107812.7387544329,0.041754597614880304
108190.78385124174,0.04350475280629235
108573.24815970057,0.04656719034782847
108950.78060492672,0.0462498649182566
109332.04777986242,0.044940156086680456
109723.02257603085,0.04342958443470971
110100.6208684786,0.04304192712170655
110464.39573991031,0.04201300994247479
110836.89807007682,0.042398888523418735
111215.4133740496,0.04204474549472542
111584.4589918171,0.04666272736536992
111947.47273861509,0.050554887280141195
112328.34816753927,0.04752731828335078
112729.99301310044,0.04380823903620488
113133.62826114093,0.04586891337361492
113539.7389841072,0.04576631636099171
113941.02131239483,0.049454261858646986
114353.7440364681,0.047531486647391936
114759.31980549841,0.045295888744657606
115137.76771210796,0.04575300125098245
115511.22713110669,0.044493103667878134
115905.17749188108,0.04353314360197183
116307.59118398903,0.04566584754599802
116720.2390125304,0.04428739825994978
117139.11516626115,0.042353457132648833
117541.98109912046,0.04508093893846278
117933.47657320873,0.04234335477596441
118327.75719009296,0.04065336852386362
118733.1523257264,0.043245853382658093
119148.1564702214,0.044249044176040524
119558.41170591542,0.0441450261887833
119952.36638361639,0.04372613432280087
120344.51910967017,0.04342651660094935
120736.80205607477,0.04033078372368839
121125.50171371596,0.038361656855999585
121518.42318261304,0.04367145343112389
121901.26814214463,0.04709355428617295
122294.12171196501,0.04534554244591446
122672.1407213605,0.04411758823466456
123037.20245743154,0.04070652005344817
123416.5040863435,0.043172808790475914
123796.74096949279,0.039943640083361646
124162.99912783454,0.042737478551246114
124535.66257018091,0.043690527450050025
124904.32359732884,0.0458737881333531
125265.63812258145,0.04734919547047064
125636.89320448878,0.04531524065469072
126012.1257574811,0.04787566225241985
126382.73360349127,0.043831797906280216
126750.34354144576,0.04427728496814939
127122.19355644356,0.04614608203761351
127516.60100852892,0.047036002240322554
127912.26855322339,0.04551217246190404
128319.50776426567,0.04395939039778731
128715.0979757085,0.044709413318531684
129105.59046965634,0.047564425783132684
129495.69664043962,0.045157082457663804
129889.71033923671,0.04573881414356409
130287.53089957638,0.04361325139653415
130696.65919870195,0.04170470804164792
131103.3033532785,0.042229111531507664
131502.07995502529,0.04617539217205857
131895.41690580163,0.04650774192404544
132294.24446661264,0.04636372296370254
132701.15889367546,0.043912176764600186
133115.79887710544,0.04423204635419278
133537.88569289324,0.04607520597520931
133949.7579871707,0.04332733410667624
134337.835996006,0.041897780102965354
134711.08729067733,0.04313085562596022
135094.9565569179,0.04233613267260039
135477.17709047828,0.046323729933562104
135834.68316584482,0.046152603935678355
136191.91569422776,0.04576730341673758
136548.26077182466,0.04407307354678407
136911.05734945767,0.04299423545755561
137294.17404332355,0.04590494880038782
137680.50461174126,0.04298237698086307
138062.8353198128,0.045560656763202714
138450.90369722707,0.04469898372866184
138817.93326699422,0.04164724729955433
139202.03924509438,0.04556930057176481
139588.57117049771,0.045071249059930325
139970.75971555113,0.04367099934575731
140363.3182697709,0.04195662564894553
140780.38876768685,0.04250914033570194
141194.7986275733,0.045166080582088514
141599.11438539656,0.04620742374894081
141978.45442618855,0.043407891354397196
142357.1402972028,0.04209279883325856
142738.58110295032,0.04138428552603251
143112.27656386566,0.04176291687366412
143499.56841974077,0.042371698465064105
143902.3694661255,0.0411303870353786
144319.15409570155,0.03969000242843742
144753.7641774284,0.04121542690716289
145158.9579124579,0.040416243838741955
145542.03508662595,0.039609320181861384
145936.22858749298,0.03918992061423818
146339.60776856414,0.03979544881457753
146745.6534671988,0.041675861184616414
147155.98205048303,0.04127513882779742
147559.24653601297,0.04243168611889598
147946.05054849165,0.04083451905947531
148310.55232267734,0.040567565711207
148660.54280362162,0.03952491089599655
149008.77760478295,0.042551256083868325
149364.80103504178,0.04105064795646539
149727.77879810095,0.03981109039079711
150092.37202343848,0.041221254961868146
150440.6712260321,0.040709413185080444
150776.27304456217,0.038652403847830225
151122.3393558034,0.0381942279405797
151477.76850462615,0.04071764151905589
151839.2279017579,0.04269370028320025
152177.5172456808,0.04373131069739811
152507.24013198854,0.044791593945964006
152833.5925162419,0.04149546806872405
153156.4836499533,0.040761917805205876
153462.7147671951,0.04225074333980106
153761.87246811704,0.040026544547356706
154076.48385491196,0.03713041342160378
154393.9586405098,0.04021242709172795
154732.7323389915,0.039641799176225755
155072.99769771638,0.04144030425281761
155414.42995501123,0.043875291568451866
155754.70598888403,0.04212535421550641
156115.70024937656,0.04122654674325392
156475.07046374105,0.04187991216878019
156846.46825891745,0.04172703182162815
157227.37305053027,0.040034915554536255
157629.288727999,0.040218143017502615
158027.33655705996,0.04169596917210175
158434.43597903408,0.04378292344532534
158845.64473930106,0.042940813026122154
159262.3119346185,0.04159396647683144
159701.5900143723,0.040625118942145225
160142.93118292987,0.04294719337916954
160564.00330238644,0.042922829676085246
160971.262188651,0.04423284135108364
161374.23922252678,0.04181142280154352
161774.1805460111,0.04365454142990768
162170.32690273196,0.046022355178545755
162550.35546533417,0.04620052011440965
162925.570420336,0.04248644461620104
163312.4300043611,0.04079782561100394
163713.02093588386,0.042938293487543105
164116.57762115638,0.044065099217739934
164488.3323961262,0.043159236047504476
164857.59356086605,0.04434316588633019
165233.1652222707,0.04442425575114922
165615.94704049843,0.04555315549749053
166000.15477750733,0.04376265086498649
166366.21360858178,0.043318970586159425
166744.2682410119,0.04387826643432481
167147.7593345425,0.044490637067641337
167564.8201631484,0.04447367388511324
168008.02160744395,0.04463668514873562
168470.33493091,0.04365443053492447
168913.15832813474,0.04739896470910924
169332.8959309957,0.04500421677609902
169738.33520039832,0.04305012584818895
170126.3127968008,0.041780179152298404
170508.54259837602,0.041192799510144894
170898.43665650848,0.040623358947280384
171297.65672944993,0.044665076431121664
171696.16249609983,0.045774437804631
172081.6983453013,0.04552589764735388
172463.91889699918,0.04408299112717383
172835.44030920765,0.044422224960446136
173208.36025232653,0.04891568422887864
173587.98872695566,0.04668664881010029
173983.70690731952,0.04382445800962051
174370.17037313897,0.043068769155120375
174756.3772761287,0.042124341101112704
175132.09511616288,0.04293034001652884
175508.7856429463,0.043245193155277216
175904.26366298998,0.041001183581623586
176308.27729992522,0.04049935498902018
176693.75527268188,0.04402082364388047
177078.22872838503,0.04393794697083929
177474.79664818392,0.04400495456101936
177869.760124805,0.04158218917304558
178249.88609725685,0.041617105397461586
178636.38498970616,0.043813299804765775
179027.84080284237,0.041162204698366435
179421.5665501311,0.04292253961188318
179802.9014462037,0.043203204499225656
180165.32089598803,0.04663058251008917
180516.44094144087,0.043138145291901395
180869.7264951929,0.04305697187609614
181227.06844272523,0.04087677058459925
181576.880333894,0.038921931630086115
181926.43895439515,0.03987846836707408
182285.83223150804,0.040077382969747485
182664.14892819198,0.03848296978689796
183041.30246029273,0.039278223636343465
183424.8355660789,0.041448458602269145
183803.5073946958,0.04386304069253417
184197.748438671,0.04360635539492935
184596.88147317254,0.04261165667382589
185001.04044369663,0.04238108583993125
185400.17308292256,0.04250356937143335
185812.15732651023,0.043309412228688435
186220.61754429748,0.045751625858006365
186603.12756662298,0.043803652074375844
186990.39790706366,0.03971632530547215
187374.43689502278,0.04316640100193892
187754.07726819543,0.039490644747185256
188140.79246694935,0.03802325782680509
188519.07892763405,0.04071187675024957
188882.07379499314,0.04049117760754365
189256.25476473162,0.0393654396905596
189618.5456359102,0.0428642467837308
189975.72431421446,0.039892598408198254
190348.95510662178,0.041228295591473306
190738.27771542585,0.04214273553132719
191139.49544831028,0.04225779605296138
191527.23909511312,0.0447156965854061
191900.57738317756,0.04237425853908956
192288.37609874696,0.042859975823984944
192676.84384759524,0.04198527657337176
193088.2669863611,0.04067536820920772
193500.92230278786,0.03892978627807385
193916.83315694454,0.04184610457437518
194338.50646269124,0.04030510370843753
194742.5635128397,0.04063818648819216
195148.87857008938,0.04034282716178816
195553.8110363727,0.03949523400204655
195948.05971079532,0.04227587168921064
196313.22107167364,0.04241576253259698
196666.8899975056,0.03988508479296975
197040.86992072905,0.04009047047047563
197412.92062699058,0.040349429488653256
197785.33152715495,0.039010150635717306
198176.19602822707,0.041501885759203966
198572.5572409488,0.0388578714435952
198959.15396132253,0.041178590808280985
199336.01322850367,0.04337129001265708
199708.74864511305,0.04237874507789666
200069.49296831051,0.04358474154914092
200423.19110502055,0.04277319038440821
200763.12454075596,0.04434490732563587
201101.5018106893,0.041925000819631006
201471.45577426188,0.04255135542244287
201861.95052473762,0.041579332297169445
202254.68651881386,0.039164553369110996
202650.46682494064,0.042484697250111204
203056.08597256857,0.04316028255913208
203470.59997504522,0.04085146668305369
203879.45150230645,0.039302965084925055
204282.74364248317,0.041712605025716165
204664.21382978724,0.04090132283667623
205019.19814492032,0.040717582761993845
205378.66238703646,0.039808391513253376
205748.74397402274,0.03610186341700249
206121.37675375695,0.041151553995350046
206520.665044303,0.04060976046338187
206945.77846364884,0.04108800905962622
207368.34506866417,0.042125088761928664
207788.26474075,0.04186517796708524
208201.49644992527,0.04231798695756892
208626.6349950025,0.042684560733237856
209055.33104909046,0.04330041045495758
209470.0517026319,0.04381965395235781
209905.24349129052,0.04432764788949867
210332.80950601134,0.04569136349615902
210751.54586841285,0.04522045385618051
211164.84830339323,0.04440916633135792
211553.01648660464,0.046451000721394284
211924.5487591969,0.049310606505394525
212285.85831878273,0.047167148472074136
212647.22457125038,0.05006437237157454
213001.7225939591,0.04987614485693808
213367.4382812014,0.04782989498538603
213771.51732332708,0.04919992090098491
214177.0031125498,0.04581205713399311
214570.26572945956,0.04418462667719566
214976.0395860607,0.045672773802264637
215387.59958855432,0.04080301995139156
215820.50570484443,0.040368321943311684
216261.37618453865,0.0408816423777522
216706.1021364318,0.04115642588843859
217161.99663257672,0.04430256027700742
217633.84714250063,0.04615022248768232
218076.30855968103,0.04518086280787988
218508.05425969814,0.04439917418889801
218960.72385824806,0.04306698775306596
