D,r2
1026.6896143437077,0.03021768332584159
1035.8071846282373,0.030060710783554878
1045.5642294017623,0.030349062752277833
1055.1995030173944,0.0289509941143409
1064.5858275359974,0.03103429298790499
1073.998365716361,0.029779469600829004
1083.4372287413598,0.031089520137838556
1092.8301787592009,0.030328453748854928
1101.7966706302022,0.029754990425977828
1110.7276521739132,0.029009138028609823
1120.4633757961783,0.029649524115312766
1130.6030167980803,0.03070854805240004
1139.9794450154163,0.029331049450068453
1148.9257944257056,0.029152920993661773
1158.4208737864078,0.02874171770528485
1167.8799863620866,0.030586655411114667
1176.8354931605472,0.030222397737090692
1186.4186742245315,0.029969925373524307
1196.1193842849473,0.0290729544437251
1205.5059728358697,0.028745651144081393
1215.0140478668054,0.029785494634565333
1224.4037061548643,0.028685479744211904
1233.8762456966842,0.029092212968796306
1242.8093713129952,0.028239367261914006
1251.9865748101042,0.028598969539718595
1260.8608025797205,0.029417687900504374
1270.480959570542,0.029927739916238757
1280.149011299435,0.029795088962839066
1289.6535696371843,0.029514905548923956
1298.5019305019305,0.028954970321702446
1307.111909650924,0.028822336676094292
1316.1595188284518,0.03007579891950588
1325.1347659806956,0.02931372988323625
1334.1475352726006,0.02948526446423852
1343.5848869823462,0.02913596205007676
1352.4978444236176,0.029153073367468096
1361.1444043321299,0.028591328698269896
1370.1659968547965,0.0278691150297145
1379.2031063321385,0.029387718973936366
1388.1914968999115,0.02962381846128166
1397.1994981179423,0.028516623313892327
1406.54,0.027881052224131484
1415.9800985941208,0.02804132061217867
1424.996474528468,0.029223663630094886
1433.986643538595,0.028923562270145614
1442.5082582582584,0.02836537079297023
1451.0427438814202,0.027785369547177363
1460.2009172693597,0.028430830324163284
1469.122162162162,0.02766066667772033
1478.1618648507072,0.02834738806905414
1487.1671304347826,0.028530944404609446
1496.1967692043306,0.02855939891845377
1505.218084184999,0.02766054058331102
1514.1176265270506,0.028303321859584774
1523.052085230377,0.028816383750293287
1532.0764028513984,0.028261388587230606
1541.505108767304,0.028072050939208497
1550.9723797329432,0.027720413348691752
1560.3126992115417,0.02790292906381649
1569.935778206703,0.027940577783081063
1578.863466000357,0.027863460994832636
1587.9747420846675,0.028358077129337984
1596.9262920568851,0.027213578453635333
1605.8833119618978,0.028122524726290853
1614.9793795947642,0.027603410574263892
1623.9205264057425,0.027729443773068362
1632.957688723206,0.028691243167557973
1641.9125130707564,0.027860981878678914
1650.8040109389244,0.02728176004446874
1660.6196065989848,0.02717212893355734
1670.2340346304227,0.027314083960822813
1679.2252219605,0.02823951226544138
1688.521470396877,0.028771986400116047
1697.9488771225124,0.028590974495766218
1707.4679172510519,0.028779410080384343
1716.9430234609279,0.02807473278924804
1725.9056740151789,0.027829367518209955
1734.919665576154,0.028753670390379918
1743.9573568281937,0.02859272319768415
1753.4996668887409,0.028270786598691477
1763.0928104575164,0.028913023954654338
1772.5499422156183,0.029289244695622992
1782.0366340224882,0.027648281168707857
1791.0633116883116,0.02756200838600562
1800.5146379044684,0.02882812949200088
1809.854285189943,0.027997193535158008
1819.5317975340688,0.02787043456797167
1828.9898247597512,0.02714320925701993
1838.392875851231,0.027863568765388407
1848.0037885621505,0.02857648860926311
1857.5820795720495,0.027784174576189646
1867.0197910940076,0.027806606774868056
1875.933211678832,0.028614215518797493
1885.4952365034264,0.028020482836613826
1895.5448113207547,0.029220955792681386
1905.3487297921479,0.028590838166423358
1914.9814154308242,0.028180699795690628
1924.5996578272027,0.029222858977867517
1933.964054104132,0.028119505700557518
1943.3529411764705,0.02930258981078962
1953.4555442866802,0.02880834772284994
1962.8786169244768,0.027840709234740683
1972.5189620758483,0.028540964534037188
1982.0579545454545,0.028283989149959204
1991.389905259719,0.028645393533123044
2000.9358903094312,0.028016441689611708
2009.9386468952735,0.028060397059725274
2019.4065579066387,0.028491855037373073
2028.9332346957647,0.029382616942833187
2038.5130331753555,0.028432908432319347
2048.0562018972614,0.02807876354633955
2056.9896065330363,0.028357404419632574
2066.4839088166277,0.028579849371942075
2075.9386888273316,0.028497288744303767
2084.9218805863425,0.02841327870170533
2094.483216783217,0.02803953305760641
2104.5340244106337,0.02771422815940469
2114.002559414991,0.028786411078618256
2123.6138014527846,0.026670446912607577
2132.993587521664,0.028516062937895208
2141.949558173785,0.0283218848785729
2150.9370843070287,0.0280325888889037
2160.3831317423997,0.027545084938979992
2169.9712873169806,0.027137238751124202
2179.5261809447557,0.026908221330189476
2189.0171783625733,0.02777735858134876
2198.464665523156,0.0275870497597079
2207.8966507177033,0.02731373992742899
2217.531634746922,0.027567218189236627
2227.632739460222,0.02776167341606194
2237.5665452021517,0.02748848180927261
2247.440387228261,0.02674192979532017
2257.074059861857,0.02772708550566791
2266.4084672021418,0.02725779132855396
2276.5267826086956,0.028428203245848938
2285.9473782771533,0.027810749639843924
2294.9547601744184,0.02812284392546148
2304.442807482205,0.026497342740551866
2314.4419041119263,0.027446779083612403
2324.509685445175,0.02758392567299524
2334.4272300469484,0.02754139536468392
2343.9684710351376,0.02800546377685956
2353.557035803497,0.026916876517844617
2363.443153819078,0.02704819951202781
2373.360844200412,0.02750911838195798
2383.1232401157185,0.02821911080239552
2392.5522769913014,0.027199132192278295
2402.5073594608975,0.026527360883579765
2412.5249231819735,0.027975898571712083
2422.5051528684303,0.028446250911519592
2432.167843866171,0.02781311335456032
2441.5345614035086,0.02835490724004131
2451.427831491713,0.02714590060674975
2460.9906318883172,0.02663360688523035
2470.546998284734,0.02676309517316427
2480.3784491791826,0.02720314422145245
2489.9436672967863,0.026821031885844785
2499.4918692642086,0.026590375252185088
2509.0349887133184,0.027013934348535277
2518.440465690598,0.02743089412269454
2529.0564745196325,0.027541570759881992
2539.4890099909176,0.027399172422482264
2549.4613591536668,0.026303554599336434
2559.2977015687707,0.02718235799969727
2569.959967453214,0.02813111573714807
2579.986137851367,0.028068010368440838
2589.406712734452,0.028377875551871948
2599.5034025475484,0.027307465147981498
2609.551625067337,0.02736265491128025
2619.5664523043943,0.02788358903590526
2629.4183780020885,0.02627346652572969
2639.543463021381,0.026977005529095818
2649.6209998270197,0.027104139276107178
2659.472963483146,0.02632394909854768
2669.5454389280194,0.028118642854792705
2678.979969765684,0.027669443676129394
2688.600433134813,0.02693494541785141
2699.067326411421,0.027496565121365044
2709.052600818235,0.026991396944612236
2718.538213862057,0.02648108154815812
2728.540935164262,0.027138417759450174
2738.5388763263177,0.026955091351801047
2747.9205422707587,0.027624173544291097
2757.478223147666,0.02682749222664354
2767.540914459254,0.026204231667047863
2777.4718629849704,0.027508327980673188
2787.548477423871,0.027380293398753534
2796.956058588549,0.02651758340225798
2806.451542221473,0.026987482017204738
2816.6044723969253,0.026243775539369386
2826.5498546263043,0.02601668799077597
2836.6440766550522,0.026281970279997815
2845.887443438914,0.02615814597706881
2855.4498234997477,0.02692727304708189
2865.0035695163306,0.024994020968125703
2874.495068350926,0.026142423155478118
2884.515678193872,0.027483763791125278
2894.5761345715787,0.02620872980794998
2904.4112960339944,0.026603551518514356
2914.543109300747,0.025890893443021274
2924.41046386192,0.025553201956851814
2934.0272003108607,0.026975374802537998
2943.9240164974617,0.026629765725044018
2954.420350748995,0.02644127392142506
2964.591784805525,0.02648202166169372
2974.428140525195,0.02652738470339184
2984.4606542882407,0.026945254622297986
2994.900651465798,0.0273217309183785
3005.5525780816856,0.027186351742513767
3015.483562901745,0.026202501630331224
3025.680584551148,0.026226249458760252
3035.4535007072136,0.026078077493264348
3045.478291688818,0.026309576968677886
3056.0479281078383,0.026549350700587244
3066.536336958398,0.025454246375434458
3076.5171724513903,0.027005951719114782
3086.46173688736,0.02732740698881475
3096.420365535248,0.02601717196079622
3106.4419515669515,0.02670941143261367
3116.479562043796,0.026505968858125978
3126.531097890752,0.026377739857198573
3136.983886879316,0.02521040660066747
3147.3722744194292,0.027668588451608783
3157.593220338983,0.02642959028541777
3167.459935897436,0.028258634855102306
3177.5439137134053,0.025879246154328316
3187.595340501792,0.025316588529570822
3197.5220320466133,0.026622562891027733
3207.978235194871,0.02759058326709548
3218.362296939932,0.025403837505575625
3229.0660329315906,0.025474345711302436
3239.4490815052613,0.027066061322072555
3249.3336314847943,0.026738960248945794
3260.021237458194,0.02621670521068375
3270.4607021921224,0.02603544161952246
3280.538124771981,0.02754368150835036
3290.52308537926,0.02722541233506114
3301.029100959194,0.026797280850844964
3311.6101121595157,0.026158554346016025
3321.5416292033806,0.026309907319452167
3332.0269314930147,0.026711098582042125
3342.4021017699115,0.027189405225418517
3353.1432564640113,0.027505730356144228
3363.458921015515,0.026371036083142743
3373.9843243243245,0.025733841710329598
3384.468506723284,0.026599986364202067
3394.9226537756294,0.02649394499357401
3404.8900059136604,0.026422555426645167
3414.7473967080955,0.026025218544048684
3425.423932227321,0.02659624357990437
3435.4346971591926,0.0261430861436852
3445.549818055796,0.02599851849091926
3455.4728440048584,0.025016637940884406
3465.687120941848,0.025622217232826965
3475.9662602304993,0.02612930254279711
3486.497654344155,0.02704419950744469
3496.9866040361867,0.025709225082794437
3507.989628349179,0.02611149807081377
3518.5518139534884,0.026020158670104092
3529.054964829053,0.02615450981195951
3539.455994204998,0.02564124290252945
3549.473914629697,0.02589492687993258
3559.405944055944,0.02563574492132852
3570.0845795945497,0.025827648115760136
3580.4062325060645,0.02600756543760651
3590.434147210836,0.02595061944650981
3600.4065934065934,0.025531929610110173
3611.0923281301893,0.025344435365542994
3621.5443505807816,0.026018942643527037
3631.534521575985,0.027134747127981224
3641.9224123608574,0.02643108748917245
3652.51140544518,0.026026869442976774
3663.1375064135455,0.025358238631573004
3680.084440459695,0.026185584006905016
3703.620986988991,0.026822540615379226
3727.078872347165,0.026338759970184002
3749.9347452776187,0.025472224920977095
3773.712268244576,0.0258079817220072
3797.082507472078,0.026039848017260107
3819.8499877240365,0.026153107477017764
3843.0321576763486,0.02559874125669909
3866.136657214871,0.025843720031870153
3889.4965202598205,0.02564307970228289
3912.9828247323853,0.026129099166811103
3935.515005229705,0.026111120815191884
3958.483633516053,0.02681839311793095
3982.0716035722753,0.02649542784246352
4005.56120512415,0.026318337113837076
4029.8336183728316,0.024848260979618966
4053.563456202933,0.02599621933746281
4077.3836068147916,0.02618388818125786
4100.963127077069,0.02586069610278826
4123.829979069393,0.025826972664053212
4147.597238752678,0.02659880897199131
4171.548876404494,0.025995330964669102
4196.0472972972975,0.026758851686365184
4220.505861850444,0.025556018652668086
4243.468726884195,0.025018041573808526
4266.53187002031,0.02546406782959888
4290.006921529175,0.02577181827584613
4313.565056929721,0.025696361566567166
4337.2727345693875,0.02595424623181991
4361.507833307222,0.025753849013899027
4386.030212195315,0.0258037542869703
4410.382179793159,0.025079394822686927
4434.124186158669,0.02596036141501204
4457.485702907208,0.02565450610391054
4482.0785914179105,0.025956510193041262
4506.047181422828,0.026386956224610292
4529.4104678826325,0.025247218040238575
4553.390820802005,0.02526539773483756
4577.9687036603445,0.02589117572208365
4602.352114963059,0.02616046031037396
4626.468233595379,0.026495276560566022
4651.090605095542,0.02598111836547275
4675.554378311001,0.026221336918704728
4699.488785046729,0.025892545572603818
4723.166666666667,0.026110091787451082
4746.851930154256,0.026107447773341112
4772.232117022987,0.026152839634338804
4796.747083266741,0.025879554361759045
4821.552986971719,0.025869280484837057
4845.5872930304195,0.025961149823002058
4868.91286407767,0.025307078131738006
4892.383000964941,0.02630498070333135
4917.164131812421,0.025641485216796416
4941.451792578646,0.025881633252463537
4965.425436526663,0.02536625871797727
4989.037118437119,0.025363857907650392
5012.9790465804645,0.025342808612472262
5037.149357471914,0.024061564958368895
5060.37759597231,0.024954628833112318
5084.824161073825,0.025775402903086515
5109.693383112241,0.02620104109113004
5133.483621106987,0.025012124341446427
5157.567556795536,0.024599725517292052
5182.019157386497,0.025412441140451283
5207.110959563543,0.025899903803158066
5232.119077113657,0.02596348538973114
5256.58841711404,0.026192111350322518
5281.641410587224,0.026002126289704212
5306.445296891233,0.0260597074730284
5331.171527942455,0.025026823578710788
5355.985372024986,0.02532648163068739
5380.5828303684875,0.0255076509126471
5404.48080173871,0.025660642160275263
5428.920368885325,0.02493620799929569
5454.063794201975,0.025673544379306936
5479.099802293396,0.024870893863027734
5503.988479444488,0.025144079403350318
5529.02229350441,0.0251775191617725
5554.12964839791,0.02579199858686033
5578.867844239261,0.024780300425706385
5604.323896428014,0.025434683502084082
5629.949627470036,0.024710464147262638
5654.945877910635,0.0247719472252009
5680.015599018133,0.025410272399625067
5705.025252940693,0.025704706808283677
5729.826915627179,0.025160461892926797
5754.863784212614,0.024999818835566377
5779.816795106061,0.02518609846091997
5805.299102533556,0.02503036118650927
5830.055343814515,0.02661374005986644
5855.20466463176,0.025581229668780712
5880.121361148568,0.024558406491250715
5904.424837133551,0.024848453706931492
5928.995043662969,0.02571552400496738
5953.815818410305,0.025311982409728626
5978.52782953901,0.025534078804988966
6002.984577036922,0.025591752487298662
6028.166442846987,0.02478548735217637
6052.4644487932155,0.025709234734603792
6077.216172002804,0.02511253653177142
6101.876729048006,0.025504042970439036
6127.610408748934,0.02556129817083459
6152.492195121951,0.025264879199183896
6177.108866175422,0.02574795397693695
6201.885332479796,0.025835034988973327
6227.09138672186,0.02470552291314139
6251.825442859383,0.025205638248686792
6277.850015888147,0.024857425421582875
6303.231904427266,0.025235239337141075
6329.138147314249,0.025225696874030586
6353.952311671516,0.026123224763111567
6379.895683730986,0.024533265799426846
6406.158517672026,0.025050463785102263
6431.278313347441,0.024932884242839043
6457.538467583497,0.024888919380944143
6483.144636015326,0.025029673254593317
6508.221941394834,0.02516186530502678
6533.449078792631,0.02551160361086305
6558.843299975592,0.025059770153924913
6584.371312713683,0.025165792014292785
6610.244971152347,0.02603014320664961
6636.571725073841,0.02556677992783636
6662.582458356359,0.024711248537801888
6688.40280433397,0.024985378482000952
6713.978634872369,0.024973807412193315
6740.16447627292,0.02432185281930416
6766.276393831554,0.024792673498740675
6792.61625282167,0.02589443329942525
6818.895440681943,0.02415942169098413
6845.210896451378,0.02512595820572803
6870.987799155326,0.024428497915740057
6897.986037286791,0.02504780364507035
6923.833940866748,0.024926856656539653
6950.240556815515,0.0256885523808931
6976.618019897304,0.02490081794984899
7002.654967560385,0.02469783022389291
7028.32876929165,0.02479421244727054
7054.63911912888,0.024738168639253353
7081.152231379257,0.024752939760486266
7107.447199486439,0.024580852446330657
7133.681426425239,0.02510665296748211
7159.949418512028,0.025714890530015987
7186.300120048019,0.02522415597830855
7212.58147294828,0.025378776540492937
7238.795433070866,0.0249048905478265
7265.371428571429,0.02572235666487084
7292.06182585587,0.025216257061252505
7318.306104346424,0.024571573556599495
7344.710244772248,0.02501144742674299
7370.829635316699,0.025068663981406808
7397.371773930088,0.024916001340728716
7424.302259452813,0.02503688567576536
7451.619845465636,0.025093940628936804
7478.0763014763015,0.02502435693035073
7504.437393491845,0.02484020229641673
7531.135555555556,0.02519746751411398
7558.031834460804,0.025102057686873562
7584.514420388272,0.024507199014685916
7611.128356099859,0.024867880921942268
7637.873007103394,0.024923426490920744
7665.080816195373,0.02505063182580554
7691.462748212867,0.025247056190220087
7717.881109959333,0.024499643980245366
7744.627137341423,0.024670860138397456
7771.970849683671,0.025523994329066702
7799.034368070954,0.024440140019906055
7826.044601491952,0.02536009152305657
7853.065633115605,0.025435453662033636
7880.069936274906,0.02472926339278944
7906.9834214320035,0.025433949103695692
7934.584345373345,0.024825633115402528
7961.917306461932,0.025226102430451192
7990.0508514112435,0.024911221958559417
8017.890180458462,0.0250752315296327
8045.183090794052,0.025030672029987277
8073.343052899936,0.025773430982125634
8101.1390712570055,0.024825348236589193
8129.542943085569,0.02564208702906181
8157.323538654934,0.02563888333914615
8185.111388933699,0.02549353339732615
8212.269224782067,0.025570311616372066
8240.726891095503,0.025396507236636893
8269.066307824323,0.026294265117255782
8297.68055890147,0.02509031407616085
8325.440546267953,0.025028312241579403
8352.892206437115,0.02555494978491847
8380.248589846899,0.025409250154385533
8406.784657320872,0.02423804386192257
8434.269292219204,0.024842576161341945
8462.971631205673,0.025456595929648784
8491.424016831203,0.025783282545512022
8519.626885926398,0.025242445390667535
8548.008337878906,0.02573197904161006
8575.47975609756,0.024193393294161272
8602.444853228963,0.024976243848313682
8630.720405774484,0.02538129493228672
8660.035694366983,0.025035138325419752
8688.53857900659,0.024735749471946154
8716.200386442315,0.02454186979099116
8743.963459868992,0.02508164825721434
8772.523144862393,0.024620834378592745
8799.815428109854,0.024807066224639004
8828.67489996922,0.02539471137699006
8857.225275166707,0.0251622871864617
8885.647596698494,0.024588423807709668
8913.83697097708,0.02502024617100584
8942.971381005233,0.025321517374274814
8971.349968264043,0.024603573944919594
8999.968794777902,0.025715186581224056
9028.968185451638,0.0259299067451444
9057.619793748501,0.024295184000295206
9085.528816261458,0.025149123253876637
9113.15868759366,0.025573271453198515
9141.97794815049,0.025021132858529003
9170.507993605115,0.02488359685282087
9198.876276324187,0.025774179963536314
9227.307175763255,0.025132256771207166
9256.022972228779,0.025800812308990288
9284.364105823468,0.025613709100106977
9313.014482200648,0.02469742157323383
9342.114983125344,0.025911202694604462
9370.4156680525,0.025344502691378962
9399.60406680068,0.02524118473370353
9428.715190888675,0.025880661978552218
9456.978390102828,0.024815992020586805
9485.913554578168,0.025332400325005784
9515.65832300062,0.025205486930717374
9544.986376905612,0.02430778214309419
9574.502361460956,0.02555058121325761
9604.15480906354,0.02570209463026186
9633.340270714341,0.025039149557020846
9663.584688615629,0.02618859687070672
9692.824551524414,0.02492764291082546
9722.301417051593,0.025625417887218005
9751.952008222645,0.02528555683854545
9781.06996322027,0.02535399008594964
9810.295614381668,0.02555080433090095
9841.066934720908,0.025317747100993597
9870.925872902251,0.02521583806711498
9900.575925479805,0.02503368887441285
9930.630428063669,0.024726594458588564
9961.441953243437,0.02535035195282312
9991.331864786927,0.02492807442474629
10021.737691815857,0.02542279565987012
10051.50393332814,0.025015265956234017
10080.785575522099,0.025460948026273696
10110.690474286172,0.02586521431938432
10140.905512434658,0.025738357621846036
10171.092757506502,0.02542771135850179
10200.059696676348,0.025550007402726407
10229.545468885559,0.025102943842456902
10259.330527806183,0.02639848267493037
10289.78643077166,0.02530553303747731
10318.95005620684,0.024995850730211704
10347.99836039975,0.02478187482570676
10377.0222587269,0.0252084310693776
10406.393085189224,0.025178248510281106
10436.142305526506,0.02603013223958943
10465.023926812104,0.025285217917808606
10494.321243523316,0.024884052951204046
10523.044262555626,0.02471065285605797
10552.59090909091,0.024910650319818563
10582.152267303103,0.024694289861196
10610.48365276212,0.025147897350583204
10639.377933723197,0.025475717598173506
10668.837348436502,0.024545033262644945
10698.821494501966,0.025620748200442998
10729.09074280261,0.025238552363284938
10758.845734744707,0.02470777707554575
10787.580229111592,0.024471136988280812
10815.991324921135,0.02593722370036106
10844.989405580267,0.024696770210172938
10874.020830033265,0.02459340372367036
10903.89486381323,0.024675504341606334
10934.195918696563,0.025237830904067643
10964.44551824112,0.025016565346332627
10994.333652924257,0.02514773137120738
11024.453591160222,0.024495863256066636
11054.242339616787,0.025665597323660524
11084.419417475729,0.02561605639741837
11114.112094395281,0.024730103828809913
11144.510643503792,0.024474812310617294
11174.838544495306,0.025237622280177376
11204.868999918228,0.024683236166909334
11235.390011525164,0.02560368368680118
11266.435280734542,0.025012231411628817
11297.205958132045,0.025664059693773514
11327.833543307086,0.024992876316994823
11359.005562177195,0.024866057388944224
11390.111403718778,0.025007789421074338
11420.866558990925,0.02542392049181303
11451.845729800889,0.025310432124437975
11481.313195925137,0.025112210527655478
11512.324766724656,0.025185779857459675
11542.460539855932,0.024679283544355616
11573.076123750296,0.02498158908376726
11603.371389270977,0.025987912247417397
11634.617647058823,0.025655102421261195
11666.211877882017,0.025490252609375517
11697.303318286213,0.02633105695798962
11728.763064554269,0.02488255273618969
11758.49765071275,0.026462125334113826
11789.804363347877,0.024875171075014323
11820.74787604175,0.025538557292567484
11853.090455396132,0.02558299034874461
11885.246295103092,0.02573522875032727
11918.045802122348,0.025592148813415264
11950.473475338138,0.025451750153185244
11982.335255093982,0.025139296275839346
12014.448162677127,0.02528789326829644
12047.360351258936,0.0248262196620538
12078.373884109722,0.02457563594105762
12110.020017135292,0.025134563537998464
12142.53521351179,0.02490261393517867
12173.772933047414,0.02510308469881282
12205.381447389304,0.025458009946782816
12237.443394702843,0.02507585448927912
12270.0015719563,0.02530279937637469
12302.413676860102,0.025309519709403514
12333.585277844599,0.025166692037746494
12365.581090568687,0.025869427510231423
12396.97231557049,0.025785360647526775
12428.772884554892,0.02518922062700447
12461.398873692679,0.024994926302076944
12493.401351036571,0.024973498515723204
12524.95637932412,0.02530625012839329
12556.47854418309,0.025984918251144566
12588.530194959581,0.025692097535150313
12620.926989400412,0.025212641618678998
12653.501335707926,0.025211600238983365
12685.666138237159,0.02550726691294328
12717.2627956649,0.02557104436700161
12750.157820462564,0.02585919798638596
12782.136265320836,0.025660036149386615
12814.40568886064,0.024943904318266864
12847.0394216011,0.025485276079561827
12880.15746855346,0.025381990667418582
12912.270196768517,0.025037449407842825
12943.782588381871,0.025072939349287435
12976.768937589328,0.02520380991529561
13009.755996822876,0.02568509863626056
13042.587506037675,0.02481910603057102
13074.671301359163,0.025781780980851047
13107.152168586132,0.025992075404016452
13140.456163739022,0.02605449811802717
13174.111681541743,0.025217463957482637
13206.844125661164,0.025387170181643434
13240.620480049874,0.025691303603816305
13273.357323129529,0.02481141795357908
13305.7793531942,0.025683706164478556
13339.308751384713,0.026146968933838746
13374.352602056715,0.025098054038206127
13409.152808809447,0.024824326349189036
13442.330418885622,0.024799822287683335
13475.206568712187,0.025515157040866546
13508.209642426677,0.024537195877694984
13541.590694750079,0.02487272391986698
13575.372463191405,0.025408914776304903
13609.029051257561,0.025288976604587694
13642.455930973309,0.025351551240000915
13676.280739161337,0.02473361162629443
13709.680134680135,0.02493515148347825
13743.398814697748,0.025383876498172475
13777.250641642606,0.025071818386211
13810.889587426325,0.02549657580910785
13845.022076277892,0.024809783600161263
13878.796368871472,0.025297504854553766
13912.467326421614,0.025272930257037727
13946.52575446358,0.025289132388658927
13980.06312399356,0.024705061902927088
14014.086602870813,0.024810224684798526
14047.607886089814,0.02516083673348482
14081.515532835234,0.024357173776084547
14115.135724160364,0.025163556911800427
14148.459120495318,0.025309841940210836
14182.83161974059,0.0249523517890584
14218.05101316723,0.02498240691223016
14252.426944820447,0.02532904528086231
14286.702906520031,0.02484787930445565
14321.47839579852,0.02489800572852726
14356.012814352074,0.024449860539559113
14390.557386138615,0.02526099737133347
14425.13941232833,0.025652229867794803
14460.604387827318,0.02516240476438407
14495.513624969677,0.025451041712479604
14529.94682180228,0.024898255504241823
14565.1471636953,0.02431701547232978
14600.5191329525,0.02551429155822006
14636.003518592563,0.024603994436397814
14670.698561946903,0.025291606284398426
14705.845526485788,0.024692505282468413
14740.831487155314,0.024371090732850376
14775.172397438937,0.024357711797307006
14810.438430631057,0.0252088525832917
14846.65670800451,0.024189590731527884
14882.118659987476,0.024285474158732424
14916.808971693586,0.024914984956543023
14951.519614980183,0.025229331745922283
14985.94777699365,0.024732086542690775
15020.9636232811,0.025514811132150296
15056.033463158732,0.025052003787697202
15091.820023464998,0.025900946221963938
15128.459898958004,0.025264079610842368
15165.065773642416,0.025795522242777282
15199.915739144066,0.024891210120243028
15235.146357085669,0.025043503764724362
15270.351819757365,0.02522926581916781
15305.104026307346,0.02492821411062088
15339.553247583286,0.024947127144952886
15374.55467511886,0.024785258629866455
15410.511753494282,0.025066586754871893
15446.266598247414,0.02443152700372233
15482.240808530956,0.02525762250445602
15516.550502254211,0.025375512835780798
15550.674048112156,0.02529924226350892
15585.822469779569,0.02565208603544378
15619.440022832912,0.025801861308969123
15653.986941472624,0.025675030134312327
15689.968040832351,0.024885808467266936
15725.017562233143,0.025643741825331128
15760.421903192908,0.02566964747400026
15796.9930247305,0.02534924024159478
15833.352038369305,0.025513964118523722
15868.331514324693,0.025149915982413774
15903.631447522435,0.024774348398012777
15938.907182056788,0.0247245801605619
15974.034538152611,0.025297636153204538
16009.755063882829,0.02470907772408122
16045.093902439025,0.025647487582453814
16081.119159981123,0.025415163895365106
16117.573430405511,0.02491687532165785
16153.523548566436,0.02503102941919548
16189.10304054054,0.025950760627247833
16224.716920865607,0.025604943520945094
16261.68498168498,0.024780984202000346
16297.319000948466,0.02525008703785542
16332.95465207193,0.025295917660303827
16367.953408179632,0.025229592934802408
16403.15414924413,0.025450150653778918
16439.160218804504,0.024695319496528048
16476.936390532544,0.02486615949854794
16515.60286054827,0.02492493237024875
16552.7062605481,0.024718499590812845
16590.658978845237,0.025384668068646647
16627.608402822323,0.024922321231566222
16664.25686076343,0.025061572671966254
16702.44221386867,0.025099035289923858
16740.532369578883,0.025248918466842036
16778.12685377133,0.024673908447402488
16816.042752117628,0.025169975020317654
16854.076135737345,0.025016179686028425
16891.658577742066,0.025008772825217327
16927.918044458507,0.025088811072747914
16965.662802781997,0.024586525936982306
17003.387841658812,0.025222474959376975
17040.72075225922,0.024732994993120313
17077.337430079573,0.02457326669504386
17115.326884069276,0.024753355883885737
17152.837456112353,0.02512453371451278
17189.619439341906,0.025386103115106584
17228.39901828834,0.024907354931808397
17268.08460060829,0.02540178924152205
17307.161697428615,0.02526965703012641
17344.966519267215,0.025492517198839104
17383.351325301206,0.02539199821357783
17422.62404233473,0.025221896099820666
17461.065824202193,0.02528446140424854
17499.914396272605,0.02467561785277084
17539.36818002369,0.024959743782292314
17577.56325754575,0.02553239069822256
17615.998413705584,0.025745810031768415
17654.255573505656,0.02435907930751922
17693.035962243546,0.02520414278042993
17731.338129496402,0.0253106788983499
17768.704101096806,0.02553589341877612
17807.038786634017,0.024574775598000684
17846.30997624703,0.0250648355527578
17886.400558213718,0.024911338811372065
17924.93683281162,0.024669842308753687
17965.034193396597,0.024798612680623538
18004.937818387643,0.02536615103502138
18043.313994790435,0.024863082792316252
18082.857292253237,0.025205770221157765
18122.071939648467,0.025188469052124882
18160.833504462524,0.02467977836950067
18200.02943316892,0.02565155107429289
18239.53821456539,0.025252998095598778
18279.516538214513,0.025209421428441
18319.88787203565,0.024847499940504753
18360.852715629695,0.02558180508869627
18400.737939297123,0.025484013092957187
18440.997862909608,0.025212252273158535
18481.717106314947,0.025044450642354183
18521.578697475667,0.02555176159397018
18563.656496373384,0.02620808809525038
18605.50814591115,0.02517096492337463
18646.938087207902,0.024724506981934496
18688.0526233604,0.024437499259815237
18729.79125392607,0.02503391859875389
