D,r2
132.1107612267251,0.7150983474358883
178.4100797189569,0.7081952743529939
228.03997895844293,0.6892445191324524
280.2265287416525,0.6733687467132575
334.6341397118782,0.659110304736474
390.0867029548989,0.6427385331078691
446.6576994434137,0.642855875140341
503.7141702586207,0.6257364034833072
562.8111111111111,0.6186535052636664
623.6722990952634,0.6043614706624603
687.0844899609217,0.5855794937011908
751.9878763655742,0.5702944248377284
819.3979659225994,0.5621330239555499
888.1363211951448,0.5489965766793832
957.3562742215689,0.5349705272691879
1028.0522428149343,0.5163050129774958
1100.8865691489361,0.5025350311456106
1175.5628893306825,0.500884746141391
1250.826233486115,0.4919768438677952
1328.3055153350006,0.4887763100322811
1406.8787838019641,0.46697429122494405
1486.6197916666667,0.45718564888916097
1567.8002656042497,0.461616932578291
1650.4184615384615,0.45349705552881564
1730.7939068100359,0.44693125310716786
1810.4787351560342,0.44051236616134287
1891.7926018287615,0.43583028860015116
1974.3197962555066,0.43220632633669553
2057.3980258584734,0.4221201089580114
2141.6864864864865,0.41247913981620715
2226.5254961411247,0.4154671323442631
2312.5687794076944,0.41499614936183277
2400.4509126106195,0.4059239711545396
2487.9327217125383,0.3913710612851628
2576.4954356846474,0.3852286880466207
2666.438555540299,0.37892139288894644
2755.4821925431274,0.36627235052318335
2848.119548768744,0.3666480028106796
2942.4065934065934,0.3631450011792592
3037.8119113573407,0.3545197309615578
3134.067731277533,0.3501801123163229
3230.376140447885,0.3409900932707527
3328.4819477106103,0.340503079196533
3428.8127164427206,0.3380021515152863
3529.7434836574266,0.32330179292606415
3630.6518733582193,0.3281190512794721
3731.778101178101,0.3340728515028993
3833.8386111111113,0.32704221096986597
3938.787322193067,0.3254225926951903
4044.690205327414,0.31912822594029483
4152.082494137122,0.3151905815971438
4259.996244784423,0.3126314089211414
4367.159408267662,0.3101164784020722
4479.005652833311,0.30609155134049365
4590.500482958466,0.30240721769525214
4703.869820008372,0.29827175305578807
4814.765672050369,0.2955465861751038
4925.972707121086,0.2913567507687447
5037.26355943959,0.2892432454207102
5152.379415011038,0.2884100610347903
5268.100609756098,0.27860025851689624
5383.84666574241,0.2802977974104091
5501.070276973956,0.2773155016917293
5616.410497237569,0.2732335595489595
5731.266406576564,0.26940508162891313
5847.174249757986,0.2638406279839649
5966.7762305253,0.2671670881110027
6088.5526863806745,0.2672662353201223
6211.348721492744,0.26857534840449154
6334.444152612662,0.2666725066596223
6456.981028320044,0.2650216889823476
6577.446678685342,0.2681582947121318
6699.094986807388,0.2693712825577164
6821.374345549738,0.26362737134481107
6943.245348514301,0.2653356192875651
7066.580243497509,0.2659474046829004
7193.563618837786,0.25378308278834066
7320.644835225699,0.25608424615807435
7448.107004429678,0.2517643065580085
7573.480944490472,0.24664185172119324
7697.18322509327,0.2400463949241683
7817.291144527987,0.2436396481810066
7938.380589782639,0.2397959392750742
8059.840787119857,0.22863588062888796
8183.699461102667,0.22624065355753634
8311.098779134296,0.2224437090288254
8439.02386536074,0.2215332962596108
8567.188243430151,0.22199764181314555
8697.649485968324,0.2232782658427917
8831.877661045064,0.21818346313464673
8965.166482606295,0.217128843366461
9095.476321966036,0.21675288945050963
9229.737119844465,0.21794555703842675
9365.566722037653,0.2196220348348281
9501.209610604805,0.21833265448957592
9634.17534360683,0.21745720419624925
9765.648040838852,0.2179031632806053
9899.572239922427,0.21928831842101995
10034.740674219398,0.2151854024250962
10171.433800083183,0.21615942698940008
10309.259991702393,0.21285003564340604
10453.721801404765,0.20653700226121538
10598.800222283968,0.20027262062826148
10746.150193263391,0.20116076085442966
10891.809728381375,0.19899505158935787
11042.019008264462,0.19901716026144672
11196.692510768376,0.19761999650947001
11348.413416320886,0.1959850820084413
11502.544600938967,0.19761771854898916
11657.368850193478,0.1993332998111106
11809.824440143766,0.20241817073867793
11959.795331388079,0.200562499314885
12111.874741343634,0.19936904786603274
12261.41332596074,0.1999275125305238
12410.995846601136,0.20545635233199092
12560.039468217698,0.19797592869696062
12707.267091942866,0.19798206737886873
12857.38060522696,0.19811140290947596
13012.990308735982,0.1880535479017782
13169.705133527052,0.19749220695343192
13324.937828856273,0.19162390235700288
13483.88033126294,0.1953792978988675
13641.108190794048,0.19932846910582666
13797.665238424326,0.20153550618611885
13951.920276816609,0.19887110840540048
14109.213101160862,0.19778756112413656
14269.658033240998,0.2023653760413127
14431.579281767956,0.19904297899668286
14587.75641025641,0.20068140798859735
14741.029480968858,0.20107078460371533
14892.406193584224,0.19609344674077694
15043.70220435325,0.19588834045430248
15194.804086704404,0.1941524439972134
15342.779928117225,0.1904902705122808
15487.519115807034,0.18833296152351262
15634.546728971962,0.18213353210025113
15780.666666666666,0.18141914997652142
15926.71444382955,0.17927927377945976
16069.471373520506,0.17912756354200923
16211.6764665095,0.17146284905744563
16358.925987525987,0.1776979440289202
16501.324948168625,0.17226128907438962
16639.315366495775,0.17189423427786524
16778.38563170933,0.16566327593588157
16916.58802328805,0.17153407503106616
17053.135379061372,0.17379139672311064
17186.235489220562,0.17307552061563042
17323.04973062578,0.17601577012866657
17459.061869907473,0.1780176381161323
17594.01067369005,0.17914956215073655
17729.559811920895,0.18060634488301494
17863.455485115766,0.17575301492333256
17994.922307157747,0.17617360274785493
18127.064618790646,0.17535994776873792
18263.241426800716,0.17679037736062753
18398.550791007492,0.17395326531072575
18536.89976496613,0.17037367476740437
18677.318018763795,0.17481635012858807
18821.9391761128,0.1659847797478139
18964.423531045977,0.16963868088329792
19107.838718624324,0.16672640356825935
19250.45827010622,0.17020457552144566
19390.34114726972,0.16899136899209505
19529.512181616832,0.17145401049083783
19665.46943866944,0.1708649461939719
19803.446743507848,0.16846141509661436
19944.416747137537,0.16684420753890075
20081.75812024879,0.1679358009233242
20217.0601711289,0.1661598040080901
20356.077609028842,0.17291316453499678
20496.305383450366,0.16890176252332773
20636.59886615044,0.17078226138734637
20776.755282419555,0.16883119054083856
20915.61392053348,0.17097781154986416
21057.121141124586,0.16635710889837815
21197.19974961747,0.16809976533168033
21336.11797209559,0.16436808934350083
21478.771903114186,0.16336904078765582
21619.900826446283,0.15827733298075222
21762.404531638575,0.15702509948573057
21904.5916585839,0.16136598638842847
22047.82865051903,0.16500012219285154
22189.48126561199,0.1664998428994319
22333.909253649133,0.16443599194891814
22476.44390648776,0.15925725053889894
22619.18507171703,0.16354211755610798
22761.959714010725,0.15879105406760416
22903.186908077994,0.1566194842566999
23044.463552432135,0.16010605634783148
23185.38586806514,0.16277860487605966
23320.80791666667,0.15881117011948256
23456.396768402155,0.1591207412585679
23589.66214345057,0.1654825408099602
23720.180572851805,0.16244321875196427
23850.48123008727,0.16618343412127287
23979.926462472406,0.16260348580598158
24112.5579369469,0.1594207118777685
24244.500208015532,0.15843072887624385
24377.061621174525,0.1578438714291064
24507.697477827052,0.1607996137507169
24641.504971002487,0.16050818132212738
24777.71355534061,0.15964222375226372
24913.434843011946,0.1572565865535614
25050.393277078434,0.15908612419093082
25184.98455385464,0.16088350190706127
25319.217985909658,0.15956413302874692
25455.0734455418,0.15364374300759132
25591.72684610076,0.15003826268003997
25726.54570598811,0.1525244555098797
25862.13128106019,0.1515178543813556
26004.453409248716,0.15601961452003799
26148.15754651964,0.15097432527633828
26289.342319922576,0.15607351395645958
26430.83162132149,0.14706445179907582
26571.818745692624,0.1459600604185495
26717.731894150416,0.14484326864249494
26863.977097130242,0.15101746763356522
27016.037728026535,0.15137167115090694
27167.807947019868,0.15384952902154703
27319.494607300883,0.1569290668269003
27467.200941697825,0.1545676885264785
27615.6104667219,0.15858175032095498
27763.35595337219,0.15290457602435578
27910.558222958058,0.1502590687447516
28058.97135308024,0.14556483046904942
28206.1902783548,0.1555936470019049
28355.686803357643,0.14875615042416998
28507.020232815965,0.1515381742266285
28653.948813982523,0.15107682748992135
28803.416781672648,0.1502689642794867
28952.128431507794,0.1503786950618884
29098.075194228633,0.15237191807436376
29243.673873873875,0.1509550531693513
29389.042788129744,0.15812870220039213
29535.820207612458,0.15225102429683426
29681.947870575223,0.1534655964418429
29834.333656913048,0.1577762237743903
29985.708878183068,0.1585167804573952
30137.10060891226,0.1655422425768524
30285.887146029985,0.1644669171543778
30437.48997372424,0.16579044723061992
30583.95179558011,0.17002737313152813
30728.335637268454,0.1704615928621315
30872.780247256564,0.17126304651547122
31016.330713005103,0.16750306102354337
31161.36642699115,0.1699760744520549
31306.63013318535,0.15984096058143527
31454.709677419356,0.16222801671035741
31603.640005525624,0.16576919350917507
31754.695976773124,0.16710940694618975
31904.82098850893,0.16246914656047212
32056.469864528615,0.16597225401248916
32208.92880794702,0.16807389930154354
32362.040387275243,0.17394467615174142
32516.99889380531,0.1766547546848223
32668.88122923588,0.17603716664555194
32818.398305084746,0.1752682814482688
32970.45552784705,0.17237714005043273
33121.85375929496,0.17218115049264185
33269.6476519337,0.17289546204020037
33418.949721448465,0.17136257641912753
33568.22288158984,0.17110978469119917
33719.5152645393,0.1663360157459373
33871.19361997226,0.16498730940535855
34020.41715076072,0.1651870954473002
34168.140860661406,0.1699468481632408
34321.47274979356,0.16566617797843483
34475.537810462054,0.17201403639186785
34631.37667541799,0.17590491617958465
34790.813026079755,0.1693797777131148
34953.05597118315,0.1667146312197943
35115.43880099917,0.16995423370019988
35274.9660408614,0.168036597296151
35532.74009993754,0.15940949749420563
35891.50910224439,0.15820881544785428
36243.17778887571,0.16108008884168296
36590.6567471458,0.16591281247567904
36932.91635028319,0.16630218304815306
37284.71305595409,0.16592345062235977
37647.08554682629,0.16797737917886252
38010.74787977052,0.17157238512374745
38378.36301754824,0.16615783027145495
38751.631464174454,0.16326811797246887
39115.55595126523,0.16693284408940123
39477.2300454857,0.1644565415145835
39830.936872309896,0.16009380359895123
40179.445221299706,0.16147086824201945
40526.91062289352,0.16286319629112375
40868.50429852978,0.17074547170893772
41211.45884260414,0.17101850852413417
41558.772616442635,0.17094509525472978
41913.82144414678,0.16989880116415235
42274.13949422417,0.16708649904009407
42646.902347885654,0.1646477617210273
43026.18486398802,0.16159011411890578
43399.47949644771,0.16500404665253396
43764.69114160948,0.15923158893535852
44121.52034301452,0.15460764403960447
44473.89375194281,0.15677942376627985
44824.92739520958,0.15520262470468285
45174.21031894934,0.15506978163506965
45534.974306333206,0.15500420099199366
45896.86822867854,0.15535662019952648
46261.29263275991,0.14789224697299252
46622.502026058224,0.149368305505582
46984.93169757133,0.151111000931226
47344.89603189435,0.14722527764957807
47696.577454227336,0.14604318652928822
48041.4641589338,0.14642048579653447
48384.949812734085,0.150955905498074
48723.176180364724,0.1481940305652009
49050.12644107933,0.14496140792225082
49368.60569893145,0.15040518827764554
49690.622324539574,0.1529691524577921
50019.670105026256,0.15095852316644157
50350.979680877586,0.15195852007752927
50685.416489826486,0.146398579818967
51016.61183063512,0.1390986808515132
51347.05309458448,0.1436916674997588
51682.70825802431,0.1414000443948811
52023.36334666333,0.132625238863322
52376.67409210034,0.1322116729620947
52738.31515302624,0.13232656152472658
53111.48065160405,0.13124056965029388
53486.47052953284,0.12950506910840207
53854.798054741565,0.1292303763736161
54210.93780411728,0.13169665652585913
54557.471035256014,0.13685069441601463
54889.85872005988,0.1370538392452089
55226.81927786107,0.1369585689059499
55579.988292439906,0.13788786334980407
55946.00599812558,0.1369781469922891
56311.253622283286,0.13789249025358827
56677.67400634447,0.14025461833033054
57037.28449297972,0.14399692330647432
57386.639186829634,0.14581991547926448
57726.32068405942,0.1474976800433766
58070.65608994378,0.14432105798799638
58422.3504396084,0.14334801486540966
58776.432316313825,0.14454095261779742
59125.04315782899,0.14156774736776237
59470.72985130576,0.13766251939920968
59815.573792931806,0.1369905869895911
60160.287304565354,0.13442329658601476
60505.62079072088,0.13582161839733478
60851.95076443058,0.14266107885759408
61203.79703648363,0.13944750432381034
61556.05906910088,0.1407854371357261
61912.34818976279,0.14588846306806247
62274.23714749189,0.15307841871771988
62640.12181285456,0.16014671498338443
63019.19120673527,0.1593048532708952
63409.06750843856,0.16247239042789172
63796.949753756,0.1644598864048793
64184.79461615154,0.16162375433767465
64559.44694272688,0.1616578426844816
64922.621506986026,0.16929955858316337
65280.80517940718,0.17001020386297053
65640.46848530145,0.16404453264394783
65993.14893218434,0.16607714640952706
66338.2988899975,0.16617424585759685
66676.6932052162,0.16991849804225795
67017.24183985521,0.17272317520644517
67359.48795518208,0.17318450750430608
67702.26797426448,0.16808701497851888
68041.55929137296,0.15928683601091134
68379.59559877813,0.15636331646598958
68728.08238086315,0.15276219797810614
69079.89375623131,0.1541518470747056
69431.72540574282,0.15645272497406393
69789.95450858034,0.15545090800411085
70157.71881237526,0.1577887998821084
70534.49551960174,0.16117107438479714
70913.1619071424,0.16205625484010344
71294.71309226933,0.1647779556818099
71660.64937578028,0.16408611213624014
72018.5164369035,0.16538800490102462
72383.97005540684,0.16547889761391893
72746.92620087336,0.1657596550960199
73119.50162175648,0.1628460840839438
73497.42100992448,0.169115925592064
73863.42119040199,0.1827474342657326
74211.36068034016,0.18638283797263816
74544.16719695552,0.181334273078964
74872.22625506704,0.17865394240244342
75205.16820564013,0.16682918550365863
75533.97386640054,0.16260359721786705
75868.2519155298,0.16356493137260747
76207.00918290854,0.16486559311068227
76546.39589169002,0.17109862394864153
76875.27289754635,0.1725491194188748
77195.78193379466,0.1687801353005356
77509.4669661239,0.16401971663832446
77826.3612705941,0.15753759727734995
78148.79081950855,0.15290547232616314
78477.89799737975,0.15516553049740986
78803.51915291186,0.158221396552101
79130.35041559902,0.16294733948692977
79465.7325182459,0.16497346339459554
79807.14317784984,0.16293600783633988
80146.07306876326,0.15994404499697967
80488.4708411215,0.15281278163082565
80836.12284966343,0.15388403857774394
81196.7819375,0.15462365354075158
81552.92692499376,0.15633289974040276
81902.43569242301,0.15728690917941404
82247.83785803238,0.16025055720469836
82593.22245114566,0.15896976981375452
82947.48586583463,0.15999124372663978
83304.43467696717,0.15817913226474048
83665.90913067933,0.15955238121334286
84030.2420672028,0.1632647225351635
84396.4188667497,0.1575272115019822
84766.9499500749,0.1546970508410936
85142.26097545744,0.15898112949202856
85520.94629618092,0.1599461328470354
85911.75312578144,0.1586745249500232
86304.95536437878,0.15973998444675416
86707.08601747816,0.1540736094117416
87110.48074410502,0.15261069142075304
87517.10434348477,0.15193333125678096
87920.0668541081,0.1496012620728216
88336.74106864518,0.14878312323275694
88760.4382904492,0.15128877932232726
89180.86178252452,0.15568821358467536
89590.27524937656,0.15521801142900185
89989.01221183801,0.1582277506624028
90392.58182045043,0.15490784045480538
90791.10126186906,0.1564241583141732
91181.50049850448,0.15779733786953004
91565.11871918107,0.1538990050084003
91938.58462113659,0.1569469482904994
92313.55495259482,0.15720300754431385
92695.1660523521,0.1588455890730925
93072.22952760813,0.15518612012136435
93458.06781351284,0.1546959288395586
93857.52455231796,0.15488535100147144
94258.20526742807,0.1591758988344028
94660.80912552275,0.15756357617966885
95063.89374571304,0.16176971721669178
95464.78015200599,0.16031619154400326
95861.43267728835,0.15593257518795225
96261.36492890996,0.1514197993888836
96654.82320648784,0.14846355806608863
97052.79640718563,0.1420868887449473
97457.27436281859,0.15377132126716406
97859.30710770572,0.15864283579321065
98255.74249408247,0.1612627433331786
98654.00935862241,0.15979644964756298
99046.47524505213,0.16469420665081824
99426.5737878599,0.16574453225774177
99808.97381413661,0.16919923503228013
100184.67776946108,0.1757249279598197
100552.90954367179,0.1794158773696597
100928.5774718398,0.17938004855557166
101299.24864663057,0.18073207867612812
101680.94292308652,0.17337867632935752
102080.57336582927,0.16704983387550168
102497.84344410499,0.1674182384803587
102910.93523074049,0.1619518087714996
103325.42134481038,0.15746088824840496
103737.80767790262,0.15746259710997412
104156.80718383637,0.15655407491009105
104581.3323569737,0.16041409780791085
105001.0322358968,0.1608420376545704
105407.81745142004,0.15926485849707983
105824.2318125,0.1642551128520778
106241.14360541248,0.16795770351337136
106656.43330215155,0.16895509902429093
107067.54050514499,0.1699518834068162
107477.93859867846,0.17860301701521816
107887.59087789356,0.18716273978072756
108287.17808389952,0.1873787514616927
108689.64035745531,0.18162775570810746
109083.03116429818,0.17696097593917617
109477.3759192322,0.17442422239462774
109869.56192560175,0.170171850752501
110256.78671154326,0.1666799783961772
110651.51375918316,0.16359102543561865
111050.31797724716,0.15612502049692706
111459.29209985682,0.15624749187323053
111869.23761696818,0.16013723742212388
112267.78877722989,0.1526082396553042
112649.35768702386,0.15397898374229121
113023.43685687559,0.1622028454892776
113392.2230529595,0.1647659688475766
113784.46236357967,0.16544826181228386
114186.86806596702,0.16709818939684104
114581.39897825681,0.1641467705445343
114973.49344323717,0.16587439639275472
115376.4564431705,0.16473601283351935
115773.26712029465,0.15590560462022304
116167.67543969066,0.1572254354553839
116549.60175777598,0.15653185279932114
116932.48151155528,0.1539341230495176
117300.94050143445,0.15058474571769676
117657.52298276292,0.15294082584001828
118019.46790477377,0.1562468684003457
118379.34953876838,0.1624572255855735
118748.86005612722,0.1692799201313423
119114.7860712055,0.16967942870329034
119487.12228328754,0.16930686920665547
119855.7029048747,0.17284978004911544
120222.5895071344,0.1716293527197873
120601.86257255195,0.1752037500747967
120988.71174931472,0.17096324149068245
121394.83588785047,0.16591180241121944
121814.11606418181,0.1618599848821496
122236.23455942047,0.1624269732700234
122664.70253440438,0.1662572887988013
123097.14133966509,0.16573828815551625
123528.8545772013,0.16736368829869508
123963.35266604304,0.17298496925545095
124395.82611675285,0.18244677249605684
124832.8027465668,0.17503788790318614
125264.88403172423,0.16807800212879428
125709.3796411662,0.16113003387205763
126164.87033803169,0.1584670196590887
126611.51486444376,0.1548696710079923
127048.12433647661,0.14537230752260955
127477.9065677041,0.15290208892154272
127895.23996008979,0.15592929731802974
128315.78462980318,0.15073183255356354
128744.88292165668,0.15297836209111232
129162.11041951948,0.15514115505151688
129567.56868371803,0.1530754945928196
129971.47803262297,0.1520988121302127
130398.20387804726,0.1546379637066961
130835.37417466052,0.15719769275127413
131269.69450165387,0.16206895867020968
131703.54849769355,0.1655228326283045
132139.49394506865,0.16864581560517788
132584.41325925462,0.172826110181606
133027.45501589874,0.17515773861799233
133479.0962810433,0.16992392573347764
133925.15012468828,0.1786869707206814
134354.08367652565,0.18152640572986864
134791.17054166927,0.1741673854425292
135244.341049479,0.17612708873766977
135682.40866583542,0.16941205291981648
136121.94213020703,0.16699934665600677
136583.5871875,0.16978720966426097
137041.25882499688,0.16955911296481696
137482.0408125117,0.1738186278183372
137922.5230519683,0.16309148923345695
138367.25991629707,0.16253887602869155
138804.67188084256,0.16598588996013633
139237.89416308477,0.1741970294838877
139672.90192163712,0.17816844422404268
140116.4086088584,0.17500257253656004
140563.31083525668,0.18268906089975978
141001.67218646503,0.1762334344826554
141432.9398454058,0.17232905029563572
141851.19173894054,0.1745795855230855
142283.62900411317,0.17333143649981195
142720.25431544837,0.1720019084870425
143167.90304432082,0.17414870742112357
143602.79068462402,0.18107299634153076
144022.69157888176,0.18315657520253775
144427.25311565303,0.190251587528777
144822.61498595067,0.19547910621110495
145221.08592093777,0.18725012224550505
145608.67009666355,0.1837914276115902
145995.6119496071,0.19295201469063927
146379.43390338286,0.19525926484891576
146758.59922616076,0.1959703738874756
147133.34267523876,0.19926995561979632
147510.88894431628,0.19411186717124695
147890.303593711,0.20366001451406318
148272.4388843826,0.20463147006985605
148654.15653258498,0.2098141098486242
149030.20008729267,0.20800884170027983
149400.38809508953,0.20261105007156346
149769.77709152162,0.1943389619961895
150139.0432067932,0.19214090037088358
150499.60462074977,0.1958782987138568
150854.02773795425,0.1901484113736836
151202.62835941886,0.19417830697836094
151556.89181432492,0.1934956642655376
151926.21209662317,0.193954367354166
152298.05748129677,0.18940285697947282
152666.3921177351,0.1816571636085832
153035.08085983878,0.1823371369024026
153414.61728395062,0.17891851220797014
153793.911790393,0.17496053432624276
154175.44245030225,0.1777779850884738
154565.79020891798,0.18055896448769973
154956.83469834324,0.18884344818758197
155357.9333291794,0.18905781364857174
155755.74713288457,0.18250860340695235
156152.857196355,0.18079939910017676
156542.36473158552,0.18019462804633488
156935.3518645334,0.1821131682462637
157320.40130097573,0.18684779357482864
157700.7616141487,0.19000816629582598
158090.83158747974,0.19015507070742632
158479.9323961262,0.18333943125155538
158865.9613899614,0.18155663115258058
159249.14248317128,0.17685635805271854
159649.58762564775,0.17946682653600357
160070.59735314315,0.17376093419330635
160505.2895557774,0.1783431435083926
160947.43141289437,0.1841231462286965
161379.3276356831,0.17869979874146544
161805.68668163114,0.18641958485811166
162226.43935612676,0.1882243620868824
162641.75637270178,0.19188444863388257
163044.4680346785,0.19676244221185876
163438.60460760441,0.19520588878286027
163829.50065489928,0.19211949847467408
164219.0110307865,0.19488965379994366
164607.85515476784,0.19325231233179163
164998.03172327828,0.18976390066147356
165396.9249001996,0.1889041612214097
165804.87251965556,0.19400775386998456
166213.7521559805,0.1890085971682827
166614.2038768387,0.18914208033585128
167010.50308892355,0.1882176517830516
167394.42186037806,0.18612723449890076
167777.4302969927,0.1895427496006964
168167.76932699524,0.18960837099027217
168557.15461284496,0.1860575702768839
168949.9283796441,0.18515195832989342
169337.03001806067,0.17425723219036324
169723.52467095002,0.17568707444866344
170098.6166126216,0.17221237018270302
170466.6586493409,0.1685565375774955
170838.24925298805,0.1655842990824393
171208.68240289745,0.17245772856153424
171580.00568359252,0.17466749350839084
171962.92053310084,0.18048813618562073
172345.8901921637,0.17442352054305615
172725.5953955578,0.1731822022220518
173101.2161268177,0.16708004483752437
173482.12942277692,0.16891262604331939
173871.00703567648,0.1710173117151081
174268.49173166926,0.16704302828604986
174661.54501155743,0.16700661644747467
175045.62747416904,0.16782030582408808
175432.23552195914,0.17103555785716973
175825.46671242279,0.16961040676701014
176225.93151964142,0.1594228384534594
176635.2291015869,0.15962080194302
177038.2502965599,0.15752170474806812
177448.1340938844,0.1622913717046901
177860.86747363824,0.16490756145355542
178274.30845895104,0.16060431901192224
178685.16178216584,0.1581900952209535
179084.8301639753,0.15997979048020514
179477.2845563938,0.16041266245536714
179861.22049456724,0.15600582713857442
180242.8718267795,0.15264896753665813
180638.34301780694,0.15012927502893422
181031.7354500655,0.15516420634662567
181410.88398203594,0.16101496539700816
181789.8810042988,0.1626932200984443
182158.7833208302,0.15729891949949834
182517.39011160296,0.16400729618333823
182875.79863056334,0.16939769895466905
183254.15960830788,0.1664242242626737
183633.36111284388,0.16687191745642685
184004.94297861698,0.16523093230905464
184379.9292261645,0.16553882452059301
184739.09263184143,0.16492233005627593
185089.16337096874,0.16196555353384445
185438.73570093457,0.16466358674982295
185781.81686355398,0.1716022509297332
186134.0792542246,0.1667893253537811
186483.26958525347,0.1694402957464679
186845.00349344977,0.16892676961140535
187213.5565907954,0.16983778598033666
187572.5690321776,0.17431300517967674
187920.52591206736,0.17708928028333903
188267.7269163763,0.17392347950994236
188623.02888944471,0.17114583244792053
188984.8005848681,0.16974353299143727
189356.00923326472,0.1668705245805281
189734.3018054601,0.16342088906261232
190114.76451894318,0.16353955847614732
190503.84471778222,0.1662148786943776
190898.72207662548,0.16209331727673443
191291.86508927456,0.16528582593842298
191671.20116017965,0.16962871210409194
192042.7102739726,0.1723760909625394
192424.3506688336,0.1746741471042204
192805.068838774,0.17955429860647515
193179.9672151583,0.17598061731501405
193556.74429794413,0.17229309131356488
193943.92112640958,0.16517423118307095
194326.7003369104,0.16365532553039122
194701.32439678285,0.17261395868485485
195073.60591871137,0.17362696013908008
195441.05195614253,0.1745702900753445
195806.29309268048,0.17425570588001238
196173.27856073834,0.17847415743878725
196532.31392594439,0.18212608247538017
196886.69113340395,0.17589486384032604
197253.4518810149,0.16805837335559912
197627.32082060236,0.15647704143116958
198003.4029664714,0.14753995321425054
198385.9970048671,0.15546016493719236
198771.7553974791,0.15597751077838795
199158.82979785374,0.1550268581793205
199536.66211071584,0.15766435659823044
199917.54560768654,0.16280775289845434
200309.08260598505,0.16296184878538775
200703.397630184,0.16143078624699195
201083.40772345063,0.15830052098750333
201466.07018966807,0.16089088564877657
201856.03877180914,0.16446717338912367
202242.91758412638,0.17282458327426736
202626.31446226826,0.17257061978417843
203007.87443107425,0.17285403995902798
203402.21490078623,0.16939793023865013
203815.1361508209,0.17236682800342343
204230.2395254449,0.17559803258247675
204637.73854010963,0.17044426903421012
205062.06316642763,0.16440238805494034
205492.81663858204,0.16350717545608479
205918.54689159637,0.16102093217539487
206325.45534990964,0.16677664960823785
206729.18766756033,0.1694264029968068
207151.5722846442,0.16881828237499136
207563.95110252895,0.1678024892634329
207969.82856251948,0.17083156106280448
208371.6537788882,0.17951680963581673
208771.05412981188,0.18129613434473102
209168.22478440194,0.18797194651961005
209564.6768972172,0.17955617881004293
209955.95426143464,0.17785430789277581
210342.77212665172,0.1676632548111841
210738.8198889513,0.16330305631100384
211138.2216256711,0.16201601438011654
211542.1787695568,0.16681308436873507
211954.0452474568,0.1692534466206967
212368.10177736203,0.17066997283994395
212778.90679393598,0.167653834719716
213187.00717360116,0.16731757584092827
213591.82725121436,0.16834708787699504
213986.4091846298,0.17413737378342586
214375.65237471135,0.1721003990030777
214769.15546139947,0.16892226337314276
215162.40225587337,0.17012734785218292
215551.686375,0.17232323384510662
215948.42985409652,0.16865758774334258
216354.40674157304,0.16764698841891598
216762.06162290275,0.1656348915441533
217167.9428998878,0.16596198139859805
217577.95984286338,0.16709184670320737
217987.55810760206,0.1664800079219386
218393.09980686562,0.17192515901890232
218793.52830306435,0.17733006614340352
219189.6066217733,0.17653454062584137
219589.73797492046,0.16731093675966258
220006.46444375196,0.16535714051730827
220450.643370632,0.16725494228309334
220886.45559364287,0.15981298820689283
221317.7388812757,0.1531549710983174
221751.32036956114,0.15575814038578345
222180.1555222576,0.1529130538639118
222617.1382149317,0.14765089746292073
223071.43086134846,0.13961318173817033
223516.58625639745,0.14864973464775197
223951.1600623053,0.1560054818862299
224384.58697825542,0.15546808891782352
224803.4312931947,0.15495726384219613
225221.58556984147,0.15337949860388744
225624.63141485315,0.1470393623123902
226021.8850617746,0.14448474277507486
226420.36682446743,0.14670539790348863
226823.67926060077,0.15072330337856665
227223.38009360374,0.15135079824115227
