D,r2
48.066815144766146,0.45823496286294135
64.65094339622641,0.4114751202978065
82.27583846680356,0.4149868830688416
100.31245601688951,0.3958481495592124
118.56874095513749,0.38163423677481284
136.90225563909775,0.34707268115247014
155.94747081712063,0.35380966209339576
175.49420289855072,0.3282874279970748
193.82582123758596,0.32904274309418474
213.2349551856594,0.32185365485619477
233.92127071823205,0.30136265323506845
253.50340136054422,0.29895698925884107
273.2587228439763,0.28887593919134275
294.002828854314,0.2761653457628286
313.40866873065016,0.2799840164502179
333.3712121212121,0.2733783950335408
354.56121045392024,0.26000261993196544
375.2834372834373,0.2436004430047276
396.0734753857458,0.2493837110314874
417.1331908831909,0.260624896390392
439.4793281653747,0.2586916927955935
461.66331658291455,0.23799466968303143
482.8374211632796,0.23205518138089243
504.43326345213137,0.22780448391236788
523.869771112865,0.2277066389868234
543.5714285714286,0.21895047268997425
564.5351239669421,0.22485143627446366
585.6035767511178,0.22697518462807356
606.5003802281369,0.2183183655197066
627.3379765395895,0.2253418525715872
648.3125463994061,0.21393145087472437
670.7826685006878,0.2131921257314496
693.4596226415094,0.20237302994356712
716.4381944444444,0.19884993275847634
738.5666917859834,0.19635845060539328
759.7865003668379,0.20224757099453902
780.500744047619,0.19248864275991093
801.5360059391239,0.1897057391288188
824.163698630137,0.1982086842852421
846.6080777860883,0.184467183171093
867.6818521284541,0.19394137647969653
889.5163081193616,0.18797788670442245
911.8664206642067,0.1888172920909513
933.4619442351168,0.18067965864546534
954.7361733931241,0.1789548864842079
976.1148459383753,0.18258349056154943
998.9305047549378,0.18341416995274026
1020.6265151515152,0.1765361860194544
1042.535864978903,0.17724134403827216
1064.3142448103079,0.17726803635809973
1086.5679287305122,0.17277297429528699
1110.0900439238653,0.1729717898777934
1131.2956785443519,0.1689246760490343
1154.051336146273,0.17184976179792807
1176.2435233160622,0.16860734473638403
1198.914492753623,0.17078654962542564
1222.1070911722143,0.17385279257598837
1245.168514412417,0.17183599738118732
1268.3439716312057,0.17642866906838248
1291.4420131291029,0.17456464797319549
1313.4537509104152,0.163897441987905
1335.1312083024463,0.16662007816311242
1357.000723065799,0.16016135076375554
1380.030612244898,0.16103948903545384
1402.9934354485777,0.15975342099832826
1425.4352941176471,0.16468387061163609
1447.4988847583643,0.17366634712845688
1470.0,0.17692455907226007
1492.5594900849858,0.16824520800213022
1515.810495626822,0.1568434798846417
1538.6354790419161,0.16098298834093402
1560.9473304473304,0.17267089792169596
1584.2094395280235,0.16293644545764333
1607.3510324483775,0.16060869446703466
1631.6231046931407,0.16343030359840371
1655.5736879942488,0.16806701517576422
1679.576409495549,0.15227235619720014
1703.3959537572255,0.15765368162555476
1727.071375464684,0.14964090541847624
1750.1413427561838,0.15414553828049954
1773.2251461988303,0.1584440006727776
1795.7415982076177,0.15855740700830176
1818.5701559020044,0.15072257488712487
1840.9100642398287,0.15996136776271863
1863.9558823529412,0.15783096179979617
1888.2546494992846,0.16184138116744018
1912.0377632534496,0.16309824789414218
1935.0114766641163,0.15643704228884384
1958.6673743807503,0.1495305606154048
1982.0958302852962,0.15822655488616114
2004.469494047619,0.14628235315376484
2027.5353824160115,0.15277683444961593
2051.2916972814105,0.15553421560272268
2074.7020802377415,0.16314062158780743
2098.3731019522775,0.15733089659233174
2122.235760634463,0.15139183751180324
2146.718061674009,0.16050562468669416
2170.433962264151,0.15514999631424783
2194.3296622613802,0.14361600805889718
2218.013542409123,0.15142062870141376
2241.5279265493496,0.1540002931274751
2264.9050632911394,0.1517066980124925
2289.674945215486,0.15441758599342084
2314.0007288629736,0.14656676581375755
2338.463165572575,0.1423601357814842
2362.0805722891564,0.1420415022530795
2385.598246895544,0.14305079403896123
2409.872478386167,0.14774298637770375
2433.6450683945286,0.14742635011395488
2456.9077490774907,0.14564512877071123
2480.2075876879026,0.1357040195346402
2503.3859649122805,0.14588402490881586
2527.405976676385,0.14958879598904548
2550.7507552870093,0.14638061580847123
2574.475433526012,0.1426242358895443
2598.3835125448027,0.14485415171510022
2622.318448023426,0.13757608274314445
2646.387168141593,0.14464220996325583
2670.9104693140794,0.14307018136987837
2695.0408921933085,0.13724054806154348
2719.095614665708,0.1393090771216753
2743.5571321882003,0.1399558368924286
2767.575196008553,0.1488804752929142
2791.7062228654127,0.13937424929691694
2815.064516129032,0.13459905537156996
2838.2757352941176,0.13813243240331505
2863.411007862759,0.13880377959402695
2888.511541325391,0.14800276720237232
2912.2421360643743,0.12735951621606556
2937.203292770222,0.13972627872051263
2960.880829015544,0.12568496571518506
2985.4785454545454,0.13372513488882004
3009.952029520295,0.13382740001891094
3035.081318681319,0.1434489016337874
3060.751578947368,0.15106928944194647
3085.8185840707965,0.1365849010160454
3109.945644080417,0.13456598100381925
3134.364157706093,0.1436753311537798
3159.301775147929,0.13527738214066218
3184.8336917562724,0.143268207553084
3210.011037527594,0.13952147396808715
3234.4194756554307,0.1347034179731608
3260.1586608442503,0.12267503650631079
3286.0435413642963,0.13864173424383863
3311.559574468085,0.13769432968445994
3336.340160936357,0.13588253557643318
3360.5918674698796,0.13216665542458722
3385.1507936507937,0.13117200405290108
3409.879396984925,0.1493128468066033
3434.8496350364962,0.12930555289087697
3460.0486211901307,0.1297587388374521
3483.9084139985107,0.13661480798459372
3508.760583941606,0.14323767647963037
3534.5362637362637,0.13599431993175534
3559.754966887417,0.13864026377378166
3585.665948275862,0.13094282539120364
3611.045925925926,0.14136996151080722
3636.443484521238,0.14090664735494593
3662.3251088534107,0.13757143745567701
3687.3373223635003,0.13463649903681227
3713.1568068424804,0.13367287556046306
3737.9292557111276,0.12757484394268007
3762.8040638606676,0.1338197273432879
3788.080763582966,0.12820511426603381
3812.9494047619046,0.12889983409048383
3838.216374269006,0.13542449303141285
3864.441007194245,0.13483669229761813
3890.704707560628,0.13276512005883778
3915.37125748503,0.12929735076565266
3940.0824964131994,0.13444785674682605
3964.326880119136,0.14058184178078262
3988.9407942238267,0.1467970896391975
4013.454215116279,0.1444164061535489
4037.7566371681414,0.14523994105493768
4061.875907111756,0.15163434488291672
4086.827685652487,0.14452906145961328
4112.345307917889,0.13429893556384334
4137.885777450258,0.1514644377368555
4162.963837638376,0.14838769388425901
4188.940201729107,0.13998673357656505
4213.977859778598,0.1383582595459371
4238.971800433839,0.1360201025963262
4263.942166910688,0.13910833164895445
4289.479441997063,0.1363228623574111
4315.439095550693,0.14204539275277514
4341.121776504298,0.13961162602445124
4366.4314159292035,0.13702068705722245
4391.222865412446,0.14926834071272552
4417.270682148041,0.1555758483990697
4443.2676878191105,0.13680431716119526
4468.986516853933,0.14555015495172516
4494.8029304029305,0.14757683416693365
4520.974747474747,0.1466871640956556
4546.012912482066,0.14654999582061892
4571.071482317532,0.14646686653840743
4596.2340272792535,0.14592376539167987
4622.0931085043985,0.1471490358898515
4647.006632277082,0.14087681634945715
4673.028097982709,0.1452599633339091
4699.523809523809,0.14790743918518315
4724.9677182685255,0.1484512650129668
4749.785870356883,0.14229043344943726
4775.861250898634,0.14225519514352247
4802.350639578631,0.1495224904242693
4827.532083633742,0.1410034890510305
4853.468796433878,0.12643892536396314
4880.059679767103,0.13136658375000065
4906.456165359943,0.13163701250035872
4932.273852876912,0.12878763535308935
4958.485842026826,0.1264969736594951
4984.689208633094,0.12612790212061392
5012.178879310345,0.11670743187106554
5038.102118003026,0.1203527005017743
5063.672023374726,0.12911703568122995
5090.259206798867,0.12438180579766216
5116.1612903225805,0.12547702881066736
5142.5888888888885,0.1272281238963283
5168.92417739628,0.11476590533466909
5195.504157218443,0.10748559869017542
5221.752367079388,0.12255063399691604
5249.331403762662,0.11975207599365578
5277.6792318634425,0.11521757184269957
5305.500376222724,0.12027856056077596
5332.642174871418,0.1119225427471783
5360.806358381503,0.12154477598669275
5387.889364739472,0.11769329227722615
5414.403361344538,0.11935321857886201
5441.234957020058,0.1195326351970141
5469.789283128168,0.11978288249157729
5496.23377581121,0.12310226021555194
5522.409221902018,0.11783590813219774
5548.710314557425,0.12403698257860367
5575.484604105572,0.12313302421030654
5603.085121602289,0.11264096804891918
5629.460104399702,0.1173749180882676
5656.482310469314,0.11388741968249204
5683.8618944323935,0.11150002450951618
5709.666666666667,0.11605070975019768
5738.400852878465,0.11749222368915546
5766.9375,0.1188321401675099
5795.324684951816,0.11476041963948531
5823.475916606758,0.11927337073365255
5851.546863468635,0.12358795505881719
5879.068066618393,0.12133795663542109
5906.645467836257,0.10992502292950444
5934.191394658754,0.10878739780320557
5961.815658362989,0.12458988129695239
5990.344226579521,0.1154216193948293
6018.4428989751095,0.11696402337171656
6046.494537509104,0.1125735796510858
6074.550325850832,0.11306134472365596
6101.989321128909,0.12235337550878117
6129.525668835864,0.11491508172991453
6157.4122359796065,0.12095272200751954
6185.797704447633,0.1206979288882269
6214.352853965901,0.10908676767409267
6242.0856313497825,0.11687219344266928
6268.828102710414,0.11887750534482298
6296.732195845697,0.11747656875663787
6324.516654330126,0.11275922172572955
6352.789212207239,0.12063162695429205
6380.427514792899,0.1073977704154772
6409.166912850812,0.1189076433425047
6437.528260869565,0.12239288562625078
6465.533823529412,0.12199402093464201
6493.787294789436,0.1129780542030873
6522.841989758595,0.11837668014985638
6549.8008882309405,0.11846811116353338
6578.112490869247,0.11684486561780166
6607.0299051787015,0.11801866054009744
6635.906705539359,0.11018849028074823
6663.3543653705065,0.11684627877217654
6692.262886597938,0.1121004280351075
6738.774235951364,0.11010359401890052
6802.533996683251,0.11107166040917553
6866.207510521204,0.11254574201017269
6931.77131526768,0.1142924358167479
6996.798336106489,0.10869347973604684
7061.165910563836,0.1099568012013559
7125.071897570584,0.11197819597353667
7188.8362670209235,0.10745591805848267
7251.891111839947,0.11008205544097405
7317.340670170828,0.10969056994840022
7380.845178511845,0.11181238601673124
7444.665687234738,0.11086791163972101
7508.443972557988,0.10886698158574684
7572.944132231405,0.10845263711127417
7637.367846510089,0.10748154942626464
7701.550738916256,0.10479328589051747
7766.090430779349,0.10816740525872094
7830.633954857703,0.10267573650734996
7895.05822031095,0.10499314272168825
7960.647970966677,0.10750520204077166
8027.099206349207,0.10836590692846448
8093.310863874345,0.10734838067053366
8157.759020191989,0.10402797000505144
8222.544170771756,0.10903392817086854
8289.254965809183,0.10871452399401095
8355.770529801324,0.10611652593500236
8421.461462123718,0.11298708521584186
8488.312133072406,0.10925446086990814
8556.21252059308,0.10320877421542536
8626.924628099174,0.10490886712082034
8696.263157894737,0.1009094587432107
8765.740470666226,0.10138916803637768
8833.02554864068,0.1025804043332433
8900.278785879247,0.10058780325504574
8969.064909390445,0.10228580010828282
9036.333771785597,0.09868101136091792
9104.630723291308,0.0991754394557096
9174.993800978793,0.10141530711472622
9243.49786395005,0.10251032587660815
9314.591238471674,0.10598769558906704
9383.75432180851,0.10548027453609925
9451.745885450955,0.10142307218621187
9520.88126219909,0.09930932150125701
9591.511023362948,0.09979627172744628
9657.555153111623,0.10118825826481184
9724.0803424432,0.09907381666708791
9791.281815192371,0.0961549624842876
9856.562313060818,0.09769297960794952
9924.067430441899,0.09606712844707774
9993.3482997689,0.09417852564806257
10062.400720838794,0.09857591953427988
10131.121621621622,0.10228404463630107
10200.211678832116,0.09753871124421061
10269.046067785455,0.09168953642261987
10339.81522446324,0.09623069174623633
10408.547626949883,0.09718526055040234
10475.805646749835,0.09862897924258202
10544.309114927344,0.09610141888289024
10611.703848662753,0.09466471662641
10677.696819085488,0.09822077697530167
10743.74200988468,0.09995046743778242
10810.501156260323,0.09576492454193365
10877.819100391134,0.10002796073089748
10945.838095238096,0.09808370800580264
11012.449700199866,0.09856357928636257
11079.842452208306,0.0958266378855695
11149.588541666666,0.09939056118304233
11219.212240868706,0.09342103030297465
11289.547972304648,0.09485974482903187
11358.495394736841,0.0973112346427371
11426.281881417688,0.09530884312335183
11494.154049586778,0.09098833131328002
11566.517704918033,0.0949020651301654
11636.46517002311,0.09708201493376098
11706.415877164325,0.09508382039820905
11775.224348399868,0.09383506174530154
11845.191026064005,0.0933118409712808
11916.210630571146,0.09521066901066892
11987.539765319427,0.09201454638072823
12060.720907297831,0.09638964095790913
12131.31501831502,0.09643060729349645
12203.230163934426,0.09984750933101946
12274.658889254026,0.10084399024209101
12346.183787331802,0.09845229277715097
12418.84521047398,0.09834443780948474
12491.366873570729,0.09726683329593548
12563.221966458403,0.09196896741019331
12632.179310344827,0.09689210389488602
12701.573263088574,0.09077668165515965
12769.954605263158,0.09625354872672343
12835.968343885372,0.09572231837965221
12903.630277044855,0.09740584301342514
12973.016436554899,0.09833567004247558
13043.723487312947,0.09165444160256467
13117.020529801324,0.09668399467993659
13188.291556728233,0.09916106230582927
13260.409717662507,0.09233749812977597
13332.233267716536,0.09477567985000952
13405.63741339492,0.09101023894591873
13478.595152309204,0.09434601590244134
13550.822229551452,0.09235291129790381
13623.195459032577,0.09585578927214722
13695.18653020799,0.08997161527172065
13767.377389584706,0.08760970553657293
13839.645640686922,0.0918201187239004
13912.14375,0.09403429104883032
13985.190460526315,0.09561480729739054
14060.488075792226,0.08896447447110796
14133.717420212766,0.09024037254356024
14206.304646596858,0.09117016894926379
14282.033442622951,0.09078168017193557
14355.213483146068,0.08723791537955615
14428.189386401327,0.09054003231777003
14499.875898105813,0.09314175306811971
14572.697796777376,0.09413008195007515
14644.997050147493,0.08857957142852294
14716.515323117921,0.08917725483848966
14787.294616639478,0.09553602261168259
14858.762172904935,0.09438473423498696
14929.037267080745,0.09482618820635641
14998.269433465086,0.09522957659764683
15069.914746543778,0.09386692883112621
15142.482260183968,0.09097378034563075
15214.569786535303,0.09035814786723928
15286.549588138385,0.08997357839533791
15358.867943215582,0.08967103282118496
15430.862777593637,0.09550069546247453
15503.769306605323,0.09206603132998802
15578.265839320706,0.08786948779823589
15652.644437107956,0.09347700040762767
15725.560772560773,0.09246436246663862
15799.656096763649,0.09081021809448606
15874.403405370007,0.0934350876350468
15946.796756041045,0.09211115890134505
16019.299736495388,0.091016188010043
16092.604057591623,0.0944988136841272
16167.935026385225,0.09654325316011682
16244.387694343368,0.09069277222954038
16317.058211382115,0.08906514153088955
16389.97162883845,0.09072561504824293
16465.32283208834,0.09014266736092641
16538.002664002663,0.09005263550676654
16608.901794453508,0.08730366177770629
16683.644186046513,0.09042871049245003
16760.35989549314,0.09104260570393191
16837.59292035398,0.08194958721464855
16911.355106100797,0.08547503889470419
16985.95881383855,0.0901825074125421
17060.35501797973,0.08720775310641246
17135.716881400727,0.08794571117948512
17212.69558101473,0.08815688301675291
17289.319134775375,0.08734159811703925
17365.42969004894,0.0901073228857454
17439.86604774536,0.09299638813780542
17513.08322368421,0.08895909824776088
17587.930460333006,0.08650843004503575
17663.17081260365,0.08717874304333346
17740.134923227703,0.086775290509081
17816.82608695652,0.08941523579161631
17891.915534945347,0.08821886625990029
17965.8163132137,0.09123145712685453
18039.337611056268,0.08843570738735096
18114.082368508105,0.08694210976254164
18191.375286791215,0.09070162317290963
18269.414054767403,0.09283014809241505
18347.83080474934,0.09148778634761782
18424.036136662286,0.09306452862580965
18499.91081967213,0.09134453271808722
18576.539325842696,0.08979222778632835
18653.699967137694,0.08482702451459108
18731.071965979718,0.08735593862640928
18809.511133266868,0.09057323303966208
18887.534116878876,0.08882129150248301
18963.555445216814,0.091189628767519
19040.664031620552,0.09395911560251367
19117.802700922268,0.08645170056696205
19195.9842983317,0.08408891430349609
19272.890753537347,0.08611550208857169
19351.07575256368,0.08944488956896288
19429.017325923505,0.08784880662002074
19506.388336646785,0.09113475724881673
19583.541501976284,0.0826399785798267
19660.565474236955,0.08569419406722474
19738.849867724868,0.08287199384152918
19818.31094364351,0.0870220800034817
19895.348374253485,0.08482106371025688
19971.829292267365,0.08347816707210055
20050.908011869436,0.0894152864896714
20131.93055102706,0.08731448098789345
20211.094339622643,0.0835188371927744
20287.576608951324,0.08395899339472533
20364.694545454546,0.08589364626130351
20442.80408297662,0.08348133975075768
20521.36098360656,0.08866862445258247
20602.45734126984,0.08456561465080668
20681.134653465346,0.08556254394675152
20760.17296222664,0.08835492254426394
20840.64577922078,0.08752486797031482
20920.042188529995,0.08558175465167026
21000.044312169313,0.0855305589561164
21082.616071428572,0.08671487647330019
21165.27344005227,0.08898787161752772
21247.381157024793,0.08580194399957007
21327.905214824532,0.08521580878060149
21407.73833004602,0.08456897270084683
21488.640065681444,0.08265880886322768
21570.207565789475,0.08286640892965912
21654.045950413223,0.08055328382061541
21735.4650626236,0.08512525478259944
21816.365813648295,0.08403011344982486
21897.80459770115,0.08760725907967024
21978.572324966975,0.08438791040576321
22060.093513335527,0.08043899836670451
22142.923253525747,0.0792991681349291
22225.914134742405,0.08104726473133819
22308.58591178407,0.08468568968234086
22390.831852583087,0.08422597349661325
22471.21153846154,0.08486949323074103
22551.531886916502,0.08218808108114399
22634.93066053237,0.08057538596181814
22716.49079552926,0.08230086267048108
22798.710891089107,0.0823961771019774
22882.013716525147,0.0823567327407051
22964.69506131919,0.08217625081083192
23047.86432325887,0.08229392190458903
23129.30756524612,0.08182354673342013
23210.993760262725,0.08547138819939494
23290.807378387202,0.08108760124882554
23373.75033156499,0.08578098084908088
23458.089895013123,0.0814929931169931
23541.622907778143,0.08093735071128792
23624.972120809824,0.08219509254114188
23706.42553886349,0.08169216234142551
23789.88641647293,0.08371688435522086
23873.188438928806,0.08111596171179085
23959.14191419142,0.0843098116003252
24043.709222185757,0.08415934245570311
24125.897107166336,0.08147013213803884
24209.14055299539,0.08050476656200918
24290.785263856622,0.07900357112261075
24372.605744125325,0.07811804705997476
24457.60192243951,0.08027799332000235
24544.042476127757,0.07656151789676106
24628.97875122589,0.08141189916454698
24713.521896608494,0.0849325285016471
24797.82005312085,0.08751077014938212
24882.116279069767,0.08705489342183018
24966.045589692763,0.08468613409269507
25050.39477124183,0.08117893750349
25135.703253368385,0.07838734222597209
25223.74613105038,0.08405943137215503
25308.149983481995,0.08405132596923018
25394.191475409836,0.08252244702572599
25481.918776718187,0.08149222330062515
25569.235681369322,0.07838881373315422
25654.05329361139,0.07803656022266207
25738.556211078336,0.07859592759173903
25826.18642384106,0.08067523106964207
25912.23845646438,0.0794309728703399
26001.076441515652,0.07760030877329305
26090.747780335416,0.08272750240359811
26176.668093513337,0.08348093644535418
26262.40912073491,0.08486515012509527
26350.73890167708,0.08683891661107199
26437.979030144168,0.08061436225105148
26526.382971729126,0.08475144683693925
26613.963660389825,0.08272773034890238
26699.336620644313,0.08197837880568783
26784.58234519104,0.0831250497671242
26871.764059900168,0.08190593864201445
26957.498368146214,0.07914574462149468
27045.351449275364,0.08153046332107783
27132.36297520661,0.08970849578745572
27220.040039383,0.08278753400467895
27308.514135437214,0.08368317898628187
27397.675264550264,0.08314083129864801
27488.191942351787,0.08409652268285082
27578.594621187276,0.08358292893301708
27667.26576427864,0.08235975746520859
27754.32329842932,0.08005390847027062
27843.121661721067,0.0812670467989326
27932.27563468513,0.0824112926826233
28021.85441370224,0.07930753250968418
28108.775429326288,0.08031915819147983
28196.06544502618,0.07998479719992185
28284.384103757897,0.08048006440435446
28377.176355323318,0.07827576313175495
28471.14791734995,0.07790506268157842
28561.714238190285,0.08160164243095218
28652.735812133073,0.08001997919197942
28743.113719008263,0.07850723307510954
28834.87210839392,0.07897797628754857
28925.43025155178,0.08027373481451656
29013.10902503294,0.07777868711066827
29100.58817701453,0.07910030288220263
29190.500821557674,0.07673092909010594
29281.663824204657,0.07896044737439852
29368.438654353562,0.08235791355982419
29458.376602037464,0.0836282198567807
29546.735556289204,0.07942561748265113
29639.29917627677,0.08006501398418456
29732.29054497702,0.07688782025002265
29823.708898445253,0.07874899534557982
29914.411279683376,0.07789578469341614
30006.229836065573,0.0823995131614838
30096.95249017038,0.07763002749564245
30188.158383035123,0.08035368137663762
30279.504905166777,0.07905193335901531
30372.54697766097,0.07934487411936957
30462.41186216037,0.07912300464027194
30554.822855271774,0.08403100305596481
30652.409770687937,0.08215858541076262
30745.237487733073,0.08474443940768002
30840.1158896914,0.07969715435849997
30934.735681369322,0.08522900943782989
31032.206896551725,0.08106758469488487
31130.574067964368,0.07874746991635019
31224.876657824934,0.08565778087837528
31317.209165302782,0.08653569793805582
31413.758107213765,0.0843996354356486
31511.265413781734,0.08183907980998847
31610.909239842727,0.07903842696543277
31709.287873808742,0.0849881381297781
31805.091840105717,0.08910729601929093
31903.189136125653,0.08673839286008544
32002.330814717476,0.08137893863504206
32101.108609271523,0.08024003724475623
32199.795057660627,0.07861503462636886
32298.862182657434,0.08131108694538186
32397.92596248766,0.08445408350666458
32496.904918032786,0.08329644428430748
32596.646537577944,0.0806728477549518
32697.715318869166,0.08305989590436164
32800.152324431256,0.07887514333672856
32899.47781456954,0.08301601879156743
32998.11969993477,0.08127011995369345
33098.490286466906,0.080813561807037
33196.8078834051,0.07926454493524146
33299.90101940151,0.0797114273992617
33399.78788870704,0.08239097850385303
33501.31950895819,0.07956330405946307
33604.133027522934,0.08064509098759505
33706.85059366754,0.07933258924168779
33811.43809838231,0.07555158386753376
33914.367105263154,0.08238934632777012
34018.924639580604,0.07870776030706736
34123.01584158416,0.07656709873364644
34227.85803483405,0.08050759897568918
34335.39709762533,0.07850094197509895
34445.4537037037,0.08181363459760298
34552.832298136644,0.077916980334929
34662.53621763356,0.07947171481783576
34771.54302670623,0.07766627872427395
34878.51464297466,0.08154653540230834
34981.31208499336,0.08203591155119289
35088.27863472268,0.0822248070211412
35198.221600263416,0.08368989485262171
35310.932308698495,0.07795782488306102
35421.16369636964,0.07927074791460785
35532.0660720185,0.08051822724526513
35645.424162836505,0.08270244861877754
35758.90297029703,0.0862689678601707
35867.90918065153,0.08003112529244519
35975.53421052632,0.08102767302561487
36083.80552813425,0.08541540841729031
36194.913228552716,0.08378007278297489
36307.01451187335,0.07947794072205035
36419.696510862406,0.07901984824234516
36534.86745796241,0.08011263439417417
36650.654162553474,0.08285256832468463
36764.85723705902,0.08083790701199167
36876.48815009875,0.0803356347095525
36984.96840026333,0.08371096128264302
37097.93739757457,0.08096797046321746
37210.537595230206,0.08339727686616924
37321.88102261553,0.08265224335820064
37432.25979585117,0.08063817176312467
37547.22463768116,0.08458189167249433
37663.420793702855,0.08014449616001058
37776.07404958678,0.0857810720382076
37888.964461994074,0.08681933992044173
38003.76613965745,0.08431665501519157
38116.00462504129,0.08514350243523956
38229.10834697218,0.08487389807416289
38342.67913385827,0.07896324942204215
38461.359539473684,0.08092323487453028
38577.29682329583,0.07906132718741432
38697.030982201715,0.08016251913729826
38816.33827404479,0.08286386707285173
38937.16333878887,0.08344381560256552
39055.697208538586,0.08098563535035974
39171.10161662818,0.0811595827844837
39285.31899404368,0.08181525660566762
39402.08650065531,0.08701742553858013
39522.76935749588,0.08715380018627564
39641.4191321499,0.0893352658736492
39758.32494203379,0.08974449752137947
39875.21206161914,0.08626266074146849
39996.87315149524,0.08424627615430665
40117.09259259259,0.08063872698595258
40231.81227317717,0.07984321092791154
40349.0667539267,0.08310435388552766
40468.529816513765,0.08413167237045378
40591.16150296638,0.07484486867284826
40709.6848504765,0.07772537454346126
40827.74036243822,0.0756226115290253
40950.118481848185,0.07741139686243813
41071.26825239511,0.07825900295617953
41190.8177356021,0.08040474033855498
41303.7664354146,0.07980048394950613
41421.399473511025,0.0768245775813384
41539.43996062992,0.07964519212850926
41656.42701812191,0.07690539263600851
41771.57706330792,0.079217406333419
41888.21797385621,0.08111166583462613
42008.23605150214,0.07603913710677146
42131.63285340314,0.08057902883870358
42250.029644268776,0.08482587013565931
42371.84003957784,0.08219747156821462
42496.44010589014,0.0798374626964654
42617.42134646962,0.07877762121338029
42740.78886693017,0.08029919565297002
42864.01651254954,0.07446799171786797
42988.04619921363,0.07475964383517772
43112.15283267457,0.07572184055158784
43237.496886266796,0.07774123254781297
43361.51742274819,0.08240459183387774
43484.53937789543,0.07834213808199122
43605.45922043891,0.07811397698732611
43727.593873517784,0.08021624647426899
43845.278731836195,0.07594032208312665
43968.07745550429,0.07596148300910004
44092.39526471555,0.07677770670350698
44215.35625,0.07718174507368401
44341.63083497699,0.07379090256408113
44464.86897689769,0.07440638066218216
44589.63297350344,0.0742495239310044
44711.909871244636,0.0735837201322883
44835.071076011845,0.07498543679532986
44956.8238410596,0.07668241398010894
45078.64231903046,0.07689473465318568
45200.38208168643,0.07672123264583422
45321.90410509031,0.08156174218900006
45445.76027622492,0.0818167126508165
45568.87096774193,0.07921669302264484
45689.96169088507,0.07572710263016588
45813.08505747127,0.07819894959070074
45935.523778071336,0.07841329807844788
46059.89228243021,0.07666790641184101
46185.38753298153,0.07989371715166335
46310.226272577995,0.07964762484406424
46438.401051939516,0.07807180140258628
46566.73068069714,0.07775091121368613
46696.89489291598,0.0738842792183371
46821.932892561985,0.07368698798018533
46948.0167542707,0.07897822780575839
47073.089655172414,0.07899403318259551
47199.25263157895,0.07707577416903515
47323.972534745204,0.0801478383125154
47456.39468503937,0.07706114064649096
47582.22867454068,0.07523247901078993
47706.06739345887,0.07646052147423787
47834.525746146275,0.07947480364052056
47962.27323850479,0.07794713005852998
48088.98548333883,0.07684222427928263
48214.21895424837,0.07914312304846786
48343.694848084546,0.08211736341396565
48474.53762015247,0.07491918848307001
48604.39026779882,0.0760506945643356
48740.89884678748,0.0767243390898315
48875.15718067505,0.0813956887778768
49007.64819672131,0.07848257663046414
49141.576354679804,0.0799212883113884
49275.6125,0.07645644649806133
49412.11173184358,0.07719772635192282
49544.800728235685,0.07752972453881034
49682.88652714192,0.07715734150447336
49818.97523935292,0.08046601732503654
49954.67766413725,0.07640883474591517
50090.213420621934,0.07941541516103869
50230.88620575587,0.08047290365164234
50365.83766875206,0.07452539840350864
50502.864909390446,0.07655544567848711
50642.16034312108,0.0735182311613998
50781.75649030562,0.07145616130668907
50923.020662512296,0.0759590592135538
51063.26822830749,0.07214999970015705
51203.68160994764,0.07632552330964577
51341.65332451207,0.07682648935303092
51483.49769888231,0.07617297875973617
51626.457471264366,0.07794086041112011
51757.74544852698,0.07704776080144328
51889.47130206625,0.07327106350443129
52019.76753375041,0.07481978482560968
52155.66983606557,0.07326289719620613
52290.78399736582,0.07623777938896052
52429.27880794702,0.07825934730983487
52566.18657937807,0.07752436131429961
52704.96017116524,0.07746638488885965
