D,r2
121.46572199730095,0.3405650694899965
163.55694143167028,0.3074724688004633
208.5294947422416,0.28917708464334063
256.24754316069055,0.27618472262711274
304.6715015886172,0.26329602629742554
355.8075340704551,0.24895925595832932
408.1189856065798,0.23790517763642002
461.0179617336978,0.23200111520923908
514.9418635518981,0.2287497868641327
569.7286935613145,0.2271348573156754
626.7543882978723,0.21377688879939177
683.890500266099,0.20257073216675417
741.4944197929273,0.20057974152738886
799.8388162240718,0.19185848701129543
859.4547532607235,0.19422274848772467
919.7930121757544,0.1932975857209387
978.4200648123143,0.1852915713702592
1038.2032057226122,0.18723195689125743
1100.3618932689728,0.18164302385510006
1163.7839809043894,0.17650524874831436
1226.8676804054955,0.1737639467693675
1290.8043594543997,0.16977680221393035
1356.1917589011869,0.16734856707618767
1424.7672881131825,0.16623321017640127
1493.0944684408528,0.1602057268889797
1560.647195622435,0.15955898674182464
1628.7173882971365,0.1608768323903872
1697.6521313766598,0.1568888946027341
1767.8468892891783,0.15502061823610805
1840.947851081303,0.15336553389494428
1912.9397054737426,0.1442280559644659
1985.2274048442907,0.142352632307052
2057.9178442781936,0.1379689095886959
2130.6005826859046,0.1358509484174519
2204.699466265225,0.13371924106081756
2280.3040652654868,0.13154421770366223
2356.3102539198003,0.13064989097986485
2431.7186364906397,0.12913498865064785
2509.6316509369444,0.12364255880535896
2588.0475393838005,0.12380448443204049
2666.371116940494,0.12259534896492794
2748.357694429123,0.11974767947249874
2831.586306653809,0.11857284314394517
2914.5215217995,0.11903972629710449
2998.364521062144,0.11905169519080006
3083.270374449339,0.11886671446952722
3167.0652593818986,0.11319576230893368
3251.651146725615,0.11218774299032451
3338.23117459437,0.11657532933160372
3425.5329524871117,0.11146619714303892
3514.1964334705076,0.11050685385008463
3604.2691505630473,0.11039391306491071
3693.377024221453,0.10967891104474664
3782.709948944391,0.10906574826005704
3871.0868366643695,0.10666106525364392
3959.4988106898,0.10465457826357555
4049.9050302363935,0.10322229969827779
4143.253548298195,0.09874302657897507
4236.158955945311,0.10173098120698966
4329.1435300637295,0.10181522620180661
4421.964429623455,0.09668763149429603
4515.974599668692,0.09816110638631104
4610.147193347193,0.09619204972706132
4704.044804837823,0.09820741307055714
4799.278447678447,0.09430114040751662
4896.097486460214,0.09803678563525817
4992.806048834628,0.09492097683527563
5091.301133222775,0.09400340768514817
5194.3636864581895,0.09454618424922512
5297.642827671572,0.09379752474879108
5400.179944674966,0.09145235209097406
5499.158615916955,0.09175271649318788
5597.2060044272275,0.09134575523402247
5696.902435649045,0.08903217612174871
5796.297498963659,0.08835124659003786
5895.9560546875,0.08458885302021682
5997.1689245230855,0.0854769279604562
6100.605844423103,0.08666551383677237
6203.868084514874,0.08621529977891573
6304.750937630227,0.08674980581665204
6408.043268568279,0.0896286882413225
6509.359344626492,0.08942195181529682
6611.196408991228,0.08969526684904865
6712.789202727146,0.08632933603047692
6814.528275862069,0.08648804770713286
6916.771476230192,0.08633195167099826
7021.306791569086,0.08604784445292343
7125.563576250172,0.08533034668772879
7229.778655578655,0.08491627424311231
7333.835930976899,0.0840197110821705
7435.99449869344,0.08478040855211079
7540.327770824642,0.08472278082007524
7644.457366469861,0.08221406336969303
7748.304087875417,0.08607854123200584
7852.998896399504,0.08652306306182767
7957.780251694095,0.08411718759060771
8060.514693651234,0.08358739002734199
8164.528106916506,0.08591071970729797
8268.220083102493,0.08302091601242688
8370.939777468706,0.08431882989703168
8473.737241379311,0.08054966941611841
8577.41648199446,0.08157735193811878
8680.62937448333,0.07943629891277129
8785.086926382919,0.07733639652276529
8893.140965517241,0.07989595084688898
9002.86440206042,0.07759131278288187
9113.477913857163,0.07790987309850471
9220.394817073171,0.07756003738388866
9326.575361321404,0.07592936762203432
9435.621235253297,0.07437056004674641
9545.238958881351,0.07691932848257682
9656.837553618376,0.07619322646550855
9768.310278313586,0.07650890984164467
9882.414718976072,0.07489424708187596
10002.362818383168,0.07627950233928446
10121.79925701706,0.07521161315645905
10240.862418436762,0.07359918938139072
10359.163927634305,0.0731186331491293
10479.96161811404,0.0720275708571144
10604.454280964255,0.06971592718560263
10729.425276243093,0.06902351376843816
10854.824719412498,0.0678582580347997
10980.222451790634,0.06654765063441523
11106.661455451023,0.06528759778292985
11233.410192147034,0.06656943488434398
11359.349197565025,0.06918253578623032
11486.921655172413,0.06721049551248183
11612.585686600221,0.06539146596443168
11738.19546898743,0.06434676389910784
11866.739811477682,0.06243191433322685
11998.440253303965,0.06362623422942564
12130.965869835567,0.06028699504872244
12262.68523136603,0.06199844165196379
12392.23076923077,0.0593986117543346
12521.6557081426,0.058654074123970744
12653.035256851674,0.060280005184125435
12781.943866943868,0.05997338580847279
12909.47106753211,0.05766892366302234
13037.741504178273,0.058485735994909374
13166.771522724152,0.059033308452449036
13296.11782729805,0.056260587663686586
13423.609705516383,0.05696584183696842
13550.051681367144,0.05785008606642762
13676.203798696797,0.05504918791034154
13804.66551198559,0.05588365101877838
13935.710351508442,0.0546746645357315
14067.537405628003,0.05601163760447262
14198.990834606304,0.055102652951515105
14330.067226890757,0.056553914753644435
14465.784506651884,0.05718422543452146
14603.841309474268,0.05484695829509736
14742.337109698812,0.055214251225707056
14885.423498404773,0.055449768901229615
15024.111664591117,0.05653396965942764
15161.967341876809,0.055454086679812324
15302.041528697571,0.057747107362918076
15446.216392080853,0.056853798128873465
15590.278960464473,0.054376628786793973
15734.214454482279,0.05519567448189299
15880.426048565121,0.05404864797891403
16028.87210109707,0.05520093280721004
16177.241626464507,0.054832101026757694
16329.013657056146,0.05622958140695107
16475.50312978161,0.05384072913705978
16624.0500618897,0.053061008362969855
16775.1415916955,0.05617614390200318
16930.83034597749,0.05346171849823646
17088.547829693114,0.05244551034364101
17245.029310582082,0.0536758090611033
17406.378333333334,0.053860677262003054
17571.30338631652,0.052055882929849924
17735.918717168923,0.052644780554260466
17898.600414651002,0.05224324896356615
18063.79171270718,0.05333785227025604
18225.017327418907,0.05261378858061247
18384.26907685939,0.04968021822383655
18542.52657206455,0.05289334770523045
18700.649627996692,0.053782133835506625
18858.464582180408,0.05318265006781177
19019.5000691085,0.05413957260475868
19182.847387337573,0.052522087671660084
19343.08168624741,0.05112995413071271
19506.05583264062,0.050361340510351585
19671.47604541678,0.050372599687243905
19835.015514614213,0.05269738140016203
19993.763789299504,0.054922421670792344
20160.273733739275,0.05302560147982791
20323.99792042146,0.053802219925982296
20486.67545919072,0.054107333672573824
20648.956485702445,0.05379821102526537
20808.81917694333,0.055569807937588526
20971.138107064016,0.05549014687785417
21130.54806491885,0.056648586677865105
21295.02772413793,0.05328946353339214
21462.112340896514,0.051504322071320226
21626.63356545961,0.053268835770692004
21790.361157024792,0.052448992440450246
21954.97282684043,0.049090159006505686
22121.20516717325,0.04957307905423769
22288.705866152573,0.051063312553064885
22446.3441323693,0.05043269493259165
22603.245628528155,0.05062439971788055
22763.352933019,0.049348689493270155
22924.8515386748,0.04944241187172343
23083.659094038278,0.048626764939396376
23243.538642333748,0.047874398315316744
23401.59708535739,0.04579426499459629
23559.03392167678,0.04910733874249791
23721.480931909584,0.04785495974414868
23890.98040838852,0.04682299490982757
24057.348573011914,0.04696695965084266
24223.336700802658,0.04822050354911697
24388.762299613045,0.04546000738118156
24554.146216627472,0.04800134475573826
24721.319479080077,0.048680966561344075
24890.06424041908,0.048705731367249594
25061.25648494937,0.04859096367978516
25235.94791378834,0.04821130243070641
25415.429677776243,0.049898232601348354
25591.266132375295,0.04924942159796098
25765.047632234837,0.0501231955195623
25940.332594542182,0.049077997988817186
26121.163510711816,0.04747283969839665
26300.053287197232,0.04644170492974028
26475.898598973505,0.04978357739530526
26652.191357172444,0.04912010894993195
26828.546989619375,0.05206438160141424
27004.507030603803,0.0529729119879448
27182.778240933723,0.05093626286164268
27359.020853473277,0.05172465627867554
27533.704711897193,0.05151501171120746
27716.897993079583,0.05182268019922484
27896.403755868545,0.05214545281851446
28070.531776733904,0.053147386498467716
28244.52279677509,0.05616448593230366
28415.24247860889,0.05383674461591012
28586.535516860145,0.0532921913332388
28756.327678940837,0.05205783613666257
28926.779792387544,0.05010564651477118
29091.399805717458,0.05152779177355612
29255.85465116279,0.050209823305981456
29422.443970264318,0.051833524048278325
29591.992806750586,0.052365027008859054
29761.52528751559,0.051733356878411796
29928.017012448134,0.051497513203701696
30095.316911154165,0.05460691126173205
30261.323668146502,0.053698731532251985
30427.89310440321,0.051288927931281564
30597.04282359442,0.04986255953130767
30767.977147577094,0.04966754819493309
30936.42027777778,0.05067670728351224
31098.41123812147,0.053132897549990385
31259.34223334724,0.0569347738816674
31416.23647625602,0.057516906199260205
31574.67964946446,0.05584588310019106
31732.90797799175,0.053401572022845276
31894.60822600748,0.05357276823730744
32056.974706288875,0.05210824563746136
32216.2252739631,0.053220323010809305
32372.01565530618,0.05709418501037356
32530.51755472945,0.05624498470874389
32691.021651630814,0.05104458136811049
32854.369279690305,0.04862875510723923
33019.22056590752,0.046600295696389
33184.861940298506,0.04884696566272068
33353.8029945931,0.0491473072832898
33523.26951827243,0.047914651425166876
33686.053126729385,0.04560128095314835
33845.88934935765,0.04466630134435863
34012.47099447514,0.04287300762621261
34177.46715631929,0.04200101400709698
34342.12591366708,0.04130534400977856
34513.8022708391,0.04294389516043314
34786.41272217025,0.04233369426825318
35165.10845553822,0.04128890345938695
35545.62108813792,0.042843615348236455
35930.85243758172,0.038504982362494215
36311.74508702976,0.042994448951506246
36697.497162457126,0.04320928926023578
37079.71359011174,0.04610091424399384
37454.16390584133,0.04596676399206069
37816.01964820359,0.04599578825672502
38177.7062093953,0.047145387610979424
38545.01670822943,0.04661237595610654
38924.508697549725,0.045602214276312815
39301.645575939096,0.04624715259753425
39679.50351915291,0.045761801032612036
40051.526470221004,0.04452098730189519
40421.66768501777,0.045074727708465656
40791.643770665665,0.04169207178040799
41165.74887864441,0.03989037733295457
41541.945570172706,0.040811215000243616
41912.63149675162,0.042504244301760044
42274.03954344165,0.04295515861068434
42629.45237054157,0.04134665694111803
42984.90524545228,0.04285008301894871
43348.586398204716,0.04050100469547194
43708.77018091079,0.04104766976681376
44080.04053379895,0.03897589853503684
44460.44858299595,0.04147930440792771
44846.02207257763,0.04147724962994897
45233.12513255567,0.040788531336952434
45607.8473391977,0.04061751959952688
45986.600499687695,0.0386689641438436
46360.74644904062,0.03884021395311495
46744.54396804593,0.038812255924387175
47123.2242571482,0.03820313874185511
47495.47210086131,0.03863180023985648
47871.83762228176,0.040369297887765686
48252.495633732535,0.03870486945312781
48621.46602608099,0.038938168954496075
48987.81886367898,0.03982077222372826
49350.794137780824,0.03889387266204874
49718.3302981165,0.038007845973066105
50084.69807200349,0.0378298523902344
50447.70024968789,0.0376488868405209
50810.85702701017,0.03768362185659042
51185.884543529704,0.0366090509228117
51565.448346978315,0.04021663592433797
51937.68874048184,0.042267986118935175
52308.157753844236,0.03847419352137523
52658.53986545409,0.03930050903605417
53018.21149167135,0.03936876445320244
53376.10481957797,0.040636549580619324
53727.81007364873,0.041366116610948016
54076.19609555292,0.04267381375133005
54421.20118343195,0.041314050892174485
54773.31357993887,0.042184662575206436
55131.77967372961,0.042941495361451656
55488.60599264935,0.039311567344147286
55862.36027900604,0.03954002294273093
56246.456481018984,0.038432623457424354
56618.53241576882,0.04037184811826153
56995.160644074145,0.04371710690434544
57377.26598337604,0.043433910086821535
57763.89756036844,0.04407036533253658
58153.83477989385,0.04404207444760673
58538.6400996264,0.044133765245943424
58922.99394997817,0.04556919771787205
59298.33397900525,0.045234065604302126
59661.36503679681,0.04445309775347107
60034.77506234414,0.04584495609091653
60416.036206144454,0.046217054914330376
60799.749360773305,0.04614757987933262
61178.218389370595,0.043206105705106246
61560.265788816774,0.04451104441867335
61934.37934477379,0.04472460052777822
62311.6817643022,0.045706438433677894
62684.710511558354,0.0469973064105543
63060.39779108948,0.044023444552449775
63442.30694920536,0.04332276619280397
63820.23119151591,0.042473108402213834
64201.23592208765,0.04258081050901936
64590.22003365954,0.039938613473649735
64963.081015342395,0.03964246090053968
65330.57072440257,0.039082826283893354
65701.93281814782,0.03861896148429037
66069.65049937578,0.04054862194520532
66455.50018696248,0.0399125749562413
66851.65818363274,0.03814249990167577
67233.51481874337,0.03808762125360979
67609.26576127585,0.03737390090297096
67987.57743845435,0.03744706521718936
68366.3893258427,0.037510242607049916
68741.36786561759,0.0376475437800497
69122.01732951004,0.03836900236025882
69501.0006856573,0.03824276018662679
69884.19892674404,0.03710861026867047
70274.5483750234,0.04046208645714861
70668.76806628458,0.04058203764835093
71065.20847880299,0.03998706035270561
71477.14154767101,0.04104970196155324
71890.57662775455,0.0364928096687673
72307.42244121499,0.03720285191562975
72715.80390810338,0.03749410569201168
73120.60002495944,0.03861914475239103
73518.16317001806,0.03774114031731844
73918.12561561,0.03779101363330313
74321.48569465267,0.03829168154509034
74721.79372392752,0.04180172850020406
75106.79948762809,0.044098485175574714
75481.77844199515,0.04148039150963192
75858.1104106853,0.04260889901338363
76227.29558649105,0.04500505254888082
76587.54189526185,0.043892046684729714
76952.47155894488,0.0435694639741686
77319.48335304002,0.04233559091160243
77689.72075048307,0.04260696505930558
78062.31103491272,0.0428266157126315
78432.14507869098,0.040326017492003215
78809.34724301397,0.037780433546799184
79189.94404591105,0.04003545224268869
79571.00474022329,0.03892985842983225
79959.34421328019,0.03972431154326418
80346.15609390609,0.03781698856213969
80741.8042271962,0.037627645194696
81132.81829511466,0.03735137415958143
81522.2139778902,0.03604941822244868
81919.13631264024,0.03542376053144579
82328.76230836345,0.03625830980788317
82742.85729446282,0.03732394945563299
83155.15953404349,0.036084449885852216
83574.17570946369,0.035830201759522305
83991.29531580914,0.03655371958428127
84406.31588785046,0.03676910581187786
84821.70985070898,0.03507629243405682
85237.95958588,0.03456587821273878
85668.45918494517,0.035143127609074266
86086.86774334352,0.03584231839191055
86503.15989024694,0.03593646290039593
86927.11945137157,0.036559270338270465
87350.02922260381,0.03782347425657944
87755.03380106018,0.03816585779183584
88164.98734177215,0.036990582844555746
88583.41478016839,0.03374442133696153
89008.32325624883,0.033389713537947535
89431.62129438932,0.03330931302990009
89862.4550274451,0.03380553566005641
90306.03015576323,0.036910481380064045
90730.31655215491,0.03888601387654497
91153.1441750296,0.03853605004410638
91584.82671322566,0.03720219186012514
92019.60946080879,0.037128870201596
92456.84872849664,0.035376408572930916
92910.24034147557,0.033802318292065016
93366.96163682865,0.03456836882216922
93828.85419266284,0.033707886356774706
94297.71223560242,0.03301379597600932
94786.6729893305,0.03319691666239324
95298.51555389314,0.03418341771130808
95823.9482479112,0.03568705908156087
96341.99987514046,0.032709510677690554
96842.49831565814,0.03215427762017077
97351.1876984374,0.030710433738689622
97854.78000750187,0.027830750768806443
98365.51783042394,0.028602001102301204
98881.72961026024,0.030919427424215343
99411.46639206141,0.030784388516747682
99942.80413913477,0.031015725010611554
100494.13640616229,0.03193249284621297
101026.41923605042,0.03301609784653457
101549.19072293669,0.031535378993137644
102074.81122671485,0.03181723824058706
102615.83628428928,0.032255427581456386
103159.864691204,0.032602085978139815
103717.15286783043,0.034152809500363895
104276.92305290113,0.035241757668883586
104811.01041341898,0.03572409797020558
105351.72577833125,0.03443362069323358
105912.64731196208,0.037434591681567056
106449.89786994815,0.037604393423594985
106967.26689947618,0.03848645873342787
107462.01565521113,0.042457316723171476
107940.51304889443,0.0455742397106488
108403.83603693536,0.04329774469621053
108854.27881133725,0.042162206917502096
109312.33834164588,0.04351026052381514
109779.35935355048,0.04344135430509398
110246.02532277178,0.04322046717020785
110684.80454035175,0.04493376035697905
111135.70355114523,0.044303688226954116
111584.70201894316,0.04311008529344305
112023.53738609412,0.040666603718109255
112457.49041643254,0.04091934961928235
112901.6917803951,0.04134364482001184
113341.02099296082,0.043528368428354974
113782.3808335413,0.043132286822925234
114218.64254495504,0.043991666957295755
114650.11740915879,0.04164991012681186
115072.39326544637,0.042704595072851737
115496.68629163029,0.042661369928923956
115919.50699213384,0.04214715425730556
116337.50694141816,0.04307763792991114
116762.67793649803,0.04263424789815707
117196.98939356126,0.0421837154222125
117636.05259550072,0.042656816736005035
118083.82360668042,0.04224776915658522
118515.94241651638,0.039838976468698654
118952.34552718647,0.04133379822636473
119382.7669201047,0.04140847701470264
119807.10651441407,0.039440966125139545
120237.47512950134,0.03980740725032054
120665.96550648703,0.03876557379513335
121087.28905665086,0.03886437224498559
121515.20637886999,0.0410670013931089
121945.1648145836,0.04427779097430355
122368.7630201844,0.04311581344868353
122782.42960514005,0.04167109347054498
123186.82062164524,0.042766707786186395
123591.66575103009,0.04241528131054685
123988.06921062477,0.04302568000483643
124373.99259581881,0.046221506338072656
124761.55430500844,0.042633782565145946
125139.10018078673,0.042020087246271993
125510.91958891311,0.04209944243701674
125890.08933250156,0.042020081744307346
126274.3526588118,0.04418136129835499
126661.56168568044,0.042946930258552014
127049.69438034054,0.04430610343042879
127448.77579315513,0.04399448833260097
127866.02845021214,0.040745354998390555
128280.55655855071,0.042038834252436444
128705.80196102922,0.039482780936708865
129142.27120966738,0.03919960565977178
129565.77908064617,0.040140117807552445
129994.52339309138,0.03965978244344625
130425.81991644323,0.0419112763300934
130859.68624150615,0.03958419998674044
131295.4161467432,0.03776623347270261
131738.00635910223,0.037298137675304634
132189.26415683338,0.03788792295116983
132636.4449572756,0.037879471964091437
133086.60136986303,0.0377574388236565
133532.2506704921,0.03712035735278264
133985.93765586035,0.038912954318673074
134436.6708567855,0.03789172497797461
134871.4380839666,0.03679603508868844
135311.63505926388,0.03669921289836796
135752.451610893,0.0356160945821726
136188.8027923211,0.03514567496214754
136625.4547952048,0.035676093401347794
137084.52465052422,0.0352216442473656
137555.93089279043,0.034488681713108385
138035.52665418226,0.035732599998621654
138512.58315658142,0.037124344584451914
138960.9312515582,0.03863332679277695
139399.03743215423,0.040029790933666175
139843.79046134662,0.039903655328282474
140302.4820426487,0.03657593355271714
140754.99075808667,0.03661087584364314
141213.27493765586,0.03770191014821449
141674.24942320882,0.0380772766217421
142115.65820495228,0.037396780927712266
142559.88234927366,0.037767100291419387
142997.72032946462,0.03952781504581734
143423.76850639225,0.038518259563867056
143837.9107866991,0.03804129889018879
144249.88528476076,0.03821606824992072
144662.4066263181,0.03994743376617602
145071.0363534327,0.03903885680258301
145485.17354187436,0.04121475033289175
145890.04255850235,0.041697600707050565
146308.40705208073,0.041731520726969396
146747.3916302311,0.04048795516002058
147190.17523393637,0.042096945800963834
147627.54361370715,0.04126958115557617
148062.12024210658,0.04160892030309544
148489.93425648703,0.04146063597162288
148913.67995010913,0.04011840591455594
149348.62973360784,0.041764695303826656
149790.8153318791,0.041171210514440316
150234.63903960088,0.0398758965850001
150683.38307836404,0.03951173652192493
151134.41225557355,0.03716121931249494
151583.1968863324,0.03800519059662514
152025.71738859845,0.037124606318396626
152460.41023563145,0.037627010722322676
152896.68778110945,0.039286655668139346
153313.33079895301,0.04042802406482111
153712.78747036066,0.03950282293165442
154117.21293296784,0.04054449814841002
154522.2037603848,0.03943737393974093
154932.10542394014,0.042333512406613774
155342.4612989601,0.04481750377335248
155742.6852557297,0.04554105403439848
156140.5337787213,0.047245193675719103
156533.7146244073,0.05186435186027751
156916.8362674961,0.051140195203303096
157306.27875304554,0.04943949657421454
157695.14297293927,0.05391191447361261
158093.81254672314,0.0547261970080047
158498.9060859785,0.05550091091427366
158912.68409586058,0.05198087099039062
159342.26710747925,0.052265240336557606
159777.84992505622,0.05204027347459245
160206.8191070871,0.04893079610881784
160615.78172304243,0.04749655623844451
161026.63971047048,0.047826768513107604
161444.16658360328,0.04634177656818723
161869.3536242742,0.04450010941327714
162287.60973484378,0.04540166098473437
162713.6106039765,0.04450292061238419
163136.3128038898,0.04627820017781036
163557.87345717492,0.04410780115057327
163976.81705493957,0.0433732443602996
164392.81005621486,0.04368239007024727
164810.61342231647,0.04137039591272852
165240.35365321022,0.04095037466450466
165670.53601047577,0.04277322757509793
166105.68578911267,0.04192742585288194
166522.57438583364,0.04229064625305381
166934.83708741498,0.044247081211277656
167349.83272070275,0.04487106508803933
167759.1580919081,0.04538803401451307
168181.7638212904,0.046850934545497554
168594.2559297765,0.043889297966953594
169000.1302610216,0.045406975085224496
169406.45146600125,0.047015646926452756
169811.58375476056,0.045689587623052155
170213.52857320718,0.044421397344874304
170623.3767392525,0.044038784743251784
171039.57406019734,0.045941706747540584
171456.7372844425,0.0473486258479583
171871.4064000998,0.04834006324228184
172254.80130922692,0.049915209581590694
172634.28937179968,0.048723001774415735
173009.99526154998,0.048696607235975534
173382.27488476393,0.04740213616161446
173748.6372555146,0.04433255521429375
174122.3095639154,0.04840625452967455
174504.0394638404,0.04891583865902439
174870.78843635003,0.047048487429329794
175243.77122553298,0.045464258255710266
175603.38102663256,0.04478335726611381
175955.77074630588,0.04557589565305945
176319.52620414275,0.04446362720038151
176686.2526787939,0.04593698024533402
177035.076409264,0.045722453233664404
177380.66704049843,0.047181661048351815
177734.76943264183,0.045389650250539246
178080.62061444507,0.04499838812564896
178422.53065420562,0.045722777304687594
178777.96202373516,0.046854295366346416
179132.59402854828,0.044496738694382226
179476.18786253352,0.0452493553332116
179818.20907162465,0.0454056783856152
180161.3188532253,0.044887452635135904
180502.3606588059,0.04611742123489386
180845.81631634754,0.04676378390446273
181189.47764823242,0.047108642794590344
181534.69053117782,0.04720531026033382
181870.9766340582,0.04774103483601963
182203.2180897612,0.047419778456449124
182546.54547152194,0.04544552103378193
182899.52455231798,0.04653978140846056
183258.67005424277,0.04522884703030497
183614.7429087962,0.04916489390864946
183963.9978785799,0.047655379628417566
184307.4767790262,0.046268780117524215
184655.48523259445,0.04575614311081231
184996.17473854581,0.04763508490668323
185344.73884793202,0.045846013369489895
185689.1977446888,0.043952214409414415
186015.16658351003,0.042155897531058875
186347.77655860348,0.04263065589697823
186684.5343644755,0.0435712461798666
187027.50600909148,0.046170073335961355
187360.8446608001,0.04545815857109547
187695.3749688046,0.04505286658117683
188022.63039270774,0.04762958451701155
188350.9713109642,0.04505077701983102
188686.05649682324,0.04594659087201441
189030.05417889022,0.043271019148044
189372.63568796453,0.044293724278639444
189711.45273600798,0.04204976660140546
190050.22603594608,0.046188541180822676
190390.6883116883,0.04776992929092773
190739.54808712477,0.045685325763188726
191089.29487339404,0.04621765698772842
191433.98325,0.04491782400160645
191774.801421092,0.04677010922411091
192115.94194593249,0.04368179647562942
192468.50283789684,0.04319074700817622
192833.83471589847,0.042855233024573273
193209.94820269596,0.04256065886468349
193588.918058325,0.042779997757556226
193960.84340128422,0.04302140333059366
194327.39666687473,0.04066549681225211
194690.33532673022,0.03968889508127266
195052.4706728364,0.03930238263489553
195409.79515968065,0.039596835210040655
195766.75924194252,0.03930854181073145
196121.8638547451,0.04021779189926057
196476.96667912306,0.04043088318738154
196845.9813707165,0.04211812231251842
197217.05621763275,0.041503565836684714
197584.94570644034,0.044131319368549866
197948.49056603774,0.04398575868136454
198303.70797835957,0.04468402165569106
198655.6911360799,0.04271858272093791
199008.26117353307,0.04303476080024321
199363.62206294795,0.042897650903827224
199721.92307212378,0.0460379983896834
200065.61133628484,0.04420584711800803
200412.24100224944,0.042208329737269464
200771.16183710351,0.04710133763070148
201132.6050498753,0.04765577822762981
201491.833063108,0.04708154082552558
201862.66232552342,0.04375136115445994
202237.15438837252,0.04549757269497024
202607.85741017965,0.04368146369549256
202987.42159062577,0.04220090675922498
203372.37848481062,0.04141073203914272
203756.70390192297,0.04266629380030879
204136.43244255745,0.03857543073221089
204519.13544327457,0.03789613839420966
204899.94485730343,0.03885001046566524
205287.92948077884,0.03844465073643172
205679.76224604264,0.039206669229464086
206071.07988516506,0.03714701608769063
206451.48340197178,0.03642778114763655
206824.41710763867,0.03724923936584438
207197.66167571276,0.03703044596529708
207572.82621437925,0.03653198740984523
207963.3929842082,0.035908304219538265
208370.530978973,0.034990041351054144
208787.40140801197,0.033057914677424055
209195.7603099225,0.03272367542421065
209612.73242771684,0.033800246978129875
210046.04369234605,0.03646722273214351
210490.58316695783,0.03691573828592098
210928.8116737341,0.03623437662035789
211376.85932626325,0.03861743873327686
211818.39933890483,0.037425200762075735
212256.36220325253,0.03702163282355468
212686.57575190315,0.035378499408802395
213100.51465818365,0.036334776776560926
213523.53236961804,0.035281181306024006
213940.38391464404,0.034881542410317184
214350.39901447107,0.035409003588902165
214742.34225800412,0.03548387538571876
215121.70307145972,0.036794451165367524
215503.61549990633,0.03887817415316016
215877.69769763525,0.03814051257273564
216245.05035165246,0.037865021111089706
216618.01054997192,0.03744313110770062
216997.56912701385,0.03502608681924543
217383.37119561835,0.03532139832972736
217776.80322439544,0.03506112602949557
218175.8536281532,0.03435259274993028
218583.32692187597,0.033785009487364244
218990.21242359985,0.03326555835159402
219397.73861583506,0.03518155691439871
219815.83121416107,0.03687037875012563
220237.9899956231,0.035997283016843545
220659.27338890271,0.03715404915597697
221080.6471764118,0.037470686559563766
221518.19813025865,0.040028439990049035
221966.54115739587,0.03895153691946986
222403.58490448247,0.042337150157195955
222835.78016838167,0.04072828739774305
223252.53111929583,0.0390822302909523
223670.19201095073,0.03959995551939275
224090.85145357923,0.04162318602674135
224519.150610668,0.04103517401484896
224946.89488139824,0.039157209944526095
225367.3771389459,0.040365488736801125
225798.82232900648,0.03980611417921397
226247.94675146526,0.035222462127239174
226698.9945770741,0.03443265365045667
227140.17606955217,0.03469311219501324
227568.4412552145,0.03438731072840358
228007.8600174433,0.03438029195170149
228446.04523334166,0.03575842554692619
228888.14890565566,0.035487805880618
229328.9781984008,0.03530211854131538
229745.2829000686,0.03622018880869911
230167.32182905558,0.037348033071784206
230601.36284180297,0.03469871341282834
231045.3145191468,0.03247372259367085
231484.8295482905,0.031654831909566625
231922.58272574312,0.03182990167376216
232357.02276696608,0.03346175386244716
232793.87479715393,0.03545397939954645
233230.43085935066,0.037900585167818246
233655.15024323313,0.0350824191491618
234080.7705030583,0.03542008583839395
234509.17621007984,0.03597791428860481
234910.7249890918,0.039400844193802735
235305.69602644874,0.03700425572871579
235707.90081148566,0.03724180549772368
236125.46684548687,0.03680165288896438
