D,r2
6.135352760736196,0.7887944799867643
9.128955696202532,0.7354388586658378
12.0,0.6894937486942376
13.55440414507772,0.719597423606814
15.133081444164567,0.6449746689168422
18.0,0.6114226802751437
19.492753623188406,0.6011078137011899
21.14458370635631,0.5755718533750107
24.137030247479377,0.5535452446211985
27.137804317868625,0.5150077002829964
30.14142792178263,0.49952897871539587
33.0,0.4815074374982892
34.47159090909091,0.49629947197633667
36.144914073385976,0.457562966343214
39.12958435207824,0.4513112324181311
42.0,0.4373459534519834
43.49710982658959,0.4629335762302984
45.13504016064257,0.41192665247311244
48.13390170511535,0.40444179777213307
51.14557613168724,0.382975220981737
54.148148148148145,0.3770397626100813
57.13823682837767,0.36101201577135394
60.143384290985765,0.35853618115247354
63.1522210184182,0.33772514688986965
66.14900314795383,0.3367701717500331
69.16315505132361,0.3219640390907426
72.13812464907356,0.31729291504097035
75.14437604924454,0.31055407526928075
78.1485549132948,0.2922457786299053
81.0,0.2936353351738643
82.55384615384615,0.31028005951568133
84.14643874643875,0.2909241910106024
87.15598885793872,0.28376392908311093
90.15085444902769,0.2784509126699693
93.15093205051113,0.27158330429630956
96.15805658056581,0.26371460110076395
99.1472172351885,0.25039105043035803
102.1394640682095,0.2550343960717695
105.05203468979319,0.2457462646503283
107.0,0.24695188794508058
108.14932680538556,0.24029909086539783
111.15874035989717,0.23699058012648364
114.17044025157233,0.22954747144434284
117.16226658081133,0.22338956180102024
120.15055079559363,0.2219378251620834
123.15081967213115,0.21054723538534667
126.16322451698868,0.2136999615103732
129.1543007222587,0.2097443098599169
132.16433799068528,0.2048288627263989
135.1473968897904,0.20253358616303344
138.16174496644297,0.19886021794974978
141.1929347826087,0.19861569929690137
144.16283924843424,0.19357943112676224
147.18114478114478,0.19192843266480092
150.15894511760513,0.18441735525238953
153.17166782972785,0.1773613919276191
157.4679655301611,0.18687771085622373
161.87424344317418,0.1781775760100993
165.10194805194806,0.1807031041473878
168.1635408852213,0.16636131184906527
171.16481892091647,0.1694508276141846
174.19599109131403,0.1755277296071744
177.2,0.16279294674738273
180.18824404761904,0.15655456811754695
183.19970193740684,0.15879745290925898
186.16979714500377,0.16085695417848053
190.55555555555554,0.1521977634585587
195.1161971830986,0.15935481260185308
198.19712990936557,0.14833114034664277
201.16527037319116,0.14470392703109142
204.173197492163,0.14696400451241268
207.178125,0.14389162586917223
211.51784981534675,0.14179131404551165
216.03055555555557,0.14473754677071848
219.1839258114374,0.13181389295582696
222.1754523996853,0.13524028086539733
225.20615384615385,0.13523219342223874
228.2262658227848,0.1362033139517382
232.55016313213704,0.12326211396103967
237.12908366533864,0.1354215301874318
240.19611021069693,0.12633895924883248
243.18921232876713,0.12963850306514266
247.4958569559529,0.12139933958013781
251.99220963172806,0.1193543486664942
255.20133111480865,0.11827156998084075
258.2332485156913,0.11072675637261495
262.4468566259611,0.11197835995448219
266.9876002917578,0.11449049409466924
270.2010008340284,0.11250189444161464
273.2091836734694,0.12273114503183698
277.72660311958407,0.11278634947423548
282.2420494699647,0.11320583887988764
285.24773960217,0.11341073810758996
289.71216883700043,0.11357311477282746
294.20919747520287,0.11599971145774904
297.23022847100174,0.11495655045499939
301.72328767123287,0.11180077072796632
306.22592592592594,0.11116214343919918
310.5839487936977,0.10696391348919214
315.14335971855763,0.1161698612883912
318.23787740164687,0.10480908501816952
322.71045197740114,0.10371523809345835
327.24883936861653,0.11150568241068115
331.7182826821032,0.10017783893144247
336.22423664122135,0.0993477276141143
340.63328116849243,0.10348509578582964
345.1422182468694,0.10251626173039967
349.5102793885082,0.09803253286940206
353.9493127147766,0.10754202518441774
358.530679933665,0.09550132653317177
362.9921671018277,0.1023018813892242
367.5166130760986,0.09301962706802737
372.0,0.10603439656423694
376.6054794520548,0.09137792815610037
381.19644527595887,0.10446078937655724
385.7448132780083,0.09926119048866094
390.2754367934224,0.0923453938325066
394.75221700573815,0.08996141473745266
399.265368852459,0.09089427793019872
403.80471553049716,0.08675783623283038
409.5021046301864,0.08853311981519064
413.96681614349774,0.09590050732589228
418.76008492569,0.08619590247369048
423.300875273523,0.08689036624313683
427.87942122186496,0.08240892326698668
433.60886867538375,0.08778081574538855
438.16776625824696,0.08286285515023543
442.7495872317006,0.08361561489226714
448.4323511725797,0.07342131329107393
453.0272812793979,0.0793838437628264
457.78200321371185,0.07736215293222563
462.2935377875137,0.075058956871828
466.7530120481928,0.07671159941893302
472.8143413007226,0.07154314411713619
477.321468298109,0.07384869078029764
481.8365714285714,0.0748336990765804
487.79034028540065,0.07040713434918762
492.3165548098434,0.06999010105254604
496.78367346938774,0.0722971503388277
502.7944732297064,0.06803849621744305
508.80504991192015,0.07229165153617001
514.4765676567657,0.06920898012713626
519.0049701789264,0.07132135680601571
523.8767371601208,0.07231102050384733
529.8532002348796,0.06652271607775595
535.664592408214,0.06722472228224069
540.2359788359788,0.06816726696283677
544.8554143980641,0.06732242994828846
550.8400473933649,0.06915984220473775
556.8665827564506,0.06507119509094555
562.8883435582823,0.06036993300589151
568.4781746031746,0.06082112429479539
572.912839737582,0.06463143689549797
577.816077953715,0.06285317074430855
583.8634940513463,0.06041504317208513
589.8550185873606,0.06073745187408686
595.8055908513342,0.058582646640898114
601.6852723604572,0.05977476062152404
607.3714887640449,0.06633413649647225
613.0515532055518,0.06707335877375523
619.0768729641694,0.06571441723108663
625.0520191649555,0.06427501159465508
631.0972684876749,0.06170396376880926
637.0474620962426,0.060350717340575566
643.2728418399496,0.058333590080808476
649.781601588352,0.05782468535673673
655.9181124219292,0.05757405445403708
661.9471879286695,0.0544356105852057
667.90625,0.057723876982252405
673.9148501362398,0.05503879518757094
679.9620071684587,0.058870830861712
686.9609967497291,0.05701614104234989
694.0130434782609,0.05337267457268086
700.4478716841456,0.05133548905821792
706.9368421052632,0.04915160209235587
713.0706134094152,0.05610874382961654
718.9810791871058,0.05027215628513963
724.9728571428572,0.056327714893300164
731.9623741388448,0.05516099148844266
739.2176470588236,0.053987234202636306
745.8427887901572,0.051363934672818225
751.952966714906,0.055731211796796
757.9926253687315,0.05575845115059162
764.8927355278094,0.05396898554103554
772.1966887417218,0.05310049669721547
778.8746537396122,0.05182916916667386
784.9348739495798,0.05108273575731983
791.0251107828656,0.051688154333660814
798.0331202789076,0.05000288193025284
805.1741100323625,0.049081866553395324
811.84372858122,0.04936632348728737
818.01401179941,0.054951691644956384
824.959630911188,0.05030218437142558
832.2383177570093,0.05054752207158319
838.8278628738148,0.0479439547641072
845.8879415347137,0.04858062687142913
853.2443857331572,0.04640182613917676
859.8460461861441,0.048691137967869946
866.0549800796813,0.051022636234396374
873.3923979877027,0.05052102465880156
880.8637048192771,0.04829731113541241
887.9564149785144,0.044378709629468056
895.4103896103896,0.04659623312332451
902.1143317230274,0.052114320296834986
909.457223796034,0.048493479117265634
916.894419306184,0.04576849993173642
923.9101265822785,0.043525570873532184
931.354054054054,0.04526319149505816
938.9478092783505,0.04748236584115122
946.4316644113667,0.048151676836890214
953.9447403462051,0.046648336425138874
961.4867256637168,0.04773781532991452
968.9893816364772,0.04845352187100331
976.3876288659794,0.04599623079049136
983.9820239680427,0.045619194486179855
991.3976405274116,0.047346102076525905
998.9832041343669,0.04556313979134013
1006.3619246861924,0.045984756620066985
1014.2730024213075,0.04627106214669026
1021.8383518225039,0.04584646750256358
1029.463157894737,0.045849978758422325
1036.9156050955414,0.045676859759180045
1044.6233333333332,0.04465726912764282
1052.0653061224489,0.039265714890656826
1059.3439860546193,0.045256284613194274
1066.9065269943594,0.04162187128898945
1074.5614230127849,0.04118576245369581
1082.840432724814,0.04007374645497334
1090.4268551236748,0.04476162873508984
1097.941414141414,0.045123911067370306
1105.2925824175825,0.04559680029672254
1112.9123045547246,0.0445736481819977
1120.3148528405202,0.045785772084075756
1128.5942528735632,0.045721809281908644
1136.963698630137,0.050100063985766205
1144.3238359972204,0.052269915046927844
1151.8847765363128,0.049342758404012275
1159.301687763713,0.05304990095682843
1167.4417106033977,0.04932005189945893
1175.7755775577557,0.04880062146549833
1183.4171997157073,0.05030935521064626
1190.9015201586253,0.05129141342589721
1198.4082173624918,0.05647206277235602
1205.9264604810996,0.05627044599620336
1213.374485596708,0.05605539709097582
1221.4712507409604,0.05430783939738559
1229.7061923583663,0.05377310156285072
1237.3658703071671,0.05805321695727865
1244.8823124569856,0.05563090831025454
1252.3575638506877,0.05509700001681511
1259.892370572207,0.05146022997543969
1267.4298305084747,0.05712133280386984
1275.4667908131596,0.059997778396935125
1282.9156626506024,0.05647364885357275
1290.7054714784633,0.0562161650562981
1298.8968579234972,0.05116556800712263
1306.2939118264521,0.05656130655215031
1314.4590264941467,0.05425190358410231
1322.5869410929738,0.050520678903058766
1330.3991596638655,0.058441516067683726
1338.6900479616306,0.055390055175549686
1346.9563609467455,0.05600924673187107
1355.0842424242423,0.0593184271711584
1363.321504613201,0.05561392563576677
1371.6242197253432,0.05132023395186462
1380.4125683060108,0.05335568792473378
1388.6783988957902,0.05241627274302878
1397.0847989949748,0.05512312430264312
1405.2743233357717,0.054053879143681226
1418.9417214584578,0.04993295745574777
1438.1151515151514,0.04761038214686746
1457.0654689403166,0.050300985051755384
1475.186292834891,0.04626051196635095
1493.9016152716592,0.04778182535099338
1513.156712004731,0.050409953330096055
1531.8862602365787,0.04968870644271771
1550.4421085660497,0.04911902652903933
1569.4373227453204,0.04705305467963987
1588.6589735803218,0.04619876367640272
1607.645652823424,0.04508271798072357
1627.4621072088726,0.04238599864377272
1647.4734214390603,0.03875326347978821
1667.6451809060504,0.04037845996181025
1687.4178571428572,0.03939375276556311
1707.5438021454113,0.039006956716878226
1728.1071214841413,0.038520290020406016
1749.1474908200735,0.03941400159579073
1770.7003012048192,0.037780199970721004
1792.4403053435115,0.03731217684677156
1815.4226623944073,0.03689522571110877
1838.7406278573606,0.04053636024098139
1860.9513130717025,0.03750718722834032
1883.7821663674447,0.03749844871711582
1906.3455815365928,0.03910915128523675
1928.6422764227643,0.039039414349694886
1951.1999404052444,0.03585580575355933
1973.671964017991,0.036571857841651956
1995.096685082873,0.03705706427310635
2016.2506738544475,0.0383653153123801
2038.3161961367014,0.03755972618048627
2060.456281706953,0.037980621160082065
2083.0825743776563,0.035452761344379725
2106.00466562986,0.03852434380385086
2129.180817154448,0.03879497146411831
2153.3971031985516,0.03630271209538932
2177.1779635712155,0.03820805675613424
2201.2877544819203,0.03786047063894878
2225.4418882581417,0.039414167055910054
2249.070673512534,0.040206146558185225
2272.632793764988,0.039706655054976475
2296.5574112734867,0.03716039295412511
2319.9785780813413,0.035277339925243095
2343.573590504451,0.03503327232371627
2367.2999697611126,0.03683139205941803
2391.960967084183,0.0358765845447825
2416.6147393648894,0.038975309234185684
2440.7657299938915,0.037290680048170675
2464.505392450569,0.03833140701974997
2488.9781502544147,0.037732292143493766
2513.457926829268,0.043950740001159096
2537.8125369603786,0.04134973716416807
2563.4177631578946,0.04709937935112332
2588.3410780669146,0.04266917778328012
2612.9833138173303,0.042339801682289055
2637.5353383458646,0.04062575865043025
2661.550794126461,0.04309796758152436
2685.388803445094,0.04330925659922636
2710.3531510107014,0.04161497617265511
2735.975417298938,0.04158712536568037
2761.2457142857143,0.043951241621826426
2787.9327878433664,0.039647126198700804
2813.549736597459,0.03873601394506786
2837.8855869242198,0.03741640526898425
2863.1775394697647,0.036202751863292346
2887.992709599028,0.03585288500328787
2912.9663738261133,0.03364023756125192
2938.9540332147094,0.035383374154560554
2965.500299580587,0.03692102053277615
2991.3770343580472,0.035546078357343136
3017.949501058361,0.036363795936537276
3044.9567407407408,0.036578145199689646
3072.0140329469186,0.037069717468641024
3099.435228604924,0.03830819881777347
3126.819222657427,0.03547931463561401
3153.6389470535446,0.03548336214019584
3179.4317773788152,0.03389478456810141
3205.393801276208,0.03271015504974917
3231.9244879241824,0.03344672347833234
3259.3759598346132,0.035105269915059724
3286.5195324515535,0.033240721179472285
3314.1177159590043,0.034712102958840946
3343.1306427503737,0.03700770035018584
3372.045921450151,0.03661029302995661
3400.483453670277,0.03674306776595976
3428.514512679499,0.03814404364111307
3457.4157600705676,0.035223199633193404
3486.4234567901235,0.034909362591038884
3515.317754262199,0.03271847342275799
3544.5188679245284,0.031106688097118414
3573.0214989549117,0.030379781161230877
3601.123188405797,0.029931191744508985
3627.873150105708,0.03121238523344172
3654.8769001490314,0.031624500994809235
3682.708853238265,0.03344838325962138
3709.496748219263,0.03544695767486598
3736.512195121951,0.03573420107486275
3764.9208211143696,0.0338810960250816
3793.6034589252627,0.032559072934008906
3823.86403114705,0.03433407532604703
3855.296285289747,0.03510391915440813
3886.710424710425,0.035635628875381326
3918.3689262147573,0.03316494644486521
3950.2475845410627,0.03125610825473058
3982.3606214520464,0.03010945133626445
4015.024404941247,0.03243381731575471
4048.384872417983,0.030953284890944583
4080.574035297637,0.03076972310876176
4112.357508275654,0.029751129398509022
4144.513309134906,0.029979615342793593
4176.492220227408,0.026571172879544167
4208.679845422116,0.027763971474300316
4240.317354368932,0.026346395608435477
4272.988932096919,0.02624378766283246
4306.065900846433,0.027879267965858948
4338.555128584097,0.0282977357665337
4370.632640586797,0.028961222654634407
4401.935221452245,0.02918623604064927
4433.178937839469,0.027502463661104613
4464.896551724138,0.026182998466351463
4497.512347515621,0.02905375145442037
4529.325363196126,0.028120318002387283
4561.874703087886,0.028771783680912235
4595.007314843036,0.028105404917311786
4628.060661207158,0.030824138393978216
4660.9727245775275,0.03133352063675172
4694.463254983636,0.03173866334877184
4727.762572386468,0.03191451227745681
4761.017450458444,0.028401807277932196
4792.850925925926,0.029328058899781354
4824.37698179683,0.02952719293625299
4855.983379501385,0.02838682911232234
4886.868808962264,0.02713663481715536
4916.939061547837,0.02687596289273292
4947.1522065445815,0.026215883418689384
4978.028872180451,0.027280488262773763
5008.815421256326,0.02801675146965005
5040.509303721488,0.02626306864206075
5072.465307364577,0.026169199137413342
5105.168054729328,0.027979123695380064
5137.9700563296765,0.027746563276998953
5172.219733656174,0.02758873191598067
5205.437649164678,0.027559252178596907
5238.964547677261,0.027353484878437792
5272.625,0.026544359758104614
5307.133054892602,0.0279840593650031
5341.7443384982125,0.028977621344462346
5375.1605206073755,0.029503451400544136
5409.479775612636,0.02959329684345045
5443.013406459476,0.0315390259184056
5476.39964423362,0.030785122360275054
5509.417733089579,0.03183196926209397
5541.188612099644,0.030901032699933596
5573.826893824155,0.02919746826774391
5607.024984948826,0.02737488521241671
5641.206572769953,0.02767138691991825
5676.441085749538,0.025667286130468397
5712.414627039627,0.028641015339150533
5750.14692517419,0.02922872188517806
5787.5806548513065,0.029793286113192426
5825.262797619048,0.033541266902236314
5864.399148159416,0.03618974675165228
5904.071145038168,0.036343988824973084
5942.915767386091,0.03497500767470281
5982.511229314421,0.03317711083141861
6021.1498778998775,0.03219940507153185
6060.187555555555,0.030801488718595355
6098.677817962628,0.030129331899135966
6136.668252080856,0.03210843296097993
6174.60060331825,0.033261439004457806
6211.955076370171,0.0298160886901074
6249.027330701488,0.02731100815862624
6286.538577003903,0.02638928540007891
6324.779620853081,0.025380015462613387
6364.669471153846,0.023351508936396887
6404.312862816987,0.023726208767862814
6445.917820590006,0.024003891713112506
6488.456333830104,0.024275541200632585
6530.03466826061,0.02430504205386204
6569.973022685469,0.024692545422853377
6608.888048411498,0.025542660704378793
6648.654667837284,0.026333076879523302
6691.253436939629,0.0247929692258005
6732.644376899696,0.0257074723466978
6773.136228435455,0.026604653662552626
6816.0147991543345,0.02590791155148563
6858.228937728938,0.027153104508564865
6901.066666666667,0.029355880806911556
6946.134586238254,0.02998794343871508
6992.018474374255,0.027364558744609625
7037.895387398252,0.026146937958237398
7083.523479831427,0.02500903319990453
7129.940137683328,0.023425045909976804
7177.2977238239755,0.026329967654555402
7223.096940321115,0.024665991483523608
7268.936838924146,0.02725132631474544
7315.296317942723,0.026803136452966905
7361.80687093779,0.02524854853368142
7407.278232884728,0.02377995626405263
7453.778630641695,0.025959838522991024
7502.955175464464,0.026006619141111624
7552.683073229292,0.026036401300392163
7604.015389257695,0.024151865024180603
7657.171488219505,0.024099373540738222
7709.965039180229,0.025263723043352903
7761.646826601883,0.02605990436526893
7812.8050746268655,0.027686094838864226
7863.711415525114,0.0262871696329513
7913.5320608410375,0.027998112026275876
7962.866686819831,0.028205599431962824
8012.885663507109,0.03083937361681836
8063.579011592435,0.02742419499964798
8115.476882039123,0.02408397334014725
8167.464585834334,0.024089399809478947
8216.842809364549,0.02581727457486756
8266.26592548077,0.026292108909812893
8316.970211498361,0.026215647853755162
8368.70733173077,0.02703063906101871
8419.622430471583,0.025829057163234272
8469.036749327755,0.02357193708621353
8517.72884386174,0.024704630711764975
8564.01652147792,0.022790360221634325
8609.623411978222,0.02441259521428809
8655.890919988013,0.02487971265635668
8704.192203082503,0.024861949154305167
8751.99009009009,0.023650388599971345
8801.824571943527,0.025503682191713752
8851.956040669857,0.02874842704182583
8903.393492015668,0.029614385721531827
8956.394547633314,0.02889556219830636
9008.090744648778,0.028244041487353065
9056.768910065515,0.02915872976023788
9106.169640157243,0.03033110271797778
9154.944024205748,0.030872108112150805
9202.16562962963,0.028829784526912344
9250.671020656137,0.026575286172273886
9302.19767094655,0.025630143675636943
9357.383841463414,0.024627567798843217
9412.580483490567,0.024114066117154703
9464.21205695244,0.02345382656663763
9514.302812687014,0.023483514957934874
9565.606680710202,0.02588922047419744
9614.483463619965,0.023809251369852055
9662.887421194837,0.02418205985736807
9713.266706443914,0.026811692118509683
9765.286961758506,0.024130285978745274
9816.370850935426,0.025676215116740113
9867.725748502993,0.026719029855121753
9919.57643884892,0.02611019279041651
9972.357424840571,0.029281726602962535
10028.390096618357,0.024613684572848946
10084.638426626323,0.026749396315678818
10137.849023090586,0.027686219490427533
10191.584317287314,0.028864427716380297
10243.569908365356,0.030109309406117463
10292.124659606656,0.03034350683433885
10340.812146472164,0.028688726582252192
10388.64165904239,0.023824097882134253
10435.797209026128,0.02329372994100543
10485.085731414869,0.0243211003428847
10532.82439759036,0.024310843690780525
10579.090551181102,0.024745438036935664
10622.951308581862,0.0282690843836724
10666.985263778368,0.02607282205265468
10711.73629081947,0.023166111401603944
10756.883253301321,0.02158295273143927
10801.744693396226,0.023535829790294123
10845.821579264617,0.024119274639287997
10890.071536371868,0.025405658506037657
10937.376755303256,0.025041868636462482
10987.372496263079,0.02632845906822521
11036.635820895523,0.027353901808690392
11085.37208588957,0.026833687493419932
11134.660528660528,0.028243215101243526
11183.618051404663,0.027719986279954072
11235.536870503596,0.026545818529547037
11292.023752254961,0.025445731566251593
11348.734093637455,0.025230583586448214
11406.09220503488,0.024040839385822126
11467.087218045113,0.022608343322229562
11529.04013177598,0.021817208949801395
11589.679638009049,0.022188541203034953
11649.724784290389,0.022760332153403583
11707.540738480317,0.023520520745419667
11763.618004145692,0.020890327338987442
11818.62702043306,0.02153000398053116
11871.681532475306,0.022328195234749666
11925.733854010214,0.024312722608665002
11980.933293803735,0.02407349078862431
12036.261250377529,0.021866957137642792
12090.786506746626,0.02358783605061679
12145.356325301205,0.023888162146656174
12202.595532749774,0.026881489221441096
12261.008711324723,0.025885892651558027
12320.163167366527,0.02559158234944677
12381.20924647253,0.023405655283943325
12445.651862891207,0.023222386319554016
12510.725719424461,0.026594511632611097
12572.261200853398,0.025037987006385754
12631.14243146603,0.027205200502108725
12691.80252859723,0.026501746649035617
12755.316581402347,0.02985271249213752
12820.022122571001,0.02611890188405664
12882.91764001198,0.023336752468770913
12943.620162016201,0.024677948327525002
13010.656343956705,0.026275872557398296
13082.059342665854,0.026396255059458657
13158.05098980204,0.025069836945707535
13230.563468414779,0.027503235646511724
13299.176913803496,0.028088450649153437
13366.789172932331,0.027951404306685943
13432.101771239868,0.029032467973392317
13499.065593321408,0.02740230488828123
13565.533394049788,0.03221052277626906
13631.51302785265,0.03179479316635483
13691.744990892532,0.03152104109725359
13752.244047619048,0.033903304136901964
13816.309595654799,0.028295030518572267
13878.85045045045,0.024050253723390026
13935.11803874092,0.024195340722071603
13986.695238095239,0.024592794701899588
14036.057246158482,0.026795006215509915
14084.542814371258,0.027221172916661915
14133.597796963382,0.02965028683666882
14183.474772036474,0.027076038644578623
14235.733733133433,0.029582734813402057
14289.14011976048,0.02584657744687611
14340.840514661879,0.025253153294832742
14393.714850882532,0.02554510382199622
14447.96797153025,0.02281892039146704
14501.008849557522,0.024783711307966774
14549.517520215633,0.023433710656394473
14597.707868555925,0.023882172821284395
14648.158720758069,0.026627044735252767
14699.524360535932,0.023696021237093485
14750.641559988091,0.024093927548064862
14801.815677966102,0.02606071980382074
14852.937388193202,0.026162597162096617
14906.678733031675,0.02535931147399025
14964.168599464763,0.027693966306814994
15023.385318306428,0.027973291386841855
15087.680781758958,0.029456378749526013
15151.056444310292,0.028900283219459314
15213.327332733274,0.026363439997543356
15273.896811071,0.026269688462560194
15333.064129457596,0.024991338404112648
15391.600121175401,0.02652289957305552
15449.211831490888,0.025252363891270953
15507.580191502095,0.026087422001272263
15562.559459459459,0.02781187752609574
15616.587340231285,0.02605859202463965
15667.736394040741,0.027203475351913843
15720.82476359338,0.028443258801953402
15776.432383808096,0.03198252114264695
15831.786340284074,0.03145401265952949
15889.417763157895,0.032334132903300596
15946.559502125076,0.028473837441195558
16003.54389595034,0.027564820668190805
16060.863075534156,0.030370362235339184
16119.406825732407,0.029604956664914986
16184.4815702727,0.032246313437792974
16251.61906193626,0.03190022450312547
16315.42805538832,0.03245074700835138
16377.504790419162,0.03138129536491803
16440.003886397608,0.031108618980025444
16500.337614678898,0.031969926476686436
16561.493313521547,0.030102788202752574
16623.95843373494,0.03199604806360558
16686.331028262175,0.026835834889409122
16752.407463592233,0.026238302938726487
16816.411887694147,0.026905865343686306
16881.386006522385,0.024096375127852454
16946.360784313725,0.02457035314136983
17011.71186952582,0.022688410531545637
17078.059750297267,0.022737352806192147
17144.315645013725,0.020928301197329843
17206.769874476988,0.0211471378981336
17267.472972972973,0.023650918609284144
17327.97619047619,0.023837240045971514
17386.039636913767,0.024123669166422907
17443.2068243041,0.024621164578263192
17502.063233965673,0.025559831123306606
17560.22437254309,0.026388450441419596
17621.03001485884,0.02608436083320299
17680.152752571084,0.021847610544757215
17741.09713090257,0.022846833234774832
17799.905569007264,0.022658490828443525
17860.43495203837,0.023944328606432457
17925.358835883588,0.027621690445092262
17993.250225292883,0.025639203055540915
18062.972213922916,0.026436571388644272
18136.16621335751,0.026191258523680417
18212.840718562875,0.024571653847506807
18290.107088989444,0.025925338370382547
18365.60723900688,0.024170971450091238
18436.90156062425,0.02646362111718349
18506.187745246,0.023617120605277164
18572.625713427457,0.023797769745459392
18637.83101571947,0.021981589855003376
18700.21544471154,0.02013973764568642
18759.87136431784,0.02155052826378174
18817.414626865673,0.019861733031620223
18873.754391278013,0.021510930681716695
18929.182285368803,0.021759091256596606
18984.96903568269,0.024116927464551973
19043.982284667072,0.022522755256736145
19100.804084048534,0.02381414963542134
19158.581158115812,0.02474998799751838
19215.990950226245,0.02654032061107653
19275.246812386158,0.026460815184091616
19336.65802800119,0.027870604546520152
19396.95270876983,0.029180774577307108
19454.444814030845,0.028006026149742798
19512.775712143928,0.02891935245663301
19571.501641301104,0.030475472720607782
19632.838173018754,0.02874927950157921
19695.083980872685,0.030856513817570333
19761.78543484803,0.03159619888873767
19828.16021765417,0.03115349080212275
19889.527992852887,0.02716104419466544
19950.980746089048,0.028135582859342707
20009.898218061007,0.026222507176937804
20071.4404582454,0.027270793704440327
20137.28250449371,0.02753000092314435
20207.239402985073,0.025043002438446035
20277.99123602297,0.02551391448535601
20351.809265944645,0.026631689432290537
20430.416817906837,0.024590479880278984
20503.779838468443,0.02502198315786942
20577.70312035661,0.027736710209600866
20651.226437819932,0.027948420185738402
20719.76716056849,0.026556583089802226
20789.2279653421,0.028767194412399628
20865.62806911185,0.025059449750585914
20943.68013165769,0.02450291505484783
21017.245803357313,0.025002736233705535
21094.30152557583,0.02382577319536787
21176.089264173705,0.024386081335540485
21257.347062386434,0.027926863157222332
21345.548128342245,0.026410861200187128
21427.95215167018,0.021298054296086024
21507.405919661735,0.024457749399268564
21584.492822966506,0.026733621836775755
21663.6737545565,0.02190371571524886
21745.12443912653,0.02273073690891099
21827.57621040048,0.026855136401071244
21906.980263157893,0.02759800679415628
21979.527693244065,0.025955044790527366
22048.863046757164,0.024084512799823696
22113.439952788434,0.029596170280173514
22176.263413155502,0.028773924520301173
22239.73461422996,0.025309299437018654
22306.08243080626,0.02277792456246289
22379.383228133454,0.02370264295909546
22454.916191048364,0.02436405990137883
22529.377369846523,0.024223639405029654
22600.774241522904,0.02380896827416812
22675.325981873113,0.023687108814744232
22753.446310737854,0.023646080091017544
22832.81662665066,0.023268056702442745
22908.752927048936,0.023093920518699764
22984.80367359229,0.023246459105966955
23061.178016726404,0.024880092644489527
23137.202608431908,0.02034480125020897
23212.81818181818,0.022611672305544638
23290.81021021021,0.022062776254743014
23371.313984962406,0.024887658540480643
23458.128135388335,0.021552769822704338
23539.754401671144,0.023724990796197085
23618.763767679808,0.025338395179572072
23693.383668567996,0.022425071000519582
23766.566836887956,0.026756241661790626
23842.965496549656,0.023315672764871617
23919.0355515041,0.02776574833452551
23990.8846269104,0.025835185036862083
24063.25,0.023065733308273037
24134.29324203632,0.025008390986276403
24202.19826034793,0.02639761923437543
24269.180467091293,0.026886209400008316
24335.244444444445,0.028091575523870926
24400.57589285714,0.027857159376383205
24462.55633161251,0.027633119629220777
24527.4404582454,0.02698502609713925
24593.623403623402,0.02899811858690787
24664.285198555957,0.02619405764498747
24738.56240556059,0.029305633281478772
24817.289285714287,0.030249312530622147
24903.577904533173,0.03269577209686504
24985.677105503193,0.029852808616048738
25062.149101796407,0.0282651963682643
25136.86288628863,0.029050487528941484
25207.397550776583,0.029397268484464507
25278.385632702135,0.029156109743496115
25355.418499548057,0.026137455390215378
25429.623079240737,0.025195661565243756
25502.160832830417,0.02588089507641896
25575.62466407883,0.029469541670948153
25649.743336328243,0.025158697937919482
25718.567258501353,0.025640462768348634
