D,r2
91.40321662396812,0.7023237305596856
124.48304976333633,0.6828989449022498
160.57560590094837,0.6682083211007257
196.63179237631792,0.6594614153784192
234.16712293051754,0.6486426043267242
272.93313720246056,0.6424624882419459
312.3339827442249,0.6330273644710859
352.8164980953632,0.6131720374668339
396.1016861219196,0.6068067553286105
439.429799029799,0.5939895124923885
483.2884314747264,0.5730869688170304
528.278913394298,0.5762647858422834
574.4022390002604,0.5643461391740643
620.9749792645839,0.5465764750668743
668.9657340862423,0.5429502701721362
718.983256193847,0.5355883237456467
768.5309208749662,0.5285771510162474
820.6320093457944,0.5262680446857847
873.9386185867692,0.5069382963709372
928.7771986099973,0.49972653571163617
983.6329930145083,0.4997102899966615
1040.8220720720722,0.49622369878271044
1098.821265141319,0.4839481156211271
1156.6685601056804,0.4722434424631983
1214.352378310914,0.4656283600738886
1272.0229134842382,0.45328405839617436
1330.8418726695209,0.4571708691933199
1391.0353021978021,0.4433089972878537
1450.7042720862712,0.43923670535958936
1510.430576789437,0.4358413906637219
1571.144586696354,0.42793740699313587
1632.8108478290644,0.41719743852181884
1695.8247839420128,0.41532232771132377
1759.767229449211,0.4146851263039349
1825.441629955947,0.40745996936684875
1891.0907187718074,0.4104041548961832
1959.3855554029933,0.41190366413101936
2028.276595744681,0.3954136915967306
2098.7281740567337,0.39493100282161453
2171.3525899180668,0.3819698800509216
2244.533185840708,0.37650427076482784
2319.190713101161,0.3668869951065192
2396.4152135109157,0.3652663657958639
2473.70968641115,0.35353657265349536
2551.071978021978,0.34835812291309
2629.667365185806,0.33623502134676675
2708.5971173644475,0.33245853716590995
2788.0416202672604,0.33053887717121533
2869.0217630853995,0.3229505798506274
2952.160838190397,0.3174347382343853
3035.2629316322286,0.32391612912028994
3119.050625945797,0.30579726944880165
3202.983008356546,0.3094550008508384
3288.9473611874655,0.2991721489614793
3376.793399889074,0.2976858192252105
3466.192744392135,0.30535462290132076
3555.695236776516,0.29796121365950856
3645.19118858084,0.2925288935928348
3733.4104675505932,0.274591569603638
3822.74067937034,0.27688154077966687
3915.672525058355,0.2743952295271945
4008.513732050746,0.26907924217352674
4102.182447397564,0.2688713810845459
4199.105089408528,0.25971235948769694
4298.815745856354,0.2461265223879395
4396.545036252091,0.2401510280349228
4494.8378378378375,0.24142119310381968
4598.057055809445,0.22358950090157972
4700.227967750903,0.22085495750586065
4801.129663014838,0.21224629750856303
4904.470970417473,0.21200546333114145
5008.56464744032,0.2011705533164481
5111.834881464023,0.19555800520085787
5215.404402602797,0.18244894976788162
5319.921954576737,0.1712998912242243
5425.181351463854,0.1678112363497225
5530.975038136181,0.1627134894627688
5638.897587870434,0.15563762519324464
5746.4342849262175,0.16749888948871922
5856.566445182724,0.16768990524404442
5965.149951717478,0.16404497131727896
6075.905786041349,0.16250471790351845
6187.836197339246,0.16436332719713306
6298.897099447514,0.17247031722572428
6411.1330478032605,0.17018892073811015
6522.316117418997,0.17996493896218602
6634.798779642213,0.17659324341500887
6748.10181969718,0.17690547038744026
6860.936632302405,0.1801961961098469
6971.720138888889,0.1818492581943315
7083.992373821408,0.18127178876053218
7197.829945054945,0.18901055552352908
7311.111741899751,0.19355968641588187
7421.820484274979,0.1958352913496024
7532.407972508591,0.1942727999885358
7642.2686318131255,0.20353147315190523
7753.192895497728,0.20438239652161944
7863.883089770355,0.20433141825275516
7975.181730769231,0.21173363000744846
8088.243123089747,0.2130986382308943
8196.996821008985,0.21353506705663308
8306.636990077177,0.21020850437185085
8418.177817878955,0.20953431461147065
8527.821280706597,0.21776991863829565
8636.916712707181,0.21955758350920176
8743.525993031359,0.21942781874514655
8850.601929703653,0.2193901400788799
8959.416161059018,0.21717637806962625
9069.493499308437,0.22118143304819377
9179.618055555555,0.2271364651434975
9288.03400138217,0.21592986595801714
9395.036924353479,0.21526327346088162
9503.29394652999,0.20582366573054559
9612.834345665378,0.21332834162402603
9723.861891515995,0.21654592495831645
9833.699473975637,0.20629855609113532
9945.286361763494,0.2087309328632523
10060.697468529534,0.21122116850671852
10174.283821478382,0.21862486929423663
10289.725592939878,0.20768421363185255
10406.701428373319,0.21269708370355908
10522.805853256388,0.20977084324026654
10636.51019276106,0.20848938107711112
10748.75,0.2097517929836125
10861.632537601767,0.20873293649377037
10975.353709363711,0.20478320731487837
11091.502127659574,0.21541010598518434
11205.096612992782,0.21183007481480806
11316.90756302521,0.21039046423631913
11429.1015073987,0.2163886562349342
11539.225895697884,0.21629991925185826
11651.486812881732,0.2116792742235962
11766.560562215791,0.20948688350570724
11881.480322625504,0.21180153312232777
11994.481175010344,0.20695268479665868
12107.361737677527,0.1996108102830504
12219.309405940594,0.19994801820006378
12332.374496457842,0.19750655916581408
12446.908814589666,0.19005735495087037
12562.194046306506,0.19276994657457142
12679.909645232816,0.19024719119331343
12796.957723127936,0.17583178610760716
12916.813573407202,0.16434506932819712
13035.284762697753,0.1639655827238993
13154.732113373693,0.15898514115896137
13278.870811409583,0.1629514299756404
13404.004728132388,0.15808306596086466
13527.820321151716,0.15739976363875752
13655.545166183974,0.1493849360075446
13786.033693843594,0.14775900380846185
13919.017568128373,0.14506873926699979
14051.909731821952,0.14702629280890164
14182.817466887418,0.1466889582049177
14317.12896523064,0.14393542772861398
14449.702856350526,0.14762355759561274
14581.98618021006,0.14739249652994516
14713.50393157677,0.14398838920550203
14842.571468105714,0.13891677975049227
14967.73546148508,0.1410492414971533
15096.615618942122,0.1442831053204756
15224.610316368638,0.14555921655977896
15351.715652294468,0.14370264047798398
15479.836805076562,0.14150426347182674
15608.308333333332,0.142712548400703
15738.366845952283,0.14380327893739844
15869.674218207088,0.14318983874005814
16000.216900633086,0.1430305368620003
16130.152204047685,0.14040378410367096
16262.914455500277,0.14180008397851745
16398.69466814774,0.13941210784917288
16532.833195249932,0.13810063837695866
16664.73415104741,0.1398445143327073
16796.829781345143,0.13953359750195968
16924.60459290188,0.14168165104722083
17052.59102244389,0.14067086288951128
17178.9561197737,0.13577094233619327
17307.566961815162,0.1295657199479644
17436.83142817794,0.12612716493201642
17562.644771559506,0.1317102952712893
17690.84942084942,0.12911804735757548
17822.047533009034,0.1279164739976357
17953.8225340487,0.12931890581700875
18083.876869806096,0.12725558169839835
18211.876039933446,0.13142464951188898
18340.55990592142,0.12954423156982833
18470.64778834229,0.13232026382511008
18597.950431634643,0.13212795318077625
18728.49626142343,0.12857746115484076
18861.21997523731,0.1320985150012586
18994.024444444443,0.12823509393877192
19130.44473503097,0.1332932024822633
19270.609032973123,0.13704265433036086
19411.588552467856,0.13356522195060402
19553.44449058693,0.1337284081777111
19694.16286149163,0.1318403200537386
19834.66708212159,0.13061762117652578
19974.05282861897,0.13655855496678979
20117.395948180816,0.1340827990594162
20265.3535381621,0.1367077555366804
20412.71167331225,0.1430007653548026
20561.51530258967,0.13835677353915246
20707.50236636971,0.14004584204022108
20854.664141066263,0.1420908656943164
21001.77786998617,0.13810640501984234
21146.713753106877,0.13828501920794678
21291.020621429565,0.13629335810714127
21436.78129298487,0.14166855538607226
21585.206891779686,0.13651684063175074
21732.404249448122,0.1330769429745945
21880.484705882354,0.13257726189776284
22030.562005277046,0.13029147758116885
22183.702441716097,0.1290655684630905
22336.646651909243,0.12999476995374276
22485.874031007752,0.1350338403713347
22635.41825518297,0.137040167923831
22785.163259706405,0.1425017319489303
22934.230672969967,0.1514901757797652
23083.136207134005,0.16094400307933926
23231.730950401772,0.15400528196649532
23379.849326482432,0.1567273138214209
23528.035373773662,0.16038626027989736
23672.922074320577,0.1545532978635633
23816.77585258526,0.15761324807324778
23959.733028539762,0.1559316365417069
24101.18822058619,0.15098354483819365
24240.277377321872,0.15260819407430154
24378.972553863045,0.14677120013864614
24520.884626077288,0.14747609414189836
24664.496473516803,0.14898487047965253
24806.471188309897,0.14104891167824685
24952.500830105146,0.1369039749382927
25102.294182979313,0.1336628311932538
25248.89725837718,0.1269000348567973
25397.342018196858,0.1292632419967963
25549.438707896188,0.12787869173180852
25700.647669110527,0.12758560135184094
25854.296270622486,0.12754213560805114
26009.03301560989,0.12411978314701731
26158.088504155126,0.12441897982924163
26307.099514899513,0.12412334406792992
26459.184272462964,0.1208795269924928
26613.800387328814,0.11857548204656661
26767.58758468132,0.12393017561738665
26925.225587828492,0.12489173171331086
27083.27546071775,0.12317561723855472
27239.44546956761,0.12409059481721565
27393.609444444446,0.12852178536540804
27541.5816397069,0.1282133684780221
27692.583033490173,0.12624973941218298
27843.414068965518,0.12644014049693245
27992.343182133445,0.1314313858734591
28140.854776366647,0.13209792025073777
28285.285813436978,0.1295138321382249
28428.193173967113,0.12745786867463169
28569.649979198446,0.12811336484227623
28712.68257461147,0.12208812724905507
28858.76353039134,0.12450128705774752
29003.30410654828,0.1279182212400983
29146.128765992573,0.12786699090175407
29289.48123008727,0.12652616998953142
29432.80094261159,0.12585155962126823
29575.40676556218,0.1252379167491767
29716.10292091485,0.12427895358755905
29858.234036646307,0.12415273810573388
30002.088870546155,0.125431663131536
30150.039245597003,0.12666121477784253
30300.61639844617,0.12814801410975518
30445.191862068965,0.13147529339252256
30588.40302861906,0.12863695219844315
30733.537900674095,0.1310731201059258
30879.33135112709,0.1308053950501319
31027.688984581193,0.13445455230822126
31176.42489982037,0.12636147815959467
31418.368036928452,0.12967762590220402
31744.619843993758,0.12427876848448864
32068.703973592426,0.12671489514636466
32393.953221480697,0.12344337761379184
32716.72351065825,0.12073426570231353
33034.85442092155,0.11808946359495325
33352.47255906989,0.11784872941531492
33669.498755444925,0.11896061841728403
33982.40842342061,0.11586010776379244
34293.85589791472,0.11467389569620703
34614.1570625,0.11703307778302798
34935.10407972594,0.12259642871112852
35247.6100330692,0.12408131502394071
35552.537970724385,0.13005691778208445
35853.580976703626,0.13212982800645473
36157.016444499815,0.1300309432658835
36459.93795984537,0.12683571165399204
36760.470907728806,0.1279558873513826
37061.21908501621,0.1271366907902084
37365.05682739692,0.12496419919111194
37669.17176573427,0.12496934385544463
37982.85750874563,0.12574314167529652
38304.43623450252,0.1266613394783974
38624.68702814001,0.12438847898490606
38957.95655967591,0.12387533087684212
39296.97797054418,0.1293422198719505
39635.016501031314,0.12450973247879672
39972.14917573873,0.1164371794621326
40303.399301440775,0.11432926518380729
40638.13938260056,0.11118919987677542
40966.59262269459,0.11115419942394321
41289.37658937921,0.10697202230522745
41621.84554826617,0.10493272937677717
41966.964705882354,0.10662708094581097
42307.19820213496,0.10498886188157551
42641.771628022936,0.1050686527494542
42985.717548676985,0.10808435944947199
43336.77811777931,0.11266418913227286
43687.81117834196,0.11716267406146764
44030.781324024436,0.11699128865206107
44382.52855270549,0.11732303303527407
44740.66683263833,0.11838568047158693
45094.127745881175,0.11612049020872046
45440.81393028621,0.11614085635001092
45782.00960399127,0.12015476819223785
46118.564302659506,0.11752988539582564
46454.745461351304,0.11573243310685234
46792.78869809554,0.11393772309371138
47125.79748412006,0.1144401448400267
47455.21482545432,0.11277922276348407
47787.75699769341,0.11328895303971605
48120.90392549069,0.10850966258202477
48449.818125272126,0.11238677585015625
48774.10874734076,0.11530932650175585
49089.70932187558,0.1167459259767481
49409.24261314051,0.11937635715114946
49734.84747033104,0.11988010900566262
50067.230812359834,0.11789915538908324
50398.372015998,0.11844324150258029
50717.94269144425,0.12249088937604158
51038.697297970364,0.12295447263481989
51360.76041471488,0.11637740913207595
51678.780398028575,0.1159011545142666
51998.70336658354,0.11743568770727021
52319.91750778816,0.11645583393872523
52634.73030966531,0.12120848203765336
52940.06460463956,0.12072336908627111
53249.37629315718,0.12328342609127758
53561.91627704009,0.12201821866116161
53882.73953140578,0.11412156700626874
54212.79328666083,0.11502629643201574
54542.23327102804,0.11370140429765274
54869.32525303011,0.10954728576695257
55191.13110155227,0.11122153585784678
55507.044458281445,0.10944220926601668
55828.7065808387,0.10821298222934679
56146.064162461844,0.10607506778315304
56457.97060842434,0.11019366551382236
56776.16188396756,0.11478303489130255
57090.27555472451,0.11532049572246508
57403.42204468855,0.10942109674329373
57714.31769336499,0.11201549399218817
58025.14345360504,0.1133916923534068
58344.14582161385,0.11089741361851431
58671.09791731427,0.11272257369133924
58995.08171036205,0.11192591099356847
59312.52827827828,0.10963668451323853
59639.83500404707,0.10689118256482785
59964.05956915392,0.1073953736330508
60280.68131457737,0.10882114162159359
60601.19442534842,0.10935893550887774
60929.95516338239,0.10807644642169423
61262.59404828748,0.109078457684172
61592.88019666418,0.11235892642981145
61914.43825771778,0.11441651133830379
62229.49328418817,0.11700287189869629
62549.349567705416,0.11536896327511748
62873.694014962595,0.11803686070039783
63192.651874569696,0.11694589479536555
63510.95220588235,0.11625797563682386
63826.439706157005,0.11536925613656021
64145.63864233029,0.11123453190892706
64465.96741776419,0.11308260443251879
64785.490053009045,0.11624236396444276
65096.89948373453,0.1198337058939058
65399.53356207112,0.11815806038767644
65701.93093111846,0.11770731232343243
66005.81211780856,0.11603335739298706
66317.61805468847,0.11579673450144073
66632.03253755532,0.11485002055760418
66946.37269326684,0.1136002978966552
67258.70889235569,0.11199534341855417
67572.8233016983,0.11219030660577471
67880.4903109228,0.11311553953443364
68197.82105459984,0.10968263632810202
68518.83598875352,0.11123467662925621
68850.75531981279,0.11362653071497536
69185.439141257,0.11135325815458064
69522.40885254089,0.11053224955135617
69871.51715105401,0.1084249823062999
70223.04821306057,0.11044959755208812
70579.24163127654,0.11203004532647859
70944.28032143525,0.11200087430739548
71309.88023952096,0.11318881610121095
71660.41408204102,0.11359284879102823
72004.39365276914,0.11500111143886094
72350.90707826629,0.1155268359784995
72684.57216848675,0.11413608066757196
73013.85062059503,0.11876871411651108
73342.725539231,0.11562035608514747
73659.91982570806,0.11896449836367111
73971.94248782315,0.12081816492960486
74280.1935805547,0.11993386832431299
74581.0539967577,0.12425576070324547
74884.17471120824,0.12513268309282852
75178.38899987514,0.12673414840489328
75471.51622768692,0.12386176638889704
75765.89398655378,0.12188503168864724
76064.19028011728,0.1167605050125017
76368.40765442872,0.12016377441348332
76678.59517409514,0.11678240180152182
76994.19274630772,0.11556759160844998
77311.67427178397,0.11568377725643883
77630.35327033076,0.11678089652715269
77946.80466745918,0.11821745728578352
78260.9929555514,0.1245339307747371
78588.60159561207,0.1250549217403182
78919.63980540136,0.12260807500670315
79254.26510757717,0.11778418100274103
79587.5629023186,0.11687068769492871
79926.63950878943,0.11538452249490562
80268.83208862336,0.11302538246100706
80600.23204144042,0.11731384628148188
80922.41534325371,0.11855427100710536
81240.26366639655,0.11529970253510392
81561.05160607569,0.11928912315365352
81883.88713205425,0.12248688683424049
82207.93204792212,0.121991773555602
82530.01844121862,0.12103253859676916
82844.73591724825,0.11679717894932466
83163.47165093455,0.11843889978190614
83479.04662469613,0.11804872096108307
83794.3389841072,0.11717316828449001
84109.30024953213,0.11777964596621815
84431.57304282681,0.1196711208459874
84760.05461687138,0.11611214127234261
85095.25806049268,0.11348428879892943
85431.81793766786,0.11258950625304721
85775.63409913846,0.10750013234623093
86127.61847589424,0.11368110469949419
86479.28837383645,0.11421982578474575
86828.46989904025,0.11358188057116418
87184.1809624735,0.11785628765431541
87537.57887174361,0.11912281647649192
87892.01502587443,0.1182726164118294
88249.28371541009,0.12604687975890586
88602.26954245106,0.12490147464973116
88954.87748736823,0.11632377306023485
89311.1996634885,0.1143723242272367
89665.31792629606,0.11628537668406301
90031.13959865387,0.1211337241681584
90397.87405604444,0.12380879328469815
90763.89250327164,0.12041510508396538
91133.48813834436,0.12488036668349563
91503.60801046468,0.12317015182742394
91872.11459439206,0.12257540115201239
92238.55021534236,0.12743077155773502
92608.45772631055,0.13281412382902544
92962.3237221494,0.13271025444909149
93303.57215016213,0.1385752960738088
93643.56377471465,0.13765890974020786
93977.07971014493,0.13061512851081383
94316.86291980809,0.11917632938390064
94659.77095041839,0.11736178590318373
95001.64596970264,0.11647640408660664
95344.68101186758,0.11839957911497395
95690.7439396772,0.11742292764633724
96044.25561237216,0.12061763128940095
96419.45538557602,0.11972882062834359
96809.55999003797,0.12367308303236822
97194.19600124961,0.1241275242376803
97583.04905448417,0.1264675154444997
97968.71788161994,0.12193981760231673
98348.27438150434,0.11933833809604738
98705.4533092134,0.11922338908393815
99054.35528206409,0.11578588608121691
99407.02277122714,0.11422668950433418
99757.59012715034,0.11209736597651154
100116.88225383751,0.11058491273795994
100481.4262458679,0.11316679647629131
100853.75807255953,0.11637548267018959
101212.25208878913,0.11610410765815131
101564.02302878599,0.11284562706439064
101913.93978976177,0.10811297456027472
102269.18818681319,0.1035384479628694
102629.33645034599,0.10438552590796332
103000.72387733433,0.10976720229116325
103384.28030161401,0.11190006472370531
103771.93893225101,0.10490454908890104
104146.36934971008,0.10768744861407983
104528.5945422755,0.10356124564620191
104899.86947591187,0.10347127088841483
105263.09758381719,0.10073432076786847
105627.63005672256,0.10474783626661767
106002.90074953155,0.10748665976579673
106400.677751435,0.10654199800507676
106808.11067440265,0.10968138301286616
107228.97724864427,0.1079660802415017
107655.63921837932,0.1081443866517382
108078.05323525745,0.10345743530775123
108495.38256416662,0.10756699616507633
108893.64783474365,0.11012708122111314
109287.87166209135,0.11055817534210781
109681.62943782368,0.11359177525579524
110055.93681387225,0.11386869310417237
110413.2643455432,0.11773030949587682
110757.45524201084,0.11742429908345081
111089.86735330836,0.11775299471009039
111420.5601321037,0.11457359499945294
111752.83624672244,0.11174638325574728
112091.18900879545,0.1090573305962831
112437.36291679651,0.11050133564828966
112792.55998749609,0.11254964196256115
113149.15004363545,0.11362517716579361
113506.85810599913,0.11783332813378791
113869.95845272206,0.11821658703056204
114229.69215918292,0.11947394358400128
114571.62022387593,0.12015178030974472
114906.0579304337,0.1185923385331452
115246.20175054704,0.12044274170768608
115597.08733624454,0.11914944647485289
115946.38058397804,0.11514403665945523
116284.36481942715,0.11667674858201213
116622.04852491735,0.1160088494835275
116957.06684993127,0.11570000218144699
117290.65202218483,0.11375152964838386
117631.32770543892,0.11064350147812
117986.86353691317,0.1107565473825844
118333.07526210684,0.11139448505494384
118681.34571749158,0.11071551083800094
119035.53166531477,0.10979592481862999
119390.88411028817,0.10923207364595987
119743.64937254168,0.11116295551389356
120096.36322169457,0.11328917463536047
120447.99458719592,0.11166299344654262
120797.16107885372,0.11639615659807508
121137.89117427076,0.11299796555435491
121478.61452932726,0.11749386191425441
121825.81244549646,0.1166688625254658
122171.46129374337,0.11387706720310277
122518.38692933084,0.11039854081643186
122864.30806662924,0.10669408339249223
123202.84339599154,0.10485992830176778
123544.37708398377,0.10285161719959782
123881.79671598926,0.10383766876362496
124220.13369050586,0.10845623395900762
124565.9640251886,0.11296043655938641
124919.9019167135,0.11448105718478606
125274.01042642193,0.1112388098726716
125642.1705691867,0.11115624259896748
126016.17443167625,0.11316597877682083
126387.06419276509,0.11760684847984113
126761.47181954511,0.11622491615254313
127139.46932917317,0.11499290874647222
127517.2620397483,0.12144575208051425
127882.34262151693,0.1227223377997222
128229.10780159521,0.11975075828835087
128571.0601756681,0.1275724185195227
128912.50465246987,0.12730224854008007
129261.26618480902,0.12803259711832807
129607.34922221529,0.13767112155371855
129953.85635841757,0.1333007978802267
130307.65606126642,0.1355494919941615
130666.86348869174,0.13924439953203807
131021.44332210999,0.14482720930693144
131379.55291549736,0.14139002884701257
131734.75009352787,0.13444917952124558
132088.71008429598,0.13732653597046549
132448.24395878863,0.13593377779902344
132803.46462132054,0.13119800555893799
133160.16740528058,0.13818592865820145
133523.86972270798,0.13903101972764123
133889.93772230888,0.13965347875243286
134257.172186255,0.1432865029921
134630.7075595573,0.14439799794597108
135011.2970666999,0.1373279069543621
135392.72291562657,0.12636413236852997
135778.33728401223,0.1216032294820762
136162.0399650851,0.11937673541210744
136549.44260761072,0.12254385515599829
136940.11482150646,0.12028388544883915
137324.1273125,0.12792610774344426
137713.29547864047,0.12954713342025836
138099.52655529237,0.121694504282439
138491.70612092095,0.11861532275486825
138913.24575530586,0.11972272678425491
139333.03251728648,0.11962761177255
139735.2858214085,0.11821596916097539
140141.80109670988,0.12109532332328642
140548.4798203481,0.12362045256070289
140938.79543042637,0.12263380190579472
141321.24964158822,0.12043256868302994
141718.90978755217,0.11962796248981501
142115.04488700212,0.12173216425522446
142514.9393049131,0.12319045058476115
142927.16167216995,0.12082958700295832
143342.04041411998,0.12334031495924852
143761.6160513844,0.12279882817977487
144192.38902073444,0.11871372150348991
144630.61146377894,0.12974709644882734
145066.71130543412,0.1246148806215376
145491.67517907193,0.1269173224907531
145894.9076731129,0.12649833982635852
146299.57544757033,0.12524354141206417
146703.13394976885,0.12430902234092592
147117.22339297962,0.11962926378987661
147535.5648130812,0.12164838638072027
147956.3572941323,0.12308864799169739
148375.96635035585,0.12252858799463949
148780.18009241912,0.11964881953667246
149181.21859218157,0.11537427476262277
149569.88198215066,0.11459440467542742
149960.70535491905,0.1183982453828459
150341.59243303988,0.1184021938233951
150724.06281939425,0.11865970784019281
151101.08211052138,0.11535486471416319
151468.48594803896,0.11531832773522255
151835.74635695602,0.11616697406522432
152214.87687406296,0.11320661819995675
152601.24576798605,0.11902126538929875
152987.16138904504,0.11759888214778423
153372.02567145534,0.12032916577602856
153758.8656641917,0.12295880619316016
154144.8465661224,0.12228977233210264
154534.5096621369,0.12528461371698252
154930.21000687114,0.13035742809833656
155322.58178531355,0.13084739074154175
155715.5220455254,0.12639584730803785
156115.72845203942,0.11787164522769758
156522.85445248193,0.11894801069860333
156921.78016085792,0.12422575738514023
157310.52393135725,0.1249984700740075
157700.9671967571,0.13523565417187705
158093.63336039468,0.1346204983033404
158479.96826881118,0.13485939625290003
158852.52356902356,0.1335346363998078
159221.0957280948,0.13261233646998183
159601.1202369816,0.127146194049107
159990.55516014234,0.11815159144529008
160387.57721803105,0.11647656627158369
160781.75470165574,0.11617941764372598
161181.46894487404,0.11477104138484408
161588.94090173123,0.11716518987453328
161987.9033306255,0.11835684737908286
162366.242833998,0.11816064258316915
162741.84097287184,0.12105400563568526
163114.27120019982,0.1227472751750833
163490.35988274185,0.1260319622608537
163869.59770902075,0.1267047461361113
164245.70106117355,0.11951210434436203
164632.02889055284,0.11348072498416735
165021.52204871955,0.11880001565432512
165420.79087002552,0.12855592636551166
165823.9650131201,0.128505611138179
166225.62796060834,0.1272544374798439
166615.340166999,0.13120080580892549
166997.9885710717,0.13325143009242563
167372.56287014525,0.12187031579624569
167747.45736192496,0.11697005459021075
168132.19252873564,0.11806305941326313
168524.19595354065,0.11913635110314418
168915.21522145977,0.11160944755614115
169307.27313544526,0.11309250211982111
169693.89713112204,0.11061375923792272
170078.19536713287,0.11330708657227496
170458.59117811974,0.11197868109163779
170839.4659055462,0.1167404554135171
171219.23759285847,0.11800625941309456
171602.87238819935,0.11758815187571044
171995.36842761803,0.12212138570503996
172407.1584696043,0.11808029979243743
172822.20635416015,0.12168696855487326
173248.1288935958,0.1223036912769281
173670.72893521408,0.12097382804855897
174088.0405489707,0.12141114879117526
174500.4650059312,0.12568678867156508
174916.087043148,0.1253394618295427
175344.2043071161,0.12751515060227422
175778.35074906368,0.1294736563392259
176213.93563862928,0.13110385852301584
176646.34642032333,0.12485275065354148
177077.11609646663,0.11757603074878804
177500.41290887486,0.11780358382581793
177916.19584292738,0.11502951200346477
178313.45158467212,0.11484063414945754
178701.12960886897,0.11119294282628361
179090.46163459134,0.11129273930244869
179470.86036092098,0.10806779728510768
179852.93285910395,0.10956080368781082
180230.31128185906,0.11062401755877868
180603.143685326,0.10883094469510492
180979.6935473796,0.10758144053785723
181377.36197235712,0.1137265284905833
181783.36807247734,0.12078155230494593
182183.0658820599,0.11548409927140361
182577.37227871,0.11617498755785235
182972.73235660847,0.11330771203524752
183359.8849397214,0.11168166931391045
183734.5958891311,0.11128616259623976
184110.0516983017,0.10883166781460052
184493.37615307904,0.11210465210083753
184890.60373586556,0.11428411993335742
185290.72946166803,0.11227083700369679
185687.28130061043,0.11214039392636342
186078.54684381236,0.1116077840563536
186473.4814976872,0.1124508651723194
186865.00199501246,0.11662415880476401
187256.7407545993,0.11291978549158548
187634.18725074775,0.117816300285648
188018.88196352735,0.11622618173655137
188412.02828131814,0.11506618085134955
188798.08048993876,0.11298630413530279
189193.71399215393,0.11520541501959698
189603.79278208656,0.11472436137519221
190028.06785046728,0.11663162796732233
190445.21972814566,0.11886766770334795
190857.78649373323,0.11900009737054039
191262.99707055598,0.11788064141617655
191653.56923652694,0.11718469747473845
192045.19535928144,0.10947484246256282
192434.06681653555,0.10578971875520742
192825.37346544524,0.10956959183576204
193208.24462902822,0.11396143374483399
193578.4333270993,0.11628932256212211
193948.05426985217,0.11614858086833754
194321.31793241051,0.11420816309319642
194697.31006686247,0.11368131227899987
195080.07179327522,0.11713539126423762
195458.83703055678,0.12281434491887495
195833.4180194805,0.12672417732772456
196214.08647505287,0.12466303094742533
196605.16392215568,0.11825033595820407
196995.30349781387,0.11854824983631607
197383.06440762428,0.11574142668541504
197780.93312519512,0.11808030646692205
198180.4113174623,0.11759498778310344
198579.94779842833,0.11744761304960685
198977.97517508754,0.11643986630439719
199379.0477643542,0.11062360098841005
199788.47330294136,0.10799524575876591
200204.62574775674,0.10853966099356178
200609.0500656291,0.10467398238475552
201009.4587224505,0.10928206686324021
201409.40320768848,0.11008060697010676
201804.32709113607,0.11224134878768526
202200.78405129482,0.11560690876354017
202597.82491267464,0.11671064166947707
203000.89151208545,0.11863461035434462
203417.480139677,0.1162631912360364
203829.43027614645,0.11199752667320972
204239.51946919196,0.11455325300281403
204657.90868833032,0.11109331737240184
205079.2996630896,0.11031600996222828
205497.26559670267,0.11576413338300522
205935.39218983558,0.11291457134539237
206365.29887136,0.11436014653248117
206792.7433158421,0.1144214220673592
207215.42531029752,0.11146226399486849
207630.27525850254,0.11247162731813481
208042.8482031445,0.11091427219201844
208463.8943525741,0.10868483090066049
208885.22660344397,0.10583829796586515
209309.22195182828,0.10790521378768923
209737.11250546295,0.11520315492123441
210159.57028037382,0.12331098152434397
210597.15772084033,0.1242586186641369
211029.27067340698,0.13262887859316488
211436.95793284234,0.13470897551286573
211839.78589671713,0.1291351139544902
