D,r2
13.71265189421015,0.8072879129910331
18.200147710487446,0.7699389176606272
22.639400921658986,0.7604184241826076
28.468434343434343,0.7592302537319593
33.01310043668122,0.7565896277359679
37.73904220779221,0.739753142510789
43.68575174825175,0.7297771582020669
49.535166816952206,0.7117057863184448
54.13955408753097,0.7195720097952809
58.706873614190684,0.6914433100663518
64.77727272727273,0.690300969505062
70.69819193324061,0.6831998488927709
76.71435250116878,0.6796385867816614
82.73666823973572,0.6534782902663855
88.7038109020743,0.6507063183543477
94.71823472356935,0.6552473444674842
100.7453237410072,0.6522646296671444
106.78137254901961,0.6314988048380794
112.69269776876268,0.6374139242620408
118.73163565132224,0.6269800695104539
126.09633842872378,0.6236394863888709
133.64985308521057,0.6295435550424254
139.73219068023568,0.6122901251140872
145.68778509883427,0.6157160359415799
151.6850523993381,0.6222762235351004
159.03291236127058,0.6084457907139819
166.4540375825292,0.6067657101160929
172.69010989010988,0.5965416131482894
178.7674552798615,0.5954694845213232
185.91901408450704,0.5803992048038205
193.47930853850184,0.5905650460778921
199.76641918903485,0.5782258625030208
205.73837209302326,0.5852681366449387
213.19190751445086,0.5723868804937868
220.71006944444446,0.575481981733411
226.7406528189911,0.5683290418238827
234.22712418300654,0.5553230024733613
241.73178016726405,0.5543287394888307
249.28502220427936,0.54859294616802
256.76216216216216,0.562554409041432
264.32252769798936,0.5494343504949745
271.7930607187113,0.5471082797498668
279.25158562367864,0.5531640904768313
286.7583688374924,0.5584703608210583
294.26094570928194,0.5466348412113231
301.7762836185819,0.5382695559246449
309.3322217590663,0.5187577676030867
316.79871382636657,0.5355122217259145
324.3105460608587,0.5338184924543349
333.2371737173717,0.5275193524376478
340.7925147734734,0.514873522193391
348.3295304958315,0.5215908980873946
357.37572512271305,0.5301651551952006
366.01230920728705,0.5252700975196491
373.55471698113206,0.5238518247555846
381.34573716439,0.5272320359851534
390.3686573866188,0.5176807105083877
399.1247582205029,0.5125725709155582
407.8196881091618,0.5238006285414144
415.487063389392,0.5163586227493093
423.2971907343519,0.5213557463508273
432.2794401544402,0.5272475946235454
441.32093933463796,0.5146432949961202
450.413741223671,0.5208658977257505
459.40547389761787,0.5055438763742465
468.4537313432836,0.5016014069622377
478.52781263069846,0.5066027815277934
488.7888619854722,0.4932177746510329
497.9293940911367,0.48969863011141673
507.1847551741545,0.489947288288602
516.3652268999454,0.49160771636627
525.3643746616134,0.49911592630646745
535.6533780948384,0.47591515603975304
546.18069179143,0.4778323297002156
555.4482182628062,0.47281224311530595
565.6706741090596,0.4705333749669302
576.1895810955962,0.4618621285637022
585.4147439504783,0.46959518464145655
595.9310938845823,0.47707075098899376
606.3519865696699,0.4731167280622232
616.8587921847247,0.46939953136450036
627.4716553287982,0.46121824989612553
637.939991239597,0.4725156891055723
648.4868189806679,0.44901303941716436
659.0074725274725,0.443811226489236
670.5253104106972,0.4685070429026693
681.017075773746,0.4601482417627655
691.7523364485982,0.46221072233465044
702.2425770308123,0.455425925404788
712.9778510838831,0.45832340658647935
724.7437652811736,0.4568249997494225
736.1214864221058,0.45299649996273755
746.9801924165251,0.44861053473236234
758.1286989196806,0.44457960910046146
770.0711175616836,0.44384841873520414
781.7087525150905,0.41821087923033434
793.382957884427,0.43042511357704577
805.4700299700299,0.41844553272819496
817.3791374122367,0.4365687671431521
829.3169902912622,0.41588522551344564
841.7981517509728,0.42469286058113115
854.0148717948719,0.4020915900245895
866.1752360965372,0.406418645983865
878.1864057672502,0.39559004658678915
891.0075521990227,0.4083990338718238
904.0871768879879,0.3941791240210376
916.7806096951524,0.4024322278400401
929.178440607012,0.39567867222163433
942.339393939394,0.3991177153327366
955.7207161125319,0.397288056945058
969.0739644970414,0.3926596031802705
982.5778337531486,0.39563617557621333
995.853515625,0.39036553550758185
1009.5500270416442,0.40614759695683145
1023.6314788397527,0.4015432519462592
1038.5696078431372,0.4074450727902368
1053.7549701789264,0.4143610290940896
1068.726741354116,0.4063725468974461
1083.7111444277862,0.4146388338380277
1098.8585558852621,0.4130987617782694
1113.7002493765585,0.39883501762034795
1128.6628689798033,0.4141348701942872
1144.83348880597,0.4152286215143655
1161.2100153295862,0.40671353789184206
1177.5028985507247,0.39289260677448545
1194.2544466403162,0.4170488529715575
1209.731165311653,0.406715381346239
1225.9009132420092,0.38974174953691043
1242.2894736842106,0.4032050477685339
1259.287110283853,0.3840929311277215
1277.2190429205723,0.39400918256193
1295.288471305231,0.37739870040352175
1313.4229607250754,0.37866586365105415
1331.3427021696252,0.362852853025075
1349.2652152399803,0.3654559885616572
1367.3553590010406,0.38040898653663935
1386.0707502374169,0.3697249885087345
1404.932384341637,0.36390603603294963
1424.0093780848963,0.3584959588803616
1442.9980295566502,0.3429046506405355
1462.0365111561866,0.3394047198334755
1480.9052369077306,0.3483811911439352
1500.439225181598,0.33294813269115203
1520.0803212851406,0.339316965881565
1539.534839019702,0.31581085926156954
1558.431392931393,0.3177722990343426
1577.080200501253,0.3223597081435699
1596.0053088803088,0.3056927178899779
1615.4535731648032,0.31031503553783846
1635.4438722966015,0.30078094809114625
1655.646854878653,0.29662281958676806
1675.9883720930231,0.29569381396324174
1697.0873253493014,0.28878885969870777
1717.9278656126482,0.2830372748915763
1738.373450413223,0.29245449666863044
1759.718330134357,0.28186819420654924
1781.6510791366907,0.28104673961254545
1803.288824383164,0.2905266846410148
1825.019367991845,0.28736716231366344
1846.1336609336608,0.27302844911621427
1866.8799803246434,0.2768713238639546
1888.4437218609305,0.2837174615286689
1911.6508013598834,0.279788243873493
1935.1143141153082,0.2618668422193238
1957.663668165917,0.2700349656555505
1979.5347758887171,0.26200756932539737
2001.8993710691823,0.263151804889565
2025.3853487205217,0.2745443552319595
2048.7862518815855,0.24201589991305253
2072.009476309227,0.24808549954277753
2095.5724137931034,0.24815541742395514
2119.90350877193,0.2491579884718996
2145.4292878635906,0.24776998751068186
2171.347050074368,0.24792297799463145
2196.828211586902,0.2414978739670727
2222.6969846762236,0.2431653890249402
2249.8801213960546,0.23847455649384247
2276.7860304968026,0.2241575285984379
2304.3126223091976,0.230648063918851
2332.590284592738,0.22033498025250056
2359.861845386534,0.212957084419674
2387.097548774387,0.21020075523211731
2415.315396113602,0.21300453041423942
2444.0510912698414,0.20308798498333844
2471.4075924075923,0.1947791303802629
2498.2848751835536,0.17861545182154426
2526.263819095477,0.17327818775431536
2553.3848484848486,0.17615393016560688
2582.0452533202165,0.1823658827173617
2611.5779122541603,0.1893576934026403
2641.421234567901,0.18250610375467388
2671.3992015968065,0.20109486081035305
2702.354774863929,0.20150687337172407
2734.34371909001,0.18540897851852836
2764.876415558838,0.1845094789959127
2795.661809045226,0.18131017202012664
2826.975413948821,0.18985747934433653
2858.8253189401375,0.18203035172700988
2889.3740722414645,0.18544263529525876
2919.443216080402,0.18227703595450154
2949.23310139165,0.18998000384614278
2979.497278574963,0.19242433324680713
3009.2393879565648,0.19442843767113038
3037.7871485943774,0.18811810345707206
3065.0273170731707,0.1913252934305564
3090.835567010309,0.2064946627597755
3116.5121477162293,0.21950445418049502
3142.3470297029703,0.21689001502660724
3168.6162790697676,0.21480396383876726
3195.3925818882467,0.22990991452521206
3222.6623644811566,0.2145334356480358
3248.812439261419,0.22515442129601976
3275.2156469408224,0.23139262128733362
3302.0317537860283,0.23650747664758423
3328.635588972431,0.24160210425344925
3354.5027431421445,0.233585543740422
3380.351148851149,0.24179508651244797
3407.049802761341,0.24307169037554732
3434.20255653884,0.23851401977964634
3460.628984063745,0.23204840069167335
3486.7546599496222,0.24923571686470114
3512.620347394541,0.263389200297257
3539.0388779527557,0.25468621682176584
3566.0809307030854,0.26718165556774337
3593.4411910669974,0.24362486104047837
3621.5264705882355,0.2596654983857114
3649.3284487114706,0.24369938298560295
3677.685166994106,0.24894724883110733
3704.782608695652,0.23791107399258657
3731.8916500994037,0.2319304803577698
3759.5019286403085,0.23469074220598987
3786.9494897959185,0.22944685177220014
3814.723754233188,0.2309516924102095
3842.360392967942,0.2329359404752413
3871.0853658536585,0.22737109459234067
3900.9576563269325,0.2189721412631017
3930.0522940305873,0.2216108394902869
3959.0893223819303,0.21811075712002762
3988.333000997009,0.2171320865241998
4018.811202317721,0.22186974185022976
4049.612679544329,0.20922785920669196
4078.992283950617,0.20493126701387113
4108.074074074074,0.22260986397955865
4136.351745700886,0.22514965419117117
4165.04243281471,0.22161527055659133
4193.464452516866,0.20871767091698382
4222.142515542802,0.21184258500469882
4251.027690700104,0.19882484650090576
4278.946282973621,0.20526328514531017
4307.019910403185,0.20179218064883853
4334.490035769034,0.18739455279611442
4362.963355834137,0.19295642630687132
4392.470944921678,0.18684424006634442
4421.105900151286,0.19005251973409018
4449.647002398082,0.1980536356568805
4478.348063555114,0.1790686747323311
4505.642121524202,0.1990612490954324
4533.86806231743,0.196487041501097
4562.372270187912,0.19210424933111372
4590.807000486145,0.17878259533653326
4619.252307692308,0.17454920194182036
4648.090508806262,0.17957940030019712
4677.756238003839,0.18580193353426266
4707.340308918784,0.18185626933025711
4736.01002004008,0.17613714456469626
4764.945158102767,0.16758467934111146
4795.262606090863,0.1701902330196464
4825.031515757879,0.1609623439244276
4854.780343980344,0.16137140248160925
4883.353973168215,0.153523699168556
4911.710450623203,0.1580753107975302
4940.087797619048,0.1528383575223204
4968.968515742129,0.15398820319333295
5014.651521933751,0.15140994475265557
5076.113322777652,0.155333102592441
5139.621411083908,0.16753157864819426
5204.496958774499,0.15986332151868574
5270.3491216366465,0.1524743479773074
5340.078229772016,0.16718487788959555
5410.179283771532,0.1611218639604659
5480.842764482219,0.1620358810361326
5553.24010731053,0.15423303760068044
5627.7560866651775,0.14030630997157195
5702.984375,0.15807742420028642
5777.469778980604,0.15754590932213516
5854.088963963964,0.12961799855173453
5928.359060402685,0.12169591147785491
6003.366089498539,0.10767125378517266
6078.096012474939,0.11383277021261577
6153.579087875417,0.109530676385392
6230.677507391403,0.10343179519851531
6306.401960784314,0.11775255218004281
6385.9959973315545,0.11632365466127219
6469.386414754836,0.11147678277307586
6556.092542677448,0.10210157869574572
6643.864073328862,0.10063754888905353
6728.194825646794,0.09705336538933693
6811.637221847606,0.09606163118202388
6896.032695729537,0.10511705484518773
6980.966143497758,0.12469606034008089
7059.351960342497,0.13998084676644423
7135.916999556147,0.15204098455658274
7214.40036190907,0.14402682662833796
7290.157906508611,0.1482030388319813
7366.938926174496,0.16072864121135025
7443.72782122905,0.16929343469917565
7522.853625480009,0.18141041316407258
7602.023846668152,0.180766375894524
7681.1484375,0.173074307199304
7765.183318264015,0.16646593649071845
7851.96903746915,0.15294161521899663
7941.645730889584,0.1501615453036109
8034.138901295221,0.15281227296667763
8130.721635587508,0.12523715135765925
8232.128779395296,0.09138469207030822
8336.703003337041,0.06911470991208292
8442.960380348653,0.06325494066303851
8550.830673758865,0.06114032231867108
8657.12612410072,0.059462705982287506
8758.742447974939,0.06522407901582865
8860.876122082585,0.06458510372187987
8961.684234133214,0.06375432349930875
9057.796055580457,0.06525103022078368
9150.977021851768,0.0573198506097368
9246.168973214286,0.06108820939123399
9340.917435320585,0.06140683929550544
9434.419096372134,0.056821978878559526
9528.137149270482,0.05903544748131867
9618.285200179937,0.05872040508998507
9708.61821835231,0.058391620950627644
9795.892189961738,0.05959980867047359
9879.852619843925,0.060009430366497425
9969.569736253912,0.059750416209377655
10056.21898962562,0.06369736989337785
10138.436843281914,0.06456335201905478
10219.566696508506,0.06151341799323417
10298.4375,0.06425126844183823
10375.741928251122,0.06297572729036806
10453.74398395722,0.057466438503006485
10533.960161145927,0.06177165658025169
10610.766485998194,0.05742855754879688
10686.683155080214,0.05735189515712273
10766.425693822739,0.05827677560454912
10847.374718341594,0.05597982176304211
10930.362802148613,0.05616949952669073
11015.0953125,0.05546624354832586
11103.357256056146,0.054394350540050755
11189.300533096402,0.054001623263064506
11276.989910313901,0.05433964326365285
11362.223250564333,0.05092658697782081
11450.60885113992,0.04943392023986994
11542.804541406946,0.05305726618508749
11628.421966621561,0.05146508729945303
11715.035233393177,0.05074750992256277
11802.904867748388,0.05173239473343163
11894.290721186251,0.04877338755591583
11988.3684680661,0.05077700789050225
12083.679415073117,0.05550738273979339
12177.085778275476,0.04891933679065277
12274.030031376065,0.05070211134950808
12371.838404327249,0.055882480719517735
12475.733184855233,0.058728708134270745
12586.604750168048,0.056344142981247014
12698.509168157423,0.05897176036413084
12809.586971273467,0.06070694854104007
12920.714126311092,0.058760325037456373
13031.016103779915,0.06030646867446014
13139.251795332137,0.058660328795321806
13249.360249832702,0.05859410708959254
13355.78349820144,0.056566074079085156
13461.132408857078,0.056482760392263374
13563.68059901654,0.05472483307132877
13667.94265232975,0.05457786300903974
13774.349324324325,0.056350920476164
13881.169206633796,0.0591268407866207
13986.199060612838,0.05621837231321252
14094.182391353299,0.05716174269198083
14199.169853268118,0.05581975830975078
14303.07602075344,0.060337811707506496
14410.923385300668,0.05345180126175577
14516.783078307832,0.05738489661102472
14624.635246817064,0.057413218427128626
14732.84994375703,0.057695319061442533
14836.976623960441,0.05755824574909947
14939.958698092032,0.055115659599970494
15043.298347476551,0.05899002998454983
15145.261404293382,0.060880555480942775
15250.844781445137,0.06239654896762208
15360.62438035151,0.06344266972236498
15467.363146067415,0.058834288425751044
15573.95853877185,0.060583953364555625
15684.371511498102,0.060199340772724166
15793.182206245787,0.06827801862611597
15896.886363636364,0.06475403565903869
15998.048332960394,0.06679367368766076
16100.948005378754,0.07143984670158388
16202.098873873874,0.06663427567377973
16301.15511031067,0.06342767051205925
16399.641333333333,0.06517909003699891
16501.082284172662,0.060068515294357624
16599.808318264015,0.056172071906067676
16695.46393588602,0.05733881098670364
16794.87273540595,0.05417314857850463
16898.628840547208,0.0521000057904159
17003.760923145866,0.05267626518018365
17109.8202272221,0.04978253957386049
17217.984026996626,0.04818658684673412
17324.844419642857,0.05224403737517279
17431.20545782589,0.05038882454336079
17545.02738496072,0.05284923238771515
17658.8446884805,0.05123459126446341
17767.97873293038,0.04579134851213569
17873.618409294013,0.044916500443466546
17983.350849731665,0.04522898730387056
18090.022376370554,0.04554869304278264
18200.27901234568,0.04772116417295538
18312.46248876909,0.04916142771738198
18425.975184439973,0.049903299243341984
18543.536345336615,0.050759312726720095
18661.404761904763,0.047310758578471585
18784.10210479176,0.048506354535824164
18909.9482294935,0.04873359861631168
19028.853707865168,0.04896159798774754
19153.36551414459,0.04551015415662669
19275.057283508613,0.04706608307847389
19390.439051666293,0.04372672589507847
19507.036184945275,0.04627830932900917
19627.976576576577,0.04716846432220135
19746.160438576862,0.047460667031240716
19857.969859343604,0.042161466779324655
19970.933528616493,0.04291441552578522
20084.291899129657,0.04683803466742198
20198.891666666666,0.04735712023176224
20311.74170563349,0.051700896019391776
20419.5800807537,0.05379944357094455
20528.29609690444,0.04947475890394531
20636.097275388427,0.049003570787143846
20748.387983024346,0.05019383960197364
20858.8305350347,0.05126534209572998
20968.98828564992,0.051117518512510965
21087.290941543954,0.0436762837514669
21209.648509302846,0.04236465315654975
21333.10476618705,0.04166475192973264
21466.294746215495,0.04621931252464139
21597.786036036036,0.04525127993022994
21730.36767001115,0.0457949385708172
21867.054557700943,0.049599266598123075
21998.79105145414,0.04921431902478403
22136.8021953405,0.04503371529597168
22274.77727784027,0.04318816357207476
22408.301615798922,0.04503131403253408
22540.080536912752,0.04421828223384437
22665.52243158367,0.0433283623360867
22792.40538720539,0.04236557048463626
22916.73235031278,0.040469528683059273
23037.323094170402,0.04751559218364762
23165.799330357142,0.04778046431414769
23288.359757466875,0.052444767540724996
23411.229684351914,0.04839311505654994
23530.752801434333,0.05342802134275466
23656.35589028777,0.04523183583763301
23781.25860527492,0.04134423972631663
23901.895926589077,0.04274757365121374
24020.049294196728,0.04797166555532121
24132.24665911665,0.05101820988117003
24242.2675837586,0.046916211449849386
24358.02512337371,0.050092794452991064
24470.959730033745,0.05413253142744859
24576.104110813227,0.055405643327262555
24680.7774049217,0.050892201282167884
24785.769525095657,0.05016781822380058
24884.30786366674,0.0486529525041456
24980.44201263538,0.04936260889036485
25078.298241709326,0.05050250312675579
25174.72513562387,0.0468760387409416
25279.158953722334,0.040892550157197664
25383.46000448129,0.04004686689353566
25484.883270216083,0.04126089133890748
25590.416835016837,0.036916166632329966
25704.763358778626,0.03817483198317876
25817.406870399285,0.03607875812682672
25932.172088849,0.033206636720892115
26049.0806922904,0.033466985012987005
26156.99308344489,0.03544459430881591
26270.71698963497,0.03609393934908566
26381.990625,0.036158914899657106
26493.88259109312,0.03530958036909633
26610.909801294933,0.036041349995579446
26730.423370786517,0.03587065378230966
26853.065168539324,0.038593161540852565
26981.719482258424,0.03693135715592862
27117.014521894547,0.033866054894862156
27255.40607424072,0.033258716468106395
27393.839026568432,0.03473599271516454
27530.878658262045,0.03457829323087063
27665.18412200045,0.03719432713796852
27798.28959174518,0.04004767442301
27927.591795561533,0.04696678778792435
28046.547666889932,0.04366310327575752
28162.85605209971,0.041957373728806084
28277.485419470613,0.042044925864546945
28388.348058902277,0.03905416865915336
28499.894807821984,0.03537611876931923
28619.711354004015,0.0343325405580192
28742.694244604318,0.03388307363448954
28860.13692480359,0.03456966688626644
28980.27144456887,0.03327568793453973
29104.26806891922,0.030892937017657125
29226.077613279496,0.03310587822939524
29350.336032388663,0.03495274657379516
29481.282880071332,0.03453238904307279
29608.727456258413,0.03378578940658526
29733.328552218736,0.03599324378800767
29858.178579430874,0.03463123764708108
29982.275078722447,0.035091949508352316
30106.049977588526,0.03621642918760867
30223.82443257677,0.03303407972660356
30343.333333333332,0.03218614509620352
30466.817228297255,0.03228305996556861
30595.636627906977,0.03243993166203189
30724.222972972973,0.030240455219102645
30856.05585464334,0.03151038385525203
30990.110292475998,0.031952294446639176
31126.030159801936,0.034175190654174965
31267.12222471406,0.032690166313939915
31400.8008465137,0.03136944701872876
31538.202781516375,0.03143786299646789
31674.72162645219,0.03092565434162532
31811.025079078176,0.03321027069897162
31945.515077060532,0.03439872539082302
32077.14620013372,0.03982626566700529
32204.32409285553,0.04321030789633511
32331.03261112352,0.03774646013006312
32467.62724416517,0.04156693251040761
32597.663683150593,0.04271909337080121
32726.80292792793,0.03363929130884966
32861.06757663907,0.02954917290297751
33001.626845637584,0.030960308228136967
33153.33027728086,0.02837866881572333
33316.54449674961,0.02788354790564017
33470.86076233184,0.02705922540391557
33624.208808405994,0.02573422175522573
33788.936265709155,0.02685204998714696
33956.11748878924,0.02581411245304913
34130.23904293381,0.028056695820144112
34308.002918069586,0.02850364091126038
34479.06720611373,0.029836581054780122
34652.53144513827,0.028839480949267738
34825.628115876934,0.02877952813148409
34998.86592178771,0.028207748933641665
35172.049065946434,0.02802943182706516
35339.04769368562,0.02615273714012909
35496.006070143885,0.02513761319285199
35649.19946272666,0.024406883384354656
35802.485803711155,0.02539382980427178
35948.04766187051,0.02591414160749238
36083.93092691622,0.02353068679988924
36218.25752808989,0.02474258613040272
36355.790890733675,0.02445969638987919
36490.03762597984,0.024476877526541835
36626.47991922818,0.025897841378342536
36759.47031039136,0.027820969760323482
36895.64255414155,0.02893501422259281
37032.872069658406,0.029407166710502478
37174.439847087924,0.029527613454550326
37314.095110515744,0.02921781610113306
37462.49541284404,0.027112921503488777
37611.64198919892,0.026173858186163832
37752.36631672995,0.024693917945778014
37892.43461710703,0.027637545047814325
38030.17014590348,0.02732419064001219
38175.02918069585,0.025222565065082896
38327.201522615316,0.0285585409379376
38478.801161751566,0.029190289682253383
38638.19801757152,0.028810777043444553
38797.00066979237,0.029783772916524506
38955.932869330936,0.029036555436212055
39118.318467055135,0.027045869704980553
39286.69397806134,0.029219237371557558
39461.14317773788,0.030151804799637236
39638.54827894502,0.031046864504338918
39821.73657001573,0.03102900952170685
40005.55165474061,0.028510510968415972
40179.58740475123,0.02858451908191053
40344.5296638845,0.02998239296690129
40504.646941045605,0.029730577443972606
40653.68163448585,0.031235952792260505
40796.100178890876,0.027137312399758196
40932.63125982484,0.027217255996127777
41058.28331090175,0.02871041832175694
41187.277205553066,0.028074410157776827
41321.02793421942,0.027714320938063513
41455.81971956377,0.025306163733451386
41589.929824561405,0.022102587353733664
41717.23680106928,0.021719393879949256
41835.08818897638,0.024489683400726537
41956.85284810127,0.025492015056776528
42074.95364825904,0.025443056969709436
42198.518369175625,0.026345275585854817
42319.49325236167,0.025712693050360207
42437.680278214044,0.026315764672750375
42557.77447474296,0.026327462649486162
42683.11947993723,0.025743910021360703
42803.29031536569,0.025663164966743396
42933.59423205902,0.027747107632485196
43064.72898876404,0.024698854730617767
43194.361906893464,0.027336427570458635
43330.32174108145,0.031121242598563314
43476.55871806365,0.029055040939333383
43625.90188172043,0.025736344816401444
43778.25230285329,0.028310103631323927
43939.66057499443,0.030713073277612017
44115.19676549865,0.03146638173180742
44310.946048802325,0.032216705117428385
44497.43674293405,0.031023411386281056
44685.106244384544,0.02825633511999884
44865.74379610999,0.02707480992130107
45047.93596059113,0.025330771727067176
45217.22558243728,0.028536857152252623
45391.99932795699,0.031774622676447734
45564.58629952989,0.032207862915588185
45733.46321220278,0.028989110882132
45889.33430624158,0.026755326519682536
46046.944345105054,0.025666165943664148
46203.5297699594,0.025141542372662588
46352.190284307144,0.024888572691344868
46505.8834561286,0.026866132284494054
46678.93758389262,0.026226207447704472
46849.361697350694,0.02614729381018029
47022.2545291881,0.028103432993226516
47197.90929552104,0.028948637156253496
47370.47402597403,0.031270584823014154
47533.508814996654,0.030084397742288514
47692.35184352518,0.03231776287626921
47840.326457399104,0.027231517816003352
47991.0548343778,0.02652820784720989
48144.470271483064,0.02724999934944648
48299.92518981688,0.02655326986600772
48451.74060742407,0.0266036281250272
48606.41118347181,0.026689018676904798
48768.593541202674,0.028266536937708617
48934.28115876937,0.03240683699117945
49104.59390407889,0.02935625173392825
49272.35518634935,0.027460965629674886
49431.70470852018,0.02778844474108643
49595.33645903103,0.027839771324317496
49770.387197851385,0.026131883058767204
49950.705061867266,0.025237560930640356
50134.69948649252,0.025926473683940254
50313.5328991691,0.02798464356841366
50493.13856502242,0.02776564882704297
50664.68627891309,0.024535600159465237
50836.9362176628,0.024675168670922332
51010.59986535009,0.025842661049008325
51194.0895455563,0.023917288720743654
51370.69534050179,0.0225955305727215
51534.50056217675,0.023492356690159834
51694.19694930462,0.02541103698351968
51857.905483727154,0.025711923643931107
52029.65617977528,0.027167893468901964
52200.81223392337,0.026621191258595477
52367.36282194849,0.026739304014804684
52542.88432165319,0.027440803592018715
52722.80960933992,0.028197765026904815
52897.00826261724,0.02845669630982991
53061.82756294964,0.028286602484532138
53217.40330504689,0.027562703363460624
53368.86030893217,0.028587337819324685
53521.709037638044,0.029984748108542868
53681.257174638486,0.03195713731218427
53855.03303370786,0.030703596162958723
54033.73056300268,0.030485037422565947
54222.67842696629,0.03368019076995753
54415.53772106559,0.03177791865643911
54613.811363125984,0.029307153498225907
54811.385579937305,0.028271121267346124
55003.98701007839,0.027810628633186903
55191.45778275476,0.029556414035826272
55388.375391498885,0.02886892960625546
55575.12189110464,0.028099773021790026
55781.61773975687,0.027025639301793594
55986.61968680089,0.02864709693701475
56193.78569832402,0.02794444109970198
56385.99618406285,0.02506107898233792
56567.509817197024,0.025392348554762165
56754.1487419283,0.029274282764660323
56945.06642809215,0.02864332323100082
57139.3619133574,0.026030522343185404
57330.97017582907,0.026304268760838356
57510.666816344856,0.024938527714136922
57702.54078888391,0.024170728140079326
57888.95062555854,0.020530303683254827
58058.240890688256,0.021440880437596073
58210.6108495853,0.022725157164002426
58370.58872230924,0.02415629667976522
58534.71987480438,0.0264653255678937
58708.132719514935,0.02544329494857947
58900.65476190476,0.026488557587801803
59095.12256765824,0.02531507846980751
59287.81518817204,0.02534922117475631
59490.8034513671,0.026665066035930465
59697.87192118227,0.02701299863250566
59905.01498881432,0.028030537043047938
60110.22760942761,0.030011900134952713
60320.146926873036,0.026832645941355763
60523.8642889188,0.023840801321088706
60718.726518717776,0.024449362436130804
60901.950661583316,0.0232260743299583
61077.058994413404,0.02111620761741498
61256.21850437907,0.021486570302300664
61444.152728085865,0.020699971679685944
61622.88489208633,0.023392531483893846
61816.80766659238,0.02452554090853675
62016.10159228527,0.024317159286032602
62215.89542190305,0.02563589861467441
62420.70947462955,0.023464262285980992
62622.693872987475,0.024102741977322425
62829.55972159856,0.02595966095548643
63033.448414470746,0.02842091232644946
63228.65603235228,0.03020405078955047
63417.86768333707,0.02994125047522268
63609.73089849877,0.03170675628088961
63810.143304970894,0.028341592301415214
64009.879407141256,0.028770460474499184
64199.26979865772,0.03409841076108252
64394.72934855608,0.03064735956607173
64605.19425751458,0.030195167273195298
64814.17938931298,0.027949342438916794
65016.507375949936,0.027054149222167315
65213.62676213918,0.027022513623530354
65402.880242206775,0.027475905904562285
65590.27846119436,0.02602389599766772
65775.82095579986,0.027352068709187532
65963.9460916442,0.028725232459294488
66166.83922182469,0.029149422290760535
66377.68099395567,0.024970033166085565
66596.4353284017,0.02427499865049814
66806.32877939529,0.023612124172407815
67012.70765088625,0.023679131467439538
67210.49294828744,0.024340307258479826
67416.02106206588,0.024537915340171704
67619.59666516448,0.023651705604442918
67820.07252845347,0.021091655491450065
68012.55739910314,0.023651735732696244
68215.88736818488,0.022291664042505804
68408.26706962167,0.018932454334349896
68600.8782725442,0.020035068257336985
68802.97156291983,0.02075541452050739
69006.46245503597,0.02053513185841541
69209.10632119724,0.019446793657350338
69407.8167904569,0.022995745950331267
69605.60232610154,0.021286837408319017
69805.64061800268,0.020109017266050598
70009.50112107623,0.020307105400162097
70220.56487695749,0.021792362874430034
70439.87656810036,0.02233832054687458
70680.69227323629,0.022793780328936177
70918.63766816143,0.02130031592995578
71143.4861048857,0.020005364062437806
71358.66441897055,0.019870822652826033
71568.956034096,0.018862634567661723
71765.49008115419,0.020956999107165853
71950.35815918187,0.019713323282395934
72140.68189964158,0.021936459669084033
72336.83258728738,0.021605188347760432
72535.37631992811,0.02266473990433559
72726.8184463846,0.021806101729475537
72907.62093700963,0.022152705055135842
73126.91537944929,0.022579115330184023
73361.92326621924,0.020598121361115208
73615.61214429756,0.020421406119028502
73864.46900269542,0.01967751325723146
