D,r2
3.062818336162988,0.8791350869141323
6.053115423901941,0.8159408100603487
9.06578947368421,0.7754726300743637
12.025669642857142,0.740573733680548
14.0,0.7352631299090111
15.07553551296505,0.699616414558879
18.048984468339306,0.6906132145560409
21.045232273838632,0.6634947388656447
24.017789072426936,0.6439539477092269
26.0,0.585143184043422
27.046599496221663,0.5990945022718759
30.053424657534247,0.5948699148762475
33.07123287671233,0.5852012853048331
36.0,0.5481697509536582
37.484848484848484,0.5330363381914963
39.06666666666667,0.5197873935568742
42.06764705882353,0.5221387908073266
45.05015197568389,0.5223752161270939
48.0546528803545,0.4845425970285725
51.06122448979592,0.4932836861563679
54.05379746835443,0.4698963220073032
57.06570512820513,0.4931927275183067
60.071661237785015,0.4457481724954772
63.055,0.44174780921151374
66.08333333333333,0.4491111766839382
69.06654991243433,0.42436072894048965
72.0513698630137,0.4215632386672455
75.05434782608695,0.4096662028359341
78.06543624161074,0.4040958860103905
81.06039076376554,0.3953964054610336
84.07495429616088,0.37629468467809907
87.06876227897838,0.3831755417141596
90.10727969348659,0.3709743104378212
93.08743169398907,0.3672117740432981
96.09551656920078,0.35176892442743307
99.06926406926407,0.35617433088023237
102.08008658008659,0.3712294794145107
105.08659793814434,0.3710451488192502
108.05298013245033,0.3553311353813787
111.0572033898305,0.36953288928704975
114.075,0.3766424110992347
117.06736842105263,0.35753775747123884
120.09251101321586,0.3378332697212402
123.0848623853211,0.34218349328022174
126.0969696969697,0.34634875722993613
129.10169491525423,0.32415289516860696
132.0889370932755,0.34279318311347234
135.08447488584474,0.35303268425730155
138.0,0.3376004654841049
139.46666666666667,0.29228300816022185
141.11724137931034,0.3503433030945588
144.1244019138756,0.33222160425809505
147.10478359908885,0.32928007053871944
150.11383928571428,0.32254060414211594
153.10762331838566,0.31115746033994485
156.11709601873537,0.3021826687602849
159.12142857142857,0.30799857341866027
162.12354312354313,0.3141995227887333
165.11959287531806,0.3208276126648899
168.11568123393317,0.325894125556913
171.11822660098522,0.30377328150989924
174.1497584541063,0.287552009188982
177.16502463054186,0.29284655316194574
180.14532019704433,0.3090426055075394
183.1421568627451,0.3143028859433256
186.12121212121212,0.3286663200194064
189.1390243902439,0.3022416299706651
192.16748768472905,0.2943586845871771
195.16935483870967,0.3061937331803644
198.1321243523316,0.3048583814565785
201.10526315789474,0.2947171121305668
204.13020833333334,0.29499337889940347
207.12813370473538,0.27548639042899997
210.0,0.282423950333934
211.52941176470588,0.36651374455647034
213.18435754189943,0.29187012991806116
216.15037593984962,0.29151560067325116
219.14404432132963,0.31194537166913033
222.184,0.27498049746122677
225.1576086956522,0.28754418217015726
228.14005602240897,0.2793292303686232
231.177897574124,0.28141129842310236
234.0,0.2665643597331464
235.375,0.4093027427733487
237.1761658031088,0.2924664069467841
240.19241982507288,0.29422783122822993
243.0,0.3020860127181838
244.38095238095238,0.3368894993634316
246.18965517241378,0.3130705889343493
249.19631901840492,0.31333267846690144
252.20353982300884,0.26286659328537765
255.0,0.25091512235894076
256.44,0.3512121243254251
258.22935779816515,0.29292439431594536
261.22884012539186,0.29261166000925226
264.21676300578036,0.29583815357532084
267.0,0.26815927824682456
268.3968253968254,0.4141490864057748
270.19287833827894,0.280210465215778
273.21965317919074,0.2961723801136651
276.2298850574713,0.27133202052951666
279.19308357348706,0.2786597517674636
282.2307692307692,0.2628275580938584
285.2298136645963,0.2799620046920658
288.2416918429003,0.2610592235293375
291.23026315789474,0.30789537039085757
294.0,0.2697924148100821
296.6770833333333,0.2999919791792969
298.4901960784314,0.44424874626629335
300.2721518987342,0.2883817524677937
303.2449567723343,0.2624400338445428
306.24624624624624,0.2710965541275361
309.1753246753247,0.276145040903962
311.0,0.34486906520239946
312.2621951219512,0.26600180204542384
315.2983606557377,0.2815949327416825
318.2808641975309,0.2852980575488781
321.2852760736196,0.29242201386641287
324.1618122977346,0.2740043861987372
326.92748091603056,0.2259028302684392
328.47222222222223,0.32614797740233437
330.27777777777777,0.2567709689029124
333.2837837837838,0.281510144734869
336.3263888888889,0.2550123879341016
339.3225806451613,0.26754063412058177
342.32026143790847,0.2800007684318671
345.1201413427562,0.2805255984926987
347.8925925925926,0.22190449413803665
349.4366197183099,0.360825556541152
351.3540983606557,0.27392757504357407
354.32362459546925,0.2571663239775912
357.27464788732397,0.2542224767841937
360.3132911392405,0.28390065340138654
363.36206896551727,0.2807452112947378
366.25233644859816,0.2632906208154615
369.0,0.21776714578045375
371.5689655172414,0.25238953675712944
374.61034482758623,0.2648697223060602
376.44827586206895,0.4346239838276977
379.40880503144655,0.2665621397243088
382.3953488372093,0.37562857241636727
384.33892617449663,0.27960376574751966
387.35087719298247,0.24556560604383101
390.3897058823529,0.26011974848230124
393.37366548042706,0.27744608292368167
396.34013605442175,0.2499774852135804
399.35540069686414,0.24123826555946132
402.42045454545456,0.2604171578331906
405.3984962406015,0.2508709621959487
408.3430656934307,0.2595994560707224
411.3824561403509,0.23386348116666467
414.38257575757575,0.25665231576564224
417.41516245487367,0.26215024522791924
420.40501792114696,0.24904618188457694
423.40909090909093,0.2557997514094596
426.42971887550203,0.27717647159819464
429.39446366782005,0.2691068268551849
432.4166666666667,0.2452269487205432
435.37301587301585,0.2375152333920388
438.4528985507246,0.260555478097094
441.44444444444446,0.25012213963485175
444.42084942084944,0.2315134831309859
447.42424242424244,0.24407360304663883
450.46067415730334,0.26763499307940486
453.42391304347825,0.23209705898031302
456.42335766423355,0.2338075488016762
459.46735395189006,0.2409613282640558
462.4866666666667,0.23182963163660356
465.3972602739726,0.23301042343068762
468.2191235059761,0.23740302213635375
471.19723183391005,0.22003628634032585
474.4432234432234,0.2634731839012634
477.45126353790613,0.2500897211117633
480.2116182572614,0.25902007126131765
483.05693950177937,0.24821666681813462
486.1198501872659,0.25648493172035625
489.1291512915129,0.24817953878917406
492.06206896551726,0.21990432817045136
494.82488479262673,0.18299547572714914
497.4707903780069,0.23934572300304827
500.4649446494465,0.23282232118761273
503.3828125,0.23820284291765942
506.4280575539568,0.2449271134430715
509.43959731543623,0.2397785440191443
512.3809523809524,0.2527650075741064
515.4756554307116,0.24730038494228468
517.3977272727273,0.4128212577260973
519.4542372881356,0.24421958224246706
522.4183006535948,0.25123391650630317
525.515873015873,0.23273496890550754
528.4878048780488,0.22487683544558265
531.5328467153284,0.21592708544410275
534.515503875969,0.2497520669662702
537.4981949458484,0.24802072703267802
540.5970695970695,0.24566620459451152
543.564705882353,0.2377424643663154
546.5451127819549,0.23427292033304442
549.4734848484849,0.19973249631494092
552.5389830508475,0.22507310428822164
555.5289855072464,0.21282532605909277
558.6093189964158,0.21580120919397563
561.5445544554456,0.2376043574596836
564.4657039711192,0.22238245188257716
567.512027491409,0.23260823412374534
570.5461538461539,0.21127557422741164
575.1448412698413,0.21312720516711695
582.2432814710043,0.244415359345838
589.8604651162791,0.21723178133773874
595.9601518026566,0.24395410174037171
603.1625899280575,0.23245949421423473
610.8657243816255,0.23145755300976073
617.9069020866774,0.1997223466962609
625.5311418685121,0.24587342136369442
633.439024390244,0.2463928946442777
640.8181818181819,0.24286633277392092
648.231884057971,0.2205819397522012
656.6225490196078,0.20432592248240006
664.5798611111111,0.25576586177224825
671.9401709401709,0.20982997802831516
680.2019077901431,0.23323063237780325
688.5026269702277,0.267485935976394
696.2875816993464,0.21770895653609046
703.8003731343283,0.2066354049954715
711.7022222222222,0.21663078342552564
719.9751332149201,0.19178779798248405
727.4173913043478,0.23527081472876898
735.3724569640062,0.2155657498476791
743.6463414634146,0.20608127576763044
752.0387596899225,0.23402044589968118
760.4349514563107,0.23047155110118125
768.7454545454545,0.21923943708948773
777.7860615883307,0.2337919657945091
786.7411003236246,0.2222653192116205
795.8037225042301,0.21765612125044698
804.797513321492,0.2321949981814076
813.7211221122112,0.22346106180823833
822.8587662337662,0.21251233310197676
831.7317460317461,0.2072293255298062
840.4241379310345,0.2039416067662786
849.2528180354267,0.1910055285757877
858.891846921797,0.21329000978856483
867.7333333333333,0.1811484411958037
876.7577319587629,0.18838439379274366
885.8686371100164,0.187621446828066
894.6938775510204,0.17244419843522515
903.7491638795987,0.17831933026443156
912.5027422303474,0.19060637613982517
921.3348765432099,0.17983335782428653
930.8400673400673,0.17577370825538388
939.40625,0.18931318369785619
948.3685064935065,0.17741980426286832
957.8432835820895,0.18462926699218735
966.7638668779715,0.1721556813218172
975.8226086956522,0.17146332088144636
984.8311258278146,0.1592267395495285
993.7378472222222,0.17154760438782024
1003.8827893175074,0.1635092842783517
1014.3756906077348,0.1682033614098739
1024.4721362229102,0.15221937724203063
1033.9591141396934,0.15736128352343987
1043.6740237691001,0.17002843482478838
1052.9383561643835,0.13969238220221383
1062.416812609457,0.14806966016117054
1072.971036585366,0.142483398398134
1083.3504983388705,0.13312510589726315
1093.4102112676057,0.12893390410684
1103.5075885328836,0.1521882206863502
1113.48,0.1449538269028902
1123.935582822086,0.14272750786472285
1134.4746376811595,0.14113958878657745
1144.870646766169,0.13551271402930287
1155.327150084317,0.13760324894297565
1165.8590381426202,0.1439777618402949
1177.1074249605056,0.12960021433863944
1188.0187074829932,0.12872699426819267
1198.9619205298013,0.12082458469860972
1210.1866438356165,0.12758746478496782
1220.9432387312188,0.11992746633226198
1231.9122807017543,0.125275858001325
1243.4549689440994,0.11971605454370994
1254.9103690685413,0.12269480864661278
1265.9279437609841,0.12535525852169693
1277.462295081967,0.12745223493017266
1289.3412322274883,0.12614942640627919
1300.8161888701518,0.12798144848431553
1312.0101694915254,0.13104319029728598
1323.5752508361204,0.12168120827233375
1335.021505376344,0.11736111206114298
1346.284297520661,0.11965994674558013
1358.2353896103896,0.1161587237293731
1370.2703150912107,0.09931867036871789
1382.3743922204214,0.1179033621095877
1393.7145359019264,0.10703154265958616
1404.9698890649763,0.10756483467844004
1416.9265442404007,0.11687084386841251
1429.4589614740369,0.12015129628651883
1441.554794520548,0.10649329451752153
1453.0,0.12889220880044944
1464.69341894061,0.11807238207587568
1476.005281690141,0.11189277014312664
1486.8970099667774,0.10664582732866579
1498.422697368421,0.12300086457691363
1509.5916515426497,0.10722427202445563
1520.435975609756,0.1204803198458464
1531.7062818336162,0.1193272530459771
1542.9366438356165,0.10908337204204284
1554.5152487961477,0.11897481655160477
1566.0222602739725,0.1078269035813494
1576.763202725724,0.11735920439610745
1586.882450331126,0.1165772174874247
1597.9336650082919,0.12004435321763149
1608.889455782313,0.1222334499318617
1620.0180032733224,0.11484925305039925
1630.8597359735973,0.12888141999972047
1641.3910714285714,0.12077111998644895
1651.6009771986971,0.11267686396759607
1662.9802955665025,0.11782685509640949
1673.9199318568994,0.11193860346141751
1684.9354304635763,0.11172837845067653
1696.220064724919,0.11374407054122043
1707.668458781362,0.11550099372762275
1718.3669291338583,0.12420121584502834
1729.8812056737588,0.1027243406950129
1741.2393026941363,0.10020769377667701
1752.0292598967299,0.09952853040523393
1762.9913043478261,0.09981139529784216
1774.3692810457517,0.08698208890151175
1786.0437601296596,0.10181265932724091
1797.1183533447684,0.09260280091852448
1808.1508474576272,0.10138497814297222
1818.9213483146068,0.09532525467438002
1830.0558375634519,0.0967728084706829
1840.9618055555557,0.10786757668241016
1852.4387096774194,0.1050365610831387
1863.8743545611017,0.10659575342294196
1875.9637561779243,0.10610161680055759
1888.9966832504147,0.10727587875851903
1900.972027972028,0.1076954439412115
1912.3915966386555,0.11546844512015733
1924.9072327044025,0.10937534504189501
1937.407732864675,0.11760080904434939
1950.1274509803923,0.10959241495996998
1962.0526315789473,0.10476387668997017
1973.3563218390805,0.10986734661469388
1985.46,0.10010052287113116
1997.5747899159664,0.07798088278767024
2009.3214285714287,0.07874384210784813
2021.4899665551839,0.08802764809771171
2033.4676870748299,0.09313443047446521
2045.9685534591194,0.08845433579896565
2058.5145299145297,0.09471690823247828
2070.777960526316,0.09003020749661039
2084.2052173913044,0.10050425831764384
2097.0420168067226,0.09192810965634803
2109.9617224880385,0.099009228883761
2122.626865671642,0.09025116883974545
2134.402504472272,0.0977423552520404
2147.315625,0.09858269536729854
2160.4647887323945,0.08904058600381529
2173.65857605178,0.0949303209065943
2186.9404958677687,0.0988275283340606
2200.083760683761,0.09768548537126114
2213.25,0.09209263200135225
2227.363157894737,0.10161748376971773
2241.4424342105262,0.08599827507066289
2254.7989949748744,0.08536748064554708
2268.389337641357,0.08148887092242438
2281.0691399662733,0.07799236531550198
2293.974874371859,0.0792535416937563
2306.754653130288,0.08335487419190138
2321.430508474576,0.0750271812841199
2335.442930153322,0.07519277907486245
2349.5603305785125,0.07730292518613571
2363.0704467353953,0.07926377512975959
2375.9474548440066,0.0836947266708006
2389.5370675453046,0.07844606064279147
2402.9397993311036,0.08203605218638027
2415.916239316239,0.08656751793643815
2429.5755517826824,0.08488432002499888
2444.1318327974277,0.08241733750475545
2458.44966442953,0.09119661338503524
2472.3827993254636,0.08837706287185193
2486.7841483979764,0.08798543997627645
2500.570190641248,0.0900197498672166
2515.154574132492,0.08494956372382578
2529.04,0.08095290679040149
2542.257281553398,0.0873001488292692
2555.988255033557,0.08126986754648846
2569.3372093023254,0.07605550913350659
2582.5142857142855,0.08255527920860284
2594.3133561643835,0.08663679736440845
2606.415986949429,0.08121562707358496
2619.026771653543,0.08568096982247228
2631.630662020906,0.08185146774039989
2643.4711696869854,0.07769162699752044
2656.205882352941,0.07802783424885863
2668.580589254766,0.08254217814999167
2680.7752066115704,0.08718533209495681
2693.9412780656303,0.08986114788194731
2707.309523809524,0.08276590219160741
2720.320788530466,0.08722402583868888
2733.6222222222223,0.09766375945003708
2747.0549084858567,0.092274223775783
2759.5576592082616,0.09928714224721887
2771.223154362416,0.09434738034830696
2783.964467005076,0.08449191233139668
2797.4396694214875,0.08553045398312581
2811.9491525423728,0.08961514043870912
2825.6068515497554,0.09069011119335814
2839.018272425249,0.09598016373020622
2851.9441535776614,0.08914042306943969
2866.052718286656,0.09675028554200195
2881.1101973684213,0.09301006795295896
2895.454248366013,0.09512182267949018
2908.9316987740804,0.08940897768219813
2922.474025974026,0.09448919905398788
2935.3704318936875,0.08930516664310952
2946.8935018050543,0.09853972353685704
2958.3884555382215,0.09955893801573872
2970.054867256637,0.10022686498972763
2982.0382059800663,0.09365188128285407
2995.765650080257,0.110148331353452
3008.9932773109244,0.10301343214717867
3022.0274725274726,0.10470122069246364
3035.3911042944787,0.09292429296827705
3049.715,0.10055597874128454
3064.6072664359863,0.09441256082753245
3078.5549738219897,0.10091490129634274
3092.7728758169933,0.09472788128009149
3107.641196013289,0.0793087635518184
3122.349753694581,0.09072916285861425
3136.7721943048577,0.08838429323135219
3150.6396396396394,0.08477552053420397
3164.936305732484,0.0908502093661664
3179.381342062193,0.08700835666440256
3193.613223140496,0.09650410342092922
3207.264598540146,0.09534894568584544
3221.978896103896,0.09453494436332195
3237.4934640522874,0.10478733282645654
3253.1421404682274,0.10537196185656501
3267.447278911565,0.09424457696747622
3281.7257799671593,0.09819009518296627
3296.682926829268,0.09854552349609572
3312.9734789391578,0.08522132471311998
3329.402753872633,0.09218520719947433
3344.5846153846155,0.08371436077536971
3359.2696817420438,0.10031928438834849
3372.841354723708,0.09335770581163755
3386.51632970451,0.08920788670851354
3400.8845500848897,0.09138316374680204
3415.5133333333333,0.09001679700156141
3431.0048231511255,0.09143813381948676
3445.548717948718,0.09288041227030898
3460.4283360790773,0.09408523482880014
3474.5716878402905,0.09109354519113301
3488.6760797342195,0.10099977888104629
3503.6456692913384,0.0997354524499928
3517.1023339317776,0.10746086508087865
3530.6757624398074,0.12005838667850662
3545.4457429048416,0.12010603902148988
3559.8026315789475,0.12017494117499207
3573.392670157068,0.11779411995877376
3587.6694078947367,0.11399749562971027
3602.5966386554624,0.11491824159826422
3617.43961352657,0.09879507159865152
3632.787728026534,0.1029364125048396
3647.6927083333335,0.09723734967326432
3663.2561983471073,0.09342749073690391
3678.9425087108016,0.09971039397692963
3693.954323001631,0.08660902808231553
3709.5938511326863,0.08499343669295142
3725.1183333333333,0.0967438305184049
3740.2278056951423,0.0891443774799705
3755.0635738831616,0.09285788618271554
3770.1871838111297,0.09007951479685815
3785.939393939394,0.09672991777491029
3800.8033898305084,0.08649565074992269
3816.252525252525,0.08585769629710231
3832.7814029363785,0.09116722166749004
3849.233856893543,0.08808110796903217
3866.461038961039,0.08653333659368681
3883.8033333333333,0.09577419608571994
3900.2605042016808,0.0838452639661483
3917.2932203389832,0.09323056385197384
3935.6924315619967,0.09677043433597761
3952.745424292845,0.10141103965093112
3969.50912106136,0.10848853913477195
3984.2847457627117,0.10162075432065223
3999.3407534246576,0.09579309536941037
4015.4529220779223,0.08566861343206549
4031.3577371048254,0.08823723186690163
4046.3519163763067,0.08211801407515358
4061.996753246753,0.08900194573448597
4076.7886855241263,0.09335891490936604
4092.1164383561645,0.08591213754112902
4107.385502471169,0.08816205119392789
4122.567986230637,0.09358669928376646
4137.69055944056,0.09365549986825687
4152.8677419354835,0.11228543395737826
4168.439393939394,0.09785448381981841
4185.008361204013,0.09335886959213448
4201.648918469218,0.09016700483261927
4218.153594771242,0.07918206612143419
4233.759581881533,0.08764117951185997
4249.179611650486,0.09715653719400869
4265.512864493997,0.08352557867898319
4281.5264847512035,0.09304469702542242
4298.134715025907,0.09872472466422333
4313.592775041051,0.0930129126261627
4329.0574324324325,0.09276508642491006
4343.918544194107,0.09099110013926688
4359.028813559322,0.09524679523717958
4373.825870646766,0.08474959356106222
4389.407936507937,0.09228488597265738
4405.188481675393,0.09546236392599526
4420.539325842697,0.09077248022681762
4436.567010309278,0.08656522540645313
4452.258223684211,0.08858332673289346
4468.558464223385,0.08683338621295689
4484.908026755853,0.09868378064347481
4501.781350482315,0.09210536137988422
4518.673076923077,0.10465225959308772
4534.517628205128,0.09738918538921713
4550.921926910299,0.11191753075618664
4566.859322033898,0.09328497215709655
4582.570016474465,0.10282119057714842
4597.652014652014,0.10079771880777942
4611.857142857143,0.1012986655530365
4626.705501618123,0.09608261621000366
4641.907166123779,0.10154411583237195
4656.75,0.0916800136130423
4671.0901502504175,0.09377370421528272
4685.8856152513,0.10214854708546803
4701.4358552631575,0.09911335489873963
4716.79534109817,0.086303541744802
4731.762852404643,0.0811020677550913
4746.773584905661,0.08195788372398938
4761.6701208981,0.08561564266350813
4777.567783094099,0.07939848583037659
4792.56890459364,0.08548409124423553
4806.935794542536,0.09293523923838157
4821.891935483871,0.08896799815289334
4836.225473321859,0.08707962907997177
4850.32,0.09029300674664009
4865.495798319328,0.09409822585508659
4881.180487804878,0.09411091977915391
4896.457142857143,0.08079060028879381
4911.499165275459,0.10009426750362276
4926.835689045936,0.08504856488495913
4942.324881141046,0.0860143149210693
4958.0310344827585,0.08803822007432828
4973.240924092409,0.07836371793847931
4989.607394366197,0.07989882459588457
5005.698262243286,0.07619046408418192
5022.569707401033,0.07402515050989955
5039.164473684211,0.07258595451494965
5055.2565445026175,0.07361789167190946
5071.07532051282,0.08238529190591662
5086.311387900356,0.07495202322169082
5100.802653399668,0.07497409788229645
5115.848639455782,0.08337421089241429
5131.4297253634895,0.08430896404117143
5147.687603305785,0.08994858008506362
5164.160899653979,0.09019845959040843
5179.240527182867,0.0886222213636904
5195.661316211878,0.09565473176180797
5212.003384094754,0.09178974540105704
5227.208981001727,0.09495788460970302
5242.189320388349,0.07733036891438722
5258.596638655462,0.06758349423992402
5275.404802744425,0.07290703815064498
5291.842905405405,0.06803033118186304
5306.972039473684,0.07142008730308556
5322.529220779221,0.07157853019493547
5338.224231464737,0.07135727305569804
5354.995169082125,0.07036046962712346
5371.913680781759,0.06658501229823104
5387.93470790378,0.07023481348543063
5404.203071672355,0.07199593489367678
5421.0696517412935,0.0719017388587379
5438.659504132232,0.08570831829277308
5455.861016949152,0.09068676134930986
5474.011627906977,0.0907696157662064
5492.366056572379,0.09525542114260227
5510.828046744574,0.09710863489665758
5529.220588235294,0.08643474077754622
5547.3327645051195,0.08966104767053995
5565.299657534247,0.08908209534219462
5583.807947019867,0.07774360564472677
5601.668941979522,0.08842441146998695
5619.387312186978,0.0833095874113471
5637.9046822742475,0.08210300862987659
5656.753205128205,0.08194915140037559
5675.362218370884,0.07843650570798635
5692.601307189542,0.07442541164648034
5711.0826306914,0.07805071279141204
5729.681355932204,0.06949557740258798
5748.622448979592,0.07812122567053113
5768.7191558441555,0.0673154178462372
5789.006600660066,0.0693966751757759
5808.432291666667,0.06834835099290199
5828.811475409836,0.07199215425017104
5849.018121911038,0.06593093422336195
5867.606217616581,0.05676167651842746
5885.847176079734,0.06001160302637137
5903.967576791809,0.05975009113033096
5922.114147909968,0.06302226522661392
5942.299663299664,0.06844631037511414
5960.820512820513,0.05819848807448685
5980.074829931973,0.057496333871200594
5998.873786407767,0.06582161374630179
6018.602006688963,0.06894942482988979
6038.946037099494,0.07050362793720338
6060.517766497462,0.06722183821133831
6081.180781758958,0.06519321617230929
6102.021812080537,0.06846089893002133
6120.766497461929,0.0672509559284039
6139.421052631579,0.05912526767397335
6158.086734693878,0.0613250961960092
6178.264367816092,0.0653921789016988
6197.702886247877,0.06693524353699075
6217.335034013606,0.07413289259764089
6236.46463022508,0.06893023151451999
6256.049069373942,0.06724606849106485
6274.599018003273,0.06492072155564088
6293.705882352941,0.07318117989701975
6313.116666666667,0.07488097428439268
6332.022569444444,0.07599726296604695
6351.840579710145,0.07796506181377587
6371.44891122278,0.08507923364960658
6389.245704467354,0.07322199628107326
6407.153713298791,0.07358437815675845
6425.398998330551,0.07652447369490863
6443.428571428572,0.07884537178685298
6461.398026315789,0.08270624620984826
6479.248310810811,0.07590053848485226
6497.299331103679,0.07058506937877326
6515.282986111111,0.07841472318081694
6533.286614173228,0.06421611719427711
6551.032040472175,0.06460186243219457
6566.929794520548,0.06847399939249159
6582.512908777969,0.06726941646744476
6597.869712351946,0.06385869999207668
6614.113029827316,0.06157632908063685
6631.975288303131,0.06686477281068115
6648.279264214047,0.061669961674021195
6664.966010733453,0.06463713047177905
6681.227344992051,0.06644229021712766
6697.588034188034,0.06511227045766037
6714.9522240527185,0.0696598871673855
6732.211666666667,0.07453391377926635
6748.949122807017,0.06281127795020514
6766.754807692308,0.07274762706278648
6785.65,0.06544467167850238
6803.4161184210525,0.07134794130696649
6820.749571183534,0.07043450802703052
6838.474959612277,0.06401507657861842
6856.018771331058,0.07095623985638978
6873.629005059022,0.07215879308159606
6891.919224555735,0.06873673980025992
6909.953098827471,0.07086010560168093
6927.456852791878,0.07627517219814707
6946.729372937294,0.06693225801147493
6965.286201022146,0.06746731400059847
6984.543801652892,0.06486847484615339
7003.603773584906,0.07115728444295966
7024.202657807309,0.07438923606335138
7044.57785467128,0.0728442970582926
7063.787581699346,0.07131475065650122
7083.427876823339,0.06728851428185285
7102.280210157618,0.07183937240993032
7121.073051948052,0.07292589054453578
7140.410981697171,0.06626482145625597
7158.971137521223,0.061525486705088825
7177.196917808219,0.05892363233504746
7195.867213114754,0.06124891459623338
7214.090759075908,0.06298684497044744
7230.975124378109,0.05441097949089187
7247.453887884268,0.05070784543075577
7264.180032733224,0.05068526814424879
7282.691573926868,0.05533087077630195
7301.964224872232,0.06145074747754293
7322.275577557756,0.052224341417651206
7341.646048109966,0.04831971729126305
7360.592905405405,0.04827992915430119
7380.913188647746,0.053718890370203755
7402.716193656093,0.056229045123911955
7424.905073649755,0.05948696188030342
7448.300664451827,0.058017753360591916
7468.922413793103,0.06194472391871399
7488.603305785124,0.05874847387776646
7508.448504983388,0.05909903728549616
7528.684745762712,0.0550504852731425
7548.190635451505,0.05990874933784222
7567.638260869565,0.05696098920985156
7587.530884808013,0.05431891515757096
7606.64705882353,0.06079501235375218
7626.770096463022,0.05646666822181569
7648.029752066116,0.05960244406706402
7667.606896551724,0.05751035587028878
7688.097879282219,0.055125503473889725
7706.672384219554,0.061773731279037
7724.551386623165,0.05833961998003338
7743.421666666667,0.06274517499087781
