D,r2
13.64041514041514,0.18206605708306992
19.641607258587168,0.14970655712172795
25.68381855111713,0.13664714536116407
31.638528138528137,0.13521232067200492
37.62807525325615,0.1122523358218055
45.11307767944936,0.11225323732091654
52.6477850399419,0.09128192632596345
58.60964581763376,0.09401389870650141
65.98502066115702,0.09272918944108084
73.46177138531415,0.0762575132704771
79.66518847006652,0.0834895358565681
87.02186666666667,0.07566598398983362
94.49527272727272,0.07591883415018834
100.58273381294964,0.07403605535532987
108.11158117398202,0.0733171058018943
115.7326498422713,0.07001626627101716
122.95123258306538,0.06895656018910165
130.4965570007651,0.07129918824844854
138.0514450867052,0.07204547323135356
145.51771956856703,0.0661611089078396
151.60354118552732,0.0717521904811609
159.17937219730942,0.07111321905150664
168.0774046670461,0.07113644579414569
175.6001596169194,0.06276371870404186
181.7153652392947,0.0717387788353994
189.2135770234987,0.06218297588993519
196.71487263763353,0.06592461236199425
204.16565767749037,0.06273745191556462
211.66380051590713,0.06274748218581494
219.195149464185,0.05646818624705461
226.74188176519567,0.05755109084004733
234.24585477415667,0.05508421650411896
241.70251517779704,0.05570874786282132
249.34982332155477,0.049445356769895886
256.7702589807853,0.047808506725032285
264.258389261745,0.04801575037357498
271.7128205128205,0.04801402341551075
279.3111888111888,0.04464852842738241
286.76125743415463,0.04735305750858294
294.2858024691358,0.04294791641400233
303.292755344418,0.04275812707119053
310.8377911993098,0.044117532307525006
318.21878715814506,0.0450538977212027
327.1689272503083,0.04184066170981867
334.72222222222223,0.04669483264965121
342.3080625752106,0.03750380123652177
350.99345977763244,0.040563212906775434
358.4972067039106,0.03715186640629342
366.28232354778265,0.038486050247126445
375.0172084130019,0.03728104769405924
382.59166666666664,0.031579253302400453
390.32802937576497,0.03366971856687013
399.1590330788804,0.036719891751380025
406.632493483927,0.028633256095424768
414.3387582881254,0.03288875329445441
423.3938080495356,0.03054044528789591
430.87920072661217,0.03329577369188378
438.45633456334565,0.030078363179849618
447.4367450731087,0.032574209560519526
456.4691358024691,0.028430941808780388
465.16882232811435,0.0315185324186641
473.6890812250333,0.02878145092606363
481.3896,0.030039684205395555
489.4708829054477,0.029545192971652864
498.49934469200525,0.03032551657957236
507.17756366139025,0.02740726063281544
514.7523564695801,0.027101069940420646
522.3726670680313,0.032361482521545054
531.5498783454988,0.026923127347127127
540.0,0.03142699784946776
548.374335106383,0.031019786811033567
556.5367464905037,0.03113179420786644
564.4544863459038,0.029082520660233514
573.5832813474735,0.028408231541838136
582.3413996075867,0.02876686490823829
590.7663366336634,0.027120017800602497
598.531017369727,0.02689937848733888
606.5871091257179,0.02653222343050597
615.497311827957,0.027642353011601492
624.45375914837,0.029388443915681784
633.5039893617021,0.028187874124094743
642.5205941931127,0.029688991544879553
651.6377005347593,0.02878686498799104
660.6112211221122,0.027095552637532157
669.111903064861,0.02646087934432486
677.3201811125485,0.02658607026961412
685.5044390637611,0.026616681194484435
693.5533546325879,0.027928068667984453
702.5428759894459,0.025941685612317307
711.7750333778371,0.027723230547962663
720.3064182194616,0.026145233405519223
728.9384719405003,0.024061920009479633
738.0530251529572,0.025601273719261478
746.9165554072096,0.02677008371906786
755.9952702702702,0.02326820086335735
764.989932885906,0.024622147158793684
774.0464021519839,0.02677435955064518
782.9789972899729,0.022818222263743703
791.5609228550829,0.026572885243807506
800.7342931937172,0.02603151383693121
809.7234636871508,0.025179288809289765
818.3096989966555,0.022975467968419542
827.3005319148937,0.02448517017658344
836.3331010452962,0.023963470981631978
845.6651285431773,0.023277263261773845
854.9240162822252,0.022785886800224232
863.5790980672871,0.02172969062711762
872.6497695852535,0.02260267117967222
882.390099009901,0.024244171634141817
891.7793814432989,0.02258240191369796
900.7156028368794,0.02091633893423875
909.7698139214335,0.02220622094682151
918.7257383966245,0.021654626722345482
927.7767253044655,0.02161771691720465
936.7950765136394,0.020926973510406715
945.7706872370267,0.021000180472446985
954.8833214030064,0.0213877890040725
964.5308641975308,0.021720144219121638
974.2842605156038,0.02123830094171087
983.0868347338935,0.020786220659790255
992.2674581005587,0.020442270404579348
1001.2225293711126,0.021177812456075938
1010.3025499655411,0.019241686922208536
1019.227931488801,0.01990064990121721
1028.0634045485872,0.01986458166871357
1037.182561307902,0.021260936395720454
1046.1929945054944,0.019450876250326987
1055.4912043301758,0.021131209114833398
1065.3644617380025,0.021398430639929626
1074.8536409516944,0.020162982321673524
1084.6030056355667,0.019909849179203895
1094.1264367816093,0.02140540917973378
1103.5981493721083,0.020889264587296414
1113.0043072505384,0.021248582492141812
1122.2808599167822,0.019370040188840264
1132.4928615766605,0.020499233031324064
1142.173582295989,0.02021622785485678
1151.1594827586207,0.01984262857505138
1160.4926568758344,0.01938067474639082
1169.8965995836224,0.019244434756236734
1179.3911392405064,0.02074669389426658
1188.8429510591673,0.019182221606968527
1198.4996837444655,0.019435581639699915
1208.060695780903,0.01897962248162265
1217.4735812133072,0.02023744675961213
1227.3895582329317,0.020077827988320997
1236.9038727524205,0.020323346355610325
1245.7302989130435,0.018134649637416508
1254.9470752089137,0.01820561508657538
1264.4466840052016,0.020040598183270992
1274.7498218104063,0.019919266974318017
1284.2798194713089,0.018832543596818248
1293.8133802816901,0.019428577885225878
1302.8020547945205,0.01953752460134964
1311.8843441466854,0.01883741894781293
1320.8937805730259,0.020901248272773894
1330.5924261874197,0.01852728014907758
1340.413073713491,0.0190757639111092
1350.3947203016971,0.01873796241898879
1359.8758029978587,0.0190677256566699
1368.9741935483871,0.017909765095757483
1378.634971282706,0.01954152314857539
1388.6155391828534,0.018205027362232958
1398.5367498314229,0.018739735530862788
1407.8210838901261,0.018765920435979466
1417.491182233834,0.017109135465203158
1427.5121786197565,0.018182546076577356
1437.0716253443527,0.018291013623616657
1446.3394980184942,0.019161407188045803
1455.878810408922,0.018446220602897176
1465.3615432482886,0.01944341970535427
1475.6311200536552,0.018807021300755844
1484.9664967225056,0.019505642455483953
1494.437896070976,0.018488571902812515
1503.9023861171368,0.018975682231411727
1512.8907446068197,0.01895998217963567
1522.4676489429853,0.019110410740897858
1532.5013262599468,0.018894447591021206
1542.504371217216,0.018944743931173205
1551.9873699851412,0.01814886460929093
1561.5149900066622,0.018645797553345323
1571.5498349834984,0.017161893650565183
1581.5554812834225,0.018630353035905003
1590.9520648967552,0.018343599618512386
1600.4763729246488,0.017550246257200974
1610.5227118644068,0.01876659719750946
1619.9333791208792,0.01862489367489385
1629.4137704918032,0.01762406579518549
1638.9972047519218,0.017653027672617966
1647.9537037037037,0.018739249221917262
1657.5753424657535,0.017899950978390044
1667.5298057602142,0.018411391318480724
1677.448829431438,0.01708061339264974
1686.9451754385964,0.017943301690245276
1696.5618051013735,0.018723170150783886
1707.0437665782492,0.018351701488330083
1716.9557650471356,0.02017540997826535
1726.5350933676755,0.0188356798085602
1736.5885521885523,0.018708033132319526
1746.0480699198836,0.018649332164371035
1755.5427989130435,0.018010254908436395
1765.4830789648308,0.019120950854139313
1775.4817567567568,0.017699329572541493
1785.430676490288,0.01778784633055616
1795.5234584450402,0.01783366591972428
1805.0549048316252,0.018126447519126173
1814.4902619207521,0.01755585987996711
1824.4431818181818,0.01704294621928579
1834.5673523556736,0.017414706226769706
1844.6483050847457,0.018619938465125305
1854.4325955734407,0.01781690967486707
1864.478120978121,0.018341895821254315
1874.4073305670815,0.017074625045554136
1884.4176349965824,0.01899703785301901
1893.9882266372333,0.01913352551649508
1903.8455647734525,0.0182535147657597
1914.505540166205,0.018438228637877502
1924.6071674707098,0.019071710624684605
1934.4884038199182,0.019233438991608582
1944.38606271777,0.01761055739344856
1954.8994974874372,0.017650152371364372
1965.4511945392492,0.017546976385895138
1975.5855172413794,0.01761887313093039
1985.1027104136947,0.017220850294967865
1994.4578633045787,0.018781689794557594
2004.425939050319,0.01720363800717313
2015.0851063829787,0.0184843971770712
2025.479612992398,0.019439083354178925
2035.4770704996577,0.018567924196078736
2045.544776119403,0.017606564721022178
2055.3748326639893,0.017577591870429555
2065.4420190995907,0.018105002310231554
2075.4123505976095,0.017172271175607382
2084.951094890511,0.01752904040490384
2094.4661134163207,0.01789515644855375
2104.6132971506104,0.018701770864671126
2114.4372904091215,0.018509827380734253
2124.583956492182,0.017794514789170327
2134.438585209003,0.017484807577314705
2144.579649122807,0.01661915943926427
2154.358803986711,0.016549658425697916
2164.5068399452803,0.017281816387981937
2174.6019830028326,0.017684676833928277
2184.4888035828535,0.017332037972843942
2194.020911127707,0.01729034692332185
2203.8986615678778,0.018303565768830625
2214.44527027027,0.01770987309567673
2224.5176056338028,0.01729813496246866
2234.4717770034845,0.017968668249379167
2244.416721964167,0.017218998869726363
2254.629861111111,0.01751683428876596
2264.449384404925,0.018029508668122432
2275.103685196752,0.017751021909656974
2285.474493361286,0.017583361100634864
2295.5423262216104,0.015340475130138191
2305.5721153846152,0.017075472669661602
2316.0299869621904,0.017451854611669603
2326.440366972477,0.0159527318390888
2336.4386590584877,0.01770436179847064
2346.445126107703,0.016701857300586515
2356.963924050633,0.01723896364241717
2367.5724331926863,0.01726962027461455
2377.5073580939033,0.017741967304522044
2388.032075471698,0.018214227217936422
2398.4546084546087,0.01654191662403078
2409.0411051212936,0.017282274414727967
2419.6539792387543,0.017640910553413137
2429.6530612244896,0.01839748717242267
2440.0403225806454,0.01778421709179216
2450.409756097561,0.01676087393298664
2460.578697421981,0.01733688341460665
2470.4526979677644,0.017401123229931356
2480.424895688456,0.017512993069457083
2497.180166765932,0.018500962055165226
2519.816155988858,0.0178343475454898
2543.513357619915,0.017757661609535354
2567.476932477849,0.018133019565217852
2590.3885390428213,0.01783358094840971
2613.670139922596,0.017049246786801323
2636.904173106646,0.01681130554362236
2659.40830449827,0.016779282730020547
2681.881443298969,0.016589948606861096
2705.2021046115756,0.01720748407156644
2728.040219378428,0.017384805008440942
2751.1239290085678,0.01767221262745618
2774.04766297663,0.01721821681060552
2797.031203566122,0.017557663283531824
2820.1403290903445,0.016330548910286853
2842.6841774142813,0.017611097369800023
2864.9755515802026,0.01704693018108165
2888.056568196103,0.016944482523891472
2911.4033313503865,0.016670995385213355
2935.3788573174456,0.01733558805142398
2958.9837837837836,0.01704044237346265
2982.5675036927623,0.016278781944297188
3006.706545568431,0.016673565712055347
3030.1449004975125,0.018074280736566566
3054.337008343266,0.016620538035081133
3077.423064670277,0.018034436361863138
3100.8956496178716,0.016637668332057282
3125.5815047021943,0.0166867458528644
3149.4606913429184,0.016333187472097162
3173.0339246809835,0.01699777245549865
3196.364727054589,0.01665239978319508
3220.841994592971,0.015449555733426747
3245.451928965095,0.016972257824859317
3269.5232014948615,0.015992444658261516
3293.733950617284,0.01788382618284207
3317.4420178406644,0.017087446180495493
3342.4164179104478,0.01721368908474807
3367.0502913216806,0.01651763411532043
3391.096062992126,0.01676453807338606
3414.4469204580623,0.016889396657687003
3438.5702430349734,0.017323439673868637
3461.842583882095,0.015811737108724966
3485.826586102719,0.016872419300131846
3510.9233157404533,0.01641994299355196
3535.4020744356317,0.016456453996755323
3559.34865782166,0.01617702202579043
3583.455715599142,0.016410582865448824
3607.342744383728,0.016562160895205943
3631.4134585289517,0.017444248651631866
3656.0267427884614,0.016244311499893013
3680.6372426699936,0.01643643865050404
3705.0559377804366,0.016361098281950075
3729.5481184454043,0.016475578870002994
3753.8112572652185,0.015931562667692245
3779.1771321462043,0.01656524486162327
3804.0592943966794,0.01672058226467931
3828.4775458570525,0.01666545778311415
3852.396,0.017182720879249717
3876.3783950617285,0.015915519811126027
3900.8695129284424,0.017131707835764728
3926.0183845690176,0.016464837786162038
3950.305477308294,0.01688569196581059
3974.8040109389244,0.017167275613405652
3999.981570996979,0.01736659606641527
4025.111567635904,0.015611431811640928
4050.691691394659,0.01697933371103611
4075.97759545598,0.017330085961979994
4101.037598544573,0.016200105490524985
4125.816234158117,0.016186579206942588
4150.963161209068,0.01650023058317473
4176.321672101986,0.016533964298921528
4202.032118591724,0.015975582888149174
4227.24210848912,0.01633710371072283
4251.342047244095,0.016161520987148834
4276.066259541984,0.01636030742592735
4301.355061580054,0.016451425300734873
4327.1352334748335,0.0165274004108291
4352.260200878845,0.016776330979175136
4377.374811235276,0.01671998676096328
4403.140513772826,0.01679609950081588
4427.989748369058,0.016461899526982942
4452.8174962292605,0.016381519412512622
4478.624388753056,0.016716777025851042
4503.846460312596,0.017418256003548054
4528.958089368259,0.016069328625324668
4553.969622583614,0.016589578192235176
4579.312710566615,0.01591935922355589
4605.347107438017,0.01710647721369075
4632.040711700844,0.017378239036343713
4657.987959442332,0.017198000884405543
4683.526394273785,0.016908586545453044
4709.027648337993,0.017134468473260174
4734.417378048781,0.016014140619109208
4760.866928183464,0.016610659674061917
4786.963935463461,0.016354347783973544
4812.535365853659,0.016599814659152227
4838.155589586524,0.01695093511751695
4863.0462820117245,0.017057518794783105
4888.461206896552,0.016161576846740924
4915.056119402985,0.016075581960448736
4941.483654139933,0.015993431577355426
4967.012535255406,0.01645497663983694
4992.034662576687,0.016021626088265614
5017.40949737897,0.016224802394679994
5043.0963139120095,0.01571141766236442
5068.321362799264,0.01616489373306137
5094.451662092101,0.016086862194721822
5119.941827379071,0.016120793140881884
5145.558618600424,0.015788232538579264
5171.579839704069,0.016883341674928637
5197.894283958205,0.016416796593093707
5224.561328004918,0.0167521325072545
5250.504542701393,0.016646461290538515
5277.192702050664,0.016847650959925936
5303.8884676145335,0.016268517666526584
5329.9344311377245,0.016203861190438828
5356.538078955548,0.016439164724145746
5382.43691376702,0.016697265946133615
5408.730827523492,0.016482038749153646
5435.001550868486,0.016762710701163606
5461.88919247116,0.01702567550758884
5488.561584034924,0.01552959390066014
5515.192574705705,0.016208954700044406
5542.189280245023,0.015571338928689529
5568.437403400309,0.016094459908216018
5594.567391304347,0.01615034050309778
5621.6601073345255,0.016120835469325363
5648.753768844221,0.01587551831204405
5675.071995118975,0.016350952184666822
5702.137667887668,0.015959058864402652
5728.3874617737,0.015524978938416645
5754.972741194487,0.015827168548465262
5781.297280782157,0.015998263652678462
5808.089032655576,0.016603038392713758
5834.531657355679,0.016579506087284056
5860.420157862781,0.01654541481851568
5886.949528732138,0.016305040935399185
5913.321706633447,0.015432805860632776
5939.512664021971,0.015472931107904283
5965.482961586122,0.0156993443249204
5991.624324324324,0.016558255729804214
6017.664473684211,0.015822418771925622
6043.808972073678,0.016891086372136647
6070.527907701902,0.016313165653855242
6096.763779527559,0.016916918188003505
6123.957264957265,0.016582824783859692
6150.575147195537,0.016133701965400718
6177.140195479536,0.016771196325408057
6203.999085365854,0.01653554509296942
6231.216651473716,0.016672916763191294
6257.755939524838,0.01635918018908799
6285.19043266301,0.016339082512672177
6312.199127454035,0.015639802106701052
6339.006980273141,0.016941041526408074
6366.405605174007,0.016593321618129323
6394.513169845595,0.015572120074287385
6422.043100775194,0.016121314566990577
6449.74462934947,0.01659176716744064
6476.543787543472,0.01654591846383849
6503.026758869513,0.015586085435212033
6529.530764449969,0.01602062963141406
6556.452351863164,0.015479232320220079
6583.760715386988,0.016191652022672646
6611.311402203037,0.015965263174798676
6639.663494012895,0.016407071287483102
6667.112883051907,0.015898787003035948
6694.635787567894,0.015682543107320753
6721.679636021337,0.016086747696905584
6749.544315403423,0.015883126448409838
6777.990066225166,0.016651907199091178
6806.104589447393,0.016015325350468086
6833.563484708063,0.016199307818064067
6861.277162526189,0.015688400505070366
6889.32671424139,0.015465511591512172
6916.983061101028,0.016505718134241433
6944.37503805175,0.016329556112249528
6972.01326176192,0.01583668296102222
6999.4990831295845,0.015762330386399962
7027.078325859492,0.015313888075983322
7055.707579011967,0.01540831785159542
7083.681451612903,0.016350926274954356
7111.312080536913,0.01602931820442912
7138.9557632398755,0.016256043524792024
7166.69957472661,0.015791650237459008
7194.806334841629,0.015734252492851562
7222.880320789636,0.016102398637145396
7250.638660578386,0.016170134892797377
7278.670606531882,0.015701452001833864
7306.384969325153,0.01628087158224373
7334.392679900744,0.01572069778219703
7362.457168352172,0.015713774539496742
7390.571736453202,0.015829690596570377
7418.870729455217,0.01604272672428137
7448.15737905695,0.016269957003097
7476.025705329153,0.01563035371571587
7503.949504057709,0.016090884936478665
7533.133313180169,0.015425126245387843
7561.49451582576,0.015563945049805836
7589.361367837339,0.016263551166758154
7617.572741194487,0.01609744008699783
7645.612863705973,0.01581642234354617
7675.240624062406,0.015981324128495997
7702.7429921259845,0.01636230250682439
7731.115692672797,0.016111546185029777
7759.7675507020285,0.016029780542793453
7788.075229357798,0.0162880806541309
7816.387928324426,0.015821919399142972
7845.107536490915,0.01622606917925714
7873.932321699544,0.016717440845811674
7903.031221303949,0.01656561263363603
7931.957420549214,0.015842339888873982
7960.455680399501,0.015896185328784347
7989.31826511912,0.01619154039764616
8018.9426654467825,0.016174305081570126
8048.2328476017,0.016970245268062296
8078.081932130847,0.01582149380700741
8106.963066418373,0.015108002887172671
8135.73487654321,0.01581407513333566
8165.680480480481,0.01614476632221038
8194.492647058823,0.01666055761968958
8223.070573408948,0.015350198348130818
8252.010104102877,0.016330866752895624
8281.417713943747,0.0165003338250378
8310.875784190715,0.016108547547608813
8340.170173833485,0.016318929743114777
8370.141317365269,0.017000733132081218
8398.86633039092,0.014986425440023475
8426.77881152461,0.015774702896700223
8456.982391102872,0.015995075367768015
8487.081607418857,0.016559426497441156
8516.567096967878,0.0166147499220527
8545.539811912226,0.015911351565169055
8574.040981154652,0.016164069816979716
8602.440614227515,0.016614485946388362
8631.24303030303,0.01603682039671084
8661.414246407827,0.016987144315722014
8691.452864504396,0.016443006733214624
8720.613593455004,0.01612514177921566
8750.188370684433,0.01640632553074978
8780.24721189591,0.01597924757250092
8809.499239890545,0.015788461435600188
8839.76338880484,0.01700601075765044
8869.605810397554,0.016554031556650257
8898.972137170851,0.0158762639121283
8927.511598746081,0.017006039624287844
8956.967564259487,0.01657969863885006
8986.720888355341,0.016736518364011545
9017.48586355255,0.01722214643658219
9047.749771132134,0.015974392424100828
9077.102684144818,0.017315277806014825
9106.260286498018,0.016491914254511297
9135.630597014926,0.0172032790546431
9165.664734594266,0.017362230548405376
9195.378685503685,0.01631507719545197
9225.294347564643,0.01691404864624747
9255.476890113254,0.01781240248514025
9284.899411946766,0.016199459308215064
9314.933475740007,0.01680371469951369
9345.75212636695,0.01685032368863353
9375.131546134664,0.017003351304578834
9406.22846781505,0.017070371257865195
9436.19816687737,0.016266719409913595
9465.937816126152,0.016976002126658455
9496.925145126796,0.016172793781955016
9528.20295202952,0.015578177216423367
9558.865507776762,0.015513445259095532
9590.119592088999,0.016473703277492955
9620.29853991923,0.0156871307599176
9651.518248175182,0.017201510417331055
9682.619679210364,0.016173090058257414
9713.095252494708,0.016401063050756063
9743.74162826421,0.015382941199436815
9773.532900834105,0.016352717988651958
9804.0949892407,0.016477572941649518
9836.148048048048,0.01593290991488006
9867.672419106317,0.016455784200389442
9898.35030487805,0.016943495858511567
9929.046044499382,0.015624281734930716
9960.085283251232,0.01628525729477827
9991.5553874092,0.015940827270407507
10023.097839506172,0.01585530716668808
10053.715,0.016133755711975926
10084.34645909646,0.016632783924509377
10116.170613236187,0.016431281643864985
10147.551863354038,0.017137883120430356
10178.794717887155,0.016148613495412543
10210.304147465438,0.01583810526985071
10241.482993197278,0.016158240255732436
10271.903573629083,0.015856335693873208
10302.970085470086,0.015385678439851102
10334.064098705989,0.016395439709768946
10364.85407725322,0.017067441897670965
10395.856374565012,0.015837837456449195
10426.38585017836,0.016666328405984813
10457.506477483035,0.016237111926159137
10487.978494623656,0.01575194771512428
10519.05697566985,0.015451023458896956
10550.205846153845,0.014910952828532118
10581.318112166718,0.01583471832879113
10611.979473039215,0.01627479606097157
10643.54419306184,0.016305692485086672
10674.220524017468,0.016190136306863157
10706.459825458922,0.01589965988585749
10738.00870646766,0.016374759935863518
10769.098944193061,0.015964203439506875
10799.227146814404,0.016790799625033995
10829.348742138365,0.01721936075772573
10860.41409036861,0.017018750091028913
10891.91500622665,0.017092894275373267
10923.798730734361,0.016420301753864826
10955.632875857767,0.016432582093429755
10988.132223903178,0.015926467431968135
11020.589877300614,0.01589665545370693
11051.968307692308,0.016294760358993066
11083.237755734655,0.01736537637484275
11114.462545676004,0.01618986137451764
11146.582455052698,0.015993889282671366
11178.318181818182,0.016150863128603213
11209.821688942891,0.01655112240684929
11241.48599269184,0.016574255436795766
11273.4000622665,0.016685317118078087
11305.564451313756,0.017313513878668276
11337.528014616322,0.016115153512318847
11370.234806629835,0.016068294399520112
11402.370048019207,0.01570463883538469
11434.065695692594,0.01621918202590737
11465.893155775782,0.015818479441749956
11497.475,0.01576546112856948
11529.424954792043,0.01605705572080686
11561.5166163142,0.01636053471002606
11593.229386236826,0.016394251929866842
11625.156553398057,0.016376337584672017
11657.48489567113,0.016322466740696893
11689.376318168122,0.016690727371405416
11721.309899117276,0.01613437873065003
11751.888754899006,0.016623209441075894
11784.074497681608,0.015549334466512674
11816.649606299212,0.016237943084781867
11850.040173053152,0.01700633206626588
11883.44008515815,0.01701778134267738
11917.07142857143,0.015700973953207364
11949.865872767157,0.016064079912454753
11983.566169759659,0.01619219450638584
12017.292199878124,0.016348493517232672
12050.71046908978,0.016088768931800588
12082.932621951219,0.015849140447466843
12116.048862937923,0.016111488294641464
12148.663995067818,0.01608435261894883
12180.679889298894,0.01623378759898496
12214.460065809153,0.016218818301760893
12248.173643410853,0.01627913656761687
12281.074599260173,0.016682942507439298
12314.500151561078,0.016351461070697664
12347.958980733374,0.01636936354856071
12380.915597971965,0.016977727078480994
12413.317874692875,0.016189233685987868
12445.812809405941,0.01569713049499483
12479.23439925489,0.01647203672036931
12512.322388059702,0.01690542821697765
12545.567360685855,0.016382769293647702
12577.771314250538,0.01637045852167137
12611.08,0.0161591977143049
12644.514004309018,0.01679424185963054
12678.004599816008,0.01635577554134763
12710.86348122867,0.016754387027808505
12745.27794653706,0.01691843683936322
12779.173568818514,0.01656048932813896
12813.620520673812,0.017638484819952085
12848.033302497688,0.01770578246316379
12882.697163769442,0.017733100221617906
12915.653042121685,0.01723180012969175
12948.357099697885,0.01708424187968176
12982.210815765353,0.017045178213597283
13015.946617008069,0.016016719219422503
13049.27344943477,0.016799667378521628
13082.469230769231,0.016241324788208698
13116.040379320893,0.0170067169784459
13150.780847145488,0.016633786939403317
13185.452841781875,0.015333705417501592
13220.195336159903,0.01685982755812447
13254.522332506203,0.015896322541276833
13289.526221156728,0.016753235857306887
13325.171889543903,0.015324131667553816
13360.494708194738,0.015990302007829377
13396.833842394624,0.016066510946962726
13431.880680061824,0.0157408512650998
13466.942194744977,0.01545127605112287
13502.282306763285,0.016037257592878742
13538.024503722085,0.015570226008503977
13573.013876040703,0.01617206987236305
13608.550061425061,0.016412749840013233
13645.046028880866,0.01614376395125605
13681.432900432901,0.015767249867267234
13716.331698344575,0.0161662282325678
13752.232628398791,0.015965022755108013
13787.916927899687,0.015999594141148734
13824.015269461077,0.015848341385213852
13859.560615384615,0.015947002117749493
13895.095800933126,0.016475688182355244
13930.027609223302,0.016395438106628635
13965.359963269055,0.016284219853550053
14001.071186440679,0.016070009807334324
14036.447109471095,0.016869411717624228
14072.3725791577,0.01578886258800437
14108.962806168733,0.016357275704764328
14145.43309750846,0.016127740785379752
14181.201735357918,0.016534428248925377
14217.49847001224,0.015968979050126696
14253.514084507042,0.016357076339086344
14289.623633049818,0.01672517639996839
14326.733560794044,0.01620332960800946
14362.989874194538,0.01620414664639255
14399.26253418414,0.016519792709750476
14435.91593589356,0.01602647951661737
14472.526841448189,0.015574646489175618
14508.492185105732,0.01655678740355435
14544.732533087104,0.01616773925941044
14581.975889089814,0.0159000072153747
14618.752668496492,0.016122735092520917
14655.534360554699,0.015434727666189934
14692.185151237396,0.01561233537789427
14728.820830750155,0.015788734684279812
14764.928441479684,0.015563909654246255
14801.139827904119,0.016239064331198334
14837.912612333437,0.01655160614251416
14875.246973365618,0.015195124723411248
14911.441267868242,0.01604012050981597
14948.145054282268,0.01536845263461807
14984.067817509247,0.015502444189117422
15019.861771058315,0.017432330454943672
15056.426339969372,0.016598053857708
15093.378560490046,0.01678927016550791
15131.13280776228,0.015580715236481872
15168.39413580247,0.015940848205509235
15204.85286935287,0.016461345556507627
15241.903067484662,0.016590090070107266
15278.625193438564,0.01619265957883654
15315.072744014733,0.01578239523765619
15352.030275229357,0.0155896876159745
15389.114532019705,0.016129514199977584
15426.187804878049,0.015710068854762903
15464.414990859232,0.015814267334485703
15501.621371216801,0.016751614290389693
15536.815700705305,0.01565653909227645
15573.762237762237,0.01589064202451874
15610.75723076923,0.016084398160947522
15648.025680220117,0.015410346165464044
15685.592319508449,0.016216426349947664
15723.093947606143,0.01571957392478303
15759.604016316285,0.015923302166821612
15797.09906089064,0.015543197677523785
15835.038781163435,0.015241408008142414
15872.278834355828,0.015475569959730288
15909.069880988709,0.017120922896323755
15945.856571252692,0.017205606967799703
15982.700306748466,0.016205163977696953
16020.006721662085,0.016206753617551164
16057.29098110908,0.016308326081514727
16095.663689559593,0.016323975775473724
16133.534440344403,0.015778344159108035
16171.527568544743,0.01715673224659851
16208.866234167439,0.01639184152844019
16246.816471314003,0.016252049889172886
16284.730558930742,0.016001047629938116
16321.93963907903,0.016091074350632242
16358.136978071492,0.01601238962922826
16395.90173053152,0.015888800956462192
16433.678571428572,0.015761962899103626
16471.711131554737,0.016753468478222937
16511.262663026995,0.01604588742269273
16550.019041769043,0.01586833176666154
16589.75106772422,0.016179460342161674
16628.20879801735,0.016827540989353545
16666.414693381907,0.01673701289325834
16706.383536014968,0.016219210601933015
16745.601409313724,0.016518620235540238
16785.105565638234,0.015579267444299999
16824.613466334165,0.016357031773791754
16864.0718382131,0.015663151040717117
16903.987619931908,0.016279263335282373
16942.953148767872,0.015949194983196347
16983.510178901914,0.017032295280071275
17024.197825430383,0.01713236474027901
17063.71199011125,0.015898661504456756
17103.998775260257,0.015601015987199904
17144.6641198044,0.015547054073794081
17183.944,0.015985039773181938
17224.97757985258,0.015780083217553347
17267.582171012735,0.015633931344563777
17309.12993472179,0.01634304959022892
17347.65780629392,0.01640298176664098
17387.731442365723,0.017051650963641585
17428.80640149161,0.016254162190466406
17468.898866074163,0.016076561415603798
17510.238719512196,0.01668082530801687
17552.62836185819,0.016570287232748174
17593.495184840012,0.017042250661798382
17633.83161094225,0.015964347263760816
17674.661859466094,0.016161666679490552
