D,r2
220.36320127625632,0.10874218576393506
299.5855607966457,0.10387212646694355
380.7095736122285,0.10010750280682366
463.6550759392486,0.09379101433721891
548.8504859539343,0.08879081304618848
635.9140191969717,0.0858525496315774
726.3047317780414,0.08131941806623953
819.4450199203187,0.07692624484120644
912.3851505016722,0.07598847462333759
1005.9822524686416,0.07194089549478286
1101.9425760999602,0.06881244765406958
1198.1395101171458,0.06668172806380941
1296.2795727636849,0.06479564595750342
1395.9052561543579,0.06526490149121804
1497.515236194278,0.06362318009539616
1598.2422418405565,0.06082289574269414
1701.2540677514003,0.060896500307739874
1806.3193738292748,0.05881693101071945
1911.1567689650592,0.05849316657260029
2016.8677586895726,0.058581420101104835
2124.828189712759,0.05672380660630536
2232.859015516319,0.05610924161853574
2340.605092162843,0.058171132069524845
2449.4614462644827,0.05625113196802272
2554.8303274139844,0.0545184554548517
2658.291764381294,0.05315039351454994
2764.876434001382,0.05355898840736076
2869.900653958536,0.0521958468937413
2977.2043442169343,0.05269740155416157
3086.8740843123705,0.051517598015019685
3195.6085935341252,0.05072415065076381
3306.4230398236186,0.04965318830820006
3415.782608695652,0.04828722965415479
3525.426688861146,0.049968415343578855
3636.556,0.05050467858721779
3748.2697377549603,0.04905016069201432
3859.1396702230845,0.04935084204463437
3972.4154649086663,0.04869046640911949
4084.8751565762004,0.04830048772426066
4199.214689265536,0.04647909359206922
4311.6556852933,0.047634495610884516
4425.486961295635,0.04623061990441901
4540.361767157544,0.04683632770237764
4654.277578599007,0.04697757627700227
4771.974986103391,0.046529293215968034
4889.732498968505,0.04441797149670123
5008.2875069715565,0.047116670310886066
5127.538334480386,0.04595773770275061
5246.47452009391,0.04545974669587834
5365.466583644666,0.045207761884141474
5485.692104898016,0.045100660923209954
5606.179203539823,0.04508975399818732
5725.534437543133,0.04325942310468801
5845.95652173913,0.044060361127696866
5966.334856035437,0.0455568233079321
6086.588609344761,0.04433359418348858
6208.657075667451,0.04300797372555725
6330.655224913495,0.04217364831725339
6453.24273456961,0.04515439771503867
6576.068200720821,0.04421325719334798
6699.724745389485,0.04356914056349759
6825.053788716814,0.04276378706973642
6948.07306570357,0.04345170233439166
7071.549601538884,0.04320903739101485
7194.964732018883,0.04234794032086776
7316.394937059068,0.04362310760573606
7439.029805436732,0.04454189009393243
7563.137954987496,0.04186718990820974
7688.892212267402,0.044087172756436574
7813.796291170772,0.04177282427704877
7937.2037908135035,0.043149806335121915
8061.832177531207,0.04392979623520399
8185.715113871635,0.04324032051937678
8312.416263979014,0.0439303393070233
8438.951108033241,0.042324638848271444
8567.404143646409,0.042485110984748435
8694.812638274336,0.04247932602614599
8822.06714661498,0.04367415881676761
8952.048409405255,0.04243411014852242
9080.560395212913,0.042501612913768964
9207.198072952511,0.0443899647196617
9334.666574240953,0.04361549770023527
9466.840683572216,0.04272983259228668
9597.7,0.041953581407386024
9728.928060522696,0.042506896540334085
9860.25104427736,0.04243407972054809
9992.176218754315,0.04231436639641156
10124.070214236352,0.04361523554983232
10255.993768176153,0.04181298384766591
10385.911432506888,0.04250455159554302
10516.772632457238,0.043141670299017325
10647.22144233416,0.04124466537569713
10777.952380952382,0.04267720875344685
10910.268753447324,0.04319173453521468
11043.116883116883,0.041312688047297465
11172.542233953876,0.04221809963035873
11302.76516093383,0.04176681794788508
11434.52264567799,0.042525410840484903
11565.811756569849,0.04280235822177831
11695.285893155258,0.04343283375170951
11825.354152273041,0.04203204518012242
11959.028169014084,0.04172663332728516
12090.096231400361,0.04266007100711689
12221.165632326576,0.042031028965748826
12350.538174789452,0.041012571794921494
12484.526425013835,0.04334465873181478
12618.23906745758,0.044893895781889626
12749.511759822912,0.043150451234445754
12884.222452361226,0.04267660293489442
13016.741073899806,0.041965565581886105
13152.236896983179,0.04182925804735695
13283.510017963245,0.04209495301698559
13418.394282557658,0.041736596470671176
13554.327431179969,0.0420661957332517
13688.199363586054,0.04195986980717418
13822.437309714918,0.04186780457410416
13955.863705548638,0.04364966492144567
14088.953878116343,0.0424182489875748
14221.830839567747,0.04247405543883914
14354.617549668874,0.0435069529013191
14486.112570875397,0.044177901996129976
14616.397953539823,0.04211205681279681
14744.873079584775,0.04201033664764244
14874.599972421402,0.042419241054790585
15003.898957609452,0.04104098557060183
15134.631709672969,0.04214052104278836
15262.106949646275,0.04180190594917154
15388.985493230173,0.04110416804225446
15519.895873719192,0.04156995483360964
15651.9670526606,0.04151587963022058
15782.24257494129,0.03989695604744032
15913.438533129602,0.038800919471748754
16046.857242049715,0.04191148313143282
16181.228166689589,0.03994320246900695
16313.713259668508,0.040885480267106464
16446.683328717805,0.040506593628179925
16581.04927817879,0.04081595265655435
16718.50476980506,0.0407155125536855
16857.516602102933,0.04081136887277799
16994.472410454986,0.04103882590202305
17132.334254907382,0.04145709724047036
17269.72766370699,0.04120586270761824
17406.3870479857,0.04123489048187872
17540.2051175657,0.040191165474183985
17672.24757550568,0.040631923772018796
17808.47392447088,0.04124392341710344
17943.871912295308,0.03988802745544465
18079.474951563796,0.04016016493087373
18216.241035580784,0.040863337874166634
18354.7641039823,0.04114433574411171
18495.04389973688,0.04331632574293184
18637.08099559956,0.04070704343909024
18778.353863226523,0.04196791354722104
18918.926785218115,0.042114393627047
19059.45971629252,0.03993517145042904
19199.276404804637,0.040747880456269384
19339.27447721922,0.042019096603009905
19477.8728755009,0.04175473963205773
19617.669542229025,0.04078800955468837
19757.476236396196,0.041447485168992576
19897.363573502975,0.042072783564934844
20033.9397807687,0.04180114833088191
20173.289149965447,0.04261923429197142
20313.53652149945,0.041812211539008125
20454.03191930358,0.04206477461757653
20594.144605116795,0.04175320951001563
20732.5824099723,0.043100043739471586
20870.38954935029,0.04292920241921949
21010.27899600055,0.04129038424433437
21152.71190211346,0.041437865601896114
21293.74686854783,0.04101729334524966
21434.93165467626,0.043354828475001425
21575.12534626039,0.04279496231935042
21717.854956569696,0.04280767172225544
21859.82910251075,0.04190769496439952
21999.394893029676,0.04331014944865636
22142.681377974543,0.04227224295856063
22288.857973421927,0.04215589347873425
22432.060963755033,0.04282859786517999
22573.600913621263,0.04200543964223562
22718.065088757397,0.04099126051778204
22862.624774085918,0.04129009574554329
23007.17294166322,0.04194800808657326
23151.518605616267,0.04250174796304412
23291.88129496403,0.042764113460697084
23433.715455049944,0.04253490054048954
23574.95140135303,0.04320179497629723
23719.284905399807,0.04178352265982993
23863.412196812198,0.0424019578539537
24008.84878115962,0.041856930704292195
24155.171214849703,0.040083731946881654
24298.19822444167,0.04072151336523586
24442.567593745676,0.04063018913829829
24586.16740515093,0.04110195754136019
24728.203637365667,0.04210046712763303
24870.37039098372,0.042335848623831454
25015.25696551724,0.041134799457334885
25160.427685950413,0.041188170940267284
25305.07207332315,0.04218448430681744
25449.429281767956,0.043294221701185596
25595.10420121614,0.04211503398599733
25737.95766240977,0.04166352058893348
25881.616563147,0.04260843720472728
26026.380207612456,0.04159925481885173
26170.16106268161,0.04099462117271241
26315.085757617537,0.042736815994810586
26460.77108266073,0.04088455589363228
26609.74872360977,0.04139200981027081
26759.103982300883,0.04036153911924745
26910.44770337576,0.04113640068611319
27058.435258274476,0.04093867124166973
27208.096121883656,0.04108169033184428
27356.96455766302,0.04120635608092035
27505.344941956882,0.04056491290245011
27654.23965231788,0.04190579818040974
27801.111311089575,0.040555694391671136
27950.39618468344,0.04217996730641428
28099.79367490678,0.04042134740478916
28249.11456742119,0.04126176505316128
28396.4340902797,0.04208424055072567
28545.193726682326,0.041098611714087026
28696.83792006638,0.04061036024219721
28847.595287308806,0.04144202202050695
28999.080875225038,0.041528039231596814
29151.446202970983,0.04164989055393094
29304.039972337483,0.042204024383945084
29456.884742495182,0.04173994842500988
29607.235326765644,0.04176940233103578
29755.804215196895,0.04232370285107996
29905.41773371885,0.04187583375253139
30054.025609080843,0.041913947321460844
30201.64042759961,0.040393626458217265
30348.75196470426,0.0404414656315917
30497.408199889564,0.039118323616701874
30642.665556018324,0.04178388368010451
30789.79104477612,0.04129486761212795
30938.331764705883,0.04105552647290285
31084.954092920354,0.04171931389518442
31234.921924837054,0.04119317327352583
31384.192466887416,0.04243289084013075
31534.149048478954,0.0418292685409684
31685.15308370044,0.04175617601079502
31837.941926541927,0.04077812039211299
31990.342766427388,0.04136303616151148
32142.95717640558,0.04156596727330748
32295.290931815027,0.04248951604061777
32447.526199669057,0.04057941039181495
32601.68321775312,0.039482721090103395
32754.27901200497,0.0417259042211549
32907.79722799723,0.041934436389581754
33064.28252736594,0.04117517742347898
33220.06061444783,0.04187512404044628
33375.83033738938,0.0426078377761025
33530.804302854776,0.03963167329069077
33685.19101746604,0.04193289833499788
33837.906738619065,0.040300372103392865
33989.19653018737,0.042162106639587214
34139.52904735683,0.04143202995504074
34290.09788761563,0.041700701600821254
34444.83555001386,0.041779122877845645
34600.602610386006,0.042397633358500574
34754.844696445856,0.04170065154989033
34910.16682738669,0.04145619480574166
35064.93782812932,0.040964176049018884
35219.59764216366,0.042625531679681784
35373.639578421855,0.04276980626420832
35528.73662437948,0.043574467854465435
35682.71806228374,0.04157837781457002
35834.89035209315,0.041928746007713916
35989.87141868512,0.04206182641617148
36145.58470247135,0.04172560698646468
36301.22823984526,0.041187438745785385
36457.5240204901,0.04284981829500822
36711.79345590527,0.04188011784543369
37062.914968113044,0.04096844311256298
37407.33497169166,0.04044971797328349
37752.081939590615,0.04101925859796671
38093.21268097853,0.04130248035925111
38437.01730709153,0.04051089495157693
38786.74152410575,0.0389087239560218
39133.66202025253,0.0412723271293219
39479.829464119,0.040289592871495035
39823.47987268302,0.04026725378534423
40163.22007987021,0.039882582500109634
40502.38325332003,0.039794119261201535
40842.59958829767,0.04071566322387737
41183.59811509175,0.041088180860056306
41525.38685949383,0.04140044938175873
41865.12094911021,0.04152042289956225
42206.068181818184,0.04106258257627371
42551.32324870563,0.04313076750637164
42893.74147833687,0.04176949586733315
43234.90114210822,0.04170574665444246
43578.65707149547,0.04196599588624051
43924.236272982234,0.041713945697886605
44270.44735035266,0.04101953418380395
44611.35003744384,0.04112485953234771
44950.98674548849,0.04127948317334668
45286.71353547984,0.0415402457179488
45626.474855113105,0.04125621097373367
45970.6059549022,0.04075216173129262
46312.446525566585,0.04201627621936356
46649.65958242443,0.04179531953680636
46989.34999376014,0.04277980043805369
47333.88757949869,0.04217017603176795
47677.44997501874,0.041443612055254354
48019.17279411765,0.04106311788453032
48362.64069803677,0.04194730862757695
48702.23611284484,0.04079357145877037
49047.9492912009,0.04193898508762853
49387.784005979076,0.040400087791166
49731.819043462,0.041057456427822804
50076.96945086525,0.04133190109906735
50420.30298116503,0.04103176468447207
50759.17847572755,0.04193007810739326
51093.034065385575,0.040966578992535266
51427.439703038246,0.041219305062610435
51760.91077556623,0.04134803659061392
52089.16221958383,0.04139147777053382
52420.3464939594,0.04107644592590743
52757.65652527019,0.04120818934925136
53091.57809873622,0.040727743512616196
53422.755519521015,0.04103059921166033
53752.7091725385,0.04198625311982024
54087.27617801047,0.04167313403718546
54426.1664274571,0.04154687429159799
54766.221556512515,0.04158669441734298
55106.87650621215,0.040917416224122524
55443.91987519501,0.04103200420467846
55778.64627759072,0.04052116917195653
56111.284041360406,0.04063156298142024
56448.526545908804,0.040590178081722154
56793.065131948344,0.04051521812301345
57135.246231468795,0.039965838690211156
57478.3301328013,0.039827786784291316
57817.59163545568,0.040882194048578416
58157.71179666521,0.03951813154293124
58496.25844026411,0.04148270111992604
58836.84478021978,0.04102562179325348
59173.13986144917,0.03975496284628141
59510.23079802833,0.04015055233888887
59853.98463165754,0.040197487801634735
60197.65993140006,0.04053525813704616
60536.76368965947,0.040479804294833444
60882.44228007742,0.04062883393231165
61230.22722173751,0.04217500686628869
61575.931630869134,0.04197046777931569
61919.90405050632,0.04166979866921807
62258.49619605887,0.042234344133385934
62595.32955465587,0.04186488915346269
62934.79323472508,0.04257691436823745
63277.877808901336,0.041982337132430644
63625.25660071157,0.04062911948336323
63976.22247863781,0.04221467926925972
64324.18405253283,0.040854012521237895
64668.98518426295,0.04145861563546572
65013.31257798852,0.041491160958147616
65360.83754985045,0.04030498065204719
65705.78752497502,0.040879242409040395
66048.24819066633,0.04171528975241748
66385.47678115066,0.04053444613058114
66728.05867665418,0.04102352522147188
67076.97060288988,0.040573643002175946
67429.69105082632,0.04259712888918506
67780.52944486121,0.04148006034209758
68135.3868512974,0.041490953438286356
68496.9878033603,0.04038907344876419
68861.03713428357,0.04066034974325949
69222.4759235034,0.03961646619585661
69581.96394710579,0.039957791285514896
69943.08401371144,0.040883927606379655
70301.60280811232,0.041241308026104914
70657.32308172177,0.0405071219811941
71009.8686868687,0.040581459973184165
71358.57761800563,0.04058697324310679
71712.50917916484,0.04188089144763961
72064.19455909944,0.04108575872114659
72422.31971393035,0.040685436293701034
72781.64560285019,0.04161387393522348
73144.01247193814,0.0412418172161891
73512.28054862843,0.04041157983801789
73880.35168195718,0.039707958487108244
74246.8888334373,0.04058358519806727
74606.87201397118,0.04100902816495857
74954.94573837028,0.04032802869042489
75299.6279793391,0.040895593707729494
75644.72847599426,0.042156816134551946
75993.54936771943,0.04190266626883607
76341.3255029364,0.042177087790295775
76685.17128243513,0.041729523472968974
77032.15976294447,0.04155952442982927
77382.0335679143,0.041988593466258134
77727.01937257843,0.04279627717732156
78067.98015724448,0.04103136850069099
78410.58589511755,0.04044598572714706
78763.0109527662,0.040323065693677114
79114.89602847508,0.04105581126714713
79465.11811711824,0.04082195911684711
79827.92971962616,0.04252043399188966
80190.04125124626,0.04128378315470697
80551.36943073173,0.04193320670441086
80910.76269391316,0.04121645305377153
81277.46969886293,0.04137847352251806
81650.82141966067,0.04109710413871514
82016.28627499845,0.04120346718545811
82384.59621018513,0.04051309433824012
82749.99526125452,0.04067391221879356
83117.52622050194,0.040164180874197576
83489.33352042407,0.04130373032565114
83859.81233981371,0.040765856570010466
84238.36382303528,0.04126325643138884
84621.90519018174,0.040864319410732
85001.69689603591,0.041011317268449914
85383.50349170719,0.04187796155349218
85752.63073566084,0.04129343391795919
86122.70741758242,0.040842974855330776
86488.48548417307,0.04181012971441673
86857.47066533516,0.04198431702732536
87231.9116163189,0.0413668317005937
87608.9073946958,0.040694546009368594
87985.37177248347,0.041940003008251736
88362.34658524426,0.04140304299973913
88742.89807007682,0.03959042562233472
89124.55313979567,0.041262783671472236
89507.63099400599,0.0401265904237331
89894.09207240949,0.039813489303834104
90279.23014687578,0.04017395341803851
90663.29772088667,0.040589634593558056
91047.83745561024,0.04005571559668353
91433.80106150484,0.039581335343808026
91815.79098053892,0.041080964955564576
92196.8743768694,0.040253774324862046
92578.34351574213,0.0408031114376013
92962.98777673839,0.03976273819400188
93347.35577763898,0.04080911124945716
93733.78391834702,0.04026487735725509
94125.76748688484,0.040854622802966985
94518.80980257831,0.04155659514750201
94919.06264051961,0.041364169105933504
95313.96551294044,0.04121455058470467
95703.09043283024,0.04088709098240886
96084.73246380429,0.04195062953908235
96468.43193423838,0.04145322060639144
96853.62479710326,0.04099700805099718
97242.11301412676,0.041139993327279085
97633.98923392869,0.04141014971490332
98017.21347823371,0.04141497389792715
98401.03639990027,0.040941864613525704
98778.29150831724,0.04067448477975828
99161.7141073658,0.04154645616759208
99554.17572621867,0.04045586781759179
99945.44067266816,0.04132469476125872
100319.18349937734,0.041012128411262644
100695.39540688967,0.04039709089506265
101074.08088739328,0.04093182369154038
101448.39971230221,0.04003074379752607
101823.01035558328,0.04065222681439366
102196.9487865588,0.04029276301291502
102575.13544201135,0.040835471141477564
102954.45901639345,0.04023982074829242
103333.02676733013,0.04081809231448126
103714.27176764522,0.040504158885937266
104099.77908570005,0.04107649819777682
104485.68830844217,0.03989544813995959
104870.62242862486,0.04120749046771381
105259.49189020587,0.041745544234886085
105649.6787561538,0.04176304963118074
106047.74092326887,0.04091113718665631
106439.9325379474,0.04111570395690489
106826.33354083665,0.04170348661492135
107219.53188568576,0.041877725429328196
107617.0135,0.04165104712855622
108021.66338974614,0.04223562432705822
108419.16237660877,0.04069500522539865
108816.37910373237,0.04107650087085759
109208.07680816631,0.04002335049345354
109602.95550556181,0.041312643561887304
110000.89461883408,0.04184515454544599
110405.37335413416,0.04073593801305906
110801.91107508107,0.041633893359156154
111201.41180507893,0.040303157608401176
111599.26612249984,0.040893199856928034
111996.37723465433,0.039894295040338854
112391.89523215956,0.040835789645683976
112790.8563150352,0.04055294590816957
113189.31908654147,0.039872729518157894
113597.34756554307,0.040334614805935406
113995.79312496101,0.04085727800256188
114388.52870052976,0.041391059061391774
114788.69960720743,0.04086571954892045
115190.39049225388,0.03996402021016653
115590.90314332045,0.040588906547152734
115988.12182646123,0.04060357520090079
116389.72435297786,0.040166030420217186
116790.84520394163,0.03936751209316819
117196.65532922195,0.03959942246746795
117593.3964138448,0.03975009598054531
117992.04894146949,0.04037127629509136
118396.52267049713,0.040404813996450864
118808.23555472358,0.03991125742585234
119224.76586733105,0.040583580066561785
119643.05724452213,0.04187363572977465
120054.88584275276,0.04075641043529727
120463.75775894304,0.0410277571618317
120867.95636726297,0.04026861532897038
121274.43938826467,0.03950737872220364
121685.94524477705,0.04033296539861659
122106.17343058412,0.04057851492070706
122528.20601259901,0.04076901388792088
122957.1452799601,0.04171126276598998
123384.3875998004,0.04110351534545336
123816.09463505926,0.04205426531387654
124244.83641128027,0.041189159499814325
124664.133962618,0.040484351208377914
125088.45219992522,0.04005255323810037
125525.1194141477,0.041009437792440595
125960.28515332835,0.04113311869424863
126395.77747235584,0.04063127102978836
126838.61328344246,0.040437619827016096
127273.38392467418,0.04165842786593104
127710.61929693344,0.041405238873708144
128150.19457098284,0.04151674354401911
128592.35155860349,0.040680032328323686
129030.96057392389,0.040747524239466607
129470.21387139025,0.040630548966424346
129914.50982103885,0.04091891064629423
130345.49042121685,0.04049439908787367
130773.02623870365,0.04087231108834164
131200.96096921252,0.04129186154917827
131633.64985662635,0.040333615722161494
132071.40103614007,0.0417409088407944
132512.97432221877,0.040432915395089704
132960.2719221654,0.03967908587517926
133405.48901373285,0.04009269836535424
133852.6741530975,0.03964102970006673
134291.92496104704,0.04097367456480707
134738.071932123,0.03973950135101915
135186.9574759945,0.04120765604053949
135645.75185763347,0.04096979652043516
136102.4112324493,0.04074339723169005
136557.2156936128,0.04056188585999189
137010.42031425366,0.04085037767694099
137463.20606740174,0.04186107131229476
137922.22597564783,0.0414547769521673
138377.60793858828,0.04200790852093154
138834.75189983804,0.04134939902983785
139293.8760144837,0.041665142606110546
139757.53654578366,0.04074184753272971
140209.9899613418,0.04190943657662087
140656.77289149121,0.04101872962620234
141100.32832001997,0.04114241114808241
141546.0514242972,0.040770139424255745
141988.5473171341,0.04205443445229857
142423.84360012456,0.04134766470923528
142859.39328087925,0.040978865531901165
143293.82669745383,0.04176914038769002
143729.74544660677,0.04101428831688932
144162.90713483846,0.04139077145553428
144597.22981405217,0.042621361150695425
145037.65458846968,0.04199900099220343
145477.5856142982,0.04185014188133526
145911.14053245215,0.042000222589595675
146336.05071424117,0.04104189762275882
146765.0764672862,0.04051684591436053
147189.79488937365,0.04147869466391099
147611.02846441948,0.04144672594633519
148025.78355140187,0.041135569917765125
148444.3274784348,0.04165917388557418
148869.63635230318,0.041787048416380604
149291.78524201596,0.04118787814237239
149706.72361370717,0.04170075838937418
150120.06970358815,0.040253772324171024
150539.9262908456,0.04204656994780962
150955.99987515606,0.04043492312162337
151375.53238979986,0.040412593672455234
151785.2523871934,0.04082566313786164
152190.9693622863,0.041527724097485084
152600.69522148152,0.04025647634417791
153007.8761774063,0.041007220297510465
153418.6772684752,0.040852693260403715
153831.6399500624,0.04135463595043591
154244.30902972518,0.04131463824206491
154658.81081756292,0.04107203633006294
155075.5554378311,0.0398528571551172
155490.88924208426,0.03981881187012215
155893.23704582345,0.04123354462938749
156297.38663171692,0.040800988694495034
156713.26231143248,0.04158873789761108
157130.45370081687,0.04094084670897065
157544.95957513276,0.040742062259383094
157962.29172370877,0.04125180801522505
158382.55976294447,0.040230902372773346
158806.04779457703,0.0417768328219718
159230.81397815913,0.04223017407045709
159663.15184192482,0.041762111934433147
160089.29500124656,0.04130007207216497
160514.8789276808,0.03983475778983561
160937.09510140406,0.04148550805762827
161364.10216834344,0.041138663164478166
161786.12359200945,0.04040995480663255
162212.67170046802,0.04023197410885137
162641.8079780261,0.040633290118138155
163084.90359038403,0.04013575704613943
163526.60240363659,0.04014625327427011
163974.40580705588,0.04082500576811954
164425.50133881313,0.04064332091608079
164878.55044667958,0.04036760797912013
165329.86067821967,0.040004511542199674
165784.0476398329,0.04006731510010599
166241.4360014985,0.04037681093853424
166689.41152622717,0.03986152822103036
167134.7727329425,0.0399194537583572
167580.94343863154,0.04057941063545723
168021.55029254325,0.040771566278905234
168461.02614012104,0.041438725821848724
168900.94813057862,0.04152020746473984
169340.27924504798,0.0411737383417638
169788.85988771054,0.040511117775467245
170232.4189881324,0.04124920588856135
170671.81398976664,0.0404429794722548
171106.85049294896,0.04112131982910703
171541.66340581968,0.042142113752334995
171977.04214726604,0.040712540068613065
172408.84357646471,0.0405121488545906
172841.22238154613,0.04046696133881066
173275.90379209095,0.04198234025041509
173708.3468434815,0.04167936491655012
174144.29538077404,0.04041097004222659
174588.1556165409,0.04047052083815774
175032.61169714748,0.03995961279776019
175472.60069747167,0.040352812824400425
175903.14751029576,0.04085633557490398
176339.12519512957,0.042263386444079135
176780.83702640285,0.042297365108626216
177231.65246636773,0.042261916017146656
177681.76021236728,0.04179426071020358
178138.22965641954,0.043433710846982554
178588.67034611787,0.04132134775237623
179023.1358709195,0.04093988033372329
179459.26162391563,0.04197274827374452
179908.98054498972,0.04004068258801637
180357.3829933246,0.03983689913038648
180802.46329588015,0.041526208058889125
181256.4000623247,0.04191970806705307
181707.14422897052,0.041245069693611046
182160.1638372238,0.04164300203022128
182601.1112080788,0.04176278615765587
183038.89393278045,0.04099694897793361
183486.1117764471,0.042341747807532144
183930.80613772455,0.042784933916437166
184381.853477338,0.042889319129498615
184839.77057869793,0.04274796414184828
185299.20677372994,0.0437380757955919
185759.10497168812,0.041600150899266955
186209.97433816185,0.04303619872340214
186648.16780031202,0.04316409189758762
187083.26983532935,0.04345079290589455
187519.2128456401,0.04279282162488613
187954.73108301676,0.042271942213108336
188387.16823595436,0.04239117895287277
188823.20767790262,0.042211747760710516
189265.76461403948,0.042962414507385846
189711.7349735285,0.042231210766860566
190171.09113039137,0.04264317498314207
190628.9907072471,0.04244788040541938
191080.1123364486,0.0429909406425684
191530.2925976782,0.0419339876222974
191986.4087504681,0.04196973149041121
192439.29250046756,0.042010593399233
192891.17317286108,0.04143766930810091
193326.6460138378,0.04067732354279491
193764.04695217256,0.04086380812609154
194206.25143427288,0.040924984331418446
194655.09646282226,0.04174256982402116
195108.76049398116,0.04075856106604049
195553.3725343321,0.04261144500852393
195999.07810259928,0.04242612907984254
196432.53451294237,0.04207314399071006
196859.37043489082,0.04233045994142339
197280.94800249688,0.04206604266725904
197702.93887088733,0.041329627910260326
198120.4171503464,0.04193321887202623
198531.0107902451,0.04131835731380781
198940.43831087823,0.04177584150388523
199352.20099781727,0.04200503103832071
199764.79177329753,0.042025114993734174
200185.900710546,0.0418539225914769
200609.46763128354,0.04088354975120321
201032.54643547683,0.04098261861554202
201451.5941106744,0.04152353894403505
201883.24005992134,0.041682049382676674
202310.40270590436,0.042521929874889376
202734.28481407536,0.041721070438112934
203164.69913217207,0.04148941632564491
203604.70611735331,0.04082173139518163
204049.89752055818,0.04099174543614052
204496.77919730774,0.04162856171493715
204944.72078367753,0.040646497925248416
205397.84673492322,0.0409569133892548
205858.31238309017,0.03988063928311412
206313.11813820177,0.040401575363176755
206765.2574517278,0.042395906589650645
207218.40689913294,0.04093580310778461
207681.94696118808,0.04276267188127079
208148.64300834268,0.041921132982877404
208607.44517899465,0.04190761440404485
209063.87406437125,0.041909339417822794
209525.11797016417,0.04143367262890781
209989.61858434675,0.04048832575914637
210458.16037147844,0.04075352577659943
210919.36435655918,0.04077434212986229
211379.74296587435,0.04033336489615181
211845.68504182794,0.04047574643418222
212308.4163601222,0.04079822461584583
212761.33281337743,0.04024444498782522
213214.84823712948,0.03945197246131811
213668.77358372847,0.040463767258771495
214113.73539304847,0.04111672205294032
214563.0757131265,0.04067827687549991
215022.1854788363,0.04045227175402369
215474.64199376947,0.041692022320138765
215930.65042121685,0.04085174534793321
216387.07742217233,0.039434522819863094
216835.1567331671,0.03952898414821807
217280.6484092327,0.040222250287075816
217726.1850489432,0.039808392582216225
218173.52826182,0.039364639068740416
218620.40884735202,0.04066860437051649
219071.26115444617,0.042631010280931886
219534.3170244633,0.041943702560424706
219996.58082824,0.04308260958865455
220454.72404984423,0.04108237516859706
220902.9977525284,0.04046446422080225
221359.1564566438,0.04112410617237844
221813.5279650437,0.04112390208350073
222262.73877805486,0.04000038586862099
222712.50358188502,0.04089371261805098
223169.3782351107,0.041252377211888194
223627.22791365112,0.040385261866601845
224084.00430953718,0.04088647579304763
224533.43278647622,0.041029460575107396
224978.34060726978,0.04168999823438394
225433.06815774718,0.04134181334732497
225897.47371378622,0.039355722894439914
226354.7625397221,0.040268784256368075
226814.50131233595,0.040601319574428446
227279.38494637067,0.04041552203642679
227741.29501867996,0.041052797701818786
228203.43387862138,0.04080700190169557
228663.4858640704,0.04031634328218057
229118.64574886157,0.04250859402689181
229575.55805243447,0.042027895974173765
230037.45266899475,0.04106712451229277
230512.65230941845,0.04215966622701782
230995.1054699682,0.04131754265723202
231470.77673171644,0.04130533004954648
231949.3380756271,0.04074017701787949
232433.80675574427,0.040772247462206174
232910.5505009646,0.04128658215546688
233382.68031761912,0.0409576556618499
233847.03004425607,0.04252586758811892
234310.62189271697,0.041117983836097695
234782.63269506642,0.040778589742102994
235255.53063136202,0.0411334758985027
235725.1646311067,0.04146522482062451
236187.79307332294,0.03995090481502081
236649.998317757,0.040495543340579455
237119.70966132352,0.04108282326955091
237590.4688086011,0.04080633382561254
238060.8595726123,0.04132407091415918
238535.5299432916,0.041195041327998255
239001.33095684802,0.040708487806890424
