D,r2
20.8125,0.7549970502788178
29.59259259259259,0.6418313681342946
38.97959183673469,0.6890201985197149
46.82857142857143,0.6828560325057599
55.166666666666664,0.6465518564718248
66.31818181818181,0.6041047392063604
75.26666666666667,0.5554950192467835
84.35,0.5993810955946207
93.02,0.5198538565820219
102.36363636363636,0.5767933268437342
113.12280701754386,0.6061149877108921
122.06060606060606,0.5423096782765388
128.95454545454547,0.5211634756355804
137.76470588235293,0.5513821125494621
146.63829787234042,0.46481443483456636
157.16071428571428,0.5525142887623741
170.55,0.6216261826510763
181.3673469387755,0.5614726031221966
191.08823529411765,0.6053351027853631
198.82258064516128,0.49462187584463935
211.0,0.5751759530193443
222.41304347826087,0.5490355129948363
231.28947368421052,0.47526144836517514
241.39583333333334,0.49499973891105253
251.95652173913044,0.5072497193808351
260.5348837209302,0.5380650397482781
271.6521739130435,0.4906665874524784
283.84313725490193,0.4622776457120405
293.97222222222223,0.4213736864636878
304.63461538461536,0.5627134024872874
316.76190476190476,0.5317088533056223
328.51063829787233,0.4761103254087777
341.6,0.5203031890477173
355.3333333333333,0.47784286217166155
367.5217391304348,0.5100078406423931
378.3658536585366,0.42683062811910216
388.59183673469386,0.40292905742248336
400.68888888888887,0.39850502635828355
413.1363636363636,0.4554545834846833
423.0232558139535,0.46481598411287894
434.4468085106383,0.4379352442265742
445.4130434782609,0.4420853687587121
457.0444444444444,0.5253645592713061
468.2307692307692,0.4118139828350865
480.42857142857144,0.4428853840809355
494.3777777777778,0.4117799867197327
509.4130434782609,0.42845740525203885
522.4130434782609,0.3679819303298943
537.918918918919,0.38245748256843387
552.5,0.46017393402429163
569.2765957446809,0.46057865534075443
581.8536585365854,0.47594507295992206
593.843137254902,0.4389683111876879
607.7857142857143,0.41253476580244924
621.8541666666666,0.34539294821915023
634.4186046511628,0.4179224233091835
649.0652173913044,0.3968502215942589
667.0869565217391,0.33724339599681735
682.0930232558139,0.39168861622034135
699.0232558139535,0.3626266921465353
713.3181818181819,0.3505069134420575
727.0666666666667,0.405118550746017
740.804347826087,0.3519714683429523
758.6,0.35968228529980956
775.5,0.4055829531269073
793.9069767441861,0.32273755137095533
812.6666666666666,0.33362972432235305
828.3170731707318,0.34769269467802083
842.9148936170212,0.36402017879922116
859.1860465116279,0.29455392695621346
875.204081632653,0.39719001374133006
891.8636363636364,0.4273041586013098
911.9148936170212,0.32177061964354964
929.7674418604652,0.42804603543612374
951.5106382978723,0.32847405311659733
969.0222222222222,0.3193002124508615
986.9772727272727,0.330921697636497
1005.5777777777778,0.3346413761125249
1023.6976744186046,0.3207174402926594
1039.3333333333333,0.3865107736376973
1056.1666666666667,0.4043326854080913
1071.1020408163265,0.28299147485573184
1086.0243902439024,0.3931507347804493
1101.2916666666667,0.335395540984998
1122.212765957447,0.28967999695345964
1144.6818181818182,0.3296315703596479
1163.695652173913,0.2688050845924236
1186.6222222222223,0.28141197873139023
1207.2558139534883,0.2856118790975293
1230.4782608695652,0.30227274841014545
1250.8222222222223,0.32381520749319465
1275.7209302325582,0.2998009052823667
1296.0,0.36727270502598064
1314.1136363636363,0.34066606629618823
1334.4418604651162,0.27213249872491196
1355.304347826087,0.30502647639956987
1376.212765957447,0.2673952007280918
1397.0454545454545,0.31167502742639125
1420.2790697674418,0.3483345022093843
1440.5652173913043,0.2573093189842398
1466.891304347826,0.3155077466959171
1481.85,0.31048743019680025
1499.469387755102,0.2660742634340145
1528.1304347826087,0.33398840899943605
1550.6888888888889,0.32636584414959935
1571.8181818181818,0.3318566062709038
1591.6444444444444,0.25010922925556517
1612.6888888888889,0.25881432384066094
1632.1555555555556,0.30772851013412506
1656.3333333333333,0.33391911120149614
1676.452380952381,0.3637843376709735
1695.5217391304348,0.27908041870734274
1719.872340425532,0.3371906124826207
1744.0454545454545,0.2752345308953479
1771.0217391304348,0.2525934777104934
1797.4545454545455,0.33884045527376655
1820.0222222222221,0.37278564264107844
1842.7555555555555,0.27083479222194257
1867.5333333333333,0.2722454924403203
1888.840909090909,0.25464187524913473
1912.3863636363637,0.2877474597409124
1932.8695652173913,0.3018259202130592
1956.7441860465117,0.2717802389454843
1976.8695652173913,0.2362409938362579
1994.063829787234,0.22056106167464404
2011.2380952380952,0.24279123252428972
2030.2553191489362,0.23033668764297205
2050.1136363636365,0.21237244458707646
2068.088888888889,0.1374791640593635
2090.6,0.27649669887618694
2111.782608695652,0.26638151543628036
2129.8,0.26141071818577716
2148.1363636363635,0.3578393803774863
2166.777777777778,0.241877518556885
2186.8333333333335,0.2368972975727123
2206.063829787234,0.2630723748271662
2228.431818181818,0.2784354194271498
2248.688888888889,0.2785215456097994
2268.086956521739,0.19742216589011638
2288.413043478261,0.3106050960149043
2302.9333333333334,0.2941443077683606
2324.777777777778,0.2855131194761312
2348.0444444444443,0.26591667468903524
2371.8863636363635,0.21592230652116584
2391.3414634146343,0.24193545739927919
2409.938775510204,0.2605829862088483
2432.733333333333,0.2501092944488539
2450.906976744186,0.2347558027533329
2465.936170212766,0.1948790416287142
2489.288888888889,0.14606484688247778
2512.911111111111,0.2832762675332759
2533.5227272727275,0.2243833526183928
2558.9772727272725,0.328674895705683
2581.7391304347825,0.295149465420519
2600.511111111111,0.26607419501899704
2619.659090909091,0.2707165422573753
2645.3695652173915,0.2851712980046723
2668.181818181818,0.2631959477433091
2688.8444444444444,0.2242989510999832
2710.953488372093,0.18404061222378393
2733.875,0.24143544040310116
2760.159090909091,0.1882360323670918
2781.232558139535,0.1684623232437189
2804.232558139535,0.1981292232881863
2823.777777777778,0.20082827377262827
2843.5833333333335,0.11629605526548277
2862.0714285714284,0.25500460617277027
2879.936170212766,0.26314419515546583
2904.6382978723404,0.20842227283110687
2925.767441860465,0.23353815073031622
2946.953488372093,0.19882751699454965
2967.1063829787236,0.2272209230186174
2987.9761904761904,0.1858491514083703
3008.6875,0.19526153618413966
3036.3953488372094,0.1600754001337434
3062.7291666666665,0.18714609848459865
3088.6363636363635,0.16777712104435435
3111.4565217391305,0.17069599550276146
3134.133333333333,0.2512629308225237
3160.0222222222224,0.20584999700171466
3180.9761904761904,0.23816435275913378
3201.063829787234,0.18054425691765516
3221.3636363636365,0.1942037935244121
3240.75,0.2565990711280106
3264.936170212766,0.19393897043986216
3287.6666666666665,0.17534907299818242
3307.404255319149,0.13405413378957964
3325.9555555555557,0.19997223271966266
3347.0476190476193,0.24260739002194295
3367.1111111111113,0.25683041918916993
3389.7872340425533,0.16703994924221918
3411.6222222222223,0.17155047722009048
3431.1190476190477,0.1445874037615346
3451.0652173913045,0.17383555706777654
3471.4772727272725,0.1991888261389614
3497.734693877551,0.1582262762782071
3525.822222222222,0.14037910844972168
3551.133333333333,0.13502171219967177
3574.6511627906975,0.1454189758181056
3597.1739130434785,0.17391813972877482
3618.1363636363635,0.16184220396945315
3640.9333333333334,0.14981278846734383
3664.5,0.14193878086889858
3690.0666666666666,0.13525718147171373
3713.2727272727275,0.15185958414868925
3738.3555555555554,0.10071512474440499
3758.913043478261,0.164926557607046
3780.809523809524,0.12280938812882436
3804.6739130434785,0.185899019477655
3828.0232558139537,0.1257806550943973
3852.1063829787236,0.16481740113456214
3874.1428571428573,0.17784872796757548
3898.1428571428573,0.12144177952703857
3922.0,0.12076399891605377
3947.0454545454545,0.12306113861067539
3974.311111111111,0.1438607886170423
3992.75,0.1368845253766117
4019.0444444444443,0.1387540506849606
4044.0666666666666,0.21331252817026308
4064.9772727272725,0.15159740630111698
4085.9333333333334,0.1772076713286438
4111.276595744681,0.13380761758285742
4139.883720930233,0.11139845584944924
4165.382978723404,0.12341944157847352
4189.9111111111115,0.11127504232935594
4213.066666666667,0.11292136174673055
4239.2558139534885,0.12339641004618625
4261.7555555555555,0.12281480419025428
4281.761904761905,0.13174021599084837
4301.530612244898,0.16114542884545677
4330.302325581395,0.15756614544238046
4349.382978723404,0.10525393200767294
4372.767441860465,0.14643370947934292
4393.977777777778,0.10213639547587391
4416.404255319149,0.11687222520426885
4445.477272727273,0.10910926931173065
4473.9111111111115,0.14785067216127573
4494.186046511628,0.11075329218537314
4513.6578947368425,0.12962994478065695
4530.9807692307695,0.1328554157952941
4554.170212765957,0.13876189271797157
4577.204545454545,0.13512445394975808
4602.8536585365855,0.0905005130355331
4635.98,0.10378509996621968
4662.674418604651,0.1264128231286578
4680.630434782609,0.11558059036023702
4701.666666666667,0.10354819970586057
4725.1463414634145,0.09903769749390261
4750.625,0.1571342312276703
4780.268292682927,0.05619475869682464
4800.16,0.08562060373836095
4819.590909090909,0.10529757144232335
4843.5,0.11640445154585757
4867.833333333333,0.11021560608535617
4887.434782608696,0.1275250048020923
4908.577777777778,0.10275511581594442
4930.086956521739,0.10980383948754065
4950.2,0.0861216292916924
4969.209302325581,0.1045624955182806
4991.363636363636,0.0767533874691102
5013.489361702128,0.11002567558234373
5039.227272727273,0.1363570495453339
5064.434782608696,0.12288860962381606
5086.75,0.09957089668074617
5107.625,0.15686182589651265
5124.7,0.08497351687665544
5146.239130434783,0.1478818439037254
5172.0,0.11148996796647843
5195.476190476191,0.08122027329834614
5219.382978723404,0.13220662629755842
5241.173913043478,0.12410500218309152
5260.7555555555555,0.13291005811930948
5279.615384615385,0.1790145928164853
5316.885714285714,0.11816063083105109
5361.79,0.12531174520579488
5409.285714285715,0.10766477481629458
5462.772277227723,0.1169001288853034
5510.626262626262,0.12272221301093333
5563.257731958763,0.12344227490777646
5615.03,0.1259678488714485
5669.92,0.1445676569617135
5722.841584158416,0.11735593371214222
5767.49494949495,0.13142683469856786
5825.632653061224,0.1274727105237953
5877.137254901961,0.10738090589034363
5921.363636363636,0.0890431442543558
5967.49,0.10707790399116725
6014.030303030303,0.12175301048890383
6075.197916666667,0.1126401938652885
6133.336538461538,0.089425204737013
6193.806122448979,0.1023109730183373
6241.98969072165,0.11216213813541248
6299.708737864078,0.08891538828174687
6369.01,0.09987729337287111
6433.61,0.1086646973784031
6493.918367346939,0.1011244773520471
6553.663366336634,0.07889407514390749
6610.041237113402,0.09054516931892462
6664.28431372549,0.10043003020355441
6728.255102040816,0.09748125013510577
6799.111111111111,0.11645126487546086
6857.754901960784,0.1003342843173415
6911.845360824742,0.10947079247992501
6966.725490196079,0.09315433128610515
7028.278350515464,0.11684428086246366
7098.33,0.10086418371869693
7154.6435643564355,0.09055403461869056
7208.762886597938,0.10830127387271588
7268.48,0.10091788751559445
7319.9009900990095,0.13016071144347127
7373.272727272727,0.09397617020495153
7430.1,0.14340514065785867
7479.918367346939,0.08641589747746733
7530.617647058823,0.10865921808054474
7580.262626262626,0.07708242463944996
7632.73,0.07710302522982282
7682.48,0.0813355323358987
7727.222222222223,0.08752386942486944
7780.18,0.05426528131366116
7832.62,0.09026315970792705
7881.80808080808,0.0996907961743665
7922.28,0.06510884460724617
7961.265306122449,0.07672114367324975
7998.39,0.07805550389569944
8040.131313131313,0.07095492798217082
8080.455445544554,0.060947453446363924
8121.79797979798,0.07417818589990437
8165.18556701031,0.07748979045583655
8206.742268041236,0.07228632649587691
8252.980952380953,0.07263700641644036
8308.55,0.08725439537853244
8358.642857142857,0.08964622257800971
8418.29702970297,0.07872100434335808
8478.010204081633,0.08269267402094592
8536.49504950495,0.08959901250877911
8586.69,0.07086932629978115
8652.051020408164,0.07955672710029232
8709.683168316831,0.060339137217950436
8776.080808080807,0.06763056835593109
8834.37,0.08195875740031873
8895.39175257732,0.07396698086774095
8960.287128712871,0.08213271435218963
9024.577319587628,0.0877227421493435
9078.59223300971,0.08208430556237267
9139.80612244898,0.09404615430665171
9209.31313131313,0.10433823370613751
9275.411764705883,0.10126420329099414
9336.959595959595,0.10342930253053485
9409.11,0.0918347390589736
9474.212121212122,0.1032657837396267
9533.010204081633,0.08846599292772113
9587.613861386139,0.10338405174982379
9646.242424242424,0.11404288138706432
9705.752475247526,0.08460643975133837
9777.09090909091,0.1207561997115351
9844.51,0.09533575108611421
9908.38383838384,0.09678979727389028
9967.285714285714,0.0746072895570544
10018.336633663366,0.09282316184176496
10066.58,0.07509700822747416
10124.93,0.08433681461490224
10176.666666666666,0.07447253394389067
10226.85,0.08644353707249346
10274.242424242424,0.08656383422124782
10318.948979591836,0.07938136305385753
10369.198019801981,0.09870836564087085
10417.838383838383,0.13578680895736675
10459.38383838384,0.09286890213803363
10508.02,0.09294219873396119
10556.42,0.11841136203013418
10609.050505050505,0.11212013241671086
10659.267326732674,0.08994803657188107
10706.464646464647,0.10286677024886576
10761.7,0.09026511990447884
10808.242424242424,0.09058394668073604
10858.2,0.08871547545663627
10907.80412371134,0.10887075284481756
10951.901960784313,0.11242971661003134
11001.78,0.07886113010628358
11050.113402061856,0.09431135735920745
11092.166666666666,0.09427197244159476
11136.4375,0.08794085927670166
11182.135922330097,0.09329228656704175
11234.717171717171,0.11968300404269061
11279.515151515152,0.0962748139331404
11329.61855670103,0.10160958142403276
11380.274509803921,0.0886028483626315
11433.53,0.08349882686199091
11479.666666666666,0.09115408766872084
11524.414141414141,0.11903036622067682
11578.366336633664,0.09729712236314239
11637.9,0.11218742967293897
11692.858585858587,0.07199798404002773
11752.71,0.09270067194001115
11813.79,0.08542287588248286
11874.373737373737,0.07966351815689855
11946.64,0.10623410179743437
12007.367346938776,0.10711289577530227
12073.069306930693,0.10353092188473792
12141.767676767677,0.10636767764533119
12209.080808080807,0.0924610661431248
12280.19,0.09283472148197948
12344.33,0.10564632981916272
12419.19387755102,0.12494767788290595
12484.59,0.12690174996786338
12551.20792079208,0.1194194390073054
12621.418367346938,0.11979922538310787
12698.722772277228,0.12112414006679728
12775.979591836734,0.10799091355739665
12846.90099009901,0.132753819318615
12915.959183673469,0.1027822397407951
12997.247524752474,0.1261964823321076
13085.16,0.08740521312800978
13169.183673469388,0.094189713387378
13259.333333333334,0.12843473518155607
13347.10101010101,0.07260746533915585
13420.445544554455,0.09665608898248869
13492.07,0.0746080331276578
13581.525252525253,0.11371995468569636
13649.43,0.09362520737925424
13740.94,0.10591109851953374
13822.838383838383,0.11256189727172086
13898.464646464647,0.1081005837563673
13980.940594059406,0.1266302185034237
14058.38383838384,0.10878795213959733
14134.666666666666,0.10840031185992728
14236.25,0.10862360834421364
14338.54,0.08231039789567442
14429.363636363636,0.09044375638056491
14504.79,0.10791654130241199
14590.66,0.11541798915953297
14679.10101010101,0.12068269885088038
14765.18,0.0932391325782121
14861.505050505051,0.08527109366948747
14959.040404040405,0.09846694701270553
15066.919191919193,0.07266325083625053
15162.623762376237,0.10298267471644527
15278.656565656565,0.07636637506010292
15385.469387755102,0.08444661371068976
15492.303921568628,0.08810429334992109
15570.316326530612,0.10226602701647848
15659.90099009901,0.0808407947597273
15758.265306122448,0.062323171292136284
15858.049504950495,0.08749127507439415
15947.714285714286,0.08376153530094943
16033.0,0.08187098107746019
16110.81,0.10019811397597503
16183.676767676769,0.07242216845106667
16251.818181818182,0.07267790962403192
16325.51,0.08978446245510799
16398.88,0.0763989686627115
16479.343434343435,0.0658921161568835
16559.18,0.10113384359669501
16640.38775510204,0.07911801792319074
16727.435643564357,0.08383155548287244
16805.939393939392,0.07523893499634382
16873.03,0.06984033082587177
16956.94,0.05762408409194289
17034.04081632653,0.07716902632001027
17122.544554455446,0.058879724605633205
17210.40404040404,0.08411459908924185
17294.747474747473,0.06890147292527461
17375.52,0.09024437662982891
17457.938775510203,0.06969412397604553
17550.50980392157,0.062231109319600846
17634.760416666668,0.07374551801260336
17721.774509803923,0.0716688888575981
17803.65,0.09711242829212421
17899.23711340206,0.08067343292543913
18005.66,0.09267276736219486
18119.10891089109,0.09054590975078157
18219.20792079208,0.06542056487630542
18325.18556701031,0.05970497700549595
18414.176470588234,0.0666868514432997
18502.95918367347,0.06846118750934102
18585.58415841584,0.06040353630005848
18666.03092783505,0.08457728925762119
18736.63,0.08554790868939201
18819.861386138615,0.05766072589987407
18893.74,0.05909910783569037
18977.84375,0.05183797759505235
19054.02912621359,0.05943995297217078
19120.31,0.04451049592457631
19192.0,0.04777255656351365
19264.666666666668,0.042578057549915276
19346.670103092783,0.04566340299690383
19417.852941176472,0.04273985943114603
19483.242424242424,0.0560582157395405
19552.35714285714,0.06039972248057535
19628.43,0.056938414420485126
19720.0099009901,0.057870781381274
19806.69,0.054567631253575846
19899.676767676767,0.04208801716685291
20006.19387755102,0.07159110649066985
20104.90099009901,0.06611277904389552
20228.85,0.06475529997511363
20352.84693877551,0.06385327022116351
20477.673267326732,0.05519869329600585
20583.82,0.07886789750550158
20682.79381443299,0.04404342710840058
20768.02,0.0375371034636957
20857.534653465347,0.042591873664267595
20933.010101010103,0.04103302467973237
21014.95918367347,0.04596762682218563
21102.940594059404,0.044086658199868234
21192.40206185567,0.04368908357834744
21281.11650485437,0.03377336772256055
21357.737373737375,0.03202230654215399
21431.95,0.05007047802570323
21513.43,0.046009926648408236
21580.0,0.043094038006836546
21653.0625,0.03386136026610421
21722.647058823528,0.043135279645401745
21803.980198019803,0.04919988980258267
21896.15,0.052886204321130614
21982.76767676768,0.04997213160831378
22069.88,0.05811568775007696
22173.040404040403,0.0666163415321109
22275.26530612245,0.04753455745641232
22386.61386138614,0.056169779815547355
22493.23,0.056265030688927346
22615.70707070707,0.06029207586728778
22715.85,0.06032894442043103
22824.37,0.044688119780076176
22921.171717171717,0.0399980155967715
23045.6,0.04134546550631993
23201.775510204083,0.04011916899842344
23328.47524752475,0.05722251541903028
23450.272727272728,0.04543625524045199
23574.59595959596,0.055073087852081246
23692.46,0.058814319684573374
23820.19,0.05240082942794494
23940.65,0.04832132553331814
24048.575757575756,0.03879938183206048
24164.17,0.04722216481035461
24271.727272727272,0.0451801101599872
24366.78,0.05812488265933692
24472.41414141414,0.04544631063739248
24577.616161616163,0.061927406558020134
24682.18,0.06625625652500045
24784.868686868685,0.053492254443485196
24881.21,0.05572294297839291
24984.737373737375,0.03766083398189515
25088.712871287127,0.06350930903202834
25214.848484848484,0.05999492608284941
25359.69,0.06044018281240666
25487.464646464647,0.06778376709164131
25618.14,0.05726569998427519
25752.070707070707,0.06357872257355682
25893.27,0.08015015003190745
26035.63,0.0670651194598697
26173.639175257733,0.05942123220362517
26316.48514851485,0.06240820185715191
26453.545454545456,0.05333763752085911
26579.19801980198,0.05663417879915039
26699.838383838385,0.06227364193241389
26812.26,0.07379547107302675
26926.62626262626,0.05613412314979998
27049.19,0.054375781151302274
27188.92,0.05085846781115191
27301.242424242424,0.04295126589293183
27416.4,0.052273110265572596
27555.622448979593,0.05000799598882783
27679.46,0.05829901022957199
27795.428571428572,0.047133475865301665
27910.00980392157,0.05396447784722826
28013.3,0.04226006805238481
28147.60606060606,0.053176103178329125
28306.06,0.06553930758133793
28452.070707070707,0.056136029290105145
28631.31313131313,0.05818578877827955
28768.262626262625,0.05797945430122682
28875.08,0.029967488135657444
28979.70707070707,0.04369646060196624
29081.970297029704,0.04830262728452415
29208.33,0.041080383404681876
29334.438775510203,0.0397462847814956
29450.47474747475,0.039221366805234116
29538.257425742573,0.03717423559945089
29628.05,0.04898351018691802
29728.424242424244,0.04653475162707477
29827.73,0.04625259333536292
29936.41414141414,0.046690772495953325
30077.77,0.04286516968757326
30228.43,0.07109702633277058
30410.303030303032,0.06416748994484332
30617.24,0.05039493899793121
30798.030303030304,0.06494542422311868
30937.28,0.060364523911060945
31106.222222222223,0.05660041675370202
31290.46,0.05691900475063503
31474.97,0.059849306173940325
31647.88775510204,0.05224555920634292
31787.673267326732,0.06504371142899663
31928.050505050505,0.04935982367003723
32051.2,0.04868839265580791
32198.5,0.05314355337052458
32330.37,0.040923559947073515
32461.484848484848,0.04685506074963159
32626.029702970296,0.04424157614679363
32784.64,0.048350136228041095
32927.59595959596,0.034515382806916725
33069.01,0.03218104431495321
33195.080808080806,0.03584782796155485
33309.56565656565,0.04012008209780316
33428.53,0.051033351782827606
33575.68,0.03353734463571878
33725.545454545456,0.04654760060984805
33861.73,0.0497773806209958
34024.44,0.06836741902902249
34205.19387755102,0.06026552087085679
34389.24752475248,0.054518878995399846
34568.26262626263,0.06640209953809595
34770.3,0.06185369304981405
34937.131313131315,0.05063134134149488
35087.36,0.04947527821703313
35237.666666666664,0.04192045121169602
35388.75,0.04712924413351875
35559.86,0.05886281392891553
35750.32323232323,0.04574471718106773
35933.5,0.0596453312099268
36091.41414141414,0.05620337126057518
36270.32,0.04871482811801822
36474.20202020202,0.05494105449213214
36675.68,0.05896818345110346
36911.04081632653,0.05579087525442003
37108.90099009901,0.05839825718338037
37287.35353535353,0.06286912756280377
37461.82828282828,0.06122591154968079
37641.87128712871,0.04733105629264032
37834.50505050505,0.040566226373498014
38031.24,0.06643013877569688
38196.36363636364,0.06242267862367008
38329.818181818184,0.06668313693385415
38465.74257425743,0.0606149093393656
38602.343434343435,0.061460973796512386
38733.8,0.06070854093258332
38852.510204081635,0.050904418450514737
39008.09900990099,0.062327033582766915
39162.40404040404,0.045441631458540924
39327.86,0.058586482200647445
39474.37373737374,0.044646491538941194
39623.93,0.05474152070613557
39769.91,0.053301256817468466
39912.63636363636,0.04470810611893019
40054.83,0.045896836034024266
40190.9898989899,0.05345087109156538
40345.84,0.051386546230502345
40516.35353535353,0.04713210257142999
40655.66,0.060376728055715326
40787.40404040404,0.05582141827608001
40929.9494949495,0.062222741399322344
41071.11881188119,0.05120763292080608
41194.845360824744,0.04294243735563893
41317.294117647056,0.05823812525005739
41476.74747474748,0.05235768119171227
41667.4,0.05090155059585322
41816.48484848485,0.038237217422676696
41961.47474747475,0.050953966494079045
42118.81,0.04865589908231339
42303.78,0.051132236275796626
42445.25,0.04447455137444986
42593.88888888889,0.04763843744675563
42801.94,0.032954394354514076
42965.30612244898,0.037854392600500796
43127.455445544554,0.0389432132309485
43307.0412371134,0.038683437653478966
43464.24509803922,0.03881479932960253
43613.68686868687,0.050360988376715383
43805.62,0.04627097851391338
43984.55,0.037817687371923835
44132.57575757576,0.03755902405507483
44258.32,0.04141680020655006
44395.878787878784,0.03539228335890425
44535.37755102041,0.03347953558031344
44650.49,0.03245637353826033
44823.851485148516,0.03048947907946847
45032.53535353536,0.06532723579455983
45223.64,0.03951144653438148
45386.79797979798,0.06432164174004998
45576.17,0.04559171123856343
45748.15,0.04655897794882755
45934.36363636364,0.05436668351969646
46111.14141414141,0.03781099635821759
46286.59,0.0399210630533675
46450.0505050505,0.04943408449954308
46623.0198019802,0.03537967490391118
46795.93877551021,0.05159666623906292
46974.66336633663,0.048800124901473355
47118.52525252525,0.046477393769620144
47291.71,0.03671668672960469
47466.489795918365,0.049806610984306686
47615.069306930694,0.04062862219807573
47759.969696969696,0.04494915863307534
47931.04,0.055000131221531495
48117.28282828283,0.05921880460380205
48279.96,0.06910335826211761
48437.9,0.06321490885808219
48593.81443298969,0.06929302046624322
48729.57843137255,0.06776061261103097
48841.545454545456,0.052066223709430114
48961.92929292929,0.07098740075042645
49095.98,0.0551098065451979
49235.75,0.05630475033288124
49368.0505050505,0.05486598079857952
49503.292929292926,0.0469137594667289
49636.94059405941,0.06046051230139319
49772.31313131313,0.055754811675785526
49911.68686868687,0.05183780431816284
50047.82,0.04942195245068695
50184.24,0.05584235863901563
50312.48,0.06875711426248735
50429.53535353536,0.0530350778523734
50548.85,0.05368975564925993
50665.15151515151,0.05919307421104162
50790.47,0.0660486643212883
50917.9898989899,0.04853638200506521
51046.56,0.05259197491684553
51186.030303030304,0.056287068158375315
51329.58,0.045249638649760254
51486.91,0.05960779659253178
51631.68686868687,0.0505219156195155
51766.91,0.04343302280800256
51914.41414141414,0.03377407912073872
52065.22,0.045375192570800145
52206.69387755102,0.03367396559803162
52344.27722772277,0.03481694405152478
52483.32323232323,0.03722205456134734
52627.05,0.04580689968295137
52759.59,0.04800880671498286
52888.181818181816,0.040266483111764784
53012.64646464647,0.04468490357338847
53161.12,0.028717867471173518
53290.77,0.040108614151539594
53406.020202020205,0.032810064057165564
53532.64,0.037498556537426814
53686.36363636364,0.03583079539980756
53839.13,0.04134871163747109
54012.17171717172,0.05246054114937895
54167.41,0.04242996190155876
54321.9898989899,0.04429732129279258
54477.97,0.06460873296997216
54629.242424242424,0.05503128855379046
54758.82,0.05545557178598668
54914.181818181816,0.061384299831043786
55048.78,0.05068448328536653
55198.97,0.04204696119242826
55322.94,0.03884822239708923
55453.90909090909,0.04860282549643916
55570.1,0.07633164294832032
55670.92929292929,0.04566614834027937
55760.73469387755,0.04289755252734124
55880.148514851484,0.05815435851796738
56023.02,0.0660818049876681
56145.13,0.060181931483917935
56272.56122448979,0.06233232174325243
56395.16831683168,0.046972340752307606
56541.38775510204,0.06323002335140757
56673.74257425743,0.04707204791314204
56789.656565656565,0.03758554623694275
56909.73,0.03681170148371727
57033.78571428572,0.04765661641776233
57179.49504950495,0.04220512347561444
57325.89898989899,0.03953801515020951
57452.86,0.041267191452344996
57585.34,0.047937622699408794
57716.22222222222,0.03286149763503879
57833.93,0.03786851431395362
57948.28282828283,0.04439192252758191
58054.020202020205,0.04571471644374174
58182.49,0.04023456293889681
58331.42,0.03682377841406225
