D,r2
200.33248967630212,0.10022538520160953
278.70062095389085,0.09131034036261387
360.0505243088656,0.08814652007544661
445.72697583278904,0.08074323509642155
534.2554030175344,0.07808546423831383
624.5278884462151,0.07176380928818775
717.3010257759074,0.06906707003810009
809.7345405767941,0.06519155275260881
906.6169088507265,0.06133053236667062
1004.7695197209551,0.05512353296927265
1102.962790077354,0.05891234386952183
1202.1185430463577,0.054437218197473616
1302.281517094017,0.05407858198037319
1399.692637789996,0.05290991477382064
1494.4313333333334,0.05665969746508418
1592.986924616411,0.04985741836549079
1694.6158861096328,0.04790986925110258
1797.145584725537,0.04831318757761183
1901.0181281052774,0.04326209092780493
2006.5434378320936,0.03942421303002157
2111.1808623902048,0.03748023780444531
2217.0122147651005,0.03838879076774681
2322.6619718309857,0.03707275120702634
2428.3015108971786,0.03422799080913969
2531.2354735820277,0.03687538857991147
2634.649354218192,0.037360527793013944
2738.013942573164,0.03299025788959807
2842.949563530553,0.03181335172104016
2950.8399944297453,0.030614194433138533
3057.6247079840596,0.031794518851229664
3165.661527777778,0.027778635931785065
3271.036803076078,0.028137330022144257
3377.1309308473633,0.02608278280754565
3485.2952696179836,0.024898274772342938
3593.159916782247,0.02408967946261897
3702.150878163463,0.024021714577016438
3812.3798844248763,0.022907554669685498
3923.900655783452,0.024120061505632708
4037.0924879393524,0.024803088918101766
4147.63018036624,0.02563423329025484
4257.617118997912,0.025835720017284885
4365.470937456855,0.02511876779016942
4475.40503875969,0.02379918754640055
4584.98158404874,0.02392661333709431
4691.797873809195,0.024478070259051247
4797.686990183879,0.02420875796579699
4903.827667219458,0.02413713414243699
5009.857616351333,0.023482860373256104
5119.033514114866,0.022947565303225972
5229.084577114428,0.022858297249817437
5342.126106194691,0.0234473506585459
5454.678348801773,0.021696335716823046
5567.2060731538995,0.0223519580316987
5682.336105336105,0.022282505575132026
5795.142069725782,0.023128123600271906
5909.25090403338,0.022618558407667064
6022.852727022942,0.02288346698382006
6137.831395348837,0.022934783627725972
6251.397473275024,0.02240978356969589
6364.092360633173,0.021327010332020155
6477.4988916597395,0.022520320319174027
6590.205174572263,0.02293224843245079
6701.090620689655,0.021574660137589942
6815.498553121124,0.022685811266946014
6931.18629076838,0.022279274848834827
7046.072025633881,0.02217222222594658
7158.654443071006,0.021523221718784152
7274.22474571548,0.022308240117428647
7389.0388858246,0.022421391688841802
7505.886058424478,0.02203900943813363
7623.811776061776,0.021379834152173437
7739.473283499447,0.02123932662283506
7853.573795600111,0.021458878106344115
7972.507485235545,0.02049489047115982
8092.854123209568,0.021257194089121988
8209.452960708357,0.020708995443019143
8326.813725490196,0.020768934603447718
8444.473008421925,0.022021459838962133
8561.55600055241,0.020955128408161924
8679.011220390636,0.021596143681177862
8793.487956810632,0.021355017082638424
8908.605102606767,0.021446382462748617
9026.298869589193,0.020980734021808285
9144.20965956269,0.021364896002959564
9261.079523413688,0.021453319098026023
9380.519757675891,0.021137385529857014
9499.11516075388,0.021205670628500872
9613.929333518083,0.021066990192595867
9730.729123390112,0.02113785809731935
9847.154261954262,0.021254891445761752
9962.354860919857,0.0211989037251168
10079.482911919979,0.021759205868487157
10196.114837819187,0.021240885714531223
10317.17555032535,0.02160009781881811
10438.088710791764,0.02058630594065554
10558.40527843029,0.021404714284112517
10675.88406798397,0.0214684383513742
10792.218124050283,0.021083820095459636
10910.495157719977,0.020508586828403723
11029.117345525076,0.021067631447789704
11147.206269940352,0.02027200704894914
11265.374052116365,0.02109950221369551
11386.67447014822,0.0206259036720549
11505.240825370447,0.021057410393182565
11624.060152460152,0.020579527395276687
11744.284236657013,0.02123354419777835
11863.539559373701,0.020357741794911427
11982.057206024596,0.02074670371522654
12098.254912814835,0.020708923433086057
12215.125156271704,0.02135704248633631
12330.64016563147,0.02026080353820054
12448.689168626366,0.02088007621583282
12565.25328174658,0.021125725839769103
12681.920950263962,0.02042573423531728
12799.11049951837,0.020705959201148563
12916.165074089462,0.021086403150203586
13032.57136946628,0.021069774954502674
13153.997776542523,0.021490353546416614
13273.732174872432,0.02087087998528491
13393.215981231024,0.020811036207018224
13511.098383308,0.021472496035033824
13629.733471933472,0.021457466795680512
13746.346961479627,0.021251641147418742
13865.464888028753,0.021621891163017444
13982.941249826798,0.02131561609808174
14099.842806150467,0.02173072126655749
14215.545089347555,0.022429423895578445
14330.396158629266,0.021195688125741113
14447.483282251324,0.021328672145788034
14565.718522586845,0.021705009530495388
14685.71140011068,0.021174097214913076
14803.834889229483,0.02167211287806618
14924.956287920573,0.021082807424637893
15045.184297520662,0.021196749909719016
15163.792481620198,0.021544374278411018
15280.870503597122,0.02160429956813329
15398.595967964651,0.021394096391058725
15516.211624026697,0.02165325624273652
15632.522539857064,0.0211903387196011
15747.670138888889,0.021806161355016337
15865.471961325968,0.02158676954708736
15985.522410701971,0.020828102804784164
16104.320372170532,0.02120092262907346
16224.323488630062,0.02123500394586468
16343.998345055854,0.021579993066590305
16461.780894196057,0.02123160213610813
16579.295959178045,0.02138236262444081
16697.453092425294,0.021951665681416682
16817.432540228303,0.021107987070269497
16937.314960629923,0.02142741780176578
17057.582630341585,0.021600388710228575
17179.67219281137,0.021131379545870008
17302.992269464383,0.021986414637667456
17425.698417068135,0.02133282225801273
17547.981747248155,0.021101034957808698
17668.352489370456,0.02125707109673314
17790.270416666666,0.02143443766019075
17911.5136748577,0.021034581990766178
18034.51845221702,0.021131173433905557
18158.898307436182,0.02133210792144445
18286.089100704517,0.020870672385217757
18411.428354500276,0.02108315601158227
18536.359197787,0.020984204352466913
18662.49103544128,0.021539640473693927
18787.037470725994,0.02133161175777273
18911.2589558456,0.020664172119224913
19033.68021567814,0.02147547680606187
19158.988155901392,0.021694760686385345
19284.37754677755,0.0214421446814817
19409.5191907995,0.02163497144583523
19536.942495528958,0.02136122046841156
19665.83368012207,0.021134055319182568
19793.461708598286,0.021143974048724944
19920.804996530187,0.021784590985950505
20048.506475613118,0.021753856015891762
20174.72378303199,0.021046928119919435
20299.809260539045,0.020169641167866896
20425.436854427764,0.0211201586117814
20550.487872487873,0.021694021529162142
20675.54716459198,0.02158942776496437
20802.16763969975,0.021317032078494544
20928.7264604811,0.02155657639174946
21056.212798445307,0.02020179679774048
21183.26941209096,0.02084005678704807
21305.813702422147,0.021702646681799102
21430.36736378646,0.02108560912495369
21556.073971846537,0.021466798662805722
21684.704888519595,0.021427257502161456
21811.50995575221,0.021121556151347844
21939.88100527631,0.021149108456242613
22067.663579820317,0.02086362356752775
22198.978308925118,0.021507224504111463
22331.958788549302,0.02155481778059992
22463.31625466096,0.020878801934598002
22595.15677025527,0.021727003789778324
22724.976558190843,0.021142753637201514
22853.582463465555,0.020587615704506835
22982.886860304287,0.021086830864674392
23111.608533554267,0.021559535403541094
23241.534899792674,0.021189080516292928
23371.14315295417,0.02137032103151587
23496.534996534996,0.021135280021809404
23622.77262631871,0.021580512592583808
23750.11001236094,0.02166351925154963
23878.925598119207,0.02142017728098151
24008.02365052866,0.020820884218421345
24134.22199227373,0.02164271615638891
24263.046015246015,0.022781718523294518
24393.17697523177,0.021478942320118342
24520.917962835512,0.021778049954477033
24647.341263216473,0.02118835834626373
24773.906258615934,0.021589996659000125
24903.587925782333,0.02148297129832146
25033.457324664545,0.021432075004404368
25163.553147144645,0.021976606731062654
25292.792713221086,0.021974943230995393
25425.71782795401,0.02266862645618807
25560.349083895853,0.02165603352452497
25698.85205213533,0.021525683508863063
25835.061365840145,0.021539329323852097
25967.65567209495,0.021772849578791043
26100.228062913906,0.021835754767501405
26228.732677383592,0.02202524228673528
26359.799779218985,0.0217396295647578
26492.819035778422,0.021185652948883322
26625.414796342477,0.02146300421502285
26758.67937126165,0.021887687594682324
26897.51239328009,0.021259630458963428
27033.757378412083,0.020566442101484974
27168.88424392936,0.020763531840617366
27306.115411195577,0.021093149190268605
27442.897038472183,0.021378100340539902
27578.095495495494,0.020442809455945156
27714.9175900277,0.02066547443670702
27851.359204529763,0.021196901594728736
27984.37363094413,0.021618340744291916
28118.93830227743,0.021244592388219078
28257.445243362832,0.02099597480507649
28394.979637068845,0.020905070481364703
28529.203757425057,0.0216298626322387
28664.507868580895,0.020671610923818924
28799.57626178591,0.021650216275397084
28935.357606743124,0.021133996882266498
29071.225328719724,0.020984207758394883
29206.21212964251,0.02193933071511074
29341.638175072145,0.021238072964903525
29476.08192168842,0.02081871681416537
29608.686637217008,0.020955761717041166
29743.643370165744,0.021528744980875692
29877.850020772745,0.021892166615285546
30016.239605061885,0.021581042484355675
30153.521691378362,0.022321084656389628
30290.177950785484,0.021553279180349796
30431.411846111267,0.021502883559083214
30570.826327433628,0.021863546927851724
30709.316313823165,0.02153696901306642
30845.828496406855,0.021305780319264098
30976.525790349417,0.02149162942673835
31108.824238227146,0.020814622657576755
31241.30777731731,0.021266000403820824
31373.171043585866,0.02136050133057737
31505.86690647482,0.021656293389986037
31636.284342379957,0.02139440046118359
31768.515597086713,0.021127050891472002
31901.855084510946,0.021408807960039425
32034.271772186894,0.02083533570167453
32165.91823986674,0.020544214081639763
32295.384743411927,0.020883894169021675
32429.542880817567,0.02121583352307992
32566.269507470945,0.02195636083129041
32698.114896551724,0.02161552920057912
32832.81700887902,0.021192720466280558
32967.749792760435,0.021309665601834574
33186.63022327554,0.021196133669548426
33489.70835152498,0.02077720429647676
33792.5282160005,0.021765622058910594
34092.33212883933,0.020657981613874502
34392.60083692461,0.021197527678830392
34697.10648379052,0.021551800983381844
34995.11194215906,0.02193969539890704
35297.498375,0.021609672562928228
35601.55213728549,0.02139551342251828
35907.15770140705,0.02134140252162726
36207.73711790393,0.021255021735372717
36510.594466600196,0.02140280172663742
36813.16373536959,0.021688860294929387
37114.621868589544,0.021611923876678464
37416.78694350916,0.021177119442094352
37713.46502906432,0.02126814194048592
38012.25899146045,0.02118904790192782
38309.814643593425,0.02143369475831821
38608.27371172517,0.02112974561341771
38909.77072288405,0.021101490530140835
39215.660671912075,0.020949599114013256
39521.7528964744,0.02063809703623062
39833.09557444681,0.02139181176666298
40145.90154344038,0.02111515260798879
40451.0096814491,0.021658230563560296
40762.60112184481,0.02140123290109915
41079.31748208164,0.020610421158400175
41395.864454443195,0.021864868251309868
41712.62240379218,0.021502006411330918
42025.68851844915,0.021450029255646916
42340.41764815853,0.021534943537017123
42655.47705907987,0.02133493454871247
42970.53044671824,0.021347242851972408
43284.21351536687,0.021480088764725683
43598.18192048012,0.021401311253456342
43908.45923388353,0.020967907235861852
44215.64263870686,0.021841309899730245
44531.88838339773,0.021230737688220383
44849.78043138481,0.02155715464602773
45169.31471796788,0.021335532540337956
45484.76001497566,0.020757546157690925
45802.850299401194,0.02133233859315025
46122.44434062169,0.021326028275822664
46438.56274975025,0.021142986049595202
46752.0603700704,0.021686414200883665
47069.800811232446,0.02088203958612391
47388.4904375,0.021129904097090233
47710.24573208723,0.02107639439226336
48029.71288672655,0.021466494818188527
48352.524014739865,0.021377304928563656
48674.4402295982,0.02141874737757082
48992.69395505198,0.021901165936460243
49311.80502086837,0.02095900416887236
49629.96459126959,0.0207677682598821
49946.217638602415,0.021212093400502535
50254.35430525334,0.0220839866162409
50569.3696221474,0.02150183585020846
50882.08296861323,0.021564330132241842
51189.00823867183,0.021587923720092023
51496.58772311711,0.021402807054164315
51809.4096483544,0.021389135414706533
52128.45840597758,0.021355841581526966
52453.1797479411,0.02193712412640508
52775.983555500185,0.021973226089848016
53104.151526526526,0.021462337796566144
53431.8494047248,0.0216849643861452
53767.27671352158,0.02144442563472695
54098.62855713303,0.020506003401587956
54423.60019940179,0.021379362978211656
54747.646469049694,0.02056653275513983
55076.46765238006,0.021114398108893512
55404.476056514126,0.02166707035744848
55725.7756829071,0.02102321664889023
56046.09436083183,0.02118651046305398
56373.77880299252,0.02128459675277186
56707.115583525454,0.02121647890696934
57043.65124266267,0.021242404959546195
57368.794955044956,0.021321212164763837
57688.29534550439,0.021129331200385966
58007.194305694306,0.021094276532948125
58336.597643097644,0.021244234029750866
58656.50962796785,0.02118966071407907
58978.36003499125,0.02102221188816246
59304.2258144895,0.021167929901405532
59629.904580866314,0.021783449386832524
59950.89288614078,0.020839636174457464
60284.07695185832,0.021224359041413073
60625.50037373863,0.021084568757127366
60959.284662882805,0.020989914727017216
61292.114048243966,0.02127864416551193
61627.107734462574,0.020992477423875406
61964.13686313686,0.020775565165746364
62300.693857187405,0.020895378733326024
62640.493636930754,0.021153040006270662
62979.04640588015,0.02168784496230856
63307.17719309184,0.021594436617961538
63630.555715267794,0.02136241910382088
63952.99369656119,0.020929480536082564
64283.52465864456,0.02107661205240837
64616.40247175582,0.021074522952023837
64953.40217864924,0.021413638931869247
65285.970428598164,0.021393198217314856
65614.5376840529,0.02178461183943996
65944.34292132028,0.021670817936012575
66278.64358846298,0.021110356059874952
66617.73700610745,0.021409005314890595
66954.43878886051,0.021456020877016577
67282.61239148086,0.021009371431441975
67618.98926275049,0.021372661883619738
67952.39226450406,0.02072481500574542
68280.87462649403,0.020908476463775794
68613.62322822354,0.021486628854862834
68947.95253519372,0.021385779736826514
69286.33689071958,0.021788054372914617
69622.86376667082,0.0210305748846882
69963.70238392412,0.0215098181717267
70297.18733246057,0.021103482326145402
70626.90234155479,0.02180041147934198
70968.29596104626,0.021449432557675004
71309.60609831985,0.02146920275625182
71638.27827771529,0.021762834849431482
71965.81671343934,0.02141237680967504
72295.48203816889,0.0216771050319931
72631.65730127087,0.021130523314954425
72965.80013719131,0.02128840634702828
73299.12208359326,0.02133532956304143
73631.82492359508,0.021750356735675755
73966.95754510832,0.02125777180216694
74296.1864438486,0.02129112887805133
74625.57925269789,0.02154970325943289
74956.36397701723,0.02170682724903275
75286.79997506701,0.02141420336913141
75617.62829706304,0.021702063085016973
75953.44839835473,0.021782945751578273
76290.26487835309,0.02228857999592114
76621.76976482362,0.021823712378332548
76955.97389082752,0.021353700632101482
77288.71084262316,0.02172854816398104
77626.09918902059,0.021555614678682576
77956.18960569004,0.02114918725944014
78281.82352941176,0.021165148456282163
78604.42469597755,0.021720192410227292
78932.28494958297,0.02145200588287607
79257.95459662289,0.02102995824379021
79594.04105151685,0.021193306817736794
79923.99295730758,0.02108920070627729
80251.44721581343,0.021078830958256318
80583.7877011351,0.021745715713080788
80910.9396132252,0.0215982214183337
81238.9238012097,0.021798445709433286
81565.70937285062,0.021397474963095676
81884.82282656046,0.021960053895067135
82198.90892053973,0.021273324448344504
82511.13165109034,0.02144345931888471
82827.92726023975,0.021634912149704047
83149.26718652526,0.021567127324113294
83467.20553999378,0.021385368712022033
83786.6368174727,0.021446736890358527
84102.28319690058,0.021142150096314254
84422.09588785046,0.020902052722889076
84743.95728627549,0.02123681672241879
85063.30355918469,0.021055816337555013
85395.62728463602,0.021111173447098355
85734.21144107534,0.021336182527736617
86071.65096746096,0.021474955242525386
86407.13007316616,0.021962756122188037
86734.49806925759,0.021554917144359986
87055.89125015581,0.021326934449202733
87373.30789901262,0.021857380143993396
87695.40420764347,0.021350208051318483
88025.75287284536,0.021271310365161743
88352.66126821976,0.022065166347133115
88681.04669625555,0.02131959775232223
89010.17140541214,0.02182213275218947
89338.32103918759,0.021045770325995444
89663.77033940604,0.020999958116564323
89993.85443986511,0.020744005648046803
90333.3688539914,0.02084454377625599
90673.48035124868,0.021116223191872324
91016.20603863224,0.02102799843743437
91355.61099010517,0.02097641692635588
91688.50190422675,0.020497341694183446
92020.70365975518,0.020803840158922133
92362.69717739424,0.02127943891082555
92705.40484795613,0.021889658428636893
93045.71684453599,0.02103668338431241
93383.30458120085,0.02087755238491191
93717.4593987776,0.0212567498541928
94045.43907458219,0.021363769293685386
94375.51754440636,0.021367987024175195
94712.2353822153,0.02179604854521278
95050.80767068524,0.021628905580308732
95379.38034667664,0.02109085790248969
95706.4310495445,0.022218567712744813
96037.64495053202,0.02122344878151093
96366.22069568475,0.021097404405999647
96698.00330609444,0.021239553985906743
97036.23773867465,0.021103674240141836
97375.70255258067,0.020727100102612108
97719.2927011387,0.02131951630087131
98060.82887165374,0.021393327553025497
98398.02461519287,0.020688575110100468
98737.06456634082,0.02107909624163586
99068.87726082075,0.020990195354777325
99400.71685505527,0.02088046895424918
99732.19740211079,0.021702111868395362
100064.8543253027,0.02090474667053046
100400.85555763356,0.02137504319036001
100738.7881038572,0.021260238803928102
101075.1319496385,0.02158839094874496
101411.03492063492,0.02087042899218674
101738.64403394908,0.02147285707721567
102072.95291256081,0.0214421788118886
102410.46872076343,0.02115094809026938
102747.53875896476,0.020864817017469294
103091.094249002,0.021322544471133204
103430.71523054845,0.021305221978711306
103762.44079029636,0.020793239975145636
104090.98479087453,0.021125135097897457
104424.91350342253,0.021563084272225422
104755.8605,0.02122151640384617
105093.32410870107,0.021565597122786308
105422.93435352904,0.020945118847870526
105754.90135589003,0.021019527435270673
106091.68571964018,0.021205071410546898
106434.14536840793,0.02127036631868578
106785.97369241319,0.0214979564486029
107127.63627860573,0.02106670549251835
107465.13839620285,0.020502057553936793
107813.82708359287,0.020985591078874457
108174.55431389686,0.021109506084776318
108530.83166833167,0.02163227214743705
108881.5584399376,0.020955276085973015
109241.02421865272,0.02107375545211831
109599.5688428411,0.021542517858229703
109961.50897155362,0.02165379387341374
110324.51420383753,0.021399338992075367
110681.09820426487,0.02095021196084533
111043.90303257207,0.021052777532179837
111402.27530641448,0.02144048183569831
111757.63209197701,0.02170384780112688
112115.11444243595,0.021508272267790392
112468.07588617074,0.021037377830458663
112822.15425830166,0.02128634407563248
113172.55343201548,0.02164325413485215
113523.8551221336,0.02095250998738834
113878.41121844812,0.021292761349384272
114225.10525986616,0.021606647439716627
114567.88689474668,0.021818600969221412
114914.58039166771,0.02138529847704863
115259.09678223995,0.02139976000261502
115605.36876869392,0.021269142928315644
115949.22026486756,0.02115594256319961
116298.32834237943,0.020793210085779695
116636.15428678165,0.021206593148533584
116975.31068931069,0.021322746181706924
117319.7460436137,0.021052383238013794
117665.80707013929,0.021066871887559922
118009.58384165318,0.021407903664989663
118348.86094619086,0.021947316777309635
118688.66284646527,0.021346875026561227
119025.11251406425,0.02162117114431914
119355.82649056133,0.02096037799522768
119690.6052007982,0.021284491592181463
120033.39781931465,0.021446148202795265
120375.21312601474,0.02109980807313942
120718.36202815498,0.021398916386034878
121061.53045653533,0.021373935251610236
121401.80505617977,0.02099906130795774
121747.97699720236,0.021080941864108107
122089.63583562328,0.021101384279897918
122435.92283739179,0.021322792021752413
122784.42864287054,0.02114113051000904
123131.8096158643,0.021237222112617197
123484.89180940518,0.02128730214577746
123831.44308460818,0.021337154020820995
124186.61594112511,0.02132558744142075
124538.4494080997,0.021579524973464485
124890.79000312403,0.02107469678973839
125249.91438185444,0.021962043993735192
125601.55852425245,0.02171649491803937
125963.74611980304,0.020998374535622276
126324.28880843893,0.02130426877482208
126683.82279585983,0.02127105406512689
127042.29820949529,0.021277928310255434
127406.05057686311,0.020510160264093344
127772.04818601171,0.021696316378463865
128136.41000374204,0.021859102584792484
128505.62501558798,0.02048098970873369
128870.84428071928,0.02134057070684663
129232.35578002245,0.021711496595054263
129594.06919810142,0.021227648278342094
129958.66610665173,0.021435217406521965
130336.25920600188,0.020569969258393012
130722.09328683522,0.021184682608044764
131099.41002121553,0.02079747809888688
131473.14842775144,0.020810683936802313
131847.70863690143,0.02081334322978365
132217.7182192807,0.021650255232558778
132589.41077230693,0.021110694113150117
132954.49096910813,0.020864192531189027
133315.55099238548,0.020786497544983098
133683.59199053314,0.020807169032856905
134052.33837216566,0.02154532727079169
134423.5049282595,0.021490557947747554
134798.5044198207,0.021829387921370746
135177.72065888814,0.02127819576845027
135552.92727727102,0.021388938139280427
135922.66828751325,0.02142453818284801
136290.7857588228,0.021497584683246737
136653.71088244466,0.02125389319509656
137024.8765109034,0.02157772463079166
137392.41491288328,0.021223135376852817
137752.91168944642,0.021510125941828436
138118.9177621332,0.021178269852198145
138486.1448606869,0.021614436094492023
138853.29540208372,0.021511559503964398
139226.12101155167,0.02087002235540797
139592.00592454008,0.022063517425291456
139961.4894943575,0.02106164456206825
140334.00741895262,0.020903895126665704
140709.92678359654,0.021451987158149693
141087.3654014234,0.0217780009130158
141468.04542339087,0.021454923787782704
141839.8195934148,0.02210850917937254
142213.46351368236,0.021360912557374136
142581.41985541568,0.021220312393356748
142942.1241039706,0.021583857863027592
143303.7014785701,0.02166629874460056
143680.2179095164,0.021751725626832374
144049.67767667954,0.02198166947439835
144419.7358667166,0.02132419377943443
144787.64197068912,0.02226834391011356
145148.85575364667,0.022462718659757033
145507.6824564688,0.02220514399171973
145869.54464397056,0.021424010906079843
146230.1020293475,0.02149002405308689
146604.4876408692,0.021402030055941487
146983.91641679162,0.021838589465681964
147358.84408702698,0.02162566521345121
147739.85262567046,0.02246359270614791
148119.500967118,0.021896519230945863
148510.0493511355,0.02176797020235176
148895.67870283755,0.021647309346389608
149283.37620057378,0.021952496494359524
149669.61634945398,0.02197676279074436
150051.5279875195,0.021363193505759662
150429.34403841358,0.021436291534104625
150808.25828350772,0.0214198663034275
151191.11864089777,0.021453905337643443
151571.40369607293,0.0215969273006137
151947.53061097258,0.02120246677455814
152333.2599088696,0.02152529727067413
152716.56738561275,0.021763851998760363
153102.30656934305,0.021679959648728767
153482.0550940096,0.021846948182884178
153859.31661266202,0.021629401905514507
154246.63333333333,0.021929705072644173
154634.4518828452,0.02173125211906716
155023.94777562862,0.021592334879741774
155407.07056552067,0.02122775284964196
155788.64658183634,0.021327304492075004
156169.5487355604,0.021788456630261906
156550.32017188764,0.022031160750897196
156933.11982747843,0.021475176780450776
157318.90783726444,0.02229154734267263
157697.7392305777,0.021583588118087627
158072.24929674313,0.021758430765485646
158446.30906936128,0.02194860421413833
158811.9262692882,0.021913329857209507
159171.34278221778,0.021811087813360133
159537.8309034268,0.021644454259125985
159899.73668454535,0.021528713253006707
160259.83678319055,0.021815742729981484
160622.0268335201,0.02180240647018698
160990.7461932102,0.021462369136554447
161355.90222610213,0.02154716921402406
161722.67795447458,0.021575569991538326
162095.56668538976,0.021411092148967664
162463.37127016758,0.021881000165742886
162838.83107728776,0.021871484671074477
163209.0633631194,0.02184439171896459
163573.4762795337,0.022044469725392226
163936.37558568126,0.021583663061491756
164308.579684001,0.022689551923634886
164676.2749235283,0.021068526611960427
165041.6185669782,0.02153448475084911
165420.64522368505,0.02169306280105412
165793.51173826173,0.021406933408906852
166167.77710618146,0.021769723806078015
166541.98251639088,0.021251246560878373
166913.9153281036,0.021429764000330954
167288.8352816153,0.02140671247979687
167667.8016456801,0.02111700944580302
168043.9293508761,0.021008191304471062
168418.14588660887,0.021525632886673706
168788.45634698073,0.022026094508709907
169150.8947696917,0.02186785030385355
169513.03684506338,0.021284661818427926
169875.00411522633,0.020945939350201448
170240.27271029202,0.021007999143722637
170594.16656261706,0.020614532801749533
170948.7072713643,0.02071772758990547
171312.5141521197,0.021593168672186577
171676.67614947906,0.02203330784181887
172042.47516050615,0.020953354217752955
172403.73270538333,0.021211758646228717
172769.02702196705,0.02061079154490568
173144.37898148724,0.021069787700530116
173515.2110584124,0.02100808087313912
173873.15700829643,0.021121757646409632
174230.53592366222,0.02100285190541507
174597.1652969742,0.02076586605228236
174960.6939986261,0.02145953483558956
175319.22822223607,0.020897209112261183
175679.88847352026,0.02080778768322739
176044.2406367041,0.021108226713931057
176411.67300498753,0.021167240969507152
176777.03011409688,0.02156107345589569
177145.7769721215,0.02088394185746975
177513.94862842892,0.02089637519201374
177887.44936945935,0.021127005103689925
178255.21998006976,0.02113299657545591
178624.2181000562,0.02045778763715352
178980.34801844467,0.02105942315307599
179328.98365870392,0.021089379426041124
179687.13591022443,0.02140282672538559
180041.44655655968,0.02099193110441727
180397.2000249563,0.021919717309230726
180756.62817235143,0.022641358338031495
181130.13016090807,0.021293786042435165
181502.20631158788,0.021138322876110813
181873.28137095767,0.020782826147624958
182240.73848837934,0.021584671226155525
182612.51733399963,0.021401154702433856
182975.06757262186,0.02226066127900038
183330.67247408518,0.021841640604599043
183685.49865985164,0.021970776551523435
184045.77050409146,0.021993649304801303
184397.55794846258,0.021318882503595905
184753.56410416536,0.021694992108450283
185110.25197782347,0.021854153245154384
185476.16365906963,0.022415671625313525
185841.87110861563,0.02203622247352678
186212.07440643111,0.021914097876330772
186579.16014723314,0.022312807705630648
186949.23294426067,0.021925714209085404
187324.78752570253,0.0215652761338373
187695.14290167717,0.021583982562133366
188065.4616875,0.02093737163518654
188428.91531856646,0.021520611578089474
188785.50920551707,0.02107532803138826
189155.50065498098,0.021721023558914074
189525.85204368175,0.020919184651790126
189897.01047512158,0.021546433495101998
190272.9827629278,0.021150091900512962
190646.6756739929,0.02155385409063841
191014.07649556638,0.02111635844617838
191391.1797269497,0.02167984004574239
191774.1372806196,0.020746387059471606
192156.16518052004,0.02160726102036408
192523.75892801496,0.021179105807694047
192888.31663439315,0.021465777394485897
193265.15450697212,0.021425709861312
193650.79849023646,0.021571962717489908
194035.4934756821,0.021070549556668636
194420.8964399277,0.021440260200376246
194812.34095155064,0.021391699367405564
195196.00943926987,0.02152077658276623
195570.88472568578,0.02129469760735567
195955.96137312317,0.021405220222428283
196347.2545545296,0.021373477076181455
196734.39194001874,0.021032798942318066
197115.7140988915,0.02147402622089875
197492.64011964854,0.021765901862366092
197878.3412271932,0.021663169147725703
198257.24566221447,0.021563096081331737
198637.4601456039,0.02117811810385126
199025.64394506867,0.02093822636875685
199406.1382428135,0.021551988818885863
199778.765120779,0.021192230610708768
200151.76524827114,0.021140158489597695
200521.75755872065,0.021178300478753527
200887.27174048658,0.0218397728222163
201264.6927639383,0.022050966624859794
201643.3758167901,0.021470841694905145
202019.47926669577,0.021325453549469044
202403.593611579,0.021714075453729758
202776.6692657975,0.021342469168679774
203156.4536320519,0.021803376814938612
203542.58185453637,0.021663124233695336
203927.80637117388,0.021952795745094848
204312.62804193186,0.02100378377711048
204702.10667996012,0.021103387606435646
205088.48753117208,0.021309626156193234
205481.4597866101,0.021775872656059313
205878.40298321162,0.021571249720142946
206265.47025071722,0.021996121268973146
206653.2200661384,0.02175508194014935
