D,r2
19.592967133992186,0.4758115153756352
25.585896829152862,0.457146909406018
31.60715148586615,0.44363264696236737
37.61494390069229,0.43904707494843
44.990210718433715,0.4319831169300296
52.484876905041034,0.4244755131582325
58.64378843788438,0.4247008121402595
64.62571216249691,0.4194414867308567
70.60967661067937,0.4147613263334691
78.14524291497976,0.4150054911852717
85.60601465756886,0.39992823114163656
92.99747246795451,0.39954906834345727
100.51070798689847,0.40867266389064505
106.62112787926927,0.40466736552012766
114.09393242526092,0.4075820797669549
121.61942190669372,0.4020502826080174
127.64906666666667,0.3946691486553714
135.12930265739254,0.404477212970528
142.64189553042542,0.4063285490592969
150.16464502318945,0.39781910945722165
157.67374361730717,0.4067878810882784
165.21872137754167,0.39366636597333593
172.66612422023326,0.3833103770759643
180.17019722425127,0.3939065443437902
187.64905660377357,0.38115098734759434
193.62007764836383,0.3760693693014052
201.16697315189407,0.3766177954738333
208.66198370328743,0.3742498279417563
216.20303605313092,0.37377039260932193
223.70969576343475,0.37746230023532984
231.1634197087195,0.3803454698297732
238.69551991150442,0.3732884245367495
246.16421522993855,0.373980841043122
253.6630773590252,0.365006556403163
261.1108971890643,0.37496670389895215
268.5500960746637,0.3673997363440055
276.2104536489152,0.37126621666262766
283.6864306784661,0.36489986048314405
291.23219259848787,0.37149352076655856
298.7258254716981,0.3654673071088422
306.23261296660115,0.3628102447495942
315.10770156438025,0.37098821817581895
322.60649819494586,0.3656600970420717
330.2172218975258,0.37348892886576884
337.72708816705335,0.358686680929157
345.2962151394422,0.3677545428247393
352.7480245829675,0.35666741249694967
360.24381139489196,0.3546005693308717
369.14156004952537,0.35855737250650416
376.6660708966339,0.35796310381710306
384.2867765273312,0.3535353908643592
393.1200918964077,0.35241665254871185
400.64483843294255,0.36769229587172625
408.31133979015334,0.35084144686743163
417.0335556033556,0.3525006755256805
424.4874965649904,0.34512232502202284
432.2830342577488,0.3461513844646676
441.004372540446,0.35304892322622067
448.4923376985233,0.35594604925534246
456.32425343018565,0.35405453903799844
465.0456550507278,0.34890023735729087
472.4828466118514,0.35767301358710146
480.2771841609051,0.3565907545717549
489.32399335823993,0.3468076922314362
497.9786460699682,0.35291320317152236
505.48867132867133,0.34280835896712725
513.340637046054,0.35067917983962577
522.1270281810419,0.3447917859235228
529.7137891077637,0.34324271300642467
537.2947124499684,0.34675259059730523
546.439355918026,0.35139187749879197
555.0605239385727,0.3456939047162616
562.4969222160045,0.33878114883295696
570.4554830561987,0.3447855687222107
579.3888421052632,0.3449723915898743
588.1530407663176,0.34216191978761423
595.7361816552136,0.3343315043957247
603.4378366731308,0.3308758953599277
612.3886825431505,0.3308028032222623
621.409188034188,0.3355368347332709
630.489022815325,0.33327129923082255
638.9967074317968,0.33828094538775666
646.49672310213,0.33958081757458003
654.5010615711253,0.3354318756537792
663.474939811775,0.33841994198688824
672.5,0.3259547768141062
681.2090304836122,0.340752332820618
689.8235696375656,0.33324122771761183
698.552232241038,0.3318542741189536
706.5475177304965,0.33070183855480495
714.4730082716587,0.33726694315612094
723.4633105802047,0.3359497611694602
732.4820478723404,0.3268363558943604
741.1980152319409,0.32861525592508706
749.706837411388,0.3266588654001754
758.5077663530956,0.32369447461900974
766.4634146341464,0.32908081742710016
774.4386516853932,0.3254827003889042
783.451513143362,0.3253244064260514
792.5681262502778,0.3234545147225224
801.5781979977753,0.32595686835201554
810.5226419262204,0.326134753902211
819.5258078994614,0.32734005386097825
828.228702640643,0.324838478931979
836.7630244352237,0.32052043541911357
845.4826985854189,0.31468182116946897
853.5391591096455,0.3216078373742614
861.5829915821282,0.3225675291804579
870.5337275514673,0.3231150942770616
879.5910984433239,0.3233136639323512
888.2287334593573,0.32378579336319596
896.9827433628319,0.3213187415948402
905.75041636926,0.3196493579472387
914.4043859649123,0.3286939469438444
922.4464673913044,0.30825419870551796
930.6452871072589,0.32217411244537153
939.6155218554861,0.3143422860840262
948.6023301824576,0.3210656254397664
957.6247216035634,0.3182790200102479
966.3734400753473,0.3185897218851912
975.0519451812555,0.31200037401343106
984.0205417607224,0.3127562931917242
992.6795903438186,0.31008360692088993
1001.3728476821192,0.31777759281828327
1010.2971145175834,0.30901195493064676
1018.5125751776927,0.3134159266589783
1026.6105573176258,0.3069255769667427
1035.61917562724,0.30651066801683613
1044.6958073148974,0.306443676831399
1053.6832538059532,0.31106016173134654
1062.6075496984588,0.30594609971747794
1071.644222020018,0.3109726109360858
1080.6735287536362,0.3093802791183682
1089.6957303370787,0.3049648853318093
1098.6577134986226,0.3095314156944449
1107.7101349805537,0.3090127857996477
1116.6459727671358,0.30511311362266724
1125.7818740399387,0.30265092421366074
1134.6379625399725,0.30521230022669493
1143.362518089725,0.3066720223582123
1152.044409018447,0.3072680857721056
1161.0472387037883,0.3083894294290166
1170.0705244122967,0.29835313061126284
1179.0666367511778,0.30540665104468406
1187.9979743416611,0.29368151781195695
1196.6619024149827,0.29192430679326037
1205.2909956906328,0.2952783751398862
1214.6451473136915,0.30242746280056537
1224.0942396313364,0.30309099051598193
1233.0423085766843,0.3019154697647997
1242.0479435957698,0.30036351448666976
1251.0167009837567,0.3018178479885116
1260.0940685820203,0.2952252143104572
1269.389234398456,0.29418533132459823
1278.7398506766215,0.2981040563360082
1287.7896200185357,0.3045961270087783
1296.7043318817327,0.3025524372275966
1305.7660914179105,0.30471596706479687
1314.7379212821118,0.2927937273307417
1323.8406936416186,0.29403424126814215
1332.8515283842794,0.2921091116644365
1341.710171853228,0.30462851445215045
1350.8552910676408,0.2965459679876863
1360.4339045287638,0.28991284963973857
1370.2150844634784,0.2902898441716605
1379.617007534984,0.28978820823110074
1389.0280202113,0.28684959021408074
1398.031798766018,0.2956519059020751
1407.012987012987,0.29836544930079967
1416.390346043641,0.28433642293625255
1425.7559786394243,0.2910429888389828
1434.7186487737158,0.2872392503223081
1443.8340828402368,0.28394540130920626
1452.7574316290131,0.2889285259383653
1462.4893923789907,0.2949483735227876
1472.1342155009452,0.29004270785331165
1481.2218045112782,0.30270467067447365
1490.5876244967153,0.2958242795214232
1500.010991636798,0.29207571296026336
1509.049668874172,0.2940102013482442
1518.4258682101513,0.28874220344999024
1527.840903570561,0.2936233441302571
1537.4375647131913,0.29343330045656
1547.150311153662,0.2941089820978398
1556.2131773693006,0.2987252184852841
1565.6099593930328,0.29662083013744106
1575.0615055806222,0.28961022096337474
1584.4600351339482,0.2885868449113757
1593.8690448251584,0.28879959367446806
1602.8389728821694,0.29028183494899934
1611.8795898903195,0.28900766495632413
1621.4584382871537,0.29119522655589664
1631.6125689084895,0.3000518717642838
1641.0232447817837,0.2934782855472989
1650.0205855443733,0.28960565366596075
1659.0168147970214,0.2898280237167115
1668.459352280238,0.2887800463977758
1677.891640866873,0.28650701479611634
1686.8958523245215,0.28811976399946865
1695.7948353470742,0.2854605748740806
1705.4197945061858,0.2883303345547525
1715.0548664122136,0.2897764564628913
1724.5938393839383,0.29428614388225693
1734.0713266761768,0.28976527525812856
1743.426944140197,0.2894817999595805
1752.8887818969667,0.2894672410371343
1762.4816857899382,0.2852958107429988
1772.4791160220996,0.2840219599426909
1782.0751730959446,0.29332661614681327
1791.5161435990065,0.27578530312938165
1800.9114444713284,0.2872081078616451
1810.448903508772,0.2841456100406536
1820.525371150011,0.28397424877508726
1830.4885824101289,0.2845993402532713
1840.4192666818492,0.2822224308848394
1850.5824076173203,0.28157471968474657
1860.026921194322,0.2835220247188114
1869.4729166666666,0.2783545995886259
1879.468988030468,0.28013861418553093
1889.079215116279,0.2869415816287398
1899.0091333899745,0.2852984750891066
1908.9706172839506,0.2778685206296776
1918.473625140292,0.2770793359166841
1928.5591032608695,0.27677649288579165
1938.3899676375404,0.2782917337496972
1948.498665480427,0.28413429612707725
1958.4921242124212,0.2772473919088487
1968.5018248175184,0.27518494188491666
1978.460661345496,0.2732956339007699
1988.6203724994252,0.2771372322214511
1998.5069011576136,0.28094292763940903
2007.9390152461885,0.27651207031374525
2017.5189815867243,0.2836151767446162
2027.5619705751226,0.2808511459973753
2037.5235794801013,0.2782678240023333
2047.4847870182555,0.27649842906709565
2057.496597096189,0.27759134596895413
2067.4892840857274,0.275938601900654
2077.445988346033,0.27223533061470134
2087.0101838052656,0.2737447250426125
2096.4890410958906,0.270532602752764
2106.4628003696857,0.2723306289975608
2116.431045969354,0.27671792654326777
2126.480791088884,0.2733430931553045
2136.5327360441074,0.2784899418963012
2146.4596737652923,0.27898710045702446
2156.4872262773724,0.2713675639171331
2166.507404875826,0.2709132776370733
2176.509821630165,0.2683574834921573
2186.5672853828305,0.27194892252688363
2196.4138490041687,0.26977258767089646
2206.482468443198,0.2740165602215445
2216.5029734675204,0.2697354051685119
2226.428405931418,0.2828348654820498
2236.9364149759463,0.2673055144320079
2247.499158451551,0.2720953954610454
2257.5449566408033,0.26769441194434995
2267.495607951919,0.2706247315561593
2277.4982505248427,0.2662206232238245
2287.9887640449438,0.2603546251619457
2298.415883668904,0.2674447963378699
2308.4821386878357,0.27247678517571994
2318.541627469426,0.2675512115099989
2328.472842699271,0.2687382065367963
2338.9909735654414,0.2645373924864076
2349.495902598923,0.26454832517359456
2359.4625232774674,0.2726377101833236
2369.5174923691006,0.2763217110696031
2379.978759558199,0.25735379284173643
2390.550697234696,0.26538288192235704
2400.534772182254,0.2599149898472223
2411.0703679793414,0.2610254188748272
2421.4914691943127,0.2641773830019736
2437.9016043866777,0.2636526925693108
2460.4823977164606,0.2618266556817977
2483.004071406201,0.25652852182796904
2506.009805924413,0.257071388707433
2528.9589316196407,0.25587905784788273
2552.0496475953564,0.25576049140233487
2575.040686324874,0.2544845843615387
2597.549492792312,0.2532679569267387
2620.006998764924,0.2581500295401281
2643.0824699969226,0.25604026512369665
2666.001666145996,0.258100255939589
2689.4821855095543,0.2551408845381435
2712.826540088742,0.2518708882747933
2735.9049299429166,0.2547539354934267
2759.0637053754617,0.2587290638608853
2781.999795144935,0.25970324009368806
2805.043473673103,0.2588203197538412
2828.459781729992,0.2550623011427605
2851.946851225697,0.25230551754749886
2875.058209889422,0.2547524060431961
2898.42163914497,0.2519653754586046
2922.5081086559903,0.250027570776267
2946.0520046793577,0.2520909451465193
2969.3448489863467,0.24837636558382947
2993.5135135135133,0.24713376289217448
3017.4592509895465,0.24559750343467215
3040.9679685005854,0.2442707102374876
3064.3666393106278,0.24763353789086712
3088.5761972402597,0.24559996566606837
3112.471157807993,0.24620438414333265
3136.4566503997507,0.24569554414767025
3160.4595833333333,0.24253773988143956
3184.370317150775,0.24354004750182537
3208.5822030415125,0.24433643257039048
3232.482573454914,0.24728343184616566
3255.9381933438985,0.2410072752550834
3279.503546099291,0.24214637904912925
3303.5502003905044,0.24611997956477422
3327.5434672603988,0.2470114677214067
3350.963611433393,0.2437771374020191
3374.4915100060643,0.24210215917925523
3397.988882950294,0.2385010308430536
3421.443358778626,0.24156034198936263
3445.414315569488,0.24344372960150862
3469.4860232605593,0.2390801242358835
3493.517823834197,0.24035799121864074
3517.8851093718645,0.2423972783564062
3542.4345577369645,0.24113083166326846
3566.495512951254,0.2391255577953287
3590.4297979269186,0.23537558075123005
3614.969636236096,0.23455956090576
3639.5065907413264,0.23438228478305384
3664.0761081970586,0.24220746580215924
3688.4556000843704,0.2417072195302476
3712.9314818568823,0.23238033061585045
3737.4241192411923,0.2344716931855753
3762.065380385884,0.23195447979803863
3786.921941146102,0.23758167798866095
3811.4283725910063,0.23814802031426438
3836.4074184863894,0.23060795215648777
3861.8331101267127,0.23053363878725452
3887.111226611227,0.23646343126324085
3911.99267058945,0.2287117392711648
3936.9144890696493,0.23550648707652552
3961.4332164488364,0.2340376409797637
3985.9089792157265,0.22884284526623772
4010.945096395641,0.23508392743147594
4036.401991350699,0.22643777477904448
4061.970251235152,0.2311372171960536
4087.068997620772,0.2275490854614017
4112.542857142857,0.2269798141094187
4138.124276859504,0.22921355675325503
4162.9361922519165,0.224808866423831
4187.926374650513,0.2241734170384373
4212.979562640507,0.22496367056064134
4238.015273477812,0.22754364297074048
4263.030742518639,0.22327763182956836
4287.838800668616,0.22877351027736745
4313.559240738851,0.22583169223375799
4338.9890750182085,0.22841062287641264
4363.981766740018,0.22365127734671175
4389.523069156991,0.22781724977608614
4414.858894408625,0.22417405330581963
4440.597649463464,0.2219716772693148
4466.389434267787,0.2290907780464246
4491.921517125446,0.22796717391973942
4517.386789585655,0.2249723376973853
4543.387646213831,0.2229154823125758
4569.630513751946,0.21925515349065922
4595.035842293907,0.22360503237868687
4620.58269588588,0.22176706986700206
4646.337997957099,0.22353827769962706
4672.586467702371,0.22269802416251128
4698.481877661232,0.2227542965945651
4724.474114723545,0.2170874909174766
4750.288605230386,0.22054140741896985
4776.584564177241,0.22047944527718413
4802.940357250984,0.21954243382813068
4829.468146618482,0.21671329717700005
4855.443191140279,0.21477565744236238
4881.604752516343,0.22136596329714864
4907.520973588814,0.22057831796813682
4933.847885888946,0.21659385507509857
4960.515500259202,0.21314549265430427
4986.461997325928,0.21639172017585567
5012.393102729736,0.2111508853646785
5038.902238881572,0.20985132064845818
5065.4002114164905,0.20842873792672392
5091.529362591432,0.2088905867884792
5117.937229219144,0.21132690426988054
5145.001943137656,0.20799427207804047
5171.498090793381,0.20960837519092154
5197.943909928352,0.20954045858609216
5225.073721518987,0.21146777359915678
5251.560609265919,0.21201799768117138
5278.026392082375,0.20922005901107305
5304.592042385207,0.21017228872252292
5330.462919923938,0.2070559421001259
5357.064293682182,0.2079200671763017
5384.048760415595,0.20632882301914832
5410.976302349336,0.2033663485572381
5437.414755311278,0.20749093599281931
5463.930354391371,0.2058636708389005
5491.067980193934,0.20092827296732713
5518.015683037556,0.20292362950083337
5545.032118145203,0.20378684354644364
5572.04693516495,0.20742978910889487
5599.123294644675,0.20641333191923575
5626.050724637681,0.20534355173156815
5652.9375913170525,0.2064388793114473
5680.44075540664,0.20408526857211473
5707.911025346823,0.20415752133779433
5735.4975455103295,0.20113247437151965
5763.431050228311,0.20048266882339874
5791.412945514134,0.2071136764609869
5818.861214506009,0.2054628105664458
5846.429583247793,0.2052451832719985
5874.487891071614,0.19715355819360825
5902.931537146878,0.1978954674938104
5931.459983239053,0.20106421268873792
5960.031836155328,0.19988880943223195
5988.500997165949,0.19193911111156037
6016.897054326776,0.19320743353506317
6045.524782563135,0.18805819231375867
6073.975844909807,0.19346337602272023
6102.92934347478,0.19793301175380237
6132.044939144908,0.1899537083076771
6160.464241164241,0.19219899301502946
6188.934486266531,0.19465194217152548
6217.4464304379635,0.19321126748525572
6245.562974518981,0.1952379281685508
6273.4965993404785,0.18980562517739993
6301.414775072224,0.19204453452765738
6330.044651067743,0.19919179460705524
6358.9303354599715,0.1924418118934181
6388.135479270653,0.1945984957144241
6416.37085533263,0.19399382642316707
6444.872368689966,0.18881312428885644
6474.099846390169,0.18859015259547315
6502.936991660661,0.19054031880709463
6531.981292870505,0.18937357509812336
6560.960606373105,0.18730006636397017
6590.067972230857,0.19036774246288027
6618.9909007258975,0.18788006780143088
6648.0117175454825,0.18442051401545195
6676.571443460136,0.187767995808313
6704.957438059011,0.186980637242358
6734.024920193595,0.18694491514183187
6762.513350923483,0.18361903771258192
6790.946244251405,0.18335781415131625
6819.944878650761,0.18244062804036928
6849.446832235175,0.1845267255916284
6879.02093465849,0.1841630454262229
6908.327955352613,0.18182253045883
6938.545228987905,0.18326006258465022
6968.519885492281,0.1842915428936519
6998.421900826446,0.17760266126372318
7028.5062384945795,0.1848602432738573
7057.867636287538,0.18503230734876788
7087.5008143322475,0.18410273360389348
7117.09676392573,0.1854327028087067
7146.602833966526,0.18741142481502235
7176.945623610269,0.18636031376017126
7207.502701579385,0.18259607453180307
7237.493845190904,0.1921157783079542
7267.404766817995,0.1917618357545776
7297.894645411813,0.18454892103445866
7328.393645833334,0.1912558347641435
7358.461688178652,0.19400974522517386
7388.47664921466,0.18871998783665853
7418.366466694249,0.18967997036225787
7448.950731409996,0.1920962738440751
7479.6836303698365,0.18587661184705573
7509.950739935838,0.18768094235108038
7540.532474226804,0.18723246895659248
7570.912280701755,0.1901271034629979
7601.5734870317,0.18941516085844745
7631.431238332296,0.18983430040783608
7662.03899750416,0.19063810033000372
7693.560687215766,0.19119686260467675
7724.602272727273,0.1873508338154362
7755.095852249277,0.18657437609035485
7785.872554041594,0.1857445818481633
7816.937622637613,0.1859118864914756
7848.507907356392,0.18470955868000108
7880.0865009245945,0.18585796525497345
7910.933174471612,0.1850307092158988
7942.077232419056,0.18712940375733675
7973.079412677076,0.1903433812127092
8003.8370809910475,0.18528345520685424
8035.583018289568,0.18593106598880804
8067.097454090151,0.18454032014777796
8098.562729124236,0.18297155670575008
8130.008682170543,0.18319212010309874
8160.947627849661,0.18245051471561644
8191.9552486761495,0.1836243315990105
8223.09590172396,0.1829525136472476
8254.306018187392,0.18435198859431975
8285.87496092529,0.17934931433204324
8317.078685465478,0.18043854134828224
8348.50900716479,0.182486118099047
8380.63366741665,0.18346125749649342
8411.966353596863,0.1876160730508315
8443.469573303028,0.18323701745860463
8474.90606921216,0.18153148544201939
8506.410868670235,0.1796040935524285
8539.109403437817,0.17899190633139161
8571.029802021903,0.18468797761345823
8602.38374717833,0.18022603904553328
8634.406000409585,0.1875552936769194
8666.616299513911,0.1836180916273565
8698.63720598717,0.18659523441183773
8730.107671601616,0.1801133049438728
8760.961124464417,0.1895777455149155
8792.042653039942,0.1819747904351041
8823.215995924606,0.18338335178935433
8855.490564113026,0.1840382246897032
8887.453325135772,0.1888587377219533
8919.443336075688,0.18494480018435722
8951.409278776608,0.18042710616474578
8982.924118954386,0.18711933793847307
9015.024372905453,0.18511301756026322
9047.572471967904,0.18288399898187327
9079.448625922887,0.18549250011083798
9111.488955408753,0.18310291760392616
9143.511553206921,0.18307713689405547
9175.66015503876,0.17855556058100963
9207.418745508674,0.1828505973340237
9239.568122859811,0.18079559802259806
9271.4942217595,0.1801053217408313
9303.553551296505,0.1774490409941941
9335.363701799486,0.17737605163270737
9367.507768800497,0.17331298155902342
9399.497471359273,0.1788631102280328
9431.948406211688,0.1782927532284009
9465.07097840686,0.17668219376517041
9497.633486526009,0.17488574166058946
9530.033633203844,0.17799182407895892
9562.938442597722,0.1761827655923233
9595.62233203659,0.18311597376366326
9627.435572062313,0.1771818527955555
9659.931639628609,0.17775429712730823
9693.017581518961,0.17961364602079236
9725.996284062758,0.17168273182221433
9758.980206185566,0.17489760592086123
9791.933812949641,0.1714294820984267
9824.878452467156,0.17426442308247275
9858.022405782138,0.17798649553928753
9891.074013494173,0.17426082004356752
9923.459826160695,0.17637863281527677
9956.655714285715,0.17375343145637995
9990.112767940354,0.1739506710798413
10022.510717614166,0.17022642802435203
10055.418812081898,0.17418446793903594
10089.002562788313,0.17367071642761767
10121.966440146367,0.17177658329136275
10154.996230259807,0.1718459001510979
10187.730954374216,0.16931421995730367
10221.556199186993,0.17324099245443536
10254.46012074992,0.17573578314426716
10287.48853561602,0.174383638358034
10321.457344517185,0.17782085631243413
10355.535881192232,0.17411356897963864
10389.522128395563,0.17799032308666518
10423.013449616476,0.17785470860389885
10456.44254706306,0.17279976205469963
10490.470164400243,0.17834212104872701
10524.086951972376,0.17669461887188526
10556.790146554413,0.17692518625118667
10590.45652622883,0.16949660465273092
10624.61486830062,0.17330963273642713
10658.493075651095,0.1703619192944129
10692.950154479917,0.17061961112210366
10727.456014920734,0.16755962800884647
10761.324435741522,0.16539986645338636
10795.448169159361,0.1696156921459264
10829.421518054532,0.16286289671090037
10863.925862760834,0.16337845155418199
10898.45907730416,0.16302351590313605
10932.366943005181,0.1674966315741499
10966.504958677686,0.16529774556354743
11000.487493458922,0.1648575671398822
11034.968594873873,0.16713505296365738
11069.999067357512,0.164732392599581
11105.056582460464,0.16694663923288214
11139.526910994764,0.16871259899451968
11174.114030638126,0.16303259450735214
11208.893686687814,0.16950514247501905
11243.664296327743,0.16440692985251398
11278.484994479575,0.16537843620673132
11313.570588235294,0.16626646887592458
11347.971535037781,0.16767561302952144
11382.955385400715,0.1663982804871961
11417.885457550094,0.16751106374252414
11453.649591836735,0.16405811131215864
11489.183579912482,0.1661670527415941
11524.35859462772,0.16644370700124417
11560.365287380044,0.16403674717768388
11595.753775167785,0.16115166692951668
11631.649008674101,0.16307213601020198
11667.728969103702,0.16471578175757437
11703.334150577179,0.1661879963574519
11738.911155504153,0.16084399413625716
11775.0168699187,0.15950754091734023
11811.435240652758,0.1596917376694753
11847.424389739346,0.16544590104241597
11882.842226407198,0.1692678497248103
11917.911205292537,0.16314695299719614
11954.033445498113,0.16455614694640047
11990.977919933966,0.1634427393832282
12027.992055408433,0.1655554698767948
12064.42389950166,0.1641425686769251
12100.496362502598,0.16472391464453337
12136.340995773631,0.16368171640726079
12172.374439695612,0.16363006119579182
12208.931609077898,0.16341618053103094
12246.176080073537,0.1662415737520563
12282.378596087457,0.16353276260727245
12318.341257589791,0.16114571144875697
12355.029004681457,0.15635538830025636
12391.442263279445,0.16383395334573528
12427.618017268283,0.16292124735929142
12463.93051881994,0.1634232831491237
12501.047541318098,0.16524812144919906
12538.119847091642,0.16399655062121554
12574.356350700984,0.16597593046662373
12611.12453912331,0.16387639053688666
12648.010512073271,0.16062480948845415
12684.986202034444,0.15985985627010874
12722.036528738005,0.16003306598863717
12757.976919004765,0.1614181510427323
12793.925524369237,0.15944417579758155
12830.83743282348,0.15974476396677484
12867.89041520347,0.15983461591484782
12905.01740127123,0.15913147279490622
12942.640585562847,0.1610458328705071
12979.827174589993,0.15800422649204304
13016.943599958067,0.16093274082910697
13054.03321642253,0.15651196842455128
13090.997859327217,0.15524667224337915
13127.99989627632,0.15736390598879155
13165.037021759306,0.15679934578988458
13202.234944694797,0.15789407026319624
13240.145889698231,0.1543264964976575
13277.991900374607,0.15451470881336218
13316.482222452576,0.15483233318965148
13354.579017673654,0.15249729405180681
13391.954171066525,0.1539567769367452
13430.090523338047,0.1561564712862566
13468.098288814692,0.14868389719076802
13505.399261007904,0.154601860600823
13543.49856380796,0.15745222649372212
13581.620693201687,0.15740374924059194
13619.299091763232,0.1554294823175597
13656.544484350949,0.1504865646563974
13693.83324691486,0.15242035757751432
13731.381301652893,0.15344688582728833
13769.885934645828,0.1539678205404699
13807.968963376785,0.1527319866266341
13845.071458464114,0.15709829041261614
13882.028332126978,0.15359272592517406
13919.55178144801,0.15449901067454241
13957.956757843926,0.15295475561332855
13996.073583517293,0.154117451099546
14033.53572882736,0.1525148775079324
14070.904556908861,0.14892901191798197
14108.465453423813,0.15180293974890086
14146.251691613697,0.15235280954267763
14184.499739881387,0.14997523544365177
14222.946356682769,0.14968036805784588
14261.489306746565,0.14984235795314477
14299.48093934288,0.14930559640116875
14338.245800445255,0.14657126470805923
14377.549005311947,0.14422989722871615
14415.77331420373,0.1436857981790157
14454.968733982572,0.1460276720490684
14494.116639141206,0.14679773230391235
14532.99968678221,0.15034223701649196
14572.53142915643,0.14999054711385684
14612.50634216768,0.15071171401585898
14652.316874549015,0.1519494077165548
14692.481565865783,0.14444913916121943
14732.153620454783,0.14617897280876285
14772.026568340236,0.14807401444046783
14812.619852712374,0.14566097714713305
14852.970374910614,0.1450858885909713
14893.47327451998,0.14355405880916836
14933.530817610063,0.14612058911379497
14973.947508441624,0.14391290796075326
15014.448584809612,0.1422007027296741
15055.036815509951,0.1405721554229994
15095.376103896104,0.1471278388130976
15136.105666632135,0.14474748857201306
15176.946329993867,0.14720031576842912
15217.697078790372,0.14625989259131567
15258.94175858159,0.14690568138851512
15299.687585123102,0.1489568198509794
15339.940932642487,0.14830046838923308
15380.999896758207,0.14572994937341602
15421.83824742268,0.14296635691566179
15463.00767420444,0.141803416263483
15504.004796897327,0.14561624073349788
15544.909438643648,0.14614360784480518
15586.499018087856,0.14649849610307017
15628.003631458809,0.15098361788674625
15669.482619907169,0.1549566396850314
15711.792445125064,0.1492190150269785
15753.113953004782,0.15100059077946934
15793.958576250383,0.14905019184812446
15834.997822254485,0.15163516880009106
15876.80753438719,0.14747978909147466
15918.397551944045,0.14784885616195992
15960.026263262947,0.15131323235809854
16001.612535612536,0.15123571260811738
16043.200951002687,0.15100421928894342
16083.941463921814,0.14939267512073143
16125.531966962373,0.14567375581554123
16167.04632322393,0.14753815974722348
16208.091115000514,0.15175922724934623
16249.641486195216,0.14979453701546078
16291.923211708927,0.14894572759703306
16334.28555129136,0.14724181541771628
16376.387365177196,0.14644320532519567
16417.754864218085,0.14632687220771362
16459.9518811058,0.14610751526842253
16503.274473737994,0.1446326430617541
16547.022635658916,0.14284100197905844
16589.380458458665,0.14147535983525655
16632.301239373144,0.14072910153746823
16676.94537815126,0.14367579634952587
16721.538692323607,0.14432020321622754
16766.215591618733,0.14267076817088326
16810.58152686145,0.14537379677272325
16854.14285714286,0.14571680052356614
16899.196320279578,0.14188222118599217
16942.98795681063,0.14237024252845598
16986.365368852457,0.14614107272781132
17030.559542220846,0.1433870709263056
17075.00276979893,0.14505734078695484
17119.392688437052,0.14550461456778158
17163.422583316085,0.14443399216725417
17207.46231570265,0.145010964464555
17251.590203230848,0.1412965982854248
17296.3698155508,0.14335169250764862
17341.60066659723,0.14309393619519617
17386.07338511856,0.14626104500761264
17430.466764367215,0.14582308566141447
17474.210461029565,0.14551785658485736
17518.546374884958,0.14452055170089786
17562.059068219634,0.1439137579503248
17605.275260257196,0.14436454356470094
17649.206386936752,0.14674372532315114
17694.102832512315,0.14552540844363007
17739.001959368878,0.146545659802206
17783.207049366174,0.14886821663055383
17827.44816259495,0.15173381186570015
17871.528595109823,0.15330405584338483
17915.356912849278,0.149859299322919
17959.51798412862,0.155085677847312
18003.67131992916,0.15042673382358193
18047.599938625204,0.1479118569339962
18091.058744021626,0.15119383893637917
18134.41640866873,0.15128604128838233
18178.961909650923,0.14687413416404413
18224.086012697113,0.14677367379439543
18268.669236378788,0.14880371091698164
18313.027797576622,0.1471024201848251
18357.34222404596,0.1449204216149233
18401.469972797655,0.1466064713240835
18446.13782182264,0.15037476218482795
18491.054369132362,0.14859545927623807
18535.494590095714,0.1484469893858173
18580.06976504534,0.14980567017008284
18625.000823553633,0.14942257142320622
18669.920416284054,0.14690009073210786
18714.50844966936,0.1465836550491552
18759.13049674267,0.1484333854612287
18803.76798930921,0.1457817541907777
18849.184604120906,0.1438967796395736
