D,r2
48.003234342840344,0.4599181268009343
64.49967350137129,0.4453523375754952
82.48787597720948,0.42507399705196924
100.59997334044255,0.4141858288850593
118.50571159790351,0.4122087861556782
137.99579207920792,0.40317353651103055
157.49302455357142,0.39302383250413125
175.58391459074733,0.39644512302765256
195.20610399397137,0.3843703870249751
216.10793691830403,0.38258697030002653
237.1818181818182,0.3758245376971622
256.66946610677866,0.3644615431187242
276.21910038253526,0.3617297150547438
297.15173143008195,0.36162408591422496
319.5810199339611,0.35936355017737776
341.9969329243899,0.35971748059537983
363.3210286188304,0.3508094848495434
384.3038888888889,0.3408791687334864
406.51323676323676,0.33673408910936337
429.2576489533011,0.34631115272387
450.4333380064489,0.34233106103509836
472.4956696372537,0.331887336427729
495.19449152542376,0.3351283137595184
517.8837533240471,0.3382841960613667
540.4641902349796,0.32727983681094286
561.447665990142,0.3286768709021105
583.6890087313816,0.33122406768252327
606.3330004280211,0.3228211077101483
627.5876108768358,0.32429502377989183
649.8928432768215,0.3272567835392078
672.2534411806442,0.31723058008225635
694.8017847485127,0.3187448895280722
717.3268581081081,0.3137249102304301
739.6220160960305,0.31591335356042893
761.9814711618835,0.32389573327132
784.8965376782078,0.3171137517696109
807.3426777631771,0.3132361469613671
830.1463446475195,0.3153278536820954
853.509452457639,0.3143332287239512
876.0904410741617,0.30750545474665025
898.3821339950372,0.3071759828557074
920.9600338935179,0.3012303053749177
944.3573621679349,0.30338106649202246
967.495584045584,0.2971366971481602
989.9911906791702,0.2988183671978984
1013.2883708395095,0.29313690963076294
1037.3151866325293,0.29432152032448045
1060.9093329596412,0.29602916459267875
1084.0130562965044,0.30101827184314955
1107.0332544872688,0.2967607875395243
1130.3729759150906,0.2948334665403209
1153.8606222722792,0.29391948866806294
1177.3227915665866,0.2870035861285232
1201.1533081549867,0.2910244556270307
1224.1150592216582,0.28950981885978694
1247.4201072386059,0.2862631881075999
1271.050700280112,0.28381441714593675
1294.595860566449,0.284602331054058
1318.081300813008,0.2834353852596091
1341.5715874339728,0.2843323903897379
1365.138288920056,0.28267008110372205
1388.2971812080536,0.2762988549541345
1412.0322763306908,0.27784899908177146
1435.5037677923528,0.2836118364829657
1459.5125348189415,0.2746026042688725
1483.4966216216217,0.27189764346797707
1507.4537267941257,0.2741827147941862
1531.472249134948,0.27460472454072915
1555.4779249448125,0.2707609843599197
1579.101370246085,0.2725741439929237
1602.6113161131611,0.2708416774888535
1626.5991468281272,0.2721365272481636
1650.5428259683579,0.26265940879107
1674.089897384015,0.26783253657138933
1698.130161699853,0.26375544120054106
1722.498204915769,0.2690896281262271
1746.590473545341,0.26275282974766134
1769.935515873016,0.2635259600964222
1793.4730653541153,0.26414611405981575
1817.4168418102845,0.26576246485506516
1841.8800374882849,0.2611892685486508
1866.597191323693,0.2706793563218337
1890.5428412720455,0.26632758263901846
1914.5044089280793,0.2648964748536828
1938.9557813787421,0.25675033663513885
1963.5854981444477,0.2643858693601093
1987.7900107411385,0.25958376071794337
2012.5187650474436,0.2583222793794413
2037.0690771721534,0.2555418516602996
2061.9033195020747,0.25599911374029805
2086.857576175376,0.25448478610973563
2111.6596197502836,0.24927279034424035
2136.1159003831417,0.2590964016743377
2160.959704958339,0.2574132951259055
2185.4619426299346,0.259355608864418
2210.0369209809264,0.25516596969939875
2234.45782111064,0.2569646008419838
2259.36484669177,0.2551360838582158
2284.99765258216,0.24649555765987619
2309.5005656108597,0.2452979470659392
2334.003280481137,0.24843470599820808
2358.578309859155,0.24834164023842897
2383.3600053612117,0.25135782150790514
2408.8831132340547,0.25022845946630357
2434.398020890599,0.2476497723011187
2460.0277894148862,0.24770464004564408
2485.5500542593595,0.24438270155744726
2511.0531869385427,0.2450755120278698
2536.469541778976,0.24682982509825735
2561.9556643356646,0.2440890080592512
2587.6675756749387,0.23692653441284905
2612.9710104529618,0.2446510264473483
2638.129673715166,0.24960735563077655
2662.8634324172745,0.24163587289081923
2688.5636437029066,0.24489165887509934
2713.7907731376977,0.24487714426923415
2739.434723171565,0.23570988013945102
2765.5581073602657,0.23818119845818336
2791.5358516483516,0.24458038671682367
2817.490413585319,0.2384375553882279
2842.9406236651002,0.2400651657364888
2868.438509997261,0.23683243967987372
2894.4440227703985,0.2364848025722108
2920.054977502812,0.24040628228222669
2944.9753312658586,0.23873672319166567
2970.3985138296407,0.24169154580899654
2996.5235529769307,0.2434750745140491
3023.1134923844184,0.24582054275024795
3049.4920986969782,0.23986649475482721
3075.5320759911892,0.24072280010405928
3100.9789609274367,0.24307411256297476
3126.83090495923,0.23753821822668128
3153.0079307858687,0.23201605398298414
3178.838447171825,0.24416142810875613
3205.3577066888242,0.23526499873052323
3231.4848068197443,0.24136703973671617
3257.590104529617,0.2382191040797473
3283.009444601071,0.24159509503852036
3308.97533051656,0.23407756319141249
3335.5082429195436,0.23728040772059547
3362.0515601982056,0.24028232321368237
3388.312580139621,0.23914123296861997
3414.7688743526846,0.23834560103381633
3441.349809348962,0.23766595873162205
3467.5276319425257,0.2370109672644184
3493.955339805825,0.23686240535448533
3520.901899166553,0.2372681761858958
3547.9770876466528,0.23875810057538807
3575.116030327647,0.23065242285212145
3601.490587243608,0.2349962247792783
3627.9604689203925,0.23875191396232093
3654.479413021798,0.24188265781505608
3680.9241990456712,0.23933091090314057
3707.4165985282093,0.23791316661826797
3733.4410783768762,0.23384623711648952
3759.537106394784,0.23107348017615398
3785.962741554289,0.2325697357358094
3813.085340955492,0.23040922100347594
3840.0700902151284,0.23170387577866908
3866.9240488753126,0.23111296888498098
3893.4910120311392,0.23179952177065694
3919.973152542373,0.2290063553518949
3946.456987750557,0.22488355839490645
3973.0080645161293,0.22941237937114076
4000.0830121145373,0.2301997887243417
4026.515520907158,0.22033111742256908
4053.3826675693977,0.22336199786086658
4080.8850415512466,0.23305705597502885
4107.491403607666,0.22650492787120266
4133.942611777536,0.22296654332915442
4160.937821671999,0.22004975613726283
4187.906694271912,0.22893899377724716
4214.343315056938,0.2289043328318744
4240.936853565596,0.22767380915775312
4267.491967305525,0.22507627336609515
4294.2768110076895,0.2213626315370185
4322.049007358045,0.22847465797348193
4349.026874310915,0.23042827880692876
4376.154420921544,0.22364348502998532
4403.04843814504,0.2270017156900749
4429.992623521225,0.22393800702878666
4457.092602892102,0.22646946326994347
4484.010174216028,0.2258499557243587
4510.972852568565,0.2276607783825937
4538.40651062685,0.2299065537393487
4565.426626967248,0.22096267160907837
4592.325148407987,0.2262008771928315
4619.467732724158,0.2268777828350746
4646.500803858521,0.22241274594545632
4674.096521860595,0.22439060500131455
4701.572982649408,0.22198650642922835
4728.977051949881,0.21457906213564765
4756.435215493726,0.2175258712554494
4783.948625880404,0.2162909497044532
4810.921538244823,0.21555888042971855
4837.821211283186,0.22028795848479016
4865.367020543224,0.22013515122904231
4893.493129770993,0.2215538081806681
4921.5149017992035,0.21656410823922578
4949.5711314475875,0.22010637097827618
4977.459678527271,0.2179688895398486
5005.531543807058,0.21705576126179335
5033.210555788884,0.21698691432064202
5060.944382955175,0.21468182921319992
5088.601238816243,0.21935997711980765
5116.570759911894,0.21905597202931398
5144.074899626194,0.21915999031140512
5171.322309417041,0.2205677100886144
5199.493048864419,0.21716983966923553
5227.082309755753,0.21417077976230475
5254.56318231441,0.2137473007358448
5282.590275880907,0.22138278183100177
5309.959927394582,0.21381214648550212
5337.021772720887,0.21776176639954375
5364.382605088495,0.21662043532434763
5392.555403181569,0.2158333994802238
5420.492067909825,0.21066679027126284
5448.6163970386615,0.21479966191931676
5476.572280178838,0.21794741126957737
5504.667370198396,0.21644737587567778
5532.497091056691,0.2122471569533327
5560.534528275671,0.21136326369100933
5588.32949500555,0.21671753185504844
5616.430274971942,0.211686907199696
5645.064481170414,0.21715343397901749
5673.198026880183,0.21509239040568362
5701.070946857297,0.21249429626921823
5729.561827956989,0.2140410286927204
5757.877592517283,0.21193682470548997
5786.444137168141,0.2083780148229828
5814.562903678742,0.21279695374825747
5842.887300939159,0.21137123165228514
5871.529468867008,0.20725888279856883
5899.674965229486,0.20657303809642524
5928.109196999167,0.21017127279624892
5956.846539347149,0.21091174648843541
5985.480471523932,0.21187852643747354
6013.923752057049,0.2085319002167736
6042.542429749756,0.2100190566273658
6071.040277588788,0.21173068622300098
6099.519713764557,0.21316305844950512
6127.695778145695,0.21054292006688843
6157.109319486199,0.20868360538078162
6185.530037287667,0.20735660279089493
6213.477279102384,0.20397799017392113
6241.887614365697,0.2075092884388052
6270.482587064676,0.21218202647136378
6298.379396635618,0.20741585274974428
6326.891319114251,0.20120343093918194
6355.507409518381,0.20799137016311586
6383.543619521637,0.20304097687884104
6411.996242619431,0.20442710275148432
6440.524369266055,0.20708990884770478
6468.851137146796,0.20333454564260395
6497.887723123042,0.20984330717059754
6526.972671651937,0.20414896883585848
6555.418222976797,0.2010706274073943
6583.408667870538,0.20729443139094722
6611.351500899156,0.2009385436086057
6639.874106652007,0.20451731031745646
6669.071084834319,0.20595435014801058
6698.053973013493,0.2083378787614937
6726.510052759161,0.20625708178339397
6754.966781056966,0.20321069231881464
6784.0710808179165,0.2099965998495119
6813.045012997674,0.2037716994909567
6841.894920457717,0.20607513554376058
6871.588397409398,0.2030969420193939
6901.108923161663,0.20520189961773555
6930.613109839193,0.20261483739504388
6959.628114382786,0.2044465130138595
6987.858556701031,0.2030238474041346
7016.961923024243,0.21101704347246142
7063.658200062716,0.2081433974971923
7127.779623961522,0.20224468055928688
7191.8499442171815,0.2006389575689038
7256.651194795446,0.19910884176438914
7322.0389212189475,0.20400116992484185
7387.587341772152,0.2013439279584591
7453.540302424394,0.19985262363653883
7518.9913998744505,0.20230920109994305
7584.49057777225,0.19957822832388453
7650.476847535583,0.20137852350491087
7716.284136047666,0.19592988904426417
7782.951254435659,0.1976108066193248
7849.871513944223,0.1997576535736885
7914.508535207732,0.19897116219727137
7979.6551117809595,0.20006182387514032
8046.035175879397,0.20247234178614298
8112.484606330918,0.19713663407695453
8177.917259170704,0.19893534152820957
8243.325510647544,0.19899541996664086
8309.552711685406,0.19644852366483623
8376.166813491065,0.19366272919038
8442.390335268778,0.19623427038198232
8509.179865440405,0.19594166707465208
8575.872263681593,0.19394203543879762
8642.643053645117,0.19596531721455035
8709.532620320855,0.19751283681567394
8776.03772303513,0.19449529284066408
8842.406783903874,0.19537426560487436
8908.77701221422,0.19617156798503624
8974.252760276964,0.19320328020782762
9040.3159378524,0.19261668163475698
9106.944978003594,0.18993055147171237
9174.22004996877,0.19356769679640087
9240.837556165752,0.1918986315937465
9308.466291787678,0.19458306154018343
9376.144799201797,0.19414158809947224
9443.418897834363,0.19365593624324173
9510.963997245006,0.19036636493763592
9578.22134044268,0.19201911064589988
9646.57013092777,0.19201994153062157
9715.15779621888,0.1937774433916054
9784.065716057037,0.19313545515359243
9852.502258752667,0.19246691865451562
9921.086618614854,0.1924168187458383
9990.414749409278,0.18751795435811858
10058.438288876454,0.18886577693734105
10126.87516246828,0.19168928461890858
10195.540527007573,0.192834550748022
10264.002875179698,0.18974756208732468
10332.623703237976,0.18903133280802364
10400.630878712871,0.1889690261027634
10470.256593236116,0.1931234573743998
10538.78730553827,0.18909118518823725
10606.602815485168,0.18845257543941332
10674.899137235428,0.1910402232488397
10743.827963715983,0.19270388831142865
10812.922905304908,0.18719954135998373
10882.116124584822,0.18776832344762856
10951.019954960591,0.18838324437557538
11020.55474954662,0.19008822240326076
11089.95283956754,0.18475862053698028
11158.564999373199,0.19196417672877314
11226.972479343976,0.18612993733407882
11296.436646691789,0.18697799746342855
11365.217613636363,0.18805311871244054
11434.338532281115,0.18605296227784268
11505.015294117647,0.18883705689951472
11574.999182595573,0.18529916540228902
11643.979743542093,0.18762510680411562
11713.130614805521,0.1863539789031698
11782.327272727272,0.187870959794473
11852.808888615687,0.18898844268378232
11923.180621709702,0.18871330225543886
11994.199888399777,0.18650522747353468
12063.499558080808,0.18566184154780258
12132.86070019724,0.18613922867634086
12203.162871162556,0.1876502167167885
12273.189364863192,0.1876749755405781
12343.151501931945,0.1857244524975944
12411.973388564615,0.18559958202686894
12481.59665439111,0.18356399194181652
12550.86802474536,0.18322867653413946
12620.988599551458,0.18510673005484943
12692.019366415048,0.18351236977801572
12762.576032540675,0.18304920231099053
12834.181677307382,0.1842752507930198
12905.381078691424,0.18457972992836044
12975.88958735296,0.18122363303624098
13046.355427713857,0.18746168562281634
13117.292245406416,0.1868523315946587
13189.512526354954,0.1902175914173715
13261.579019158038,0.18178496108492018
13333.382818859181,0.1833975428394907
13405.625930521092,0.1838882308662669
13477.87144638404,0.182694100051151
13550.694357562868,0.18516189677557987
13622.394363556834,0.18246282343075954
13695.09039372041,0.18172689581943186
13767.855653266332,0.18037740107831918
13840.944358578052,0.18194781965058174
13913.52991880075,0.18005501039371155
13986.20824742268,0.18553307456703647
14059.037284536598,0.18231926094940587
14132.196328909835,0.18121627182322453
14205.172222913297,0.17891309553371657
14277.372500788395,0.17880819152242
14349.951691424292,0.18091487717164098
14423.201550387597,0.17770715493959857
14495.724950396825,0.18028573948913462
14568.374757281554,0.18167559306156342
14641.057809583073,0.1801755090943069
14714.064726324936,0.17977171687634858
14787.560316866267,0.1806180378863263
14861.45542635659,0.1760467138433498
14934.824419334589,0.18235872112408658
15008.351931598327,0.18058569796797416
15082.729245693676,0.1791040443759941
15155.986161552912,0.18088084363922657
15228.886451452076,0.18055848827474444
15302.937964338782,0.18122162641938325
15378.197594715852,0.1787640132824612
15453.257620145858,0.1735473153370271
15527.410192355734,0.17565032623068855
15601.445431789738,0.17656343874625038
15676.239700841383,0.17948151042369234
15750.77753523762,0.17783850939476878
15826.393986264926,0.17596038003985792
15902.095315225517,0.1772948258144144
15976.787337457392,0.18016710430824864
16052.037954206073,0.17657746307422176
16126.747778195018,0.17596926143561453
16201.457206099361,0.1762417746076047
16277.234327983952,0.17683247599962415
16352.142661265192,0.17454367945578142
16427.831826401445,0.17564801824932832
16503.603114795278,0.1747042617036106
16579.26884188326,0.1773033795576111
16655.32843045988,0.17343416289855051
16731.658428509018,0.1748238295361143
16806.992746373187,0.17366417587990596
16882.554026023005,0.1763924431118407
16958.69384359401,0.17537380414330503
17035.225431357838,0.17516951873062309
17112.025486880833,0.1747266450126198
17188.178564713256,0.17636834588134429
17265.844202450193,0.17278984912244813
17342.764157436955,0.17126665563988996
17419.946500278,0.1727818554036137
17497.803957172375,0.1732186378669677
17574.701441317775,0.17461792206344173
17650.619685680296,0.17074571305596742
17728.924715113022,0.17271013133562158
17807.057011836154,0.17449610232557256
17884.917473896086,0.17583878709257578
17962.976332094175,0.17061725031181776
18040.723338100863,0.17126014766725875
18118.541116878245,0.1724268769586034
18196.01390890295,0.1732075590947963
18273.540954039432,0.17094202084950208
18350.775713213214,0.17385252337736598
18428.26589128001,0.16911361031869182
18505.75297934735,0.17298924632814397
18583.179155525155,0.17272133530651282
18660.02047461023,0.17260774222507982
18737.267878333645,0.17278705129895758
18815.158588382263,0.17441623164492318
18894.17038452058,0.1713584813333837
18972.53569184366,0.1718033389008834
19050.439098964183,0.17133179741172858
19127.997431882242,0.16988037725802854
19205.611135061896,0.1728627220306231
19284.550804139133,0.1682191873655758
19362.444723302797,0.16999272883902325
19440.264036513694,0.1709094832634423
19519.41276227022,0.17184832124649604
19599.084780578898,0.1715751171942394
19677.72208684786,0.17150666562533834
19757.093101724568,0.1697636681989839
19836.465860198292,0.17191042191421627
19915.670827612033,0.1715324646042483
19994.807066916823,0.17213843269304793
20074.720928777067,0.1736478648397336
20153.94462763641,0.17142323870129916
20234.036680251946,0.17184525110755963
20314.139116202947,0.16981054282608782
20394.109681410453,0.17309105051293736
20474.721013356746,0.1695661643613657
20554.71068129688,0.1699693399465746
20635.487801818752,0.17119916685708
20716.08902408741,0.16987978600681491
20797.18027677347,0.16794700155879305
20878.108037219758,0.1725100300419154
20959.156594784352,0.17024355895377424
21040.483483670294,0.17321279604416573
21121.888383964142,0.1714048530013543
21203.40125178162,0.1731216321750412
21285.410114111117,0.17169787513449938
21367.547903256047,0.17011148392454237
21449.608184207234,0.170590838879793
21531.40193344488,0.16915751489776715
21612.94447945551,0.16956840212864147
21694.738591022444,0.17012981721257167
21776.45140134876,0.17022582975724856
21857.42358378615,0.16670134297660164
21938.53859660124,0.16870128728455722
22019.590911916453,0.17228195123918527
22100.821713209916,0.16859112943220633
22182.593349109477,0.1698132229534915
22264.11060511541,0.1709449275831635
22345.623321161107,0.1689790021386728
22426.92626091326,0.16811893328415456
22509.20800642491,0.16912456586514676
22591.275909661228,0.17097987786420796
22673.738072906897,0.16922595275309965
22756.30767794923,0.16653830425710925
22838.357743845434,0.16957318715566486
22920.66157083617,0.167874088654871
23002.9715887615,0.16737534419047664
23084.531583519485,0.16969629492271207
23166.81487674966,0.1653673870997357
23248.61000439892,0.16714917928483564
23331.42081363523,0.16988434879836248
23415.509700286035,0.17033916483376912
23499.2834798995,0.1682857995198653
23584.109036779755,0.16918581823904633
23667.80527638191,0.1684270711474858
23750.52797138099,0.17068744693309115
23834.34786717913,0.17074288996898157
23918.697688751927,0.16822772941216316
24001.54061135371,0.16331797555172803
24084.59644399925,0.1676445940861022
24166.695768512756,0.1669145180009262
24248.38001372341,0.16721952402024404
24329.901109231057,0.16469978073920874
24411.043872825136,0.16457134853243321
24494.50507693266,0.16621673141396842
24577.60864464341,0.16795413537390755
24659.30571499875,0.16694780518038407
24739.88556304745,0.16027788036430402
24821.90900111125,0.16244582045390005
24903.887253051467,0.16610629428742937
24986.247878600185,0.16392251380625064
25069.502938601974,0.16614136811894298
25151.78317557826,0.16320025578746133
25235.729224676692,0.16393572314620508
25318.872179037113,0.15925275227709432
25402.815872622516,0.16778101244133892
25487.458113066732,0.16525421610997024
25571.211789025307,0.1653636639822809
25655.866670822164,0.1649952607050183
25740.329282044855,0.15680768880806648
25823.74878806712,0.1628939592137515
25907.634336261133,0.16271222118451398
25990.71055407334,0.16187789441894654
26074.275208774772,0.16205728661182714
26158.012416128426,0.16063324057300835
26243.541630258394,0.1585508187142883
26328.781073182865,0.16272138088720048
26413.451302982732,0.16309010323569467
26497.95660013679,0.16387068020685455
26583.99078141434,0.1638887059097909
26669.920331741643,0.16167186767931932
26755.98749765581,0.16307549818606204
26842.37145340535,0.16007651320276667
26927.68675895462,0.16151202809497134
27015.2116008991,0.15988346119401556
27100.999061267914,0.1617228765710074
27187.24167081054,0.16070263792310122
27273.166345016496,0.16294812252100646
27359.05092448484,0.16288481174360842
27445.45505056811,0.16018774641319433
27531.297702297703,0.1620900300969545
27616.633009708738,0.16001224345047552
27702.76800099919,0.16401237342679642
27789.42446221561,0.16224884418921162
27876.035960928264,0.1596219877878673
27962.915970577236,0.16289172281998293
28050.00571069972,0.1623456552700116
28137.456195048948,0.1614113072915962
28225.341439082178,0.1582611582487983
28312.908522234608,0.15728269288448846
28398.91585373529,0.1623043633703878
28484.67790192427,0.15841610216260074
28570.997813593203,0.1605712551613411
28659.19896849562,0.15830509006036753
28747.423688642175,0.16341715352358965
28834.710253528163,0.1624962685720896
28920.8824008011,0.16386250718003967
29008.19791406445,0.16596776156209167
29096.987352024924,0.16257739747998573
29185.73715488424,0.16324200490090154
29274.494661255074,0.1633883674558012
29362.430902951477,0.16316199024246966
29451.406005630277,0.15932763018487908
29542.063724274733,0.15737113780740922
29632.697960706293,0.1579964838025034
29721.904122423486,0.15918940153791952
29810.78283931357,0.16208618943474914
29899.837644848107,0.1612727786842871
29989.4286960314,0.16031205929671058
30079.71788318893,0.15718386962928568
30170.51114729459,0.1590556510653121
30260.627888298528,0.16174341743183707
30350.245849257564,0.1595502670711383
30440.808857231343,0.16100078681532484
30531.783488415662,0.1580635840984894
30621.22224302565,0.15951961320048663
30711.119092273068,0.15840998293016656
30802.012798901167,0.1594036872284557
30893.344904537564,0.1580005741736256
30984.000312793243,0.15693856104827578
31073.28382528044,0.15670647552435482
31163.128680344635,0.1576664438905742
31253.099212303077,0.16124044687521832
31343.165792103948,0.16140785398772572
31433.76459192601,0.15931034506588593
31525.82363512425,0.15890203131446629
31616.9945113204,0.1610320768937598
31709.172499533786,0.16180096083571222
31801.012872033152,0.15870181992194776
31893.850477200423,0.1607100140402079
31987.310700739912,0.15897897870572988
32080.104553437028,0.15725921505827087
32172.191925427494,0.15950546311725788
32266.082974608522,0.15934379943920904
32358.76619629978,0.15989499871671967
32452.064963458055,0.15859053134974713
32545.279355238687,0.15736051949068322
32638.41528899938,0.15862931673597364
32731.838888538845,0.15852303835548345
32825.58751476715,0.15668510378902645
32918.75396330046,0.16003455010595571
33012.9767240312,0.1578557722776974
33107.24489285937,0.15491590435199662
33200.95274807262,0.1586995721533689
33293.60074088027,0.15538186218884562
33386.589115055234,0.15480992199114477
33480.05891550441,0.15565768117461481
33573.66402891146,0.15678459251787946
33666.9333291755,0.15979260515641294
33759.87692788011,0.15803510415206753
33853.625514660016,0.15777563052260832
33946.691910070374,0.15584203197942142
34040.50663689368,0.1589561317800621
34135.17662142723,0.15787856437843797
34229.91571526608,0.1590572349393197
34324.53462188028,0.16133225313848268
34420.29866898868,0.15993582314462307
34516.357481592415,0.15749226456564044
34612.53944896681,0.15995493129953287
34709.44233033778,0.15778873136299826
34805.898602494206,0.15693619779443965
34900.97726423321,0.15970490391584577
34996.30484773151,0.1577070577388003
35091.87994979605,0.15655811106915324
35187.29198580235,0.16352871259949836
35281.91023484707,0.15791681385155806
35376.854267610885,0.15961996422366964
35472.029128038084,0.15856913790946156
35567.83253439581,0.15771120864428914
35664.08118012422,0.15978095076747684
35761.64042619868,0.15780945310916644
35859.725904360756,0.15680273798150965
35955.89077366049,0.15717779858400283
36052.54630147196,0.16001810635495398
36149.57075590156,0.15631566977005476
36245.88138212387,0.1558913490568055
36342.19025941631,0.15737589438859756
36437.76308851224,0.16022936460235845
36534.07244758715,0.15955222173540437
36629.23656992415,0.1532950428421314
36723.924707784136,0.15795148339044787
36820.01791958042,0.15583877258333448
36917.21354556804,0.15756956465238137
37013.83481008736,0.1569707393439153
37112.35557358632,0.15979275547720967
37210.08012278394,0.15826643514648348
37307.36824703681,0.1562148896023981
37406.09452302324,0.15687630156586468
37506.52088911027,0.15683689836709339
37605.544357611754,0.15505545568690965
37703.948527576744,0.15628232069477233
37802.67735696013,0.1544775479531032
37902.489676979356,0.15858465794445928
38000.54734468938,0.15573180009973414
38099.233779222406,0.15702813211847186
38197.625240071866,0.15719203771508178
38297.99322968907,0.15593368002301491
38398.4613085974,0.15618333889785732
38499.17760089547,0.15534405485781827
38599.958650843226,0.15540697998964823
38700.777313283834,0.15855143785387624
38801.16880355244,0.15579957515492474
38903.342146093215,0.15823389934991847
39004.965626949466,0.15867328947200912
39105.66099361782,0.15628338196988892
39207.41305965521,0.15568999296734434
39310.59760284662,0.15398902069696793
39412.89745672687,0.1567780059219654
39516.32662471182,0.15563732591214863
39619.02047165702,0.15482953507731637
39721.68970900462,0.15683754908036782
39826.80811738995,0.15697119181237656
39930.61560442291,0.1562841724559414
40034.58706030151,0.16094370542189518
40139.382647040555,0.15803995680269375
40245.24968757811,0.1544191280705315
40349.32075823493,0.1584872542884734
40453.357657827095,0.15473177050415404
40557.40168224299,0.15595715035815208
40662.75342978299,0.15779761770097134
40768.582672776814,0.15454140473594635
40873.362725450905,0.15780489017642174
40978.12034739454,0.15376367625267057
41082.92093896714,0.15737982865867134
41186.49421549622,0.15724626754174265
41289.425770308124,0.15548440539205635
41394.858359229336,0.1570633023856261
41498.283092150596,0.15573728357940295
41602.36517097995,0.15559373297933266
41708.23501439119,0.15379873437753994
41815.21603243917,0.15650037103231146
41921.63898962111,0.15833330164442752
42030.19895061728,0.15845310890129047
42139.23440833229,0.15801371693017413
42247.54209088651,0.15821585909937058
42356.45663982019,0.15621769644353398
42464.65806411298,0.1581931597255212
42572.41983069837,0.1522931530934261
42679.89634945398,0.1548973996344024
42786.38938662991,0.15548243853455315
42892.24878413767,0.1578009564147876
42999.17492585269,0.1548270341371742
43105.10297054418,0.15659385268608014
43209.89944695827,0.1570855194371831
43315.785411999,0.1565228109098828
43424.31141006477,0.15825870522943555
43533.80609521445,0.15823176218867074
43642.60270965314,0.1553899767281112
43750.49178286853,0.1560491508803136
43858.44025392084,0.15563104949173306
43968.47898374743,0.15794571367509325
44078.960774484614,0.1536015751924645
44186.83830425811,0.1551458137203042
44296.07612542689,0.15629677733381356
44405.53205807215,0.15341612136115904
44513.79510913753,0.1565021932949799
44622.14505098234,0.15459120859497102
44732.44920852549,0.15732801455942708
44840.5951417004,0.15724641217835503
44950.47715736041,0.1560049667730624
45060.21440556833,0.15619243675413086
45171.12922847744,0.15584215652315267
45281.451296866166,0.15764700104838503
45392.33888888889,0.15876981558372064
45504.368961014734,0.15480410463848712
45618.14716301038,0.15661263804305375
45729.96915006557,0.15476215655169095
45840.57349187574,0.15718879048773332
45952.3626161232,0.15727146266720723
46064.016864459714,0.15715816889537446
46174.700192702185,0.15497690413738516
46285.970564390394,0.15740912790410513
46398.82580805879,0.16028727551147656
46512.38281152551,0.15377484475426081
46623.69284281775,0.15530149966027798
46734.46351317752,0.15643321914632927
46845.27306850172,0.15450783007574934
46958.9141633565,0.1579533779434931
47071.876953002444,0.1571279367816335
47182.88189369808,0.1586972600378611
47295.583807873234,0.15629582240503204
47412.04753554206,0.15851939690216987
47527.653075241964,0.15731659469417952
47642.94332360792,0.1581836760072923
47758.996641999875,0.15818747893813806
47873.78947368421,0.15795379388391825
47987.70916780694,0.15305755006966967
48100.86460154884,0.15664196174479025
48214.12844494326,0.156466952907967
48327.16035676417,0.15524622098690302
48442.270346293284,0.15731608457120994
48557.01733780761,0.15613808673527763
48673.060626959246,0.15725310787869365
48787.80442527658,0.15865953331932173
48902.42270861833,0.15556403725637258
49017.95934756895,0.15382871314270516
49131.99461928299,0.15698461506851769
49245.41171366594,0.157419601216315
49360.54378970973,0.1550213008533314
49476.61336680264,0.1540656277787026
49592.606558397114,0.15535656018600003
49709.95004688965,0.15519123959266115
49826.788562922535,0.15767848301751342
49944.29872084274,0.1589248625810389
50062.067459082704,0.15668689781729284
50179.06849144634,0.1549209375641436
50295.729223858245,0.15318697998442524
50410.525233064014,0.15797283583526706
