D,r2
1032.5027089783282,0.4878558526364082
1043.048097412481,0.46957621215046347
1054.6208530805686,0.4697411038091787
1064.9183520599252,0.480964372095093
1076.1645049035114,0.4751669935353483
1087.4300648882481,0.4645647801932624
1098.0024726245142,0.4851772156622091
1108.735596707819,0.4489327010922528
1119.1816533720087,0.46608723758720566
1130.1913678197398,0.47066177998188424
1141.4266666666667,0.4639764123161775
1152.6577249575553,0.4837775602321147
1163.9904798172124,0.5013704854538942
1175.203990368077,0.46694076826907294
1186.955298013245,0.44556438238992047
1198.0887533875339,0.44854010699922775
1208.9053651266765,0.47011005774574477
1220.3236555592214,0.4580230152431907
1231.8982647158898,0.45984550761769893
1243.2748885586925,0.4659800180232054
1254.7291596919986,0.4718361639226776
1266.0107288198299,0.49243688677887454
1277.3271604938273,0.4369307002299013
1289.445383834968,0.45467123476748184
1300.7873270211217,0.4585935947589439
1312.7728885734564,0.43882780676380656
1324.0562338142804,0.4399948228863773
1335.0748725989808,0.4673916225824762
1346.1111837802484,0.4617959090430062
1357.5988868274583,0.4332901445115336
1368.1200889547813,0.468046722414796
1378.825358016067,0.44376732843898214
1390.037373004354,0.4208325707911038
1400.9422032583398,0.4399932145597314
1411.8773813647385,0.4196133509422757
1423.3316749585406,0.4210515373630944
1435.0018443378826,0.4249135951122633
1446.084577114428,0.41779822896934776
1457.4432915921288,0.4247286891341645
1469.4591732148958,0.43009618997037347
1480.9902694610778,0.4240230976368517
1492.217247706422,0.41490848535693986
1502.9612831858408,0.4217902363367921
1514.2650475184794,0.40174638591934103
1526.2602501737317,0.41207450024022385
1538.351067680058,0.419352836447724
1550.5748226950354,0.41642127331193207
1562.2807735217552,0.3956301579548915
1574.0136746143057,0.35668835416156414
1585.1924812030074,0.4025746414509081
1596.823637028906,0.3912801349260018
1609.0437255599004,0.4160222417221783
1621.3168352601156,0.402496249688945
1634.2343211578223,0.421702237399547
1646.5413755057007,0.4211902109636984
1658.4179933358016,0.41884512365594556
1670.5584368151935,0.41553104340653635
1683.163736642537,0.4024938782549495
1695.7215143793228,0.39423732732220956
1707.4315476190477,0.4206400385072188
1719.5114315863525,0.4184014552896503
1731.4805718475072,0.41044280585115217
1743.5230439442657,0.4099853865388421
1756.0911365260902,0.39774049588000193
1768.3739324173785,0.387731503872491
1780.8494860499266,0.41378866482324367
1793.9089645587214,0.39587202123850757
1806.8644859813085,0.4189576808003221
1819.3733583489682,0.4178757616155171
1831.8890070921987,0.42651677546141303
1845.006661991585,0.41046373783458506
1857.9838056680162,0.4136625111177559
1870.408635312259,0.41297211186221255
1882.8827851644508,0.42782499350211484
1895.9224589591338,0.3804256677233486
1909.550847457627,0.4081502774601687
1923.171294626758,0.37957386785290104
1935.891675754271,0.3875644129538629
1948.885011021308,0.4301963546914502
1962.4190442225392,0.4043598836717288
1976.0550424824528,0.3897594991860864
1989.3490432317506,0.3755350426961265
2002.07722007722,0.3835166318296248
2015.60628342246,0.3896508121091835
2029.99177877429,0.3942091952615122
2044.1714975845412,0.3913552900148346
2058.0811604847595,0.37294963729488795
2071.5,0.3949717502716213
2085.3913368185213,0.37945208288884413
2099.5086480762443,0.38990864258558217
2113.6671474936893,0.3787248453466292
2127.3607130373994,0.3675359334300333
2140.897426470588,0.38133751998819865
2154.378016085791,0.35695113928423156
2169.5231233243967,0.38346926771901774
2184.242883548983,0.35399202810775815
2198.5778019586505,0.37395766813817327
2213.0825979527003,0.3619483843426932
2227.728166351607,0.38236281342343137
2242.161488439306,0.3573179396223768
2256.329583802025,0.3461280652836436
2270.692334616731,0.34404708629836916
2285.5821893699404,0.35066505175748824
2299.472695035461,0.3544714494875287
2313.5171102661598,0.3280398922747575
2327.90039412397,0.34999721187502175
2342.3706441393874,0.33527231575928024
2357.202303815695,0.34293285785186295
2372.2899575671854,0.3264497718512471
2385.9897182025893,0.3311417972260001
2399.8611111111113,0.33881699316372144
2414.9975770162687,0.3418406471779697
2429.810433504776,0.3373249136511603
2444.8971085242206,0.3544533201183935
2460.447652173913,0.34132915415173976
2475.9809732894255,0.33661507600810875
2491.0710584752037,0.3413389118985864
2506.99624188589,0.33869916164580927
2522.626570232204,0.32856275067165497
2538.161221590909,0.3362165508024614
2555.0278454577096,0.3308170414831476
2571.0090531874766,0.31669388900883444
2586.5505300353357,0.3151502378811754
2602.581747709655,0.3063326800917012
2618.367602427921,0.30151342915311385
2635.092715231788,0.31195343492912697
2651.5946928389676,0.29314350333459044
2667.548603351955,0.31826696407743016
2683.88430335097,0.2920004903650366
2700.4135714285712,0.3129141096481387
2717.144392690792,0.29577460671857814
2735.575616732213,0.3080149748778336
2753.2654735272185,0.29769288200063615
2772.442207566817,0.3037257198425013
2791.0237752161383,0.3208443993542506
2807.939846882975,0.3148998612881766
2825.058598238223,0.28893165489768313
2842.3648114901257,0.29659176435152823
2860.575557103064,0.2963513388508174
2878.347290640394,0.2924188504789954
2895.5180859080633,0.3019965226291517
2913.2429220552253,0.3064644258560442
2930.8805055534276,0.2762317538838713
2948.369753728755,0.2726907764350766
2966.8762306610406,0.28737627537551286
2986.7215568862275,0.28995979411487105
3006.440290381125,0.29243090059101295
3026.0897346368715,0.27432011475181095
3044.713306887847,0.2816896369545907
3063.7336326225213,0.2721139689006304
3083.1641043975687,0.26082420903926573
3102.2233576642334,0.2604604775720716
3121.7801314828343,0.28060480201164134
3142.3221523410202,0.2491985239143653
3162.5705673758866,0.25431652649668773
3182.092544023979,0.261835403564586
3201.5406976744184,0.2695622756203163
3221.84573699422,0.2727829587202667
3242.2848527846754,0.28050725652432473
3262.192186955005,0.267692916620226
3282.053796260969,0.2860204961273202
3302.7313691507798,0.28547470269116965
3323.38886867952,0.2668872624327117
3343.9782372143636,0.2614696317273663
3364.8,0.27648736462394996
3384.8130466472303,0.2844486807112914
3404.7237258347977,0.2635635241799236
3426.466571326421,0.2728801841546876
3448.8117094325985,0.26979149942476716
3469.7088514996344,0.2800071587849036
3490.6818020574674,0.2694754334591055
3511.6470802919707,0.2582033815056798
3531.3699551569507,0.2948425636008785
3552.6005519144533,0.26759728084262957
3574.84911135292,0.27673486091246996
3596.191723614275,0.2924907465299468
3619.5192504258944,0.27132239076281267
3641.6062931696088,0.2795362410862524
3663.9899375433724,0.24936316212993162
3687.384697508897,0.2856667937083209
3709.608914450036,0.26090592411853725
3731.2268080272625,0.2631581709861256
3754.083828152288,0.2807813233618601
3776.859097633136,0.28941247797037317
3798.5840676771236,0.24437731713765382
3821.4112415510494,0.26515326399713307
3842.2406516105148,0.28664701212578486
3863.8395239812476,0.25885311679940065
3887.01339608979,0.24189933645155273
3907.936353829558,0.24537741766186355
3929.4196328212815,0.2602527638856941
3951.5594775855984,0.26656617387870485
3974.136559139785,0.27395163313831206
3998.1573909961007,0.24295746812160937
4023.1278140885984,0.26232528875010713
4046.784719742949,0.2595342656266035
4070.9725928597186,0.27139384247861337
4094.3010340865567,0.2803686603335114
4118.932604093155,0.24943746966336056
4145.451758969,0.279129024919829
4170.816326530612,0.26755389138597
4197.045233124565,0.25276634894742134
4224.644128113879,0.2761924829193604
4253.383253412025,0.2685020360067131
4280.632124352332,0.26577621210791513
4308.939908094733,0.26596199301874685
4335.623628383321,0.26496146186715275
4362.7542579075425,0.24754528349961116
4389.672727272728,0.26495472391347963
4415.692225008957,0.27182045450624753
4442.9953271028035,0.26511854897171805
4469.028612821441,0.26637928786994286
4496.286674132139,0.2851408613667435
4522.793163585629,0.239991569605439
4549.560516605166,0.2655850320350401
4578.700701754386,0.2585173616702177
4605.290121189864,0.2420240176265683
4631.077275935074,0.26519381611080906
4657.140305173056,0.2557688762734842
4683.798036465638,0.2669445427970233
4711.972202166065,0.2697909424099243
4740.931059506531,0.2641791512129242
4768.977882523568,0.2782206841259298
4797.709970887919,0.25839374112287444
4828.32139056403,0.26559035164955025
4857.808106169297,0.2654285822447201
4887.0417582417585,0.2586436325700954
4917.3379432624115,0.2619730791084553
4948.148,0.28462745109820087
4978.380276428838,0.2840796031245778
5008.357913669065,0.2950209119326244
5038.287463976945,0.2840879233667028
5068.789992695398,0.2594208146642182
5099.504854368932,0.26061307004164563
5133.440339859623,0.26506235816253926
5165.866262482168,0.25359056941040375
5198.951298701299,0.2557856787699912
5229.917176809507,0.26035868206200297
5261.525631768953,0.2850298769704153
5295.036970567121,0.27136632551507567
5327.33516886931,0.25878772251717325
5363.210601209534,0.26553168837521773
5399.558608058608,0.27944238314014874
5437.842872767043,0.28232529002220175
5478.870967741936,0.2799426354351598
5521.617345132743,0.2675620074676515
5561.235467255335,0.26781021865100124
5602.03624208304,0.25370624448544854
5642.963219227968,0.2560410391766983
5683.442105263158,0.28757570338797717
5725.895265423243,0.2883535313125915
5768.402569593148,0.25394270459547613
5811.1832253419725,0.28276107402543255
5852.577380952381,0.2520448070222947
5892.88777698356,0.2762378404881149
5934.079061371841,0.2771671413044477
5977.332744613211,0.26895987932882764
6021.556001459321,0.26284491222905293
6064.748563218391,0.26744600876926033
6105.541545189504,0.25666327240795883
6146.92479309104,0.2642537359412301
6190.84705882353,0.25737985284085
6233.045938993017,0.2808973782977325
6273.750453391367,0.2626199444099647
6316.421165534502,0.27075893335627804
6359.635620334163,0.262437757634565
6404.4650488953275,0.27648722192636044
6449.756474820144,0.25919904345399564
6497.991234477721,0.2667606827605704
6545.560344827586,0.25220956934761074
6593.53221696396,0.27561545394758186
6639.369526521894,0.2782194901555417
6685.644770642202,0.2815889637559448
6762.275324675325,0.26948587931695334
6865.886945254292,0.2753043095665449
6970.0929476763085,0.26334315184311535
7070.187877797745,0.2661598254980012
7172.137852740837,0.28168657862180374
7276.848714568227,0.27618666595417996
7379.395629117789,0.2684083802132181
7488.49115913556,0.2649194846279185
7598.14118221788,0.2584095736377363
7712.541309620048,0.26036760084825905
7824.647261397179,0.25704384729692725
7937.200680272109,0.2759387139467722
8048.577048114435,0.26210558182952237
8159.0661036218935,0.27587084023171
8267.929769736842,0.2744034841167079
8386.547965116279,0.2715524675510257
8509.244041789096,0.27830622624332774
8618.021908471275,0.2546993736044255
8729.874551971327,0.2662906102127014
8845.089245221898,0.2581377055099525
8966.420560747663,0.2530995530455287
9088.666127466839,0.26604346730329237
9216.024402227318,0.2620412038033065
9332.30941195529,0.24462310435714227
9447.492826866644,0.24536629263616352
9568.866644982923,0.23218752895262137
9693.39399837794,0.22870866447888236
9813.781687846204,0.2213265812288437
9937.533235581623,0.22202318535242763
10063.72354281993,0.19637019995335991
10196.884540117417,0.20418107621430812
10342.827350982621,0.20112681596584814
10496.277696437286,0.18505203984049876
10644.353706111833,0.19115007378023413
10785.303226852602,0.176799184504948
10920.378810105949,0.16741828944938905
11057.043855342825,0.17548854143593418
11194.348276420133,0.17824235451231038
11338.930736636245,0.18307490830737258
11492.36685227645,0.17502948096032733
11651.189736117856,0.180045061308134
11804.065541855938,0.18890989599737942
11964.899181669394,0.1806165638603876
12127.43610120013,0.18453976684249795
12296.48476005188,0.1867657535499361
12458.668782552084,0.1736097915741183
12616.047060739293,0.1699609338288555
12779.708759954494,0.18458215708349915
12930.15637254902,0.19030579590644028
13072.453066536522,0.1712907979600262
13227.470530930346,0.18449001091444733
13373.146285714285,0.16487719577199222
13521.627275682706,0.16404727989022938
13660.260480987976,0.159010707794533
13788.838336052202,0.1575185525849533
13919.666341780377,0.16350995357135698
14056.722393885184,0.15439639002374925
14190.880188832818,0.14951832381702565
14325.785072676792,0.13731828332770477
14456.634440104166,0.131654000724779
14581.033716971957,0.1377472454168528
14705.257671699952,0.13959702056567766
14829.208128482465,0.1422607756454787
14955.24157485418,0.13976776367402358
15078.253797158255,0.1459104215639373
15210.192133376497,0.14554469360270234
15335.609587916599,0.14694953420760304
15463.158889068303,0.1367051826551612
15600.244951140065,0.1311559469546809
15739.560123496913,0.12907761376110452
15891.647269763651,0.135188148928647
16048.488432714239,0.14205857006103026
16202.983967611335,0.14443564824785482
16369.895339329518,0.1513988583105392
16545.147288080545,0.14441701422626652
16715.437103336044,0.13913165433222555
16875.728497241154,0.13635711186205626
17034.619609772093,0.1381266867140131
17202.364286875916,0.13852544655637603
17368.425400939577,0.1379322525302645
17526.472579332793,0.13812377144939836
17684.959309895832,0.1455173482218174
17853.695758564438,0.14062355206900393
18027.003726506806,0.13445154882940785
18194.068825252198,0.1310813160905922
18361.467230443974,0.12974474103865358
18537.280902550687,0.14344460386789692
18711.964917979534,0.14539320181478574
18885.54747605908,0.15223268174808427
19053.842113874347,0.14837483128743223
19225.607709750566,0.15142138505142172
19405.8211143695,0.1528990951408892
19586.457379444713,0.15760817451052042
19783.43992184956,0.16031061218996737
20001.04653433127,0.17205357762329043
20211.547541517422,0.15681387681597445
20418.877697841726,0.16025382947304348
20617.640149666506,0.1634121499824801
20787.923513206937,0.15889637345227714
20965.018160994765,0.17226771743131472
21157.14170302149,0.1523443130824677
21342.396047689042,0.15871277709208403
21517.18335226351,0.15263970468871838
21695.47722095672,0.16115592311391613
21883.486090775987,0.15324340130492334
22075.673991472613,0.15909437882766206
22260.73147397438,0.15719879290435554
22442.604461814037,0.15217738029748804
22632.517868745937,0.1533556005223459
22824.04642857143,0.15596806567965552
23013.15599477295,0.1616270151327437
23195.47619047619,0.171201744867475
23385.188617352796,0.16439613121895805
23587.103202846974,0.17003205905221522
23781.996083550916,0.14297019184851853
23973.87122932209,0.15235090634173418
24154.331762028607,0.164547603226737
24348.661767107627,0.160579974205251
24536.379236941215,0.16107580740723615
24711.85058027079,0.15902554137994654
24908.677866579677,0.15318735413262724
25101.266221062928,0.14546370697074032
25287.05588139459,0.1593327985575575
25469.214865303475,0.1667875107537047
25655.40025990903,0.15882471871516543
25860.740071614582,0.15263290868228224
26050.103352864582,0.1563179777128588
26242.925382860867,0.1441318921620096
26444.291307879772,0.14354720163960535
26642.22791000978,0.14804608574660436
26829.677765145363,0.15081856325714418
27017.252925877765,0.15384107910974282
27208.378144397255,0.14226579115045732
27392.39635831572,0.14059156208285867
27568.75870524767,0.14312719532737517
27738.61440335863,0.13746292388468753
27902.967124631992,0.13828753829104196
28081.82373925734,0.14556923279554895
28259.078472786354,0.1506192878058258
28444.4463877084,0.14473186966182067
28646.288517677585,0.15153310063812492
28846.0655817738,0.15478833957890265
29027.413524057218,0.14753006097529653
29204.04690553746,0.14633058168936616
29379.189171559035,0.142060715767151
29549.618930848454,0.14337668130448314
29718.983675448522,0.13807389830899439
29890.963041354607,0.13661367007782854
30070.289885807502,0.15000388564302816
30255.087719298244,0.1498216806545733
30435.281045751635,0.1426651481268685
30617.040377727124,0.14281592437680024
30799.385090141302,0.15369309877978726
30992.21882086168,0.13730156607116167
31195.897636511818,0.1355070518696999
31400.498534201954,0.1444842683466134
31610.570037331603,0.15414820218172687
31823.23275159028,0.15745131227428327
32040.681433224756,0.15315403328694344
32250.923390383046,0.14552348705010434
32441.455944282476,0.14799790874535868
32629.762176250202,0.1473537064542738
32820.436553184554,0.14333327993109743
33006.457707380796,0.13502982533849403
33189.14895697523,0.15041447897996307
33374.60424428965,0.14081809473888748
33555.82263046659,0.14593145351691045
33721.165336374004,0.14714060804853266
33889.36467515508,0.15516906670619787
34060.25113341969,0.14752068123674963
34227.46574450773,0.15447492998395357
34408.73611793612,0.1427268929634705
34596.4359223301,0.1524345789528567
34778.876817513476,0.14353209014814833
34958.07045675413,0.14849525759762736
35149.883864671436,0.15635662764023445
35346.78301271601,0.166923753882896
35534.801364300794,0.1619598641052003
35727.6942216402,0.16725861092315905
35924.344738122265,0.15626350872996134
36116.943396226416,0.15155482793113775
36314.68579323797,0.16049124888553767
36511.70071918928,0.159597068090641
36712.787834549876,0.16652275470487346
36907.72456656853,0.16443178701187736
37111.576424870465,0.14665881559822286
37310.062214983715,0.1402804065284746
37518.51079720734,0.14089636709442788
37734.29042258117,0.14763433858260913
37961.77943561466,0.1456431036254382
38215.59771801141,0.1579367081942845
38494.48137302749,0.1618690741316361
38757.69471974005,0.15498596548549107
39018.99035474906,0.1470200732412546
39296.16312631749,0.15025753410777573
39582.2385770235,0.1625941090855901
39848.92091588178,0.1571089069290683
40126.37136356249,0.14581318386734038
40409.169245805504,0.14399348232068523
40686.31050228311,0.13863027895843416
40963.858072916664,0.1489818598514673
41265.70066590872,0.14565529793584917
41577.13497232172,0.14893424617221548
41890.25581395349,0.1637427128710404
42182.89473684211,0.16495802393426037
42514.93913751017,0.15956523774416412
42864.18202577067,0.157369274027084
43216.8351487563,0.15720680128357767
43576.2665255617,0.16158176431931048
43901.609070221064,0.15163009224163637
44223.622761315535,0.13836878328469196
44543.991855351036,0.13875445203739914
44883.130138099106,0.15078717948120038
45216.68801820842,0.15658676601641977
45553.27778681855,0.14785967974401487
45912.35107421875,0.13911130904867322
46281.183773216035,0.13305021569445724
46641.00358656668,0.13695575121761497
46952.31468871595,0.1303557964521577
47289.70252648737,0.14262690452710416
47625.980822363075,0.14966372580591403
47940.99217348769,0.13582504076946356
48249.87703583062,0.12989798522428572
48538.09928617781,0.14701513607089103
48849.40156199154,0.1243137422017685
49113.30102790015,0.11391725167605321
49356.21480759863,0.1320345887903296
49629.492182410424,0.1282720273219171
49906.42047859352,0.12446785382352193
50199.86290453732,0.1396095774768329
50503.739549314174,0.14698863010142832
50816.895711500976,0.14825472145657675
51108.14614255423,0.14219735892230934
51394.25853103672,0.1484082619080503
51678.540852864586,0.15253431988602034
51943.87690561142,0.15221768718430315
52221.29434761362,0.1479284342742743
52520.352424341036,0.1499412659136052
52881.18143391318,0.15646587159332737
53247.16967626484,0.1559675389041695
53608.54208041674,0.14711546176552312
53968.24312896406,0.15519728994477647
54340.53588283157,0.13588744480331258
54726.24438659291,0.1500793270214756
55116.83053335508,0.13611105855843206
55513.895454545454,0.13737023883075522
55889.81247963506,0.13887792456343478
56242.228980322005,0.14181683722522245
56642.284224250325,0.13433577019078938
57038.45592062459,0.15038189474259595
57418.37185112953,0.16059728464603795
57802.3369689077,0.14941840702555478
58192.92638436482,0.14812134016558687
58591.282923652936,0.12718376364131515
58959.88324377137,0.1340466594610361
59313.02516642312,0.13552491413876827
59668.735298908614,0.1355812602864846
60042.81304913765,0.1342767939804603
60425.76113821138,0.12858271611621724
60809.5570196844,0.15030837530606103
61178.184835665474,0.16108266997488327
61582.74731182796,0.17091805173053917
62000.14841968068,0.16004005465586732
62401.57544258567,0.15264057750399349
62765.08005206638,0.13973594009854137
63082.247557003255,0.12453017328218391
63381.71094131035,0.10900103958084956
63738.042940793755,0.12451952354266621
64110.355385367446,0.13590665672876612
64477.21569265831,0.12745997250678803
64847.342191066185,0.12939339286369272
65191.59993510707,0.13888175949388823
65521.504965000815,0.14088213404550534
65870.77137728459,0.15043932958181788
66188.89949667154,0.13987759570379144
66494.02177799448,0.13001403239600556
66783.72497554614,0.13520968198884614
67080.72424439389,0.12431283554695599
67388.01792406713,0.1337272742821695
67687.82045861115,0.130232347738239
67993.77546371624,0.14350961372217041
68318.19517365075,0.15592761784968293
68641.72553156955,0.15342695123872258
68962.53068886712,0.17659613398290203
69253.26557163766,0.16821914831795104
69548.81400259909,0.1514371728668108
69847.84589096827,0.15759912816740365
70094.29086772831,0.15947421332155493
70342.10734647336,0.1706590241942913
70596.08791924454,0.1711771650112534
70866.96243291593,0.17342495102787261
71157.67231546358,0.1701373378955538
71474.07993501218,0.16011286792655888
71801.83867817027,0.17518690252134483
72104.83341483293,0.16078090507681184
72377.32137057486,0.1544137430203667
72610.37892851327,0.15596923551064532
72827.66726472028,0.1564822914478676
73061.38580246913,0.15117692219630965
73313.43076923076,0.16130199028172473
73572.30735650768,0.16826533761498963
73833.49007161458,0.16923480025172402
74107.57371167645,0.17269628695476047
74389.82708231856,0.1491590248095091
74615.40605665906,0.14215658506896614
74815.3169541165,0.14503033909361926
75025.12677203845,0.13638633277964968
75237.96673158066,0.13456566285767715
75450.62345276873,0.14481090466451885
75672.01433925371,0.14604571452023077
75920.83642578125,0.1433199608296523
76158.32823682498,0.14371500259500983
76379.41518367347,0.1344216046135804
76576.72417153996,0.12879376730420658
76765.63014144042,0.12586080320836238
76949.30852105778,0.12896831525741595
77130.40994493035,0.13096319877268311
77311.27405721716,0.13280065655631482
77496.03647020514,0.13612704750674826
77690.71074514919,0.13266629479731976
77886.77462491846,0.13629171642785334
78085.9074947163,0.13365406136589988
78284.61598567475,0.14224885566786957
78482.30058365759,0.12955956350820472
78678.88917861799,0.13244173811942625
78872.59824190135,0.12577828789600606
79076.07181153534,0.12370470857112165
79298.64479268692,0.1317303092840591
79544.97062165233,0.13040875937574237
79782.5859145745,0.13409496544276794
80039.84766385464,0.11504224236707598
80289.61695191525,0.12502340937629916
80535.13192182411,0.1257049790924779
80801.63460286458,0.12301965100691564
81081.85303670022,0.12403978284438709
81344.72687367907,0.11733302303261134
81586.0559986977,0.0979870788751463
81788.73490042442,0.10034592418712264
81984.04437581274,0.09443777239448975
82186.52085369827,0.09653506104547924
82388.79169370538,0.09580809081763655
82585.22690992018,0.09986380846279123
82779.23873067535,0.10463658189580631
82979.753257329,0.11200076209934506
83193.10932423652,0.11635738726202377
83409.14486133769,0.12230154432970297
83622.22894694142,0.12394036126744556
83843.32653726962,0.12635803156048256
84068.50358890701,0.12173249363823503
84284.013671875,0.12338577906316471
84499.55721231767,0.12290510034340713
84707.37194127243,0.1315212837508646
84922.92917616412,0.12884204487301823
85146.2886832278,0.12391788047147995
85355.27637782475,0.128936409432505
85564.05658536585,0.12659802785206659
85765.8267601043,0.12712794224282484
85964.02030869212,0.1299462633949196
86172.80309446254,0.12469566282717076
86369.98111056832,0.12537507773301054
86560.46617886178,0.11858748646952003
86749.02765957447,0.12284169036084386
86941.85543143921,0.11637920211809076
87146.10168940871,0.1171239190328985
87361.64268232991,0.12517306677277418
87577.33165502679,0.12144775219299316
87784.30554649266,0.1134723464908991
87996.29725337234,0.11465961670396138
88223.08984375,0.11327530106855432
88463.25564398245,0.11133300667465769
88681.57546092347,0.1133974159371052
88917.12726087664,0.10364100436660274
89160.84410954465,0.10351640385600988
89395.75081806282,0.10190521999973809
89639.26651554405,0.09514003403018818
89897.60358890702,0.11628652410763636
90180.57746021435,0.10722423140609236
90473.73968357527,0.11233229494693131
90763.66357119582,0.10653198685700051
91041.92895377129,0.10672551918527994
91335.37711864407,0.12101660612120618
91687.67181404421,0.1301454263591672
92028.90084801044,0.13389157486666114
92357.5762987013,0.14751506955323904
92710.3439791429,0.14363043018118843
93035.30412873861,0.14076345687759612
93344.58976441917,0.15944775374601555
93639.38746531744,0.1541126249007788
93915.17254838184,0.15797099017895158
94179.95918699187,0.16141349068845312
94434.59047929573,0.16507747895995817
94671.9176585684,0.15259357322099176
94880.68619791667,0.13741526926990455
95065.43733723958,0.12563271912041138
95228.66195581546,0.11441579917228663
95366.73122465532,0.1059613527316547
95484.74320585842,0.1034950768021607
95595.58417147568,0.09334365086927177
95700.51638291037,0.09212892414703874
95800.33278955954,0.09540250812859481
95894.19607519789,0.08987804916174624
95991.15652879156,0.0894544360350231
96088.98618917617,0.09248577797329156
96186.55913626697,0.09568721255691219
96288.27082993642,0.09504505230195136
96389.91980598221,0.09542882965322551
96490.272860397,0.09971520900638192
96585.62495916367,0.09134038802640541
96678.34926829269,0.09587418146580551
96773.57995458969,0.09406241454185371
96869.6960417006,0.09457960721103853
96967.6112745098,0.0927611301171465
97062.28880572731,0.08996891191006391
97152.72952411784,0.09217829696132714
97239.05129891483,0.0897755601782163
97323.51532258064,0.07856309203061337
97410.76266492915,0.07584566784986953
97500.19205407187,0.07676693606967447
97594.99869558128,0.07612503010977419
97690.6601784266,0.07599824888605519
97781.82852485738,0.08317325811929219
97871.53987630208,0.07915771409523688
97962.64561749712,0.08010892491673985
98058.63746223565,0.08309313063596374
98153.86136662286,0.07901751288988493
98252.40766494178,0.08691496407355027
98351.37652414241,0.09036388419097079
98452.96563065285,0.09140394793148138
98559.20612046632,0.08521182397004098
98674.8007799805,0.08343566713461177
98793.19245099627,0.08835387741880758
98911.44210179542,0.08435412122493305
99030.33004048583,0.08823348187998853
99147.73922902494,0.0945359517809683
99258.82241916953,0.09164685385700447
99366.8023069529,0.08462923717430965
99473.79277069021,0.09317153928678452
99583.6748696219,0.09276419875695482
99698.82802027138,0.0872554940541269
99819.03600258315,0.08408758830993643
99943.42761108378,0.0861524138350665
100065.28569121446,0.07878706082998987
100183.93392857142,0.08045338700323106
100296.88991127178,0.07941680336465282
100412.96421568627,0.0797005405242719
100524.25986153599,0.08346308930547144
100643.69213189684,0.09131199384713778
100763.32557382387,0.09074465178814888
100893.53211904375,0.08897757398011753
101029.66790622474,0.08276799900292937
101171.32881411303,0.08752787215353512
101319.38837322911,0.0959759856756855
101484.52620408163,0.11187016952659089
101666.99058594384,0.10732473563563819
101836.21186578051,0.10281866041568032
102009.51401107853,0.10450947139224444
102214.2684476299,0.1184478156044954
102458.42134374492,0.13415005011737544
102725.12558818757,0.13447108649822576
102965.52307943239,0.13799009910001847
103194.08810644166,0.1459364932476852
103424.6989912138,0.12003736117293941
103666.95335181862,0.13307458376505502
103921.71558885812,0.12877644059772547
104199.3202985559,0.12591879111221985
104509.976380518,0.1320005479299665
104839.33627019089,0.11229820564238359
105163.78379254456,0.11491729959337779
105475.73503994782,0.11181484761179855
105807.38465290196,0.106954153080167
106151.76597820784,0.10612229513956856
106521.3503257329,0.10942261866277198
106907.51668022783,0.1031694140919543
107286.99756097561,0.10475600101440057
107637.20672214065,0.12012880120477917
107971.19044523887,0.10922496589321562
108316.29028049576,0.11514579091236246
108699.16582833035,0.11726166046591337
109110.02785469947,0.12097421791410909
109542.76721897336,0.1287710378076558
110000.35808500244,0.12931857815350006
110480.01384815901,0.13072993158250729
110944.19567690557,0.12547105276715498
111384.52275682705,0.1226698586440813
111816.36458333333,0.12183285954933061
112198.63495177374,0.12871724009392155
112526.38279220779,0.12345480608060884
112895.1308806772,0.11616506021307871
113278.5165961601,0.11747739555297723
113713.21893779439,0.1188747861981138
114142.8948738812,0.10621881613519642
114564.57447501221,0.0994850220648803
114935.65151515152,0.09080054750514215
115381.95330296128,0.10288921118341889
115908.23371771968,0.10151483587348625
116499.31619202603,0.10277083115537873
117056.26193191073,0.12436547052712786
117640.7035766781,0.13890662842105664
118251.5733744122,0.1204325825487652
