D,r2
79.3652445369407,0.43511854461128063
109.42181288099655,0.4068703655522718
139.49234658053643,0.4006565243496564
171.32014015053204,0.4030082357036804
204.05050505050505,0.3916184378365834
238.72989587253795,0.38360132836701394
274.49500732259355,0.37320529443341655
308.9780542353928,0.36967459039250444
344.903499873193,0.3620035782976879
382.4313164349959,0.36159987774693736
419.80737544134956,0.3475106929237934
457.5661105749345,0.3542516504128498
495.44571944301185,0.342682528069655
534.010144153764,0.34207866257603964
572.3313397129186,0.33513469000797824
611.8184109298315,0.3288272199918761
651.5223981594262,0.32964383918897416
690.8373069628827,0.33352395774628274
729.6274849899934,0.33305084971698756
769.5586555930444,0.33289479682487705
809.8238537044507,0.3277897630531671
849.2118989405053,0.32437823086300854
890.1930647894668,0.3187385434097021
931.7376139516449,0.3191949598558919
972.4397942157954,0.3151327691540752
1012.6201379310345,0.3125390691480918
1052.7406786761626,0.31147879204744644
1092.1897287622194,0.30759196257651455
1132.7096862960925,0.3141513165602532
1173.2247063817745,0.3037891041088696
1214.3363185450537,0.3041105232849498
1256.1655419363724,0.3075760244044564
1298.441492290749,0.3065954903750445
1340.4432946441057,0.30382905110194053
1382.9952387430283,0.2973519914264408
1425.7080189997205,0.2975570278304607
1468.0145380434783,0.3004548531313968
1510.87799805906,0.29705933927041395
1554.03611612724,0.294120314230704
1596.5714285714287,0.29615690426063396
1638.5825269948114,0.2992767038115029
1680.8900291221744,0.2894014458596943
1723.9747316940634,0.28475805844881397
1766.6887258360377,0.28622639372199604
1809.374712020599,0.27962098197568486
1853.4736914982,0.27594839158959217
1896.7600112406913,0.27708519685826977
1939.9498973305954,0.27716427338027705
1983.3647205658021,0.2792156845060674
2027.9091034482758,0.27363860020679387
2071.550348675035,0.27115089733861386
2115.952537722908,0.2675206577750441
2160.5175789328555,0.2734555052790413
2205.211199779857,0.2659350530274926
2250.344741235392,0.2678331142896481
2294.3564603240548,0.2711750555140385
2338.8480473047307,0.26390533835502783
2383.940250696379,0.26219390805290216
2429.1027586206897,0.2676726013756621
2473.585474239689,0.2646552312771053
2517.7428174878555,0.2614881855975895
2563.001231358599,0.2639851850574944
2607.9410449846328,0.2651848343643553
2652.837387074357,0.26732406450336293
2698.477352861405,0.2611205427583846
2744.638850125593,0.25501936794358904
2790.357309540151,0.2554003481232094
2835.035890914229,0.2553629831941263
2880.19527751391,0.2525489636902853
2925.9948070175437,0.2541761971668344
2970.9649098474342,0.25117202250494414
3015.9064807219033,0.2531028313947021
3061.371581695754,0.25426938252133047
3106.973385628239,0.25022901362194605
3152.9520426287745,0.24417097077544753
3199.0627379106163,0.24850200732071523
3244.236526946108,0.24529848130826976
3290.5473142220985,0.24865124832863944
3336.489382373352,0.2453370800023683
3382.5703981134693,0.24373495173136134
3428.7843669425974,0.24270760066069835
3475.1079883704833,0.23260675707172684
3521.182409072051,0.24493338016869198
3567.14506606691,0.24104650268446745
3613.8197302084754,0.24178673785510954
3660.1932326621923,0.23952341712678007
3706.2937578201027,0.2365111804780878
3753.2167460857727,0.23383862884207612
3799.0134491454187,0.2401068919129025
3844.672666851288,0.23506715819491228
3890.626470995431,0.23540852394816708
3938.6094835808694,0.23443497709340616
3985.7601323407775,0.2336576466588472
4030.983564749221,0.2258150619068051
4076.545642012648,0.2247967211375585
4124.116812227075,0.23395633212075367
4170.839374654123,0.22926349380254532
4218.047032474804,0.23098902509160923
4265.244392459062,0.2247067976392153
4311.550578831312,0.22968471212083066
4357.437465412286,0.22650749409844323
4403.352410056952,0.22625167580551944
4449.635874810423,0.22801108042612492
4495.557745696835,0.23058125536306193
4541.957429390094,0.23228394127594953
4588.829140171413,0.22608278792392705
4635.5736553854795,0.22849033803389468
4682.210511832691,0.23029461130677287
4728.934226889595,0.22535092998517559
4776.144707828004,0.2301155503092409
4822.582588364737,0.22653993556318544
4869.473302662763,0.22370487732921057
4916.157909253896,0.2326523239839223
4962.567230385362,0.22939567226757282
5008.798873471631,0.22805114407833124
5056.188870385789,0.2235158433855506
5102.240016813787,0.22307970237645824
5149.829215017065,0.2220793044950924
5198.82876901798,0.22019588791776207
5246.680659462455,0.22636743642661514
5294.432809050772,0.22237533853959668
5342.967910756094,0.22603330473811678
5391.760926876647,0.2238528134021705
5438.987294051941,0.21997938577267345
5486.387849829352,0.21740124476574257
5534.673544375353,0.21087462997642079
5582.163691293601,0.21681066838666893
5630.408514742353,0.21559577183884096
5678.284419026363,0.2205359329200919
5726.2656313853695,0.21996081616520954
5774.478569440579,0.22055641809534107
5822.65981231024,0.21921602357129635
5870.733379597502,0.21819693726407058
5918.498070030328,0.21295679039855253
5965.752891986062,0.21821839559038494
6013.2682859508695,0.2164001429866093
6061.708764665286,0.20595608685024683
6110.050800662617,0.2126810431862714
6159.081190609279,0.21061317174151176
6206.948377379159,0.21183611169347427
6255.573073759254,0.20896297176317394
6303.988614273813,0.21055275911938115
6352.950846757538,0.211239272771759
6401.627945661215,0.20928833740236988
6449.409518539015,0.21102147856718434
6497.31848023467,0.20889091648823715
6544.842404099155,0.21264850350454514
6593.094058050383,0.20365114033186682
6642.220077220078,0.20853520931508784
6691.11763081596,0.20693268702543952
6740.456759374568,0.20805690728720963
6790.604732567908,0.210575723928633
6841.051009274413,0.20485821115660074
6890.939313244569,0.20861958733178093
6940.199584199584,0.20475130533564403
6989.97602882084,0.20912620750499858
7040.890390183373,0.20710984502792068
7092.2795210569775,0.21162384107818863
7142.858638743455,0.2166734341473728
7193.856294044494,0.209400521110238
7243.602406267488,0.20682494260606019
7293.715786601173,0.20880801520618456
7345.018503175918,0.20614278916921716
7395.57695554305,0.21437504550054953
7445.233429791925,0.2095160732374634
7495.719945355191,0.2121686159083782
7545.477640869445,0.20992609954950123
7594.981199889411,0.20723184768282601
7644.526907073509,0.21139696867674274
7694.415384615385,0.20728927375380646
7743.979268123,0.21208100460035662
7793.2513858093125,0.21017254418218798
7843.112527716186,0.20618571086846263
7893.417642254288,0.20910349159570477
7944.713650264109,0.20379954349772736
7994.404166666666,0.20584570676110156
8044.392710331597,0.20787414558352643
8093.914213624895,0.2067216240097586
8143.701954845815,0.206945935620757
8192.94559333796,0.2136691393478576
8242.993773349937,0.21085954519815386
8293.47131147541,0.20934827972787592
8342.966921473246,0.2078348255032379
8391.947506561679,0.20793362428202986
8441.33532767497,0.20999683583052822
8491.40858131488,0.20975491521626619
8540.979371452306,0.21208636677873852
8590.496973032472,0.21100660801910118
8641.097149904082,0.20386984808303463
8692.66680532446,0.21141617134212826
8744.49165971643,0.21116521049405562
8795.680501392757,0.21228238460202667
8846.877144438295,0.21202394775740016
8898.657379310345,0.21082740243453876
8950.052835945084,0.2113489787393634
9001.17218086573,0.2089933523622825
9054.503630634334,0.20725630513367566
9105.86683452231,0.210984427779358
9157.175843694495,0.20996560059225217
9209.406201767924,0.2055239993721185
9260.458057395144,0.2050059999047224
9312.924826365246,0.20451064422395385
9365.11858432036,0.2102244444509109
9416.016899847624,0.2074768237281896
9468.519766336096,0.20574501164280945
9520.791028141544,0.20341525319535111
9573.065963060686,0.20693489041468766
9625.317677666711,0.20573674958678367
9677.615955213436,0.2098066873927565
9729.47669110527,0.21377343956443337
9781.13017993457,0.20931970431410984
9831.459752537188,0.21228005917835716
9883.314427312775,0.2115463422937127
9933.37449589765,0.2120797359060374
9984.18844011142,0.20464935624415942
10034.764519680704,0.21172298709416706
10086.00445062587,0.20725821281207432
10137.11780859536,0.20891110944414235
10187.401051757543,0.2094204447928522
10238.087444567627,0.2106017208393117
10289.382611118852,0.20538773665948726
10340.064296417382,0.20960867379010248
10391.543020499234,0.21023807837043226
10443.594774874931,0.2082800439564953
10495.2810375919,0.21492414326000048
10547.275238095239,0.21479228301169812
10597.249444752915,0.2111875407915575
10648.353306640895,0.20895130538357362
10700.774813381255,0.20460288536091428
10753.172103953553,0.20824358024070563
10803.504772599663,0.20982989709397443
10853.920125614419,0.19979110755796722
10905.194980694981,0.20327888294859167
10955.79164909321,0.20273419062740397
11007.003138646289,0.2101869057633503
11057.680482395343,0.20600674647281278
11108.40879813622,0.2105876073986108
11159.188598311886,0.20380895081103212
11210.061347966794,0.21350582222914422
11261.123451692816,0.20980946424601957
11311.435651811746,0.21638924760608297
11361.821963394343,0.21200778917841254
11413.210577322443,0.22143146816480652
11464.611171366594,0.21326044560253937
11516.814707104279,0.21069349064430587
11568.357767596835,0.21168567947795164
11619.86218884717,0.21338595319658235
11671.651207729468,0.21531015801877884
11723.304612827262,0.21695543453912625
11775.526074259491,0.21719058302779465
11827.413835956919,0.2158679324971546
11879.38143762049,0.2099205702825078
11932.178331735378,0.2133518731902024
11984.131308929562,0.21341783765984607
12035.725642807505,0.21055302400984302
12087.461922596754,0.20941986421531603
12139.49257017061,0.21434751863888085
12191.796096345515,0.20963565322040434
12244.674508185444,0.2137649418880487
12296.641132970559,0.21142164561545138
12347.80504108063,0.21183974084574494
12399.216789028951,0.21301092872903568
12452.136200716846,0.21639649967870567
12504.884909786768,0.21637733382864818
12557.347964995139,0.2158446516712901
12609.532129067844,0.2107858309260258
12661.278809889649,0.21582501318711966
12714.005667680398,0.21312031268154563
12766.611330518861,0.21768111108271382
12818.428511588942,0.21439070808792082
12870.840643475869,0.2099960718251884
12923.807479224377,0.2107756493315183
12976.721263157895,0.2110027773209766
13062.24519409649,0.20914955262527382
13179.251513071691,0.21117307782959846
13296.67842892768,0.2076530780638828
13416.474942414245,0.20854798801234306
13537.924809684264,0.20580625462081015
13656.78468154057,0.2097728199339716
13778.206838249107,0.204712561831751
13901.499659041598,0.2039598979255393
14023.307994757535,0.20248654924950393
14145.077048563182,0.2001271808142677
14267.14681699265,0.204086905533005
14388.672911739077,0.2020568427132723
14509.943502824859,0.2077580375567895
14629.728224088232,0.205678558564711
14751.712340690085,0.20586480619872313
14875.172973648057,0.2089462620863616
14997.826089671538,0.21204459019395497
15120.103618523843,0.20246032169953082
15241.07040328093,0.20233355939245784
15362.900056183282,0.21062867003189334
15485.039673133304,0.2075706216133235
15607.140915860015,0.20602250913664338
15729.487216263407,0.2083163448702589
15852.090846567462,0.21092212727463097
15975.320774691743,0.20860924799416747
16098.622131661443,0.207476276074353
16223.241372901308,0.20919864988281606
16347.141094353732,0.20772806157607077
16469.885724990632,0.2070438574630465
16595.109795816108,0.2097186305220973
16720.592289066866,0.20990945780345252
16846.55586155098,0.2134527101393964
16970.35681718818,0.21414649387331966
17096.596492319175,0.21125414872250936
17223.47661109729,0.2168016255754442
17348.163614774076,0.214947505806247
17471.588091507365,0.21155310363382887
17596.583942057696,0.2079318834712649
17721.64534920138,0.2107527317531594
17847.06820586222,0.2055409193565864
17973.609989439025,0.20533307763902903
18104.141743090648,0.2081396302361818
18235.531017214398,0.2119694953157916
18364.543366238282,0.2109486798378564
18492.395842464466,0.20719324324119684
18617.825313611684,0.20795568930792158
18744.137584311768,0.21292500048030744
18869.9116388665,0.2092646073616117
18995.61507688461,0.20806533048154366
19121.671627849046,0.20658703317258856
19248.209450193244,0.20259927987712378
19374.01884547959,0.2004791514239786
19497.89536835561,0.20429594824547176
19624.149327186642,0.20611127553647754
19747.79437324164,0.20658659301507168
19874.682344879144,0.20529738982602674
20000.67161757364,0.20604142690764504
20127.344320518412,0.20311687970621067
20254.251677641892,0.2065736172472249
20378.877157172017,0.20300411514966857
20505.993361307697,0.20884014350409905
20632.370787916538,0.2114695129510663
20759.35304054054,0.2160336095363914
20887.67023461323,0.21429600629938209
21016.92965199527,0.2131373008144045
21147.705388252863,0.20728755834145043
21277.80773570712,0.20626165747916864
21411.216238092275,0.21152000637670226
21548.368650669992,0.20546981334384168
21685.569305391455,0.20269415992873235
21819.480039982507,0.20357669623094946
21954.794170654404,0.2003018443958292
22087.843122537062,0.19835850178591247
22220.512509335324,0.19779908620659467
22352.93769082186,0.19875128281423002
22484.861085097084,0.19824752804367687
22617.592003493013,0.19897707128345365
22750.02481560195,0.1964497792531958
22883.644117463682,0.20212275628396092
23017.852365772862,0.20184904803147888
23151.973777199182,0.19882579383905657
23286.31292899039,0.19802977980934167
23420.42844688006,0.19744956935270458
23552.592160551896,0.20435580093011108
23684.145631670388,0.20248803697631382
23816.612743871938,0.20166423384430557
23949.008764841175,0.2058626389825044
24083.252047258862,0.2084869148889291
24214.665707133918,0.2012796481317804
24348.31593662628,0.20332184629427236
24481.03875436845,0.20774303336629996
24612.82286995516,0.2045839617549259
24745.72598109783,0.2093260123671819
24876.614445067615,0.2057644287056372
25008.34484045531,0.20470991062680494
25139.257913174028,0.20199769613815188
25272.928974979823,0.1970115646919035
25408.5572352868,0.2009136782487969
25543.26343078461,0.1966787797759206
25679.92806427504,0.20153320845504719
25814.337322222917,0.20245155588185712
25948.24951668226,0.20514398913554427
26080.989158878503,0.20922669089198415
26213.655975039,0.20620668089564745
26346.882089830404,0.2009983698941192
26481.419175167408,0.19909825118982244
26617.200571641606,0.19877402244289755
26752.83060930553,0.20088847359129075
26887.284452186897,0.19674716693094516
27021.25043532338,0.1960068541090356
27154.26036432161,0.1956121512829783
27286.64924491952,0.19522165538477518
27420.981565390106,0.20254049622400946
27554.589847906365,0.20606139626481537
27689.873162222775,0.20316733436799392
27827.67651477216,0.19957214818728095
27965.825486659618,0.19877378054371866
28106.233928682555,0.19742025428593765
28244.61096573209,0.20037091604710605
28381.809926148453,0.20467091545114244
28521.309701492537,0.19956169486278472
28660.373517293046,0.1998241626570312
28797.824600658834,0.19728437384057745
28935.52744913928,0.20102960427220548
29073.134832160427,0.19984849568470342
29211.29886136136,0.20053399112961887
29348.31598905881,0.2040968900853118
29486.589472366526,0.19965668518459492
29627.459545312988,0.19727459643061598
29768.833354068178,0.1961504426786087
29911.507415983477,0.19537444526172185
30054.14396014944,0.1951342076807859
30195.552531606154,0.20223437697937793
30334.896764156812,0.2003305328229108
30472.973287456993,0.203722957582947
30612.192638266068,0.20608670278255295
30750.50121427237,0.20020539693009867
30888.147224306078,0.20420247089782415
31026.418251188392,0.20240042215114218
31164.970249579885,0.20634800441460188
31304.239018328673,0.2043389596994754
31444.138265274218,0.20361898037820594
31585.986137875305,0.20360394963038556
31727.02504841027,0.20471971653100504
31865.032628361096,0.20367597050452038
32004.434771794553,0.20362172181041063
32143.759810343752,0.2071966444916077
32283.998872463042,0.20450589312968867
32426.25232716892,0.20366314664292492
32570.904325032767,0.20020047464503488
32714.867419515846,0.20027867757467566
32860.42848250965,0.19788665678811262
33004.51035687547,0.20161564664171305
33148.034392196096,0.2023893202753814
33289.20165505227,0.20275798998816785
33433.05922408946,0.2025942282109116
33576.826261109025,0.20543777462798768
33719.88052821727,0.2012133249956354
33861.94806973848,0.20491391020907215
34005.2558356676,0.2023743335934762
34147.60741895262,0.19927318691583537
34291.8345229151,0.20526165004789917
34437.86692674469,0.20031593609656487
34583.707098552724,0.20560933634746395
34727.8270671996,0.2006323508876673
34871.04511604815,0.2081958336940472
35016.40367715799,0.19898281588495728
35163.0586797066,0.19900843487859807
35307.5058954946,0.1993422308612581
35451.321589486855,0.19625503021372362
35596.63968668407,0.1934973410097818
35738.53877347308,0.1948254174335413
35881.22373346643,0.19271431895695113
36024.15456075815,0.19746451504470744
36165.5025935879,0.19952873771189625
36307.08093098715,0.20293445818979117
36449.88483901219,0.19619980062263312
36593.860035919985,0.19394138237707392
36739.86132069589,0.19525505915130767
36884.53557608288,0.19356337089863768
37027.65624804651,0.1974194456206425
37170.655904631814,0.19930651981776815
37315.65030943302,0.19961741380291023
37461.53307199303,0.19825233595992467
37606.10185822436,0.2031093114659304
37749.90658585354,0.20303447133949074
37894.30556248441,0.20340583676392027
38041.0160198696,0.2063268100819494
38188.6943021367,0.2013448163849212
38335.033813712645,0.2079595871627846
38484.743853985594,0.20912380557541096
38634.37237048666,0.20777231678644795
38781.73374805599,0.20453160679224291
38929.64632316158,0.20585329373476455
39078.74263066633,0.20886660842098181
39225.083672574685,0.21085057135030863
39371.527606213735,0.21260864604291305
39516.15148113502,0.21083260581232668
39661.77919241091,0.20975967746870597
39806.37458653186,0.21127576594286193
39952.33891369047,0.2127492085808478
40096.95516703091,0.21163565391517006
40241.92784215471,0.2141915495628273
40386.290200459254,0.21138604442017264
40532.11720120271,0.21160539824246452
40676.996264242574,0.21194712758346052
40822.49391304348,0.21705954442804334
40967.33239805462,0.21384606636163592
41113.04240876822,0.2127320833414761
41258.033693060606,0.2181684595830813
41405.65297996765,0.215323169592887
41552.01663136913,0.2129167242944727
41697.86794815603,0.21200413355003728
41844.072122571,0.20719040678034564
41989.91459385325,0.21275290466404048
42134.75383850314,0.21509725896416648
42280.612618809406,0.21987726289921664
42426.582449132446,0.21770462433998852
42569.33538787199,0.21604783827855584
42716.639967485775,0.22030304449617208
42865.42670482827,0.21472942782829685
43016.53788680655,0.2086037812868624
43168.77458990832,0.21013861385824206
43320.808424336974,0.21222532560044288
43472.65753679896,0.20785867569447367
43621.780250607815,0.20831368827308178
43772.09077872685,0.20808269647092764
43919.16768711733,0.20978247711925796
44066.232832283415,0.20865720865335727
44214.36735964148,0.206061359279404
44363.08558755545,0.21351028048830806
44512.1846335992,0.2093346756082625
44659.93869755792,0.21185548253484415
44809.16595055732,0.21488142449539369
44957.215962149035,0.21081760443547953
45106.25664270084,0.21215865330158215
45253.11678923096,0.21086558099069588
45401.055952307026,0.21343508097144506
45549.648050974516,0.21255984924353946
45696.2531408213,0.21435222406672572
45842.53487937161,0.21289315573365092
45992.41609695463,0.21540566833472785
46144.552755019075,0.22059525748137515
46298.80930492577,0.21415845733322397
46452.82165605095,0.21583461862545705
46608.93140186916,0.21934124212050551
46762.91949709139,0.21848779401869417
46915.70890989919,0.21277632543792957
47068.0384496124,0.21800346593339115
47223.04878504673,0.22031575596693734
47378.40207733701,0.21921988676741047
47532.98913110987,0.22087690123415055
47691.2799273729,0.22196605785455734
47849.26179831098,0.21834452816037273
48006.12666749782,0.21922746143630445
48163.597987122586,0.21367166062831128
48321.533337483655,0.21891420576678633
48481.09068230011,0.21881792845860137
48640.69157481786,0.2207246594119443
48802.914000623634,0.2135684541157953
48962.07854814443,0.2163609433032832
49120.083442306495,0.21258008968306816
49278.432420632445,0.21318769096502657
49438.88497608844,0.21509614691179343
49601.277047332835,0.2065651191038609
49762.63190907962,0.21071288488577916
49924.715453241,0.21513322021583153
50081.95031791547,0.21446555809959045
50234.803211095146,0.21499222057431755
50389.27212541378,0.21392824362338028
50542.34605296028,0.2139193666689136
50699.20709025091,0.2106044190522483
50857.95322219458,0.20940565160836838
51016.27371442836,0.21025453036740333
51170.63803833707,0.20899738332047726
51326.419370943586,0.20702862675285483
51484.96217832887,0.20454952787366515
51641.01356058721,0.21054567230040827
51796.48219983733,0.21096944835116702
51949.526898438955,0.2087892165090084
52103.64052450827,0.21496170026355815
52259.13183721948,0.2157008753741575
52415.70818261195,0.21754793337704928
52569.27795050367,0.21769056478483612
52725.872,0.2178009092620111
52882.116300764974,0.21698323433082992
53037.06450400801,0.2135974352601548
53195.119389978216,0.21738943416350806
53352.230127086965,0.21699664278069242
53505.951263650546,0.21827034013507476
53660.51752038339,0.21187066400415946
53819.015078520926,0.2178864516761459
53979.16485765676,0.2174567790536641
54138.148968105066,0.21317186269569172
54297.15144724557,0.21194495121776066
54455.7673415823,0.21173414284792222
54615.9246001999,0.21055022388668937
54775.130873738,0.2123727177634709
54936.277708437345,0.21749082455271748
55100.4072643449,0.21244413949645916
55264.60580757727,0.20967047625249124
55428.10102206157,0.2119640596451235
55590.7239071978,0.21258476698755682
55756.78870526839,0.21183681512760985
55922.75134526342,0.21387655965753277
56088.345509988176,0.20610767012966602
56253.12742537313,0.20692349597718837
56419.6473354232,0.205268579584287
56587.061747548716,0.2059025449483829
56755.010296411856,0.2059394038230283
56921.91861045279,0.2134572391425004
57090.66114570361,0.2096096178669725
57259.50314818278,0.21032412818789134
57429.409977494375,0.21256242854412788
57600.19620764688,0.21624430586315183
57766.74420927764,0.2124391035273159
57932.90886960864,0.21469257093008853
58098.1569792905,0.21471934790351677
58262.820608317816,0.22145090830404646
58429.34603886398,0.2226059086326004
58596.56352343309,0.22080860770778973
58766.59414355729,0.21512592639600267
58937.74093296648,0.213864170699596
59108.721176617226,0.2114980847177298
59280.64528395985,0.20872861806044815
59451.337387724554,0.20825209707355072
59622.23222512763,0.21380613081958133
59795.21146171115,0.21306505334686
59963.204750919635,0.21154904514150236
60132.854432757325,0.20938887025048583
60306.59091475573,0.2153098209034465
60481.04510622391,0.21607175696890862
60658.343507179714,0.21541191037478183
60833.5527038841,0.21664012111156175
61007.744706102814,0.21735320667236768
61185.42015291851,0.21645637795340658
61361.2667876588,0.2160466642228648
61537.83848025454,0.21885644613382754
61714.21262334761,0.2220489382393508
61891.04891168376,0.21858298176238145
62067.29549144499,0.21835041891160345
62243.842347097176,0.22617352278851663
62421.418989165155,0.22683069497179775
62596.89993154521,0.22187253242465946
62771.31835998258,0.22324857530220246
62946.45994993742,0.21934031443202903
63122.17551274083,0.2272391006215241
63296.34580314764,0.22414613667722544
63470.52970142741,0.2234225258495609
63647.68552163326,0.2240691823895782
63823.090450697215,0.22361255856561457
63997.32046404291,0.21949285799353813
64172.98147916406,0.21914576346399953
64345.565823888406,0.21966540259333134
64516.42812539028,0.2268569292553517
64689.71641420412,0.22451697684968874
64863.4872115565,0.22730308764689056
65035.09938971229,0.2305729783033762
65202.934421124744,0.23524771784951656
65370.39268551457,0.23356286956042682
65540.92894161724,0.2290100522055987
65710.94538865284,0.22890520099141834
65881.30485448994,0.22500747897029752
66052.52465336068,0.22550195458578146
66222.22706879363,0.22268515316072834
66394.36540026288,0.22797185320312432
66566.1630326439,0.23186321965411574
66739.69410082676,0.22755462808878665
66916.01885138097,0.22599549407329797
67092.4235470192,0.2215936385485874
67272.18870635268,0.2191880700955388
67453.26475516663,0.2216143611623988
67638.89715891352,0.21678054476342407
67819.81550252352,0.21640058366911472
67999.50573208723,0.2186304185230065
68182.30618100168,0.21801557463444204
68362.07911194497,0.22152923843175096
68546.2029426372,0.22027387629021358
68728.4856175973,0.22066741412674826
68910.67024061838,0.21636392893557443
69097.95031751962,0.21887997841185444
69283.93959982546,0.2194999792371728
69467.827204281,0.2248961018482066
69652.8986131934,0.22491494554208638
69834.56353315452,0.2288764912592565
70018.68378142893,0.2259961904079769
70201.71985042069,0.22794552346987088
70385.21507123219,0.23248427414974965
70570.48250311332,0.2238721461966831
70753.91131498471,0.2253649587502716
70935.23052394648,0.22656594587656465
71116.75485557769,0.23208554644953533
71298.42906207069,0.23226557641132153
71481.34024534529,0.22459213872040837
71666.29882544046,0.2336510440315141
71853.51151469762,0.22778158799202516
72046.14334619694,0.2177369123785445
72237.52112763707,0.21892340943419894
72427.12916302857,0.21852528178492064
72619.36696216757,0.2200556805841041
72811.12847979074,0.22010785194518098
73000.16397732229,0.2213027072116274
73191.21590057456,0.21926762050599433
73382.67958252609,0.21346790056673237
73579.91026039401,0.22171785503634833
73778.60809118237,0.2213996407486094
73974.44964856627,0.21405525548384916
74169.75619499407,0.21749684155583257
74365.09921524664,0.21353588778914606
74562.44285267439,0.21046808879347326
74758.48582442179,0.21053251581834592
74958.02780023633,0.21155087812743106
75157.70246743486,0.21207653722738687
75353.38874044616,0.21545809945816097
75551.15243027391,0.2156274464868353
75744.39176477917,0.2107714000073286
75936.52557704304,0.20623987992511156
76128.7945196929,0.2062414424480618
76321.6126875,0.21397262192206093
76515.58760830268,0.21645036220330097
76708.77764617879,0.21297418166064677
76901.78911988049,0.2143458026114332
77090.18480505663,0.21675680076261766
77281.62104740014,0.214420117393094
77477.484575996,0.21239706704397135
77670.81214196762,0.21507511541793917
77863.61133679145,0.21986761221141599
78054.28389144778,0.2261037926253913
78248.3034491346,0.22276875833921114
78436.68743762474,0.21873786579985147
78623.36184415747,0.22051604873758723
78809.32452642074,0.22141271918413855
78996.05460793502,0.2213586501717263
79185.0670029267,0.2215401580058778
79377.55039050296,0.2177826902564285
79569.65279510856,0.2194603766445567
79762.30064018894,0.22535337790003762
79961.29939484684,0.2284696491845745
80158.02680412371,0.2236502449531836
80354.45237650283,0.2188547667018821
80549.9496587565,0.2208898220827743
80743.85629188384,0.21516982979711388
80936.48839246605,0.22087602701451423
81131.80639542118,0.22714654676546656
81334.5442753804,0.21900409882851704
81533.43319787433,0.21612464795074587
81732.96687628416,0.2202452663111945
81932.40223498564,0.2203813655121023
82131.52214423256,0.2235499645068719
82328.78901607556,0.22423831404725886
82524.56008744535,0.2239260892528527
82721.95559557818,0.21988053518293005
82917.57360469471,0.22101190481287625
83111.78963814762,0.21864887016210194
83316.32241153342,0.22023367979537947
83520.30990912486,0.21515310004898344
83724.81435859151,0.21202050661793728
83930.54525056096,0.21297004698374125
84135.64156720616,0.2148064395246372
84339.21856661256,0.21171334516036674
84544.55635820152,0.21740575267370518
84745.08972602739,0.21497686454482928
84946.067220591,0.2108489983585961
85148.65084915084,0.20982933923341193
85353.63296977252,0.21007614221131193
85554.82455811629,0.20750823903856155
85760.40472322878,0.21443310269606364
85968.21828926905,0.207804856223956
86176.22122793934,0.20932771987806506
86382.11927177505,0.20561389947323755
86581.16715469441,0.20404707721142995
86782.80895373489,0.20979199564839648
86983.13872435938,0.20725042112476771
87184.73849516078,0.20764187943956056
87392.13354947316,0.20945989134810117
87602.36065471356,0.2063802128411022
87814.37613076299,0.20646891689539887
88028.5320184746,0.20544219075428757
88244.04850862444,0.20607833063032124
88458.08138738402,0.1998141504235403
88672.46765734266,0.2062287376896422
88889.45399576113,0.21148328147222525
89104.57662644607,0.2063220679971961
89318.49234709814,0.21391838838022317
89534.86753230539,0.2178282417833382
89750.77520929651,0.22354541695563704
89966.2808338519,0.22148739211605756
90184.52466367713,0.22345586140170834
90403.4904732254,0.2250393809211243
90620.22978136942,0.22530679770004403
90841.32676038815,0.22391466185090414
91063.10297967834,0.2224041423456545
91278.61311638926,0.2280592392360408
91495.45866683342,0.22423598717343837
91715.12557417752,0.22432871910386137
91935.53819661865,0.21785945815990462
92159.77052644663,0.22244235088704387
92381.37645221736,0.2239618329937782
92599.1126918757,0.2282936753203087
