D,r2
6.138404825737266,0.4763696876127096
9.128997867803838,0.3945714620020576
12.127620448694373,0.3640734679777188
15.124623493975903,0.3276887812075627
18.124952669443392,0.3093414140983688
21.14342001576044,0.2848310403473748
24.116883116883116,0.28669083480717455
27.12442969722107,0.26875266345886484
30.11316955296013,0.2597041629432374
33.13641900121803,0.24852594224442143
36.12822613682917,0.2361007078204813
39.12724989535371,0.24084043523766288
42.13596673596673,0.23334058486892728
45.0,0.22907958796126834
46.552486187845304,0.2578313452173086
48.12916666666667,0.23248526464434532
51.121431614827436,0.22772229061167457
54.11795774647887,0.2231280076778875
57.12957509465713,0.21904270634003903
60.14103110353643,0.2170552247851257
63.128755364806864,0.2161990160395271
66.1300987548304,0.21397963938509657
69.12947414935925,0.21988741489286737
72.12328767123287,0.20887312546252432
75.14192990047599,0.20350121415262454
78.1230494872938,0.2004292560702062
81.13809946714032,0.199544818252382
84.12315930388219,0.2170460134917979
87.04426002766252,0.20800336419912643
89.0,0.19772510657000286
90.1408573928259,0.20029582065015522
93.15721877767936,0.20579122647643847
96.14176760879317,0.1987300095376086
99.14503816793894,0.19384400213964026
102.14625058220773,0.1928626024885649
105.16338406445837,0.19431069094779987
108.14226135310473,0.19846200051071566
111.13696682464455,0.19139564564185166
114.14232730644413,0.1949155422198885
117.15938069216757,0.18709382473035155
120.1610800744879,0.189758809294381
123.15699024616814,0.1914190855969352
126.16509433962264,0.1954937487267991
129.14754098360655,0.18551557892139164
132.1505914467698,0.18318215150627074
135.16031598513013,0.18572036631836947
138.17241379310346,0.18117814987683514
141.1643770724775,0.1934940892589136
144.1664295874822,0.1826718685174572
147.17548879351455,0.1889431537596354
150.1521231917872,0.1803326941545466
153.16199813258638,0.17997787458230166
156.17299578059072,0.18263772198517725
159.17043813192103,0.17530759122277692
162.1887433284813,0.17888930211445173
165.18983700862896,0.18028913162961588
168.18319491939423,0.1760018347440223
171.17109884596087,0.17662399204841772
174.163012392755,0.1770443204573149
177.17910447761193,0.17917759751311715
180.0,0.17819585936399676
181.4814814814815,0.1794489918202245
183.190847127556,0.17883753677508282
186.19011764705883,0.1783899533798481
189.20213799805637,0.17462215021701463
192.18941233608547,0.17695608654530207
195.1974951830443,0.18060705720167233
198.21092278719397,0.1777453821933285
201.0,0.18069016548025932
202.54212454212455,0.1717538855000571
204.20452310717798,0.16880610045025385
207.20546608101512,0.17893060386177956
210.19870517928288,0.17425005071166233
213.19664859536718,0.18449912717150246
216.20413306451613,0.17717701487643847
219.19139465875372,0.17689345515814447
222.21253672869736,0.16632492917460792
225.21315529179032,0.17063330046415456
228.2082717872969,0.17213805229276524
231.22813121272367,0.17692668950322515
234.21315789473684,0.17337925571340848
237.07480748074806,0.17130563031442966
239.0,0.15915259341136948
240.20811921891058,0.16891710862251927
243.2193579766537,0.17026473764780622
246.21713729308667,0.17045370403682977
249.07252747252747,0.168350434107801
251.0,0.1717918395611681
252.21210553543713,0.1639182167491552
255.22758964143426,0.17333535024583388
258.2161172161172,0.1705145183920198
261.22284548699645,0.17059362845447854
264.0,0.16722434350616744
265.5821917808219,0.16156490943496918
267.224427480916,0.16822022205034684
270.22545633941786,0.16404645236237747
273.2351160443996,0.1646797203917877
276.0778575372722,0.16802362898046574
278.0,0.15934648006487903
279.24474089276555,0.17143711407116052
282.2492370295015,0.16967504233123556
285.2476970317298,0.16505244375740563
288.2564753682072,0.16751967902626708
291.071676300578,0.16203110168556967
293.0,0.16079794842472592
294.24852071005915,0.17168895372801524
297.26582940868656,0.16792366126709402
300.257187663356,0.16819926724906678
303.2369246861925,0.17503056716188162
306.09036472509524,0.15986098871595514
308.0,0.1543674082253117
309.2714138286894,0.1627652612301924
312.26767151767154,0.16251816532649088
315.2822245322245,0.17269094774593824
318.2775763852926,0.1638153883948952
321.2900641025641,0.16862698912109575
324.0,0.16627822479364543
325.5263157894737,0.17294239874283812
327.26666666666665,0.165026208605675
330.3003064351379,0.1666010756283139
333.30151515151516,0.16696968644829924
336.2871878393051,0.16673366787038335
339.0,0.16699369232125905
340.58620689655174,0.1674169267224104
342.26830543933056,0.16630871374181752
345.28716904276985,0.16079394366022498
348.2812014500259,0.15819957369605123
351.2941486557723,0.16728325922159176
354.08363417569194,0.16917254354478764
356.0,0.18035617520158168
357.28416149068323,0.16103742207560365
360.2825974025974,0.163305909340059
363.31556503198294,0.1663700036957582
366.29595015576325,0.1627273128754727
369.29464758876526,0.15995638069632062
372.0,0.17579742260797343
373.52150537634407,0.1563367257124027
375.32633788037776,0.15794166849645216
378.2959295929593,0.16845741750108822
381.3161077515118,0.15067616795217506
384.33388248215266,0.15910393646787052
387.3340552246887,0.15613981957702092
390.32979318054777,0.16281465145484883
393.10207823960883,0.16371048144269146
395.0,0.16166222090012033
396.33738762559494,0.15410461572774992
399.3316722037652,0.16215934926019593
402.3531026908292,0.16334038790275665
405.3411371237458,0.16057419543680657
408.3434065934066,0.1573619295817485
411.32674853176724,0.16589311001721022
414.1061728395062,0.15722094740578352
416.86294724075196,0.1598129535256162
418.51141552511416,0.14684970755248866
420.3352878464819,0.1549026577485656
423.37934724451577,0.156350961234381
426.4051585169264,0.15861413142583244
429.3457738748628,0.1531477699865004
432.37710255018993,0.15084642019614605
435.11757269279394,0.15387551005987044
437.8692730604765,0.15825453501908665
439.59484777517565,0.14306215896923105
441.361484669177,0.1514961267592379
444.372460496614,0.14946305646516622
447.37305122494433,0.15151279061486483
450.3901162790698,0.15577602677535934
453.3810325476992,0.15592141754000968
456.3995485327314,0.15164154460553636
459.3744541484716,0.15003077194431574
462.0,0.15437656505190944
464.6228508042152,0.15520158532529074
466.5513392857143,0.15568890041213737
468.39511911679256,0.15951706890807718
471.37759336099583,0.1569777588001216
474.38035408338095,0.15236944602151734
477.39758374519494,0.15571214345937617
480.4100513992005,0.15373181951759923
483.4047484454494,0.15435364093376366
486.37712609970674,0.14927065140805446
489.3835616438356,0.14919401023217532
492.4340723453909,0.15003309398818515
495.14665801427645,0.15246215929411874
497.9506242905789,0.15376858228682666
500.8358778625954,0.15762034200285524
502.5631469979296,0.15831776284161506
504.43668370244177,0.14794509937389416
507.4054682955207,0.14720737043757806
510.4420410427066,0.15514246534713916
513.4513172966781,0.15716937522260457
516.4189944134079,0.15025051244897422
519.4266211604096,0.15100156886326435
522.4264952487423,0.14519339101764284
525.4300638421358,0.14934671549629056
528.1437865972674,0.14461659334122465
530.8119975262832,0.15961678668409449
532.5779625779626,0.15720318310780443
534.4375690607735,0.15306720628488987
537.4280022766078,0.15498990452862926
540.4610644257704,0.14640448621114951
543.4445727482679,0.14806975065710212
546.4205714285714,0.1492820713940882
549.478612716763,0.1494584230374143
552.438129070456,0.14825762527556816
555.4204345273048,0.15064914071211263
558.4562130177515,0.14992292101737764
561.1571524513096,0.14203807163496066
563.9684025746051,0.14838011728635347
566.9970167064439,0.14911390570299696
569.7845744680851,0.150124124312278
572.5660598943042,0.1544535867112047
574.6022304832713,0.15484504282810824
576.4444444444445,0.15287840058633353
579.4452094090649,0.14819278323368223
582.4823035392922,0.1445535774449289
585.4673396674584,0.15188505185672982
588.4513595166163,0.14599194202641044
591.4953502789832,0.15739465340908915
594.478287092883,0.14805796250170966
597.4738406658739,0.14422812016520326
600.4729891956782,0.1381013043609632
603.4755201958384,0.1516574775708969
606.4793244030285,0.14669419534432385
609.4971297359357,0.15096169602536075
612.4892128279884,0.15195327022231914
615.4847596717468,0.14684251151399047
618.5186943620178,0.15625228425379403
621.4946555819478,0.14550058176074368
624.1643550624133,0.14498948850432333
626.9513325608343,0.14429987654505
629.9836956521739,0.14271956153377205
632.963841138115,0.14416688719003962
635.7817929117442,0.1463643619815571
638.5361374407582,0.14260259665721092
641.5269320843091,0.13876773711116167
644.5255610972569,0.14089880672228317
646.5297297297298,0.14155563548365022
648.5182138660399,0.14982675620743685
651.5057125676489,0.14268298422302028
654.5710076605775,0.15688128430802958
657.5507507507507,0.14533012557806738
660.5456702253855,0.1425919115947023
663.5285628382442,0.14409335514101865
666.5238382619191,0.13953543862064832
669.5339865278628,0.14427503756505305
672.5489596083231,0.13828159724395883
675.5359281437126,0.14432045242652983
678.5317073170731,0.14101626886293048
681.5689343768814,0.13711276157652044
684.5491124260355,0.13714807522247888
689.0162650602409,0.1422613571338704
695.0495742092457,0.1396658073771715
702.2397200349956,0.14276461960533843
709.4935338345865,0.13879379458034058
715.8146892655367,0.1417212215456996
722.0788653366584,0.1389425518549769
728.0598211532532,0.14306613686088943
735.2491672218521,0.14014405339738695
742.8370864609396,0.13708244173924683
749.0636785162287,0.13733448312855925
755.0906210392902,0.13960980411287685
761.9709013484741,0.13715151575427112
769.5114462698626,0.1370123097402262
776.0910763569457,0.14107163086697297
782.1109408519767,0.14264848635480523
789.0449631449632,0.13785885474719056
796.5631306244887,0.13706125872510982
803.1485279523652,0.14231804466303616
810.018407960199,0.14131993567710166
817.4742647058823,0.13516427911886914
824.1592806679512,0.1328692254216459
830.9813225643614,0.14112062515129156
838.1371798645864,0.14218576685506928
844.8475467289719,0.1382486058708135
852.0295073768442,0.13772629128946956
859.1412247289775,0.14001432440489547
865.8511505971453,0.13685844408012188
873.0366233766234,0.13215405750482867
880.5537122654338,0.13672279660358144
887.1747070985527,0.13979804230089743
894.3565965583174,0.13546643209620163
901.8199065966141,0.1369148089674726
908.2366536458334,0.13837454537476368
915.3039286575079,0.1361868969331908
922.8822143698469,0.13742479539911717
929.9761534473821,0.13883875129636758
937.1014143845922,0.13252346597508782
943.873339238264,0.13558054599714262
951.3183933382317,0.13429489338483075
958.862564692352,0.12853134899023538
965.2387372574811,0.13365135852900356
972.3070790045905,0.13075036007218935
979.8708345620761,0.13112194140746788
986.9641092327698,0.12844805775922533
994.1246246246246,0.13293872335537354
1000.841303048416,0.1353992546919305
1008.3436494181728,0.13381151368246183
1015.862973760933,0.13091396636626887
1023.0013586956521,0.13416681929606344
1030.5494265428727,0.1355302422830332
1037.2076764907472,0.1297016524542622
1044.3036057692307,0.13361120083075245
1051.851313755796,0.13316531898727377
1059.3630474216118,0.13263521857088034
1066.8620902906616,0.12729918735719326
1074.340268967267,0.1270199044763407
1081.8768768768768,0.1292356440526257
1089.3807434176563,0.13087546068709727
1096.869826034793,0.1290262662427624
1104.3466321243523,0.1336713469620726
1111.859107579462,0.13019441362090253
1119.3354939071817,0.12978410984555488
1126.8962985622516,0.13124953374132867
1134.3176256183285,0.12948068896395937
1141.8851629231256,0.1314045161661825
1149.3040143185885,0.12943191016532868
1156.825046612803,0.12422534404937394
1164.7755198487712,0.1282634518801352
1172.9433633459194,0.13071609302015483
1180.5504821327283,0.12762886681138833
1188.349517167382,0.12418683408688815
1195.867853795689,0.12649898690279637
1203.4089673913043,0.12770540792384596
1211.653017814411,0.12374099250209632
1219.5536959553697,0.1255862055036391
1226.9951814058957,0.12552377812025722
1234.5517339397386,0.1259155832282445
1242.372428533262,0.12610927687819393
1249.920227920228,0.12505369258345872
1257.3961314255432,0.12592570287294919
1265.5791768874353,0.12531555856387938
1273.5072102052136,0.12705055257486703
1281.345665961945,0.1222032577062557
1288.9132376395535,0.12106758549629895
1296.783074177925,0.1227602873524433
1305.3560311284048,0.125405968139612
1312.8950715421304,0.12133972502717769
1320.7997061704211,0.12385807967175286
1329.450892857143,0.12566359944150113
1336.9325842696628,0.12353820530992828
1344.8155510820332,0.12206071782123583
1353.3761618370695,0.12267975824270075
1361.574550484094,0.11942772531838064
1369.5359628770302,0.12407708768709409
1377.4280535415505,0.12533169117919526
1385.5814270152505,0.1212607095582422
1393.5916398713825,0.12435520542649339
1401.4581267217632,0.12494828158034695
1409.5041459369818,0.1210384205235587
1417.540428061831,0.1206265903176213
1425.4034250421112,0.12697208852744502
1433.5376285868977,0.11979059234350597
1442.185591229444,0.12053362815638838
1450.4977947662453,0.1165595371484908
1458.4191599539702,0.11812533534801914
1466.5260796410544,0.12343174556337974
1475.2139692468074,0.12024690868247409
1483.5519801980197,0.12484607963252671
1491.81357675495,0.11130000946239187
1500.3529237162363,0.11890469280365595
1508.8973885518333,0.12129401688930952
1517.61775515974,0.11810747010767267
1525.5297045101088,0.12067152880142173
1533.924063891071,0.11978756646117711
1542.8323048027905,0.11790617497401756
1551.3597185576077,0.12290520571700696
1560.0054758800522,0.12060821794282273
1568.605354058722,0.11770907112262813
1576.5101361573375,0.12306846600416874
1584.9507192328183,0.11823250560050502
1593.4310696589916,0.11824990173386139
1601.8732019179542,0.11512280679786399
1610.8958221746116,0.1173271164687191
1619.5764876632802,0.12112262478544011
1628.1316496507254,0.11596884165906604
1636.5163681284744,0.11959307704458695
1644.9403470715836,0.11763454141184886
1653.9163270850313,0.11808725767463113
1662.895509977827,0.11714885613740776
1671.880169671262,0.11419545773796942
1680.4300361881785,0.11733370203297915
1688.9808263570078,0.1134437192150246
1698.0302106430156,0.11536337521322099
1706.5373046299028,0.11900680174963195
1715.1753140360458,0.11532847135848964
1724.1830136986302,0.11499518729787926
1733.1259541984732,0.11440110319226489
1741.4902208201893,0.10956829120983522
1749.948591741865,0.11526991765139033
1758.8326110509208,0.11466103961667405
1767.884646628757,0.11293580084841649
1776.9328235936646,0.11660363853837195
1785.9157397107897,0.11283436816313026
1794.9298934380258,0.11036881834558357
1803.9007991182143,0.11159538096414415
1812.9886332131966,0.11567861945272748
1821.904090657822,0.11253338001409753
1830.9502249718785,0.11402169745079148
1839.4095552884614,0.1108229560665697
1847.973048068908,0.11221049456522203
1857.0119148936171,0.11741263086633122
1865.983825989961,0.1139616728852862
1875.4520688768955,0.10972191077372222
1884.9301934398654,0.11094039390114613
1893.3979468599034,0.11273226622770124
1901.949100968188,0.10850940446214684
1910.9633536923932,0.1165204794872683
1919.9883090960934,0.1100597682995133
1929.471853425385,0.11097384522394377
1938.949610244989,0.11192999764440266
1947.9566243729714,0.10960940363821053
1957.5105779153766,0.10846942351977823
1967.0581531268265,0.10996970388409308
1976.5743823845328,0.10942580326237249
1985.9581861012957,0.11118207187704238
1995.0072275224054,0.11094847576715311
2004.4615181169004,0.11033590228000602
2013.938947368421,0.10904771613464262
2023.470801972489,0.11102232308176786
2033.5005405405404,0.10799810644824202
2042.9317585301837,0.10976496968438702
2051.9591131586526,0.10933354200972478
2061.44163626889,0.1091354113745985
2070.95297532656,0.10716854690606686
2079.9573889392564,0.1077090893378971
2089.498953427525,0.11066578466407229
2099.5047131699434,0.1096823051276546
2109.0493682045253,0.1095162837421618
2118.4067481402762,0.10896032276835349
2127.966137249026,0.10647620146487818
2136.9674891146587,0.11025471879042928
2146.450026164312,0.11102901633006217
2156.030055442078,0.1122912257969987
2165.5523680649526,0.11517802524051969
2175.4590860786398,0.11211220994967787
2185.01230228471,0.11160785313812362
2194.5057904659307,0.11048101677682225
2204.09645839332,0.10812959207598122
2213.5199240986717,0.10594076975756836
2222.9954900781718,0.10928454882901932
2232.48391531482,0.1057425725596309
2242.4626556016597,0.1115598077038468
2252.0557228915663,0.11206406120111123
2261.4833424358276,0.11364710265978048
2271.4737127371272,0.11015995031349213
2280.962895927602,0.1118407965279072
2290.513204465015,0.10713916372366963
2301.0303903589206,0.1074382444273454
2310.954488386692,0.10749701703428599
2320.446195652174,0.11137070913366276
2330.5283018867926,0.11062637584340884
2340.4606342263532,0.10531555482037978
2350.5694181326116,0.11042275299493315
2360.5114356572058,0.10847531931900425
2370.457902097902,0.11220170570146601
2380.5221843003415,0.1043935456720869
2390.5085082246173,0.10800282486818148
2400.4836403629365,0.1072990297696881
2410.403570462537,0.10840829481202553
2420.4426910299003,0.10662789598058306
2430.3712843522153,0.10961721065434978
2440.488813367318,0.1064033572850106
2450.530067468466,0.10431410527743859
2460.4603129445236,0.11110788033431504
2470.447492380161,0.1110405285054563
2481.024756386621,0.1065916352684077
2491.534896705751,0.10861649849016769
2501.5412095639945,0.10379677232967607
2511.5853658536585,0.10740076314784343
2521.5179530675714,0.10609218868615827
2531.983520795187,0.10660312397641236
2542.6122685185187,0.10558710568709116
2552.5278895917195,0.10376118781590705
2562.991974317817,0.10818483589177162
2573.5186832740214,0.10876191648936719
2584.0656126482213,0.10992059799753091
2594.5361552028216,0.11060294839701985
2604.9968287526426,0.10797100745485182
2615.475733972439,0.10509494510022535
2626.0088082901552,0.11106705977534376
2636.5160237388723,0.10437879241532039
2646.497834247762,0.10715950905037933
2656.9717031500268,0.10545391555083618
2668.042152704136,0.11077285103966011
2678.608797653959,0.10508307527780603
2688.492457852706,0.11140422613716353
2698.948875802998,0.10650870478938342
2709.4885207788434,0.10925762929770864
2719.932931621692,0.10380990270243952
2730.3618990743507,0.10920047697593642
2740.941224938204,0.11179338948208387
2752.086853220697,0.11069111647888231
2762.974813174647,0.10755565185744304
2773.4726840855105,0.10529697788456993
2784.0429567642955,0.10630617313571909
2794.96786389414,0.10952413294091799
2805.9967741935484,0.10685574695140636
2816.9562186279977,0.10859781571876066
2827.4501180637544,0.10768784104202848
2837.967787114846,0.11058673254707228
2849.033989749123,0.10643913438049224
2859.3770827243497,0.10993685905411818
2869.8932012847968,0.10776586609076426
2881.063287671233,0.10797664666113083
2891.567267267267,0.1073643668704253
2902.0340060823887,0.10706511765471045
2913.0,0.10858037678787405
2923.4635508524398,0.10564145944733352
2934.0101453249245,0.10672103941817554
2944.985062240664,0.10781546173087388
2956.0677966101694,0.10713560545392625
2967.06230876217,0.10712090791346915
2977.9490410958906,0.11132237922781867
2988.4860234445446,0.1113963117987818
2999.3064807642654,0.1015204697516477
3010.9653195758096,0.10633543054136156
3022.043050084412,0.10344467433608776
3032.9588644264195,0.10748760416299573
3043.913590604027,0.10108735376744495
3054.972927714206,0.10537202664916527
3066.5089596148705,0.10315049745514795
3078.067263279446,0.10331791711057675
3088.90922026181,0.10141982136183664
3100.5446594222103,0.10617609272009315
3111.9889361702126,0.10984800281679119
3122.9748427672957,0.10332361908126912
3134.479870305323,0.10027153128179044
3145.967834577829,0.10429943224556801
3157.0870770937327,0.10093003790215978
3168.0159753363228,0.10843409951149507
3179.4844786415497,0.10332509905454497
3191.04036644718,0.10415907862204196
3202.0388824884794,0.10202060879024806
3212.9681805033265,0.10070868213133702
3224.504036598493,0.10385227530896834
3235.8158995815897,0.10808044659833839
3247.0207015526166,0.10424327091445554
3258.5141496958477,0.10551637384662362
3269.8927089508,0.10442649460762732
3281.5473768736615,0.10386194042886525
3292.9141298104537,0.1073683803782558
3304.3926729986433,0.10327398084728041
3316.4694542492534,0.09837272445276438
3328.0441860465116,0.10635179571146879
3339.530057644798,0.10330496064544359
3351.643966221738,0.10601692629489202
3362.952779438135,0.10464959053769886
3374.5344689912163,0.1038737966165797
3385.8468759166913,0.11080295508608806
3397.4501926252065,0.10157675385918911
3409.522240527183,0.1071163194152444
3421.3833425261996,0.10014487484790695
3433.463687150838,0.10420877900020967
3445.0061457418788,0.10817147405210568
3456.5162346521147,0.10327206732234846
3468.6240924979834,0.10423165409826297
3480.574754558205,0.10560110868926476
3492.6540462427747,0.102226165297638
3504.574656750572,0.10475695121989644
3516.5299625468165,0.10741588329326501
3528.620450125035,0.10458578856014886
3540.5007008690777,0.105005371582128
3552.588335220838,0.1045091213944769
3564.519588218473,0.10463690796061996
3576.8955984970476,0.10250468212009455
3589.4367688022285,0.10394474080649363
3601.4333804809053,0.10246009835046647
3613.4568149210904,0.10249104881156725
3625.979375696767,0.10463257577206904
3639.0555555555557,0.10644736227561474
3651.9986052998606,0.10607201045893111
3664.4814705010376,0.10243189110167858
3676.98117267348,0.09745318658648436
3689.466857142857,0.10154466086861745
3701.45281409892,0.10186397143047517
3714.1095852787694,0.10415694958490379
3726.9610604805303,0.1039427703851557
3739.9160220994477,0.1048896360443271
3753.0388268156426,0.10146419711167677
3765.959746346843,0.101005203181667
3779.0469667318985,0.0980258570212447
3791.5268111808327,0.09682575032180726
3804.0338512763597,0.10229787916715087
3817.0099282956426,0.09837938525628108
3829.4922458357264,0.09924704009765262
3841.9848852901487,0.10293070446873827
3854.552055993001,0.09852581506704564
3867.0428100987924,0.10213716607270458
3879.9386351128232,0.10247245358697887
3892.423201174743,0.10671234602928559
3904.955280172414,0.10190102187716701
3917.5271942446043,0.10342133793065687
3930.060333060333,0.10434622503580698
3942.958356781092,0.10601253623779976
3955.454807138745,0.10198158694189607
3967.9681978798585,0.10369332730992877
3980.9511991076406,0.10401268757592318
3994.5555555555557,0.10382550031510925
4007.621390689452,0.10232389337139126
4020.048493150685,0.10304063106845936
4032.8969434676765,0.10407459098845073
4045.452824608104,0.10024438450086515
4058.043526785714,0.1064648832278838
4071.0572063315744,0.09884547426207134
4083.871022247254,0.09739918745590778
4096.875304300785,0.09888662077990318
4109.894228035258,0.10175417333519259
4122.912860745307,0.10090071892306327
4136.0284923928075,0.09643438373693733
4148.960328705016,0.10415991706592606
4161.87510293714,0.10335118931867689
4174.978711325575,0.10446553200450145
4188.421663965424,0.10411493262930398
4201.428315412187,0.10085853834648574
4214.024932249323,0.10337260237680454
4227.502242152466,0.09899523370621131
4240.934959349594,0.09885471339482678
4254.115711854793,0.1026982905454266
4266.889303125896,0.0983131034627467
4280.408032128514,0.098555786886247
4293.880388238653,0.09898953149578316
4306.9626168224295,0.10094979686740929
4320.451245937162,0.1018533258631767
4333.934383954154,0.10027111564781781
4347.473267866885,0.1038074891592512
4360.985405720958,0.10489354070925085
4374.320440429136,0.10157897354769164
4388.478144989339,0.10487941793100665
4401.927983539094,0.10424727704101892
4415.434912854031,0.09936752281802778
4429.428885227897,0.09388966755268784
4443.435070306038,0.09860766560135323
4457.023809523809,0.09385432525806334
4470.407582938388,0.09564868028384903
4483.892312122085,0.09657923004193308
4497.477367397945,0.09682336985648206
4511.42443559097,0.09652404577993766
4525.585166384659,0.09966358978703088
4539.583032991405,0.09536163045286265
4552.965353864377,0.10101054710053894
4566.4474393531,0.0990357472138108
4579.897100625355,0.09574118310886238
4593.45160405813,0.0962414539663202
4606.9459770114945,0.0966924254277183
4620.390593633496,0.0978890026144129
4634.958003169572,0.09863176333327632
4649.4446026773,0.09512729654529956
4663.560442678774,0.10218772544048992
4677.961912479741,0.09994793034521497
4692.360929968812,0.10015286445896125
4706.990815775257,0.09428979474596144
4721.480392156863,0.10043252573292688
4735.9812601846825,0.09552372552319496
4750.584567198178,0.09638436713267201
4764.423176707985,0.0970374196967746
4778.9292845257905,0.09480196963056954
4793.8654221231545,0.09914329231000686
4808.962316431144,0.09659072955629895
4823.906140113606,0.09861184661676113
4838.471218961626,0.10323176081660956
4853.080587094987,0.10127556836586318
4868.197951273532,0.10023337010733602
4883.071671388102,0.09462159651742241
4897.986501687289,0.09767215935290195
4913.060864618885,0.09799892315276724
4928.000828729282,0.09773182834498931
4942.946297343132,0.09452058002298226
4958.09029535865,0.09689428773572438
4973.520021356113,0.09648183425593078
4988.923409156349,0.09653996457346359
5004.065133037694,0.09872775938664206
5019.021978021978,0.0983486074791583
5034.454545454545,0.09954164345713579
5049.977495672245,0.09448935155611063
5065.069545709478,0.09891861776496456
5079.910653889515,0.09686499902158292
5095.491488786814,0.09929215036530094
5111.509170544758,0.09586543163098758
5127.018070533372,0.09828369898438873
5142.508552810209,0.09437373537978615
5157.950805270863,0.09678353726130869
5173.450151891742,0.09124987124613618
5189.551155115511,0.09704469690378917
5205.570085706387,0.09445938719078362
5221.472253363228,0.09530189957420179
5237.450696531003,0.09881552348039506
5252.9840162743385,0.09423888305144419
5268.561218985977,0.0956608331221349
5283.954149738827,0.09669970674097085
5299.510322047894,0.09542551509547786
5315.458886691155,0.09499249963366409
5331.442377117467,0.0961297107344418
5347.438043478261,0.102629023546311
5363.440209886771,0.09785417244542391
5379.034462616823,0.100577176614882
5394.349087003222,0.09831604377298507
5410.57783933518,0.10209679250128083
5425.989646246764,0.09924330674195955
5441.558533916849,0.09350491260873367
5457.044263249854,0.09623828497915443
5472.403329752954,0.0993391655295132
5487.987043580683,0.09188466119503476
5503.498902907296,0.09545740768348825
5519.431161473088,0.09556375052565563
5535.544021739131,0.09986832282482129
5551.050778995961,0.09823800334530378
5566.8878579003185,0.09461552486949996
5583.5249373084425,0.09839939642472728
5599.489295774648,0.09789395509390102
5615.5886165116935,0.10184925508544945
5630.918093607306,0.09874303090871045
5646.370742601898,0.09530074965478748
5662.486366165832,0.10069185835452713
5678.485265225933,0.09976789611389154
5695.043204812688,0.09944212110276966
5711.638769053782,0.09857951375032865
5727.305723720418,0.10096389115303919
5743.54803975704,0.09743342879378858
5759.4694742792535,0.09907975076864953
5775.553370786517,0.10104890921470538
5791.870959051724,0.09547651377243277
5808.500140964195,0.09899442510790264
5824.454171240395,0.09722927771633927
5840.650335374745,0.09369619039257833
5856.512985199665,0.10046741897620437
5872.988794023479,0.1006689599918264
5889.285632348724,0.09759272924206251
5905.511548331908,0.09799760527558456
5922.05577136515,0.09552530015122378
5938.344357976654,0.09652537865856163
5954.964403066812,0.09702662263230051
5971.5764468759,0.09696307959499122
5987.827082184225,0.09977042053306724
6004.887304633946,0.09712627413218539
6021.589270262475,0.09875937575313926
6038.026084568918,0.09738646638506107
6054.416761687571,0.10111450515613808
6071.046128945239,0.09618866985204068
6088.140060656189,0.10421476504990913
6105.181505868881,0.09955535080055491
6121.991971207088,0.0949155363828407
6139.074155451799,0.0965983330577734
6156.004209935448,0.09620667235360594
6172.827073991031,0.09826185020319173
6189.31209439528,0.10160067491843096
6206.436759956943,0.10008265802025551
6224.009302325581,0.0965489157808927
6240.62596324837,0.09537698930372505
6257.298966339783,0.09766810414232593
