D,r2
1300.627091420158,0.13380593946451616
1398.8983118971062,0.13655783912366726
1498.0709995996262,0.13162376751108967
1597.9321624882691,0.12884809440505035
1699.8791504234441,0.12828571361791807
1802.0129817987151,0.13169793798731597
1904.3511093290565,0.1273651722267324
2007.8117205310446,0.12842496734515627
2112.7469508108834,0.125544061026683
2216.6097887135597,0.12374493447272832
2320.7506698821007,0.12049072816415933
2427.768326879423,0.1212744427153582
2536.3189493433397,0.1182243089481488
2644.525677315002,0.11874316370497526
2754.5337251235474,0.1202982741561895
2863.6605220667384,0.11887489668706844
2973.5679540291326,0.1168896552247181
3084.0954406486776,0.11951715237112188
3195.270596115204,0.11502377713687631
3306.3068548387096,0.11367831133713437
3420.590628356606,0.11275444559086721
3535.0605492297386,0.11359914587036339
3648.9938502673795,0.11361327142013843
3762.626138189609,0.11175540186356109
3876.714662227771,0.109654302552058
3989.245874358619,0.10827485689728457
4099.93574912892,0.11114123370801411
4211.356813417191,0.10619151941122693
4322.65422505897,0.11031918978190021
4435.92729538845,0.11399343077903573
4548.621184668989,0.10808490517026804
4660.539638386648,0.11441282724155992
4775.679200777023,0.11364876910779145
4891.126836706404,0.11190249017231253
5006.8799166087565,0.11139178769607161
5123.340677729745,0.11145272804592635
5238.88021122846,0.10818000503753376
5354.6858493188765,0.10940998595103842
5473.132072867789,0.11230652039897376
5588.231521587257,0.10930006432388568
5705.369785169785,0.11028734278600592
5822.959010698903,0.11013945354660105
5939.794579569145,0.10858869522687364
6058.524954817183,0.10712844372210803
6175.973775979914,0.10728391156424352
6296.081451724615,0.10627643621422866
6416.370447306467,0.10856456603501134
6538.419054242003,0.1094961176545555
6662.781006674082,0.1057964654245297
6785.242715739579,0.10645988667363718
6907.064819944599,0.10773542394897309
7028.90209402302,0.10540350967882002
7148.657579972183,0.1022744075173224
7269.02098971365,0.10552612925855111
7390.6037788274525,0.10459465651533512
7510.689037098791,0.10473562179004066
7630.702683910444,0.10652628331928782
7751.647124355939,0.10487180014603681
7872.554617195071,0.10883664117381982
7993.961896815464,0.10585040969279073
8116.5926080892605,0.10853260873844513
8240.175954304821,0.10446029024121799
8362.586637094539,0.1033136737240324
8486.34706946958,0.10593727645751753
8611.3909556078,0.10354571048538301
8735.458866036686,0.10321833854901151
8861.382940108893,0.10485586947289459
8986.203526308482,0.10620081104133584
9110.640802213002,0.10670986703144698
9235.286290322581,0.10573692495727476
9361.59335752163,0.10389866790296985
9488.003874896209,0.10530552213658466
9613.344764837626,0.10698676925192405
9739.252241070197,0.10509072788778788
9866.042843232717,0.1057116315564474
9994.889649392373,0.10384666610143112
10122.36669435216,0.10669556595537698
10250.730774579335,0.10321954371282968
10378.084075723831,0.1078056366182349
10505.84183532021,0.10356209495574993
10632.72695676352,0.10408873964056502
10761.241839144326,0.10531887776282928
10890.813969667455,0.10458349053548717
11021.283808200138,0.10399018626155723
11151.37245892509,0.10632924253656388
11280.04303902574,0.10719763316524245
11410.31375,0.10531428672031716
11537.738208205414,0.1052308399602926
11665.023581634068,0.10473103850214187
11797.00403113706,0.10599454429665386
11927.407320116456,0.1050632332420323
12057.943425076453,0.10651502444465645
12188.87104386452,0.1073937884557169
12320.55877437326,0.10537369245421924
12454.067378344656,0.11085684977290404
12587.745918794475,0.10568372725404757
12720.50006926167,0.10757621992018172
12853.073143495254,0.10466365399671954
12984.519435606584,0.10401851884710496
13117.890692190318,0.1018990322521445
13249.561518142638,0.10189118005545905
13380.604390994267,0.10269985401940479
13513.320704968082,0.10426626196130223
13645.203683190251,0.10343376686914871
13778.564459930314,0.10508608326660927
13912.243073924545,0.10581191537491692
14044.977364254964,0.10591390160877705
14180.017480577137,0.10517230314842696
14313.948881789138,0.10604989432230608
14446.779213561205,0.10573638883947954
14576.816298150467,0.10227484905930781
14706.115427302997,0.104948739056126
14836.559849854024,0.10817258676645576
14964.66174010039,0.10577421407026384
15093.572262367983,0.10312617107477098
15223.979659609797,0.10683161446809084
15353.717684708501,0.10322009525639936
15482.458913649025,0.10590803387044034
15610.620205669817,0.1026844389096792
15742.243224461432,0.10444521630093655
15873.957083333333,0.10371385792424913
16007.942722744881,0.1047107703332149
16141.688324309316,0.10540709440404727
16276.402031728361,0.10350610663741354
16408.673157162724,0.10457607389359158
16541.42974516084,0.10337963980802241
16676.61134220743,0.10230706608666214
16811.25776786958,0.10241560944762697
16946.29268292683,0.10272019171076321
17078.984608985025,0.0999587360530125
17218.81425184772,0.10354104694396382
17355.810504492052,0.10327430506312626
17491.226573426575,0.10184960173037945
17626.23675154852,0.10331326661548154
17761.128824926644,0.10320464886073129
17897.79299847793,0.10120059672182008
18035.15706951575,0.10386573931495706
18170.75356045797,0.10402112052762011
18306.94933554817,0.10446081971432597
18444.03714046356,0.10207635726945956
18581.267063547002,0.10430539271287707
18719.085670433935,0.10341514573634805
18857.14499584142,0.100499409967578
18994.224092363333,0.10092472121535574
19131.398302726768,0.1029533634027773
19269.85962957805,0.10343403014614148
19407.9864790287,0.10283912061278414
19545.727272727272,0.10191176983839548
19685.10033213396,0.10442359149851493
19823.828260262497,0.10423801028285373
19959.584420994168,0.10200796701688368
20094.538215675377,0.10379463238771769
20231.592895795755,0.10236250727079554
20368.89304589708,0.10419423469657069
20504.81524153248,0.1045115679993667
20643.000416319734,0.10565498907265006
20779.721773069417,0.10133868831592124
20917.985410587746,0.10529697586547712
21056.062595632215,0.10536662940780404
21194.460868362832,0.10417050654375651
21333.85518590998,0.10636263742723252
21471.34431220592,0.10783591890713372
21607.62708565072,0.10455869920821273
21744.32562995963,0.10730889073665176
21883.14161129568,0.10195518979497831
22021.568359375,0.10560515736673329
22159.797561313564,0.10349963877649085
22302.189535207348,0.10352315237466948
22441.809032617788,0.1056933368340876
22582.557028445182,0.10298067503974359
22722.66569078489,0.1030326365222165
22860.56444013304,0.10645938950418656
23003.07681603117,0.10314403305875242
23145.083682592904,0.10512586098090249
23288.744408945688,0.10532494412921116
23434.61307713575,0.10307447057604245
23579.290474868092,0.10494486866494818
23721.71999443052,0.10189286690765467
23864.28432462479,0.10154904144445578
24008.84860724234,0.10192095681542732
24152.86963765098,0.10120790129932464
24295.034492350485,0.10781223721045857
24437.45930232558,0.10111154588394354
24580.281423804227,0.10026712534895803
24721.951395639495,0.103556156551297
24864.448069148195,0.1038930243973535
25008.132556849694,0.10270493771654068
25152.716706013052,0.10221507989723609
25297.221635150167,0.1010832169768538
25442.45588235294,0.10336447464199043
25588.45108999441,0.10294749863298318
25732.93026809279,0.10301330239008086
25877.616186900294,0.10216276508722476
26024.20890979524,0.10232541178513345
26168.940790392404,0.10215654076283999
26314.450735498194,0.10170269516111166
26463.496679579413,0.10205429877292121
26612.46557743332,0.1037055915458134
26761.95212397952,0.10399616199505247
26910.778567447047,0.10375011508458322
27061.600055663792,0.10313284343864927
27214.457115144796,0.10058114142024827
27367.28300571588,0.10284139221955993
27515.260364842456,0.10513917848980206
27664.427376637857,0.10458681352085948
27811.588284518828,0.1028185195542042
27961.107053596224,0.10356224581887624
28110.594868238557,0.1023690441067609
28261.102845246358,0.10604521577894432
28409.79721059972,0.10095087815720642
28557.93271493839,0.10136998039179847
28708.715593784684,0.10210106209863712
28857.125608568647,0.10420885421535946
29005.760144524735,0.10674046234646976
29154.06099429049,0.10404317755906918
29304.01722461453,0.10296925769565582
29452.4335839599,0.10190149089576199
29604.81243939604,0.10040666814001543
29756.16283604959,0.10438139139047471
29906.976279650436,0.10258555211544226
30056.51986662962,0.10138008340713102
30206.875485302273,0.10155936169027883
30356.40330647402,0.10203858664585536
30504.70054598908,0.10195688767642117
30652.384870695616,0.10615336636795976
30801.919455631163,0.10099470784732563
30952.108443824145,0.10694665661073263
31097.751418685122,0.10301590037733357
31245.092997354866,0.10472993032921349
31391.157184587566,0.10304180377136295
31539.287876683793,0.10292328310804097
31688.780410085896,0.10281284530597351
31836.516814897164,0.10566106782491261
31987.22451253482,0.10365113292446727
32140.3028247023,0.10479391510646253
32290.835078899596,0.10500389817346778
32444.71044982699,0.10535634957676916
32597.779585593104,0.10122938586486635
32750.702192617264,0.10218837317688259
32904.133491091314,0.10032186090350181
33058.96336537122,0.09966510950003594
33212.97769465226,0.10106531255511797
33370.377586446324,0.1044871803960376
33525.66907775769,0.10434045202105342
33678.609912292915,0.10514723237327626
33831.868505362865,0.10438014077873664
33983.4260724698,0.10229292272889148
34136.36728738188,0.10440906572742145
34289.359888966,0.10450388463628453
34442.04209943221,0.10574464047372338
34594.55611111111,0.1040227105302887
34747.904038997214,0.10194169748095762
34902.730779905636,0.10343753087939948
35057.976860886534,0.10131548086518204
35209.34929890324,0.1034322708038561
35362.94780677401,0.10238231218616599
35516.54433018344,0.1048317845897697
35670.761303744795,0.10451991983222324
35826.224700306666,0.10222820315245608
35982.21110340042,0.10324050956331232
36138.16736053289,0.10316369551042352
36291.101173840136,0.10221494901570993
36446.44278400443,0.10341443201096201
36605.40626304802,0.09939987647484512
36760.458061832804,0.10097325914388636
36917.47220670391,0.10435408744779287
37072.70239579006,0.10237556663342955
37231.33969359331,0.10205234960315437
37390.80982019364,0.1037356833754315
37547.054974187246,0.10407055928760715
37703.315540728385,0.10243126487325291
37856.854265073634,0.10115889799477502
38009.821245319654,0.10585931417779362
38257.492946266226,0.10324075343581014
38601.030179700705,0.10107521965546602
38948.46520812438,0.10371592487867902
39289.0241069747,0.10391971229416695
39631.23472709064,0.10371561473381749
39970.17906060417,0.1021437527610291
40308.445775575485,0.10322295420320356
40645.01239747042,0.10316767172500635
40980.796349724034,0.10410465789050917
41319.26117161097,0.10383683342068208
41657.205181282145,0.10436071103991276
41998.18600575792,0.10140976862318066
42337.35034482759,0.10278353463699148
42669.820623862426,0.10275208686629325
43008.02068879305,0.10386389716778223
43346.48784929356,0.1032644736299495
43685.7701975988,0.10528961188729143
44029.76494548189,0.10430738851354118
44367.132610194996,0.10314795333532495
44701.53258003767,0.10434715390524066
45033.35910771351,0.1046166475907994
45367.37470271623,0.10449916908655218
45703.01027182763,0.10237140497092706
46042.68835487514,0.10284803344721397
46378.77581453634,0.10115348379202259
46715.837318477716,0.1014340407650805
47055.60544942061,0.10366972407992979
47400.78311818524,0.10287265588858802
47745.16968254962,0.10481236110025342
48088.81060225847,0.10347641579316455
48435.55170251458,0.10292114706175794
48776.02932899756,0.10168734608163463
49114.90654967095,0.10295961302554264
49450.10987151363,0.10477524322913827
49788.63842975206,0.10194939767334653
50129.80792128846,0.10451071892217015
50465.356694297916,0.10323211507753072
50798.23338543295,0.10197551497059934
51131.819592811364,0.10372063725374416
51459.946322564516,0.1060961761535583
51791.62141335672,0.10339840713726145
52127.429460189785,0.10388030677127891
52465.27813615582,0.10292569351174133
52802.62989212243,0.10344959724658642
53137.47692019014,0.10197957125220938
53468.13991098853,0.10337704271871888
53799.82122065728,0.10302505873263525
54131.18426163774,0.09991960166142212
54462.128680616464,0.1031263636335365
54801.06985340183,0.10144197205941144
55136.20025046963,0.10226445680484333
55471.21801869628,0.10360153677842532
55802.10564263323,0.1009223849939195
56134.13243665937,0.10167950645632333
56471.084248165105,0.10209050070253593
56811.85918495298,0.10249631804920442
57151.6049436796,0.10292805833890567
57490.80709895898,0.10224411228394717
57830.192160791434,0.10064715059092512
58172.91657774151,0.10107403189711323
58513.28905419766,0.10384719319292302
58849.73143680682,0.10392689122847544
59181.196251723704,0.10392168434705785
59517.66238727455,0.103811569215957
59858.28361581921,0.10410276115042037
60197.412712342506,0.10350226389254814
60540.94573449333,0.10206675086759856
60880.152669842064,0.10228932744876176
61213.66129840832,0.10105103190714813
61555.25613727455,0.10250531672035074
61892.19456985202,0.10016653863588132
62227.16253753754,0.10188450584163501
62564.603639786634,0.10143344300178338
62900.41610696127,0.09875294393435562
63237.36025039123,0.10151520120528726
63575.696848173444,0.10110368881404631
63922.41497874469,0.10110462404079068
64267.56078751019,0.10072170397008766
64617.80067652217,0.09960357905065825
64965.27956043956,0.1015751853818253
65308.44617599199,0.1014065976760272
65648.20667626981,0.0988708585070768
65992.34800878019,0.10079389677916543
66336.25172241012,0.10022288124243693
66678.55439763953,0.10154904508365455
67023.36299355485,0.09891775148133317
67372.63267605634,0.10048363147691934
67719.06122065728,0.09956590652583573
68067.5396039604,0.10191688092133216
68421.94053001759,0.1006729803017822
68779.82477909382,0.10098813718806661
69136.06084292146,0.10196366018556398
69494.22866102227,0.10067171647900187
69849.15792445728,0.10184325413320121
70205.5190103351,0.10171865251831684
70561.11374733943,0.10003858881144798
70916.04264512494,0.10144403288519471
71262.8853251318,0.10089611595553181
71614.5229805886,0.0995626172725851
71967.31208474364,0.10081544453079443
72329.34840042572,0.10112968105537654
72686.57611490936,0.09924179109023266
73046.26314142678,0.09904281394241571
73412.860839599,0.09716367749632225
73778.33510838241,0.09965672644047206
74140.35000313343,0.09774851444499309
74501.10730636564,0.0983837120513301
74855.84289557656,0.10071045122734984
75206.95337307813,0.10044694592673097
75560.14902672592,0.09918711142207587
75913.22190219774,0.0996702453892817
76265.3355893965,0.10065151665182978
76612.99328901155,0.10056691519590258
76959.59799310128,0.09978059754577044
77309.46394591888,0.1000573357798734
77652.02047973947,0.10237905558528615
77989.07726047999,0.10068121074375004
78325.13374756795,0.09845213793495679
78673.24066078468,0.09800232220958238
79023.73948788753,0.09885096814145253
79370.66883482394,0.1014052040307866
79727.79608360007,0.10163510753407802
80087.69926083689,0.09997757520526394
80447.01771296238,0.09853646966231855
80800.93136272545,0.09935479730039626
81156.77566111041,0.10103672694660219
81521.37556532663,0.0981978097345033
81889.05300993937,0.09904546285055622
82256.13629518072,0.09854906256347808
82622.67084325272,0.0986215561662826
82988.6138043342,0.09988712432227546
83354.35998747652,0.09951131041220357
83723.07817793952,0.09733179387043685
84090.1008135169,0.09985097912639694
84467.27399322545,0.09908713930782713
84841.41378014407,0.09902101744544635
85216.16385738454,0.09801378743865258
85585.80225352112,0.10021143395238297
85954.36185941611,0.09906018744425811
86323.47315604617,0.1005802924355704
86693.594374491,0.10174321488245112
87055.21496146858,0.1013153686343287
87421.18787270102,0.10232304076635153
87787.36793988729,0.10074397881590344
88156.01065429932,0.10088448222192092
88527.83554443053,0.10067742124765743
88905.33308251819,0.10105109158854848
89278.48976910081,0.1020010252335148
89656.7374497992,0.10327835878495867
90031.03641824667,0.10145391839136227
90408.3832967033,0.10262384017575298
90785.7965476265,0.10020772439990099
91162.32817201604,0.10065490978859931
91536.84894789579,0.10211802838590665
91911.84980534975,0.10264343580241275
92287.92448340639,0.10276882466861954
92665.95618378988,0.10022249308775182
93040.67939409113,0.10094345454941685
93419.1877392232,0.101384394341275
93800.0896642281,0.09959261985071777
94187.50297637697,0.09877262280433724
94575.28726474279,0.10130207531767542
94960.53752115855,0.10192398952942681
95348.11605633803,0.10051903051731678
95723.69601453816,0.0999511213577849
96098.78474438396,0.10106406241499252
96472.23916865503,0.10065961176048141
96846.58193896095,0.10100026995083487
97230.62657080338,0.10236312685717221
97612.75976183015,0.10106256478633537
97990.5201830262,0.10117687392071266
98366.676289695,0.10195568999970485
98739.37245089453,0.10057496251831771
99116.47338093449,0.0998930971703835
99497.00520376176,0.10136006677671193
99875.54226855922,0.09928374503992213
100250.92266783457,0.09874539514481366
100625.89486552567,0.10066222095210263
100996.27077848815,0.10144987337164199
101363.55195048763,0.10208434250385832
101735.64081145584,0.09899203024547568
102109.58508041805,0.10014551410484608
102486.54823956898,0.1002147257466058
102860.96679197995,0.10109365054917005
103230.65201580037,0.10116649307473383
103609.87897570748,0.09882181447572277
103987.5026328987,0.09890164248100232
104369.1274595814,0.09975867812440152
104749.72666917199,0.09777409436325984
105128.19392303345,0.0998055535352618
105506.31139034759,0.09909165293986559
105890.95804590493,0.0993376205557279
106279.02488248199,0.10238825366230453
106665.68857393703,0.09677333548380398
107051.58270182251,0.1000270723411788
107440.7869848428,0.10023266215440274
107835.977474659,0.09996392896611599
108229.24641223288,0.09928342688647185
108619.76634397787,0.10103886041815256
109011.83843122538,0.09998645835511161
109400.30275689223,0.10130139510612675
109788.6295207108,0.10216174674853166
110182.4997179214,0.10630833442958929
110574.24477368323,0.10320302408277375
110963.68583239384,0.10173136507021975
111353.3480192753,0.10162236482077174
111739.87761624264,0.1033827914859278
112127.24844953956,0.10225522751698986
112518.97913925954,0.10311304121445146
112914.3426871281,0.10020801215125114
113308.10052710843,0.10223334625352942
113707.66537281663,0.10285658577552736
114100.01668234557,0.10047280407114069
114493.0469366043,0.0985397477709599
114891.40739114067,0.10192377794445716
115286.57672818267,0.10091837489473174
115688.1852758426,0.1016531598534421
116085.95656261753,0.09933337220701288
116485.339032945,0.09841986993862752
116895.24733809345,0.098622630508329
117301.75623199299,0.09964996833553767
117706.08304585084,0.10055992607188377
118110.90503038275,0.09875633645439534
118520.41405026008,0.1005590455137303
118935.06677942742,0.10129260997521812
119353.53781986954,0.10185776689394636
119777.40058845624,0.10098752363890402
120188.8216544555,0.10125333576900954
120599.20364684504,0.1020573485599359
121011.5294338913,0.10386177430700518
121427.38874984358,0.10374031397725854
121835.36673988076,0.10397767358882708
122252.75139192994,0.10373663189385414
122675.03690685413,0.10200047953897189
123106.33926222834,0.1013660970219884
123536.90682060613,0.10108970217527542
123961.80443888715,0.10208631869123577
124387.50034515218,0.10306554070572094
124808.81542699724,0.10157736478685135
125242.70039446496,0.10087717374371495
125676.89956112852,0.1008916277370485
126111.37417011149,0.10081801506912821
126553.430489335,0.10225272571730361
126996.2695510613,0.10127672208114101
127435.3330196964,0.10082430620920932
127873.62893435956,0.10157670618768566
128316.60407013149,0.10135098999834041
128754.58467514567,0.10237142808285828
129196.13865177002,0.1022974411904561
129635.4945818979,0.10308480994591167
130074.3032961524,0.10179840267446993
130509.98734415136,0.10165728684250158
130947.66009389672,0.10306358609197004
131380.21966225124,0.10414840728344363
131809.95485242622,0.10220274226699533
132244.57416358043,0.10344837613208184
132684.71086222,0.10527269564320511
133121.64600326263,0.10239539556338814
133562.09211103452,0.10369395441530711
134004.786340303,0.10308350184364416
134445.69874083818,0.10254472312195852
134887.94262089703,0.10423172397609858
135340.06888554594,0.10163044573832396
135791.19352414354,0.10123345242829707
136235.1661548104,0.09901737389301943
136675.80228113054,0.10212159702619439
137115.47568008024,0.10139852712822342
137555.7782649546,0.10240651302697117
137999.97241206345,0.101578192022232
138441.97552885217,0.09973390626075555
138885.7949667378,0.099490234046072
139337.93579474342,0.10226397330653274
139785.6458712145,0.10164927057534642
140230.31393817795,0.10173525226677556
140681.2428455132,0.10263961744385519
141117.692529456,0.10444277925231804
141548.57257357545,0.10358093776560447
141971.64056627412,0.10280989236741526
142398.99428894187,0.10119677704160074
142822.0670796571,0.10193042581956324
143254.461061337,0.10190512913282292
143681.53710313732,0.10086235630846616
144115.62328208346,0.10099889610521322
144545.1041027247,0.10086617879434624
144980.23980679965,0.10134221130564207
145408.60192837464,0.10159757827951976
145836.4192901041,0.10154390164803734
146259.32993622607,0.10082559859224637
146677.69811912224,0.10282898584071382
147096.41471676808,0.09872162424999122
147517.3941861922,0.09977568906458838
147934.74793543544,0.09949447767947306
148348.59217456734,0.10045050971328906
148766.97156457472,0.10162525819760443
149181.27092731828,0.10314942825044841
149592.8502636866,0.10096665688072505
150008.95568907246,0.10086247004872334
150427.52172279955,0.10137084914745695
150837.15038915392,0.10293882815420423
151252.83164350982,0.1028358992373549
151664.5181116203,0.10217354238494455
152065.6504095542,0.10199296294040934
152471.30816032115,0.10002074663994227
152875.67240839335,0.10192653766157372
153279.7349050097,0.10489142619098783
153692.9253086033,0.1009144177072799
154106.1295437453,0.1001541108936383
154520.8619977469,0.10006542101223286
154932.74086399598,0.10100265394551539
155338.4871153365,0.10075398914459907
155742.38575369952,0.10200846285169393
156146.3202176905,0.1020502777981817
156549.53087736914,0.10123568186821515
156957.1882669672,0.10158521657587906
157363.74118163023,0.10147869648375851
157773.54864203726,0.10236884701301592
158184.85126245223,0.10056689300627533
158594.1778722872,0.1021739209890414
159009.44771815446,0.09935239666300079
159431.33753369693,0.09986873650214777
159849.00093949644,0.09946444424245414
160264.91497238955,0.10341668680841826
160685.27351337802,0.10066453253826788
161105.32828914459,0.10027201412260525
161527.75270168384,0.09929374601323412
161950.2820063794,0.10130497450011951
162372.76067465046,0.10019131401613139
162799.6861528822,0.09917322903868019
163231.06715154555,0.10202898126595997
163666.54468031813,0.10056666822182375
164104.6410272471,0.09953006125056975
164546.08279058116,0.10033792481042339
164984.24085805682,0.10097716965281525
165421.86486994673,0.09990221186520415
165859.75056362725,0.09874335046274671
166298.90023201855,0.099287544587258
166736.2335400614,0.0998214470992806
167171.8030198609,0.10079929175600229
167605.3674785549,0.10051515774519092
168037.127798332,0.1006087405798602
168467.33135131752,0.100013465652172
168899.5712764625,0.09913228914512782
169329.52733199598,0.10147214973833119
169765.0254996554,0.10062609658826221
170201.29807632059,0.1031709070379664
170634.2323948078,0.10279473036907716
171061.90345649584,0.10194935659163475
171494.8234999687,0.1013445118035913
171926.32926447573,0.10113697952021665
172352.83306127574,0.10387654272960571
172783.3464044099,0.10383756614579664
173212.75837455387,0.10371741938797056
173647.06998620342,0.10125496940445683
174080.53844227397,0.10242618449099812
174517.8630952381,0.1026599371184823
174959.81295054223,0.10365849590627588
175393.36673560194,0.10396932362177277
175822.35243696428,0.10340570953152778
176250.98920614997,0.10190563325282613
176685.93823603107,0.10018470776083002
177124.6747539339,0.10207796832474857
177576.33704979642,0.10041152937328303
178022.63997995364,0.10269172869909714
178464.60145199648,0.10012658729941526
178904.46520812437,0.10144895641397421
179349.7942172604,0.10026917723085205
179795.48885410145,0.10271432283279376
180243.59445385533,0.10155876026415908
180692.72481372487,0.10406911482821285
181146.3533166458,0.10471716982184757
181595.70568310123,0.10380427884106634
182046.2607252458,0.1048563289850723
182491.1203564257,0.10380643420705611
182933.03671733284,0.10081471644076292
183376.073155416,0.10194702007529967
183821.2622417032,0.10272130971251386
184273.64081377152,0.10441583729965007
184728.7568347128,0.10346103637746686
185181.23395185557,0.10381256085127044
185636.86071674275,0.10360091952952791
186080.8261169246,0.10550880326018618
186520.16019813155,0.10267311534335775
186953.40687751005,0.10407501685018451
187380.97036526533,0.10372712170326073
187816.97028092347,0.10557695088358154
188247.59737569062,0.103240720248253
188680.01987251593,0.10316940139955003
189113.1984082221,0.105050767215716
189550.04585371973,0.10367543539457753
189988.09360902256,0.10301022688147614
190437.93457709884,0.10600523209261241
190884.83996740426,0.10607218713691782
191329.29887147335,0.10424331129780934
191782.89785181938,0.10403730843135307
192237.96210460382,0.10404686711055158
192688.02039151712,0.10370611206611106
193123.93620354703,0.10025627325837957
193560.61751267448,0.09956572326949456
194004.23972431078,0.10146740004007991
194444.88402708125,0.10156884456028312
194888.28481012658,0.10108711265876662
195329.13628096582,0.10266543113567404
195770.8359311424,0.1031379256302099
196206.63946857178,0.10311173083977604
196631.29047201702,0.10500881108012318
197046.4550188206,0.1028334961274359
197460.11403508772,0.10219318174290938
197867.6299010397,0.10005909853585132
198272.4381663113,0.10063364214211314
198672.57684118237,0.10202894649482916
199072.8376105917,0.09929735086345365
199473.159152023,0.10180648256122422
199881.51925364725,0.10046113543110226
200291.04605263157,0.0994449464659679
200702.43663297972,0.10122504464713081
201112.4476434875,0.09814317734375945
201521.9068062171,0.10194692603702518
201940.63378869533,0.10323210673524749
202361.12933141174,0.10426564225600612
202779.90473502665,0.10222428904486654
203205.85816224336,0.10220787265981522
203638.6207803595,0.10117339416332698
204079.22599862044,0.10109733769121902
204519.93415612078,0.09977435199621953
204965.021159384,0.10133352670457375
205414.70018189802,0.10041569706499975
205867.8548972946,0.10163239484444118
206318.02942098991,0.09908604369587888
206760.38726441676,0.1028902233950091
207206.4490090316,0.10347054495735182
207664.20071348103,0.1027960904743779
208128.91372401704,0.10282693101908698
208580.07612587148,0.10673913053801037
209030.53025557505,0.1050413718097097
209484.87889229998,0.10438373818721278
209945.87364666123,0.10067806759101161
210407.69084304146,0.10116843673753796
210868.3506998933,0.10207639609941103
211329.02165884193,0.10373508860924044
211785.00551378448,0.10252240039794336
212246.12723969427,0.10336396782719989
212700.08289506636,0.10283601477723317
213156.14611041406,0.1018593830091511
213614.51761907744,0.10212635243456133
214062.69469858377,0.1026927084578061
214511.88152522143,0.10444187878424352
214967.1890877237,0.10408633032503371
215412.2445294376,0.1049120887514193
215863.28471353516,0.1033918217575565
216313.6035109718,0.10457799756623819
216764.48685943673,0.10269564367195762
217217.03139097744,0.10174691868183046
217662.7539289963,0.10029371968272797
218110.81264475745,0.10120039097412663
218553.21824226837,0.10197430301567492
219001.904496493,0.10274211380454741
219452.07867988455,0.10272111130603762
219912.32397448726,0.10116190763728782
220366.2591664055,0.10020945733841934
220812.6124819489,0.10001783146977976
221265.04587557892,0.1004931159849985
221721.5706140351,0.10065628938960824
222173.90721584854,0.10117015965259409
222619.97381936616,0.10030469734849326
223075.49902973397,0.0994154711057628
223531.73719194834,0.09807144625076368
223987.5127498277,0.09692367929590741
224438.49617794485,0.0979802340586856
224884.4470514429,0.10050480766175005
225331.93707696165,0.09876260176249495
225790.38317464295,0.09791041007692039
226252.96589913653,0.09978831004928551
226709.43699849548,0.10135427442993272
227179.6396492327,0.10023243916129271
227647.6354577928,0.10007558439801095
228108.27380430014,0.09933241872706372
228571.53408877482,0.10119364250832097
229036.82205356582,0.0992962929150927
229499.398570264,0.10127169607421231
229973.05092592593,0.09946383623763286
230454.47463790834,0.10008314063567028
230931.61990723328,0.10148389656623186
231411.59908440989,0.10054717860852047
231908.43375078271,0.10149863797119993
232404.37496089595,0.09861947028641473
232887.02800927375,0.1013020568441183
233372.78756736434,0.10123623062334133
233853.76026838904,0.09980742623727856
234327.46046365914,0.10086371480866668
234807.27758609873,0.09943838308210126
235278.69464073543,0.09952771279004416
235752.09210113558,0.10291383311429673
236225.168200313,0.10137946238759458
236702.17798947103,0.10010279610453827
237181.75913735817,0.09992635643621345
237658.8349733626,0.09991612116846542
238133.0651084096,0.10297982273748453
238610.80759604555,0.1008751115423461
239086.7882515376,0.09987102322688532
