population	genomes	genomes_before_trim	clonal_dropped	variants	nonsyn	syn	seconds_ld	tract_length_pooled	l_DD_used	window_size	num_bins	windows_scanned	significant_windows	sweeps	seconds_scan
AG	76	76	0	34309	6115	28194	12.5	8426.453648241064	38805.253114490326	104	107	6011	204	6	65.3
Denmark	51	51	0	30464	5844	24620	9.7	8426.453648241064	38805.253114490326	97	93	5748	269	10	45.2
US	51	51	0	32974	6604	26370	10.8	8426.453648241064	38805.253114490326	109	117	6496	225	7	59.9
Israel	43	43	0	32597	6409	26188	10.7	8426.453648241064	38805.253114490326	108	115	6301	335	6	59.6
China	33	33	0	28043	4855	23188	8.6	8426.453648241064	38805.253114490326	80	63	4775	95	4	31.6
BF	30	30	0	37730	6607	31123	13.3	8426.453648241064	38805.253114490326	108	115	6499	198	5	79.5
GH	27	27	0	40077	7665	32412	13.0	8426.453648241064	38805.253114490326	128	162	7537	235	6	117.6
SW	24	24	0	37255	7217	30038	11.8	8426.453648241064	38805.253114490326	120	142	7097	259	6	92.6
UK	23	23	0	31570	6093	25477	8.8	8426.453648241064	38805.253114490326	101	101	5993	250	8	52.4
