D,r2
177.20727869749624,0.12517953264121054
242.85086568730324,0.11495779570720893
313.44792079207923,0.10741182108714274
385.3876238949906,0.1046051784384345
459.02255128379295,0.0929306988628411
536.0292420666142,0.09125104146173621
613.597464976651,0.08663177178898332
693.44527595884,0.08417868154754417
775.9157518846713,0.08145591284769634
858.3263129832045,0.08096382943428578
939.7625811688312,0.07902875146550208
1022.8128469468676,0.07610186618053051
1108.0117036840006,0.07418751984115263
1192.4662764400691,0.07506716900936009
1276.0575761642733,0.07361043430050852
1363.0556583818086,0.07293214481409112
1450.960538594854,0.07136942066195909
1538.9998663994656,0.07211081424112495
1627.926498002663,0.07143921446125559
1716.0919201393542,0.0686988954265073
1804.079802165486,0.0659784498889039
1891.8486623186477,0.06589551530831167
1982.1791899813481,0.06602047462263066
2071.351699415826,0.06746910708324148
2159.8953053593686,0.0685294913663991
2245.984658298466,0.06783771259037161
2329.555540166205,0.06708756941775619
2415.6851496019763,0.06690254206212053
2501.5200333889816,0.06487964880493188
2588.7338090010976,0.06445794939384823
2677.765810549572,0.0637471251380459
2765.359477124183,0.06411215951208964
2853.0009660502346,0.06427807323149787
2941.2400055332687,0.06457675976637367
3030.038713271132,0.06354797247488612
3118.951480263158,0.06168638915093208
3207.5551373205076,0.06184685203934552
3297.641053787047,0.061298358189341956
3387.3935977731385,0.06292255810426821
3478.368195634153,0.06157940983971991
3569.5213900041535,0.06252689244234512
3659.65199944652,0.06265873441277126
3748.7537591391915,0.061507270652977515
3838.505415162455,0.06210512644022424
3928.2351797862,0.06331542042343413
4017.7965195944093,0.06293773480028628
4109.559258747061,0.06262827742514208
4200.665875453784,0.06014111441511689
4292.85089051498,0.06054492382623149
4386.170209828824,0.05915572268087342
4479.365208967617,0.05919124698154856
4572.430110497237,0.059082101188464714
4663.529550173011,0.057344285345770525
4756.722352941177,0.05741749361897771
4852.1783746556475,0.05650559064611203
4946.429622431982,0.057120164899204504
5039.76987099459,0.057297881082902354
5135.167628469359,0.05894218778994913
5233.520194309507,0.05894281264936296
5329.356421954929,0.0569404672188153
5426.155155709343,0.057043267963070715
5524.39348785872,0.05950838945568769
5621.292369366879,0.05589152547082414
5715.217688022284,0.05881291646160137
5811.425908156271,0.058610479351188724
5907.338644866288,0.05860471312648438
6003.706520227999,0.056033069724284075
6099.9380297346115,0.054699463799430595
6193.719774941677,0.055086578647153904
6289.886698139406,0.056231186113103585
6387.7308855885585,0.05673968772056045
6485.613718411552,0.0558734182635751
6582.211847946726,0.05592709521201988
6680.960862951182,0.05635150230919092
6780.193825280355,0.056325999769213146
6880.04627961757,0.0596453487584849
6978.2171467764065,0.055411535445411476
7075.754641174841,0.05610316939958376
7172.460688130441,0.05627127317244408
7269.467129951355,0.05659939143588326
7367.0135415227305,0.055650809715733024
7466.319673265956,0.05687670100114874
7564.782321354812,0.052997514689632645
7663.44300124361,0.05280871661786421
7760.555478018144,0.055887879505662916
7858.094064178488,0.05566512375613876
7957.0791845791155,0.055228737986760736
8055.912266226623,0.053837959864199675
8153.512506948305,0.05633261188544733
8252.5371809101,0.05616162595447169
8353.046857772877,0.056579514139133466
8453.862111973393,0.05647524079291859
8555.589592201017,0.05459189544207433
8656.610237863402,0.05424024894743451
8755.747651933701,0.055615961677947065
8854.945306009417,0.0531584692009258
8954.186508483928,0.05587732609829801
9053.868293359212,0.05369069174968076
9153.489660876758,0.05295634458401917
9252.757152729786,0.053432319545035155
9350.728519955654,0.054325339180063624
9449.800610941405,0.053627493683420305
9548.58522805567,0.053882399944859806
9647.390335087233,0.05424577709065385
9746.451661839747,0.05529153105255756
9843.335660430048,0.05449983585784759
9939.584967768482,0.05299615218731786
10036.944121715076,0.05516230732482576
10133.892401552966,0.05328021993252832
10230.374183687647,0.0538362618577996
10327.36675862069,0.05281556084811961
10426.19184519696,0.05377011427086312
10523.846676841958,0.0537933999734993
10621.810680281496,0.052882049398336836
10720.635530881333,0.054336504441246
10819.83381443299,0.05423281636954256
10919.399474920547,0.054163475783966526
11019.097316835812,0.05484694937748126
11117.622420907841,0.053464913260795104
11217.281027502444,0.052924921442858146
11317.945567867037,0.05649375422809363
11417.773457892568,0.05336554679498119
11518.666250346932,0.053777430574937536
11618.315890939135,0.05406695185719765
11718.382164718976,0.054830429205120934
11818.390287769784,0.054298957698595544
11917.537039591667,0.0549268124395885
12018.272413316756,0.05189583708928464
12120.73481809379,0.052890413444193894
12221.601862145637,0.05163388985448734
12322.49615173172,0.05257276778358851
12425.12763888889,0.052941617059273235
12525.955459969475,0.05365479911303448
12627.180567024498,0.05255230045101591
12727.014390480144,0.052970268577991336
12825.953485143016,0.05180911843496145
12925.764147046675,0.05510899220351268
13028.330431177446,0.0526910352451295
13129.226470179341,0.05347459875873787
13232.57384083045,0.05359248086538778
13335.314096368907,0.05256531241622689
13438.094138789053,0.05328715181361507
13541.18453693495,0.051207322874733174
13641.90511964385,0.051657981628930795
13743.845519516217,0.05296295309634661
13844.839278278972,0.052274586889938086
13947.34791005656,0.053303882726767865
14050.012909494726,0.05333220859602214
14154.504340636628,0.053368298625326806
14257.819479080077,0.0539337214530157
14360.767483728016,0.05363235766858202
14463.82119205298,0.05149360456081292
14566.099972113776,0.05309304933647997
14668.993095829881,0.0532651967719223
14773.80088556801,0.05253733204327574
14880.919549697968,0.05322562100890474
14985.816571348863,0.051581221724902454
15090.481593406594,0.05523795612333496
15196.120255804253,0.05259076604729946
15301.813718711104,0.05476591936828714
15408.787882969915,0.05384423170387509
15517.73814461496,0.05304308271371483
15625.443842090632,0.05392412203395485
15733.053015698155,0.05381907737963889
15840.640627168032,0.05459073080113534
15948.048686030428,0.0539268387410865
16054.031765848245,0.054001360745753256
16159.328403593641,0.05294290293135969
16266.508171954401,0.05330464588281216
16371.600773587512,0.051183473682268756
16474.586408578194,0.053110710738370155
16578.703810702984,0.053041320774182284
16684.85460599334,0.053475985714057886
16791.144466073416,0.056502138174332285
16900.910975946917,0.0557568650425987
17012.786156598322,0.054631877230832675
17123.058782560245,0.053512584403843384
17235.956330678386,0.05489983262372618
17347.969109294918,0.05515972048098996
17458.68253968254,0.05650843451526785
17566.460678807947,0.05531715378305711
17674.829698569247,0.05474917526886817
17785.281867145422,0.05562697139408603
17897.258541983676,0.05378147958187416
18010.397368421054,0.05272308156967659
18123.121191135735,0.054592679334010935
18236.642443463872,0.05532052384273011
18349.42898711376,0.05304888230770848
18461.75065798587,0.053124495495470735
18574.681459975112,0.054361625639909525
18685.301565313755,0.05420566347720005
18796.14267904142,0.055373927766636605
18905.783739166323,0.05442654826334454
19016.285694521306,0.05527315015194296
19129.542229024628,0.05494140392146307
19240.597958057395,0.05494174290231955
19353.005958154357,0.056444142271494246
19466.012374535956,0.055044061757269364
19577.969503742723,0.05499261505207886
19687.62454823464,0.05591214300342184
19798.035659986177,0.05563481412098561
19907.92704454558,0.054313478141151575
20017.953278802164,0.054633673294362015
20124.66869806094,0.0537168963242619
20233.527977839334,0.05610999592808055
20342.180926053905,0.05530090603578887
20452.557620817843,0.05538444070497539
20562.187136124205,0.05424703716904256
20672.294774576036,0.05344251972711205
20781.141762985655,0.05512728907570525
20888.872757383382,0.05407440246770798
20999.753888506537,0.05463028310942717
21111.3440680329,0.05570447660048752
21221.882093663913,0.05398413565849489
21332.498265575134,0.054589276991096884
21444.107245978277,0.05343122367021097
21554.473362080957,0.05404659061943548
21664.813959917068,0.05299888653574536
21778.08736263736,0.054587374132130204
21889.88354924084,0.05363532808356863
22000.381201044387,0.05314006453625245
22110.584775086507,0.05423675349822151
22219.982558139534,0.053044054723661284
22330.283695802744,0.05487171914718993
22440.263143293105,0.05358902398037403
22552.76932633904,0.053186280769878636
22665.959017524492,0.054583193350840796
22775.669636642073,0.05563205143366721
22886.754628350373,0.05580113551331459
23000.44138311062,0.056404428224872266
23112.224965325935,0.056209364849845574
23223.127995567254,0.055652278168135894
23335.24525185797,0.05454514004088938
23447.266342141862,0.055828334921235775
23559.331634761053,0.055111261620931225
23671.29044373348,0.054038591228849575
23784.6023150062,0.054169209991760794
23899.132851584214,0.054937193345708984
24012.40079637512,0.053686482422611204
24127.19783573807,0.05352186422765391
24241.26417704011,0.05637295446651479
24354.24217234691,0.05392141599144918
24468.767780987757,0.054721067732879713
24583.30223152022,0.05600138296470782
24695.854840931002,0.05289923835226024
24809.09022972599,0.054116101449506154
24920.505196064845,0.05374250007514769
25032.32072096863,0.05358132937334565
25147.46567743725,0.05456279413793297
25264.235448275864,0.053685970490666146
25378.759444444444,0.054469390017181346
25493.930513176143,0.054552264024973256
25606.9825044772,0.053122658966391484
25720.651320337343,0.05384656492330351
25833.68951668744,0.05241191286812552
25945.8388030888,0.05388605184206453
26057.003476084537,0.05204293170394776
26168.445548654243,0.053383808462235664
26279.66453851492,0.05314444527545616
26392.422077922078,0.05344138199982881
26506.725435925822,0.052896298941327705
26620.920801658605,0.05319480767225118
26737.367789125034,0.05195841065186733
26852.05729744728,0.05423718847734133
26965.853976170685,0.05613778224227442
27081.745298672566,0.05439603849047978
27197.317337031902,0.05389404349617525
27312.51938733269,0.0558868219846528
27428.43000550055,0.05529665643305574
27543.25808241987,0.05678369814395499
27658.44373790434,0.05658936992627891
27773.510311418686,0.05510805911053771
27886.75731115731,0.056841157981166644
28068.311778290994,0.056511621126351365
28321.503301357916,0.05537601893537632
28579.521237447763,0.05592930065373113
28832.878104961714,0.05566274572991593
29088.22967074083,0.05508056140286422
29347.15754964406,0.055086818434353944
29602.72671774746,0.05471263609103934
29859.930069492268,0.05602892905810666
30115.84886399004,0.05555083323280676
30367.579177602798,0.05747923481177539
30619.854074581337,0.055989176894907754
30872.547922126545,0.05630856029016775
31125.604913637213,0.05677528724143809
31380.499469711147,0.05638666817946303
31633.36529338327,0.05644907470105564
31887.549443026946,0.055926928452823196
32138.337809981884,0.055598863129387326
32390.755737091546,0.05560879123194432
32649.728317202622,0.05662259744036785
32907.54066358987,0.05492278996281501
33164.3304857517,0.054998070378979566
33425.351941747576,0.05550180084238609
33690.03039191213,0.05513879343716879
33957.553658536584,0.055170306337691793
34221.76054057421,0.053684882427019055
34487.21042784084,0.05468809239663495
34752.48172177168,0.05448212461446424
35021.32870572122,0.055381695985797466
35287.33928237129,0.05731631010835067
35552.06263674439,0.05614900611560338
35819.15912345141,0.056217670703305564
36086.32262491423,0.05558838796210581
36352.46114021956,0.05565107121159828
36621.533511897345,0.05632172403899617
36895.646435032126,0.05619614753452749
37165.78329895619,0.05532387985070663
37436.075927308935,0.055726234258239374
37710.06221471894,0.05492387689760266
37978.965831151014,0.056223528993797185
38246.17415660401,0.05660509700763184
38512.01100619098,0.05471304600648975
38779.06303724928,0.05530868420104692
39046.124274752015,0.054750962240393816
39310.39665606089,0.05420526677216701
39577.567781800026,0.054927642656857886
39846.57005794031,0.055139202931335486
40112.13530549835,0.053409665344723155
40376.94329607194,0.05558341343257824
40640.06255835667,0.054690522242808376
40908.18533083645,0.054498040089165076
41179.81134548178,0.05501248318881388
41449.88337701235,0.05563550817828981
41715.14135441305,0.05444578916608721
41977.80301043033,0.05373036526986517
42241.562956033675,0.053308354412581305
42509.15580454404,0.05271994057695396
42776.63373072842,0.05234859348209634
43042.50028070613,0.05369867861114255
43309.24684177611,0.0531846732888541
43574.27955718639,0.05433783281897233
43840.67703648176,0.05444045240095088
44110.065568656806,0.05381004757215732
44381.03546319915,0.053826830928706035
44647.813472473914,0.053186121132195285
44916.879342547625,0.05429149376352421
45188.31109169215,0.05341937044708289
45466.58866933467,0.05286330003728721
45746.40408570005,0.05267369315082845
46026.040289836965,0.053660307574689696
46300.31741293532,0.05409302032243867
46574.35132433783,0.053904477275548555
46843.73677306515,0.053795268024695475
47116.90653972995,0.0542515769850406
47393.694625,0.05391218526604291
47671.87685312072,0.053125325997898536
47954.51927028205,0.05479274993573624
48235.09117022605,0.05422528814137243
48511.70114656032,0.05560748565407238
48787.54686231658,0.053812221277789375
49062.99555916938,0.05360790762888519
49340.10526969923,0.05294739202359473
49617.46610328639,0.053745042209056085
49898.193895312696,0.05338527635028775
50178.57282825762,0.05328993963543625
50456.71653788634,0.05381446635287313
50732.26669576604,0.05296021821843419
51013.53887432921,0.0529904592606802
51292.88215446138,0.05391544647731791
51574.30231253506,0.054852805831942325
51858.59184819924,0.05393411719501412
52146.11629500436,0.05313759569081806
52432.762907863485,0.054225431378359466
52714.71664279933,0.05327738478856303
52997.83182583744,0.05268979847381537
53279.232006985156,0.05343068385260396
53564.43161567699,0.0523102071930469
53851.77946222472,0.05331715664846856
54130.28219400838,0.05320021675683567
54408.933237750905,0.05268419573218701
54690.532701539996,0.05450774884069473
54970.240064882404,0.055541141001389314
55252.747976086685,0.05451897665478092
55536.33944267814,0.05424119188289797
55817.7199549324,0.054498632592831005
56095.05679487976,0.05431831145706446
56376.45956570573,0.05440727795740078
56663.95554860894,0.055393987324066425
56946.688098495215,0.05363397683227332
57226.33852505161,0.0538359733971913
57509.64404354588,0.052569354505625984
57789.065065065064,0.052291604559143584
58067.44344032409,0.05310037056077764
58342.4133482894,0.05210565883809629
58620.839186576006,0.05423243749061125
58897.81312313061,0.05375075194799168
59177.42765293383,0.05352866449318451
59460.35153668724,0.0531636554736226
59746.54120879121,0.0537023486264053
60029.15488299532,0.0514633728390893
60308.81988391687,0.051550827247988394
60585.96016680152,0.05205069490589633
60863.35726314476,0.052115279608400705
61147.869654656526,0.05227795341301613
61427.88157647795,0.052775687782667224
61707.16629339306,0.05184426548685686
61990.715559157215,0.05328389552969461
62272.384774048376,0.05335388444106894
62548.93664650496,0.05381956596165623
62827.88572674056,0.05387833678182408
63108.932201273565,0.0521394942305768
63387.49788241156,0.05332833118761644
63669.73167228675,0.05295277745959588
63945.538097314806,0.05452379003941434
64222.75245297169,0.054079566403131274
64504.555451771594,0.05146589475917866
64786.9126528575,0.052823800919996396
65070.02904071946,0.05331950961730242
65353.44488827862,0.05327416843625737
65642.99732187344,0.05317645703090355
65929.12532783815,0.05373288592827397
66213.42195668409,0.052906629989238514
66501.70172811778,0.052216794548313544
66788.15595297649,0.0529513320625268
67081.44263522366,0.05267466081425636
67375.57559549723,0.05260616928362267
67667.92205441838,0.053302635988895404
67957.6439176544,0.05352832107085212
68248.56077451592,0.054259082570050604
68533.44299856796,0.05273082487405965
68813.28354019835,0.0532659632765282
69094.6476968148,0.05398690470127604
69380.77888097914,0.053214500104810256
69667.59644859812,0.05304914918170778
69953.05936444389,0.052396793778892066
70240.7213716704,0.05270367976219196
70526.597429338,0.05391544137376057
70810.55868954759,0.054075554258018445
71093.4509730539,0.05479456306637548
71374.91142714571,0.05385089128834364
71658.2138090189,0.05503758879466855
71942.4264687539,0.054608855322532894
72225.56896229355,0.054224144521944455
72507.97647572694,0.05404697031500492
72794.40265016563,0.05447763009737913
73085.86267912772,0.05642057256841659
73380.23058207,0.056696010356880315
73677.51722201423,0.05399813258927822
73977.7011143622,0.054788260786989215
74275.20591908092,0.05422285199175254
74571.42935459755,0.0537335612576495
74867.97650734146,0.0548555637517345
75168.27135834734,0.05477885809529814
75467.03298762965,0.054177908100184406
75758.82732151772,0.054080250320771246
76052.23846297566,0.05394938707364917
76347.21790466672,0.053596794903120505
76642.99551318004,0.05536630582964084
76932.69014436597,0.05459738524253271
77224.4774931609,0.05149938276928261
77523.95538778312,0.0527636194477051
77825.22514200113,0.05261706974367755
78122.675604889,0.05267976188182468
78418.49737696728,0.05301013122477261
78717.78898854011,0.053584437521202524
79021.51399125546,0.056042945191417455
79328.46931903217,0.051686532198103374
79637.4361211517,0.05274529983407833
79943.25701109311,0.051836606532470825
80245.57381650346,0.05252537146705766
80548.2738988989,0.05260430415873194
80847.39568703002,0.05166588006015368
81153.3185448646,0.05295267043546898
81464.20370832813,0.052507653437396044
81771.61457292708,0.0533329456874686
82079.4468999004,0.05318672200048562
82383.7574433556,0.05182301574252238
82687.15000312246,0.050436651613711615
82994.95870445344,0.05370231481322771
83303.22404098463,0.0520176487864554
83619.66560589043,0.05151297067929042
83933.64350584723,0.052302216677705245
84241.85723215401,0.0517962513182729
84549.42906121431,0.05391549968320931
84860.10133699863,0.05434071513086703
85164.12024685202,0.0527719888479791
85468.2028307769,0.052152063190258786
85768.17897886665,0.051343160661991474
86073.93438123753,0.052681212015790096
86380.0584529008,0.05321454619077795
86684.7165163297,0.052593991850036215
86992.27284105131,0.05206972568587646
87300.67048353974,0.053837178657852085
87609.03911033363,0.05444039256369064
87920.91792670026,0.05304400490179918
88235.63570581998,0.052462688587423645
88546.6756706059,0.05261033143433639
88850.38213152492,0.05229306477638343
89155.89217891055,0.052269074957891716
89468.60417185554,0.050381110398378295
89778.48350547731,0.050288851438047275
90090.8163265306,0.05196793850655826
90405.64404984424,0.05440934048496138
90717.64171924783,0.052116766961835155
91029.27096975366,0.051683318081510575
91341.93054862843,0.0521245490913329
91651.10724746059,0.05409022958202598
91960.54342664334,0.05309957783602844
92270.35311702061,0.05357506992607492
92580.5382066033,0.05203418283856024
92897.31892799403,0.05277086122923319
93211.80894029383,0.052993322167364
93523.81056636726,0.05208518913719045
93835.08354145855,0.053729168747241686
94148.4322155167,0.05308272551914845
94458.0496068888,0.05166803579877582
94769.72779441118,0.05125667462227167
95081.62850015592,0.05311016603671951
95397.04576345159,0.053147336676680146
95715.36487835308,0.052903066125954204
96034.39368947204,0.05301645623920682
96350.50931406143,0.0532385450411225
96672.19547325103,0.053107299303531745
96993.08090756093,0.052673905947653366
97314.8170061227,0.05281824624450611
97634.31088244465,0.05491556037687876
97953.91220423412,0.05210735137707085
98279.01306168364,0.054038268826943625
98610.39152647975,0.0548356610058851
98940.53408099689,0.05340894992695612
99273.7212428107,0.05428880654313583
99613.32451983038,0.05529250185380417
99946.97975708502,0.05425577746333395
100277.77958699857,0.055924488766420546
100608.42121684867,0.054344922896792325
100939.86751338563,0.052816226970046155
101263.41925193895,0.05338835763927796
101582.0456640917,0.05455894681648988
101904.57719626169,0.05405637514077597
102229.617332583,0.05568363573553595
102555.48027134678,0.054146099370460235
102882.04612695836,0.054240694037297976
103212.29726360406,0.05375762893911911
103545.07073413934,0.05501283340081329
103873.32093835788,0.05483155342310376
104197.73861509669,0.054333219719377684
104518.79534941868,0.05451400854792871
104839.75550852732,0.05310280433540379
105158.78078433817,0.05486832617586386
105480.54285356539,0.05404424749620929
105803.65668762059,0.051961977315004786
106124.95491063088,0.05479088023128646
106448.29617595601,0.05428838115482877
106773.02699837885,0.05420900154491743
107102.13776337115,0.05346216474200328
107438.73272148342,0.05326686825527378
107767.099357575,0.05532062286028589
108090.352600436,0.05460264242015309
108415.08355744575,0.05387574481399695
108734.64901692384,0.053685436075771316
109055.58638122582,0.054706608306734364
109382.80454970396,0.05403329181874162
109712.08783194116,0.05365996338777984
110041.01249687579,0.05199946708115741
110369.20524017468,0.05375140022296514
110696.41474195356,0.051712481894649685
111023.10848791456,0.05208900620971916
111349.13424914143,0.052038978775776124
111681.89258566978,0.05368001534507025
112009.8841501434,0.053582638023019435
112344.14897730107,0.053618899562303944
112680.38199513382,0.05331209828920413
113011.30931118467,0.0527574535407267
113342.17221391175,0.05432739106117436
113678.70092120006,0.052096419311275524
114014.55854450131,0.05254442347889981
114352.0520332313,0.0515396847973642
114684.91572718779,0.052422928572234524
115014.55254597773,0.05436975429968186
115335.12923900192,0.05353771376082949
115664.91539372779,0.051866558321637016
115997.00904271906,0.0511446422746745
116324.35286783043,0.051589485656055416
116650.9970637846,0.05218745623346257
116981.8428669453,0.05199831096651541
117315.0816351966,0.051811144069076
117647.82341578914,0.051976691321781274
117981.49068633579,0.05206056237608273
118322.40715311155,0.05211651006057242
118658.50659942722,0.05241794372627534
118991.10524674028,0.05306292513532419
119323.85848703889,0.05243034820702439
119665.99162709323,0.05228203493645575
120012.8112044818,0.05133857245702503
120353.2494540463,0.05231495725354553
120697.85528699019,0.05236542894372666
121041.3596163428,0.05339396099542543
121388.3616821846,0.05215026510392848
121730.91737749829,0.052178948906855094
122069.52001748797,0.0513655758206054
122411.4420881931,0.05247509014082219
122759.71077057248,0.051879770298318646
123106.26545250422,0.051056654277837545
123452.20799750078,0.05169359471713933
123793.64148240423,0.052550935719537124
124138.27719802537,0.05268312283823208
124484.92721046077,0.05178363938103474
124835.89818045862,0.050913831790544234
125185.15526825307,0.05248948049718153
125538.21194701325,0.05225528782133637
125888.17880052314,0.052809143466763714
126238.90493111403,0.05194969272258278
126588.11113886113,0.05352171489567715
126933.30293017457,0.05084786889600469
127285.24273418984,0.05163560943321172
127631.78596775197,0.0524904083309364
127980.78325215436,0.05227807196149274
128334.35371942086,0.05216744908803989
128694.45089980697,0.05378161482702567
129052.58187609293,0.05342403243148945
129408.91659919028,0.053296604258714526
129773.7929097491,0.05231996862426798
130134.83947072775,0.053097076930164334
130497.07886376379,0.052893229261587786
130860.33091727068,0.05219700298034435
131223.980897684,0.0530335032952548
131581.5724687286,0.05190440344267017
131944.8914835165,0.053160978529554495
132307.105558325,0.05269406369391992
132658.94547955482,0.05304595582602283
133011.6495519044,0.05290593109240191
133369.21130190446,0.053619511065563154
133730.4658892492,0.05141658752189179
134081.6247582205,0.052360247412807606
134433.2730051781,0.053400738699890954
134793.66396508727,0.05229611203524898
135150.05684223634,0.0532553854258644
135503.29955644405,0.052905973673454294
135853.4166562695,0.05199627273071526
136210.48428143712,0.05239598309532753
136561.0313727936,0.05245544852104643
136915.43394581127,0.0524698863783887
137273.19502462746,0.052823422809048934
137629.0144846101,0.05173410736266948
137990.11648969393,0.05342705630554144
138346.52695879823,0.05267882515223464
138696.44033152613,0.05286919610146848
139046.5122605603,0.05292151883160976
139396.66147423515,0.05159543934909092
139758.42950758286,0.05329117808589967
140122.62917004427,0.05248729273977672
140488.87139287946,0.05368337453548238
140850.3712843522,0.05312956114464582
141208.68850925867,0.05159688542240341
141566.13362015213,0.05313781995590703
141923.6312999002,0.052392307012831534
142286.97568901943,0.051688608348289145
142655.66455065968,0.05221554894579659
143018.81575492342,0.052903044428486555
143382.9920970753,0.05185208361998181
143746.9563586345,0.05259478663845293
144110.18839947667,0.05275098848381387
144474.33646897582,0.05168507789399548
144838.92122347065,0.05053558082041133
145207.32190927217,0.05166351776292285
145577.2173804314,0.05270490511971963
145947.40622665006,0.051457967014188304
146317.2988219161,0.05141835462503744
146682.72565431945,0.05253739685984195
147046.93517998626,0.0522914998159774
147407.10504332648,0.05250344848431862
147765.58307855495,0.051826655839645866
148126.5288209607,0.05230634293618699
148483.7232343399,0.052216226949877466
148839.83906542056,0.05223527271165173
149203.53266363012,0.05169125778285586
149571.3849416755,0.053500643762578216
149933.4055944056,0.05382683720530272
150292.7871321013,0.053864098647301906
150657.37981788698,0.0522844669483048
151024.9986870897,0.05235043362040381
151385.21709625202,0.05340820516728107
151750.41870324188,0.05367909033591191
152121.70653191092,0.05157218941798914
152498.53123441397,0.05236756368645735
152866.95218724577,0.0533439071163051
153232.1356586733,0.05190052565853796
153600.43406696178,0.05276924467001044
153971.15548761465,0.051934072603816016
154337.756558041,0.05116977412043249
154711.13572007735,0.05135311925106877
155072.7507166895,0.05183208571902718
155431.98839241138,0.05300521925481937
155787.57952627962,0.051850996548759916
156148.9695516812,0.05294521858297772
156512.57625953245,0.053437606946824534
156880.87390193756,0.052207658118927046
157251.02349934552,0.051359097630082534
157620.03080568722,0.050687770904288734
157986.40824600798,0.050752142006769835
158351.01968847352,0.04996083311194087
158712.725875,0.04902406741133523
159076.2122288706,0.05101251992839649
159443.97968973895,0.05130765633818114
159805.88970083068,0.050827967039457536
160172.35785015882,0.051606710140042686
160542.76552843497,0.051830054569444665
160914.0031823287,0.05097749931799825
161280.59398402396,0.050899585187199274
161649.9299906571,0.051348006307324355
162025.07789855072,0.05027271726261055
162403.6973266031,0.052870574972616595
162776.34005871697,0.0501435214696151
163148.32190286176,0.051064558886145084
163517.5130169407,0.05124199573537627
163883.33406168062,0.05118964118593895
164259.97459210362,0.05156173481564143
164633.63573968929,0.050806382290160705
165005.87201748908,0.05171376246139024
165383.92427547523,0.05087831801550543
165760.10353645607,0.052553097565544445
166134.4509179468,0.0531097065416755
166512.78531847332,0.05156017918152645
166895.93697793293,0.051459922709978845
167274.8622477666,0.051700678599933256
167661.8916422196,0.05233368326682569
168054.68179551122,0.05145726820481901
168448.02474908048,0.05264832986074208
168842.5254353661,0.05346952843476956
169226.37936408978,0.05217501174520274
169609.36416905624,0.05259375959958099
169988.8677680798,0.05102441541806235
170367.1295718387,0.05373622534802134
170753.38691588785,0.05140736285340544
171144.45131472114,0.051773798813713606
171529.98598305508,0.053092092006221565
171912.5519630485,0.052463368233279246
172290.3940809969,0.05234097010091487
172668.89740064985,0.053129147401219184
173057.4449644328,0.05194993927981967
173442.52044817928,0.051635301372754065
173829.98402795108,0.05194393588902609
174220.7754681648,0.05025366898196141
174607.3823290665,0.04968102871470709
174998.30503301357,0.05133413586147595
175397.83458037162,0.05177954554866438
175798.54937578028,0.050663870123813876
176204.13923892702,0.051053219473643066
176602.83237643534,0.0511447178124933
177003.09818815766,0.05339436828348346
177398.58352059926,0.05116590036718736
177799.48655897213,0.051859204276276445
178203.48233974958,0.05057667501613346
178607.86339241138,0.05058579183585095
179007.21506986028,0.052200682549366335
179403.2113344152,0.05166234923460186
179800.32707189216,0.05191176535359137
180189.9566165929,0.050330628351053834
180579.92320638284,0.050742987355441124
180975.3667082294,0.04927906861849015
181369.01646501184,0.049715327275900785
181760.81443363274,0.050409679380017565
182153.73814587764,0.050235992000685084
182545.27245583478,0.049664525891576
182933.76584331336,0.05002983782697678
183321.9589109529,0.05039946891441764
183712.1896991966,0.050273393038598346
184112.95824491326,0.051551554280414455
184515.87148920234,0.051368620291138506
184921.25744362775,0.051091360352908115
185321.99962549153,0.05171645877905527
185719.40847003055,0.05038816671966343
186115.3522252044,0.05116647255445503
186508.7735484675,0.050587341785108625
186902.11938246142,0.051430727520776105
187298.54906236372,0.05064577257790648
187691.10681548918,0.05102516182144084
188083.4048049922,0.05103475521518859
188470.8194349155,0.05125573316717019
188871.08642206414,0.05139540572407566
