D,r2
178.73369418132611,0.6788800896163835
241.25887924230466,0.6572402959304524
307.7311813373118,0.646463415783513
376.4626885245902,0.6367441708297221
448.47363490364023,0.6328494862228652
520.2802624531333,0.6202154628157115
594.1439524124256,0.605500436670533
670.3258743132789,0.5960497268031502
749.7115154735025,0.5965634861718117
830.8317160707164,0.5760262045331364
913.3345754591429,0.5748376829795212
997.9067039850727,0.563483378118182
1084.1253851306094,0.5646320112897726
1170.9561099252935,0.5545775572326613
1259.5950226244345,0.5379354434058224
1349.4798991641237,0.5342045918081834
1440.476114224713,0.5211545657234178
1533.0150325927896,0.5174801921609885
1626.4537668941523,0.5183906009041912
1720.206647977573,0.5118728864353245
1815.5989361702127,0.5141475100494372
1915.1590002658868,0.507962728124201
2015.8590326028861,0.5048167117592363
2117.7598614072494,0.49621458357567544
2217.8316051430943,0.4860119916581334
2314.066139767055,0.49552174661243037
2413.1885753613215,0.47566353508261605
2514.7326210628557,0.4703533121268077
2616.8096823415176,0.471011954106867
2718.936540854417,0.46853705719361277
2824.264880541362,0.46109803773526825
2930.3585426442173,0.4483007589788526
3037.200498822225,0.44920356608144757
3144.1135135135137,0.4495650831419822
3253.7453296703297,0.44100117170167213
3363.24003900808,0.4384448217671589
3474.3410220994474,0.42962232330916744
3587.9860862377736,0.4278610795592865
3703.085441725425,0.4255336766512952
3817.445429362881,0.4274715983423584
3934.6112947658403,0.4187485951576726
4051.382866648184,0.41655000327997
4170.701195773081,0.41082271730073183
4291.673396511468,0.4068496927358628
4412.872134769401,0.41106490740637036
4532.457222222222,0.3951889768950097
4650.664312422102,0.41003938354705166
4771.290545203588,0.40530887772123453
4894.1498339789705,0.40057077221741993
5015.446087918164,0.3920465791891662
5136.678783690394,0.3915737383605443
5263.656996822766,0.3965626804010934
5389.567620105527,0.3994524761112398
5515.7092316196795,0.39054447840474776
5640.549453589708,0.39266849834472406
5765.131801190641,0.3884445676506579
5890.055746730902,0.38233590547067364
6015.834117321528,0.3880548082641297
6144.065754938528,0.38655779203280344
6272.673066298343,0.38679626608726614
6399.460720695844,0.38681316828587414
6526.350571508224,0.38893632415246837
6653.732442853208,0.3877661288340029
6784.3779342723,0.3888354335935731
6911.522601220188,0.3887996106149193
7043.09790597698,0.39562828676883277
7175.359675645959,0.38873966783668007
7309.014553014553,0.38439587210297477
7440.986450988525,0.37609556921528725
7574.845375121343,0.3737717881766121
7709.803190757805,0.37096890629197277
7840.2125885785745,0.37299922787473183
7972.232302405499,0.3645299881365769
8103.579284421551,0.3651453028904409
8235.21389195149,0.3788291095031462
8366.46661136458,0.3619106863594381
8498.516383243468,0.36274749324769456
8631.867449896337,0.36561685535929833
8764.221975582686,0.3661607811096268
8897.943876140447,0.3566504796552659
9030.458136955918,0.36250888261092856
9164.589972527472,0.3689115727448011
9297.286112660346,0.36473880580127016
9428.09154447033,0.35792046642025277
9564.838548185231,0.3632147154832161
9698.143506404076,0.3586862562764622
9831.062767869487,0.3568170656462493
9963.484915582618,0.3500561582659919
10098.339473684211,0.3543240847823303
10233.33025372311,0.3581460198477837
10368.02079002079,0.35755357693953
10504.468892261002,0.35576544065347965
10641.260216847373,0.3514606331469913
10779.991200329987,0.3561278378291905
10919.143647938,0.3526643675843982
11059.694329183956,0.3489045095420814
11201.265438936583,0.35200905943437366
11340.051623646961,0.3456860801306972
11480.210338190816,0.34373594606583996
11616.837160751566,0.3465307812678776
11755.03117671403,0.3451847056633716
11893.37479338843,0.3489503879474188
12033.953135864274,0.3479695687574378
12174.610220994475,0.3563091283169175
12315.345808589973,0.3453527955728234
12458.349909959828,0.34187819989348694
12598.863674147964,0.33647825346665255
12738.737362637363,0.34959569060705703
12879.90266592613,0.3431459658782478
13021.686798725585,0.34445913129176625
13166.022145804676,0.3487404854085427
13311.26850951521,0.3500946910592862
13454.804021484644,0.3503291869664979
13595.443461432125,0.34110360214103036
13736.335234385868,0.3388377595641587
13876.856965859031,0.33603677482889194
14017.657964171643,0.33968000306437307
14157.619224934491,0.33518852017289547
14299.585767686556,0.3283144774463823
14440.710281670597,0.3303682344899298
14581.248966657482,0.3300320653859101
14720.35619652222,0.3369806440187515
14862.166413058514,0.3282236926861439
15006.01709282935,0.3347367359943641
15148.716247768163,0.33926823243982057
15288.912525951557,0.3364510416023728
15430.505683393401,0.33417035820858626
15575.394019105635,0.32765185040405037
15719.909140969163,0.33087662356774933
15862.015780730897,0.3284318236052728
16004.225283854888,0.3263157885404284
16143.781583691582,0.32453849218895703
16281.218040951853,0.3218602226269986
16419.75247388675,0.32300896537023416
16559.43360621618,0.31692033401069997
16697.551068228808,0.3137067786192803
16835.571131735698,0.31014503052918796
16972.87924110234,0.3163032265257868
17110.248232848233,0.3147793353042017
17250.352163130337,0.3125379029884459
17393.074624791552,0.3202029211699795
17535.54762886598,0.31877574146482807
17680.572514862437,0.31873597691239897
17821.833171812268,0.3174262280949373
17964.010555555556,0.33193185488989774
18103.82779080999,0.32648028065328266
18245.36066258352,0.3333502428100304
18385.82856356632,0.3269536358879886
18525.127960116326,0.3325136163206813
18662.361740331493,0.329727777408938
18803.04011579818,0.32833199659163
18942.328314917126,0.3325243063347933
19083.026847495155,0.3318833433104498
19223.063098044655,0.33136715747813245
19363.9565337763,0.3323334544461629
19504.491525423728,0.3272911145459805
19643.869890536233,0.33041608250748206
19783.13424204874,0.3268077886419033
19923.542865082673,0.3261900036288624
20063.601019143367,0.3243939202112101
20202.06265560166,0.32310306523483245
20339.797304806892,0.3170614051916308
20477.515719801435,0.3252152009630484
20616.608665559248,0.3228615833393723
20756.323914541696,0.32074966802193455
20894.873975267474,0.31350002623878775
21034.261121057705,0.31397359756333715
21176.59955506118,0.3156030665821486
21316.61359250069,0.31462103488417464
21459.586917438806,0.31593956495776787
21601.715176715177,0.31423524779177
21742.64759535655,0.3246947110719344
21885.594744121714,0.32251282744969184
22031.491846323937,0.31601903699049466
22174.11982269012,0.31488924624661496
22313.84155951887,0.31047498735716667
22452.572902338376,0.3086664005186137
22593.04452767374,0.30751748375401766
22728.596946564885,0.31455646399975024
22866.25806451613,0.3148163533348889
23008.782168607875,0.3137231158727074
23150.28410981697,0.31571819027622444
23293.282951091463,0.31650466048511866
23434.18439911797,0.31909220292582136
23577.24020561267,0.3136467454785968
23720.97760884589,0.31500544377592615
23863.270761603086,0.3184082780870927
24002.81809352019,0.3201029072820732
24147.70886774238,0.31436584757269787
24289.871577484366,0.3240968166452288
24428.232420531167,0.3199043428390228
24571.442969722106,0.31841812415909776
24712.914340978172,0.31698130140902586
24853.0281124498,0.32425001416633353
24994.05612385955,0.3160888298932547
25134.575590225046,0.3138222020108884
25280.14950166113,0.3177674797724058
25425.103324099724,0.3121618615970128
25568.341460036016,0.318128889725631
25709.879148230088,0.3222820255233594
25853.063553467808,0.3249954931229113
25996.245454545453,0.31902707437026456
26141.043532684285,0.320440001144323
26280.21743321399,0.31201011316025296
26419.506579858706,0.3138493304350299
26560.030256766135,0.32057433556206144
26701.415677615238,0.3169495629189653
26840.893167701863,0.3157072471701415
26983.15746392897,0.31594767338835067
27130.07446366782,0.31971791058052895
27274.0654154016,0.326947990907763
27418.264345672218,0.3238365620156322
27560.746007498958,0.3298153996795016
27703.98702732542,0.31948380896485334
27846.511802277146,0.32502247710169935
27991.30424593328,0.32040363783549924
28139.186149584486,0.30865218530757776
28287.927109266944,0.3122723738553207
28438.255554022355,0.30849560429818124
28588.86930638239,0.30480133508690666
28738.11343200996,0.3081245598828213
28887.669845218352,0.3073122175039086
29039.884881149806,0.3027440612519557
29190.64990302023,0.2988513942066488
29341.997516213607,0.3016823734017948
29497.91319348606,0.30190838750430954
29645.727335832293,0.3113633120584898
29793.49696635411,0.3001559005374018
29942.902357836338,0.29941643281576374
30088.15721613753,0.3002469869550146
30233.45158184319,0.29752395527993547
30384.968245202264,0.2975976739156621
30536.65631498683,0.30097526791631923
30687.365039977944,0.29351522551885334
30835.02601196272,0.2998031292839836
30982.802178108628,0.3049768838033746
31130.541856925418,0.29418814393430726
31280.81178418656,0.30525059035167246
31433.07460624482,0.30947913506989766
31586.417807272224,0.31416737332758954
31741.615266963294,0.30791864389967083
31896.576350606396,0.3030825192343955
32050.949494949495,0.306302492962079
32203.124272651705,0.3132029702255881
32352.50242617496,0.30830618549204114
32502.767072159248,0.3119439848282807
32655.067784958064,0.31549607323145346
32806.834208344844,0.3060427889159815
32956.582185107865,0.31245783992143666
33108.18843386829,0.3092979555932232
33261.75827496223,0.31095539298593594
33415.703930009724,0.30920356076250644
33569.97225289895,0.30989554602972724
33724.287531103124,0.3125864270491713
33879.10634766975,0.3117377033487145
34032.500276014354,0.304785863169484
34185.136042157814,0.3108839707777937
34336.507943086064,0.3042498609361898
34488.72874549986,0.3034648334405837
34641.68473314025,0.3082991116423763
34794.25086385626,0.29635997705057265
34945.1204384626,0.2931316263792778
35095.763671604596,0.2972799494940809
35251.24899930987,0.3040050779714209
35410.19033816425,0.29949905931572673
35570.64331298557,0.2946707054199613
35732.77330567082,0.2965384861463
35893.03062913907,0.29869385534829523
36053.85995562951,0.30119311547632005
36215.5457430661,0.3017728883483228
36376.31413178616,0.2987432475943102
36534.274012474016,0.30050751452620594
36689.08362176381,0.30171061133811217
36938.32021667393,0.3071710821282193
37280.49157934132,0.3080573502415391
37619.92864283929,0.31149766892453506
37960.469875023315,0.3199934735913156
38305.223386342375,0.31331397338280215
38653.42776805798,0.31822552840880386
39005.37902472442,0.31634811437921656
39357.82879910353,0.3167254648503303
39712.99443645684,0.3091996149561551
40070.22759007605,0.3033651100005452
40424.50218177285,0.30060290159181663
40776.51290201944,0.3008273575821814
41137.92334538203,0.30687720442727084
41505.556303358884,0.31311313330475515
41880.23848407405,0.31303255510411404
42254.64016997875,0.3138250605735177
42622.6938177739,0.3159188758215665
42995.469357249625,0.3110583716571608
43368.34228731692,0.3125985112539709
43734.03933566433,0.305892177798558
44098.119867921,0.3077991044353873
44467.13585093787,0.3003099602056815
44828.42819696686,0.3035880704938796
45175.828063610854,0.30546027816022564
45529.4406769077,0.30771745358901065
45890.9202213655,0.3163027978180544
46251.748955279734,0.31501566694080113
46614.83749220212,0.31810573323407093
46978.50959740745,0.3172261798537295
47345.090681988506,0.32093256612537885
47707.45592913729,0.3175134230362093
48074.0444015444,0.32888360499433983
48452.76319730438,0.3164377536800712
48823.33239770459,0.30939577730020545
49191.93051830599,0.30305853853352677
49556.00742172883,0.3014460016061621
49920.743172465394,0.3036384441942178
50291.87721376902,0.2999804811188322
50661.83805364941,0.30267650762026876
51028.68639273948,0.2988790114480735
51399.72067352666,0.3030227700828064
51768.978134566125,0.3022780252683037
52143.34674055165,0.30412890445756935
52521.620696107784,0.3056826070644785
52895.514417675695,0.3062386963212088
53269.27361076501,0.30668331836118534
53638.22622091935,0.30307729012223483
54004.22557516055,0.30305875749991745
54362.945844771646,0.29829850301688565
54709.7630644659,0.30101543144492665
55067.653136301284,0.29852712992975394
55428.47292914172,0.3018197220926196
55782.2456743082,0.3069592012499876
56135.20708955224,0.313629548101621
56493.83690290353,0.3196361432438308
56847.267742538475,0.3189389689895073
57189.64640987285,0.31510313357240965
57522.13535101404,0.31125459444293374
57855.11324879755,0.3142476265030984
58195.34806939004,0.3060575278170203
58539.60662177329,0.3046573288902743
58884.16908784837,0.30897714170363116
59229.858302629116,0.3081282996268791
59583.56622599152,0.3066013295502735
59939.044574487954,0.30162829303802124
60294.250280653614,0.3007008785233901
60654.640526545634,0.29782475995093655
61015.06835205993,0.2977987450552442
61382.7225303833,0.3047693228189475
61754.15403773115,0.30363374676932314
62118.01533857089,0.3054965545078425
62479.46083754603,0.3068396844769493
62850.02716033966,0.3178327450099543
63223.17629860031,0.31895033333184425
63598.86831763458,0.3161264211929325
63966.65152838428,0.32182950018596
64330.02240948814,0.32041070825067913
64691.95339273475,0.3111424924263003
65056.461053157596,0.3197542118979205
65421.57347625576,0.3079250418564094
65791.97851538174,0.31108899201720897
66166.58701347305,0.3112236190302363
66540.90172005484,0.3070671737386662
66906.05582236637,0.30336887799057294
67269.54623106179,0.2947580447690108
67638.96544424382,0.29799121208708956
68009.15271182204,0.29936604502711645
68384.15182854651,0.30675079541212497
68767.12577165305,0.2988596886088962
69151.41426432048,0.30791151522148197
69523.732780652,0.31064767987780356
69894.75099725754,0.31037722461585604
70275.95472943521,0.30438447449118466
70666.59977536503,0.3015724696019577
71058.36945935822,0.3023183752099863
71441.79605058244,0.30406183110180884
71825.63828325107,0.30672339252654407
72211.96438577921,0.29669582428727354
72596.60366195429,0.29654361962320464
72985.4578125,0.30085919958012564
73379.11782307836,0.3043333060295617
73769.0416225969,0.3037889049427753
74150.51975778762,0.30255129765141875
74522.87199800387,0.3049319604609743
74887.54249750747,0.30242195883456047
75239.40595416044,0.3027608046439157
75586.54259698141,0.2967601626170674
75930.37003306094,0.2984774330399201
76277.75153029356,0.3037000551971386
76625.40410575428,0.29732449953874657
76959.84114192904,0.2975638364406864
77290.51714908186,0.2895437471381468
77612.95551257253,0.29120184591467796
77936.9455667789,0.29458542997921455
78266.58193500094,0.2916570746960404
78599.5533811156,0.2863713742136385
78938.01780026231,0.287049272428389
79280.7105754858,0.2887251127895008
79628.26590639995,0.28769163176756135
79969.9997503277,0.2881459757109468
80311.37959845367,0.29035077582792457
80655.43848501837,0.2884321145047157
81009.91064520154,0.2959257752507786
81361.64055586714,0.29272021075633964
81713.945302766,0.30065873221758915
82064.18374227383,0.3037846497013693
82418.3058243336,0.3114587821843529
82789.16121000871,0.3103137675986965
83169.32659554557,0.30974262238541256
83538.52173099708,0.3080296986178216
83903.18942319672,0.31053770819181936
84276.98659768108,0.310543550974198
84644.1064612698,0.31701333634787804
85006.88565722133,0.3183463252638484
85361.0293476229,0.3187205022963692
85718.85013097168,0.3188622166262141
86072.94131235562,0.319453504052334
86420.80290469364,0.3132769904480284
86768.09244377998,0.3091828614639649
87113.28869771211,0.3118752741371419
87464.96016732222,0.31075519830348897
87820.15497878712,0.3157175436728129
88181.40588821113,0.3192208641209496
88549.43112276758,0.3179690133682241
88917.26402043868,0.32363350318181155
89282.80937850293,0.3228160451139538
89639.85030314395,0.32092294687703815
89986.318147825,0.31792676947619014
90339.41369196205,0.31610729590269565
90698.43774900398,0.30861677423205164
91068.35137323286,0.30477001036373386
91435.79217939908,0.3102159814132732
91797.56255850234,0.30592218505728375
92151.30088440458,0.31098102881330747
92506.18671319955,0.3076785984159795
92860.10749002991,0.31197232390664326
93213.68204488778,0.31429754011556127
93570.04497189257,0.3046322440491902
93929.18829468961,0.3065545583433854
94291.96345722125,0.30952027666604104
94655.85659011482,0.3078897520017508
95019.62848586937,0.30727218961433095
95386.69400847035,0.3088705866994033
95757.83967611336,0.3174002540055727
96130.50608424337,0.3181604768831355
96499.4314226907,0.31373561544265294
96874.77379912663,0.31451666927231015
97248.58925012457,0.3132773519184755
97626.5861682243,0.314245531139326
98000.26338450018,0.3172278137498258
98368.07246105919,0.3171755923664923
98732.71643280324,0.32784393459329675
99092.26015498063,0.3292919150809142
99449.97692691445,0.3304424865786075
99810.43797027548,0.32673944922667386
100172.39110084873,0.32474195869266487
100532.60205992509,0.3218943429798995
100893.07543170625,0.31845817760659806
101250.34109204369,0.3210963127753901
101613.25260205672,0.3195109628366252
101983.82553934406,0.3218092135228172
102352.24641387053,0.3205506015376387
102716.27735590689,0.3151702783516206
103072.8629606496,0.311342326100283
103435.62085484975,0.311877211435193
103795.25343063872,0.30680570717778327
104157.23357892108,0.30606407411868003
104515.12792725461,0.30020513624243733
104880.28611491961,0.2949051993201422
105245.84668706676,0.29662689529630726
105622.75698897951,0.2907968011748096
105999.99412830283,0.2961413933215549
106371.35795171728,0.29375302972244705
106745.19393674756,0.2995632418705256
107118.52868110605,0.30435932198437793
107496.00617437945,0.3135141033815842
107874.34605312384,0.3230141217191928
108254.07112136134,0.3159878933073289
108642.87199302006,0.31599459197228613
109029.6000873308,0.30935188657142343
109419.43549292261,0.3129047413946167
109802.04391217565,0.3116626483085372
110185.72813960735,0.3035291944867275
110567.99968794857,0.30091000544422886
110953.83388393692,0.3032350254095962
111341.05622464899,0.3017521199783074
111725.10219568327,0.30475793278787927
112094.49245541838,0.3069853812135212
112453.77343994004,0.3108651647777657
112801.94778490871,0.31708918543694103
113152.77741070872,0.32084513516191543
113511.00118646184,0.3242251441262269
113873.40290596159,0.32597144351285146
114229.74578704282,0.32861624055308597
114583.33356160119,0.32578340419236196
114940.5057055559,0.325819823259023
115301.05314911625,0.3309425568518371
115663.12308749142,0.3272642912903052
116025.27208172418,0.33046057338030965
116390.98421413865,0.32766189447531113
116750.62454783585,0.32564386806272083
117114.14392616613,0.3199643022429431
117474.29276049136,0.3173823148736558
117837.6562422128,0.31823696244616095
118197.48449104412,0.31002986318732745
118557.12451604845,0.31765930560445127
118917.68943828621,0.3151215775548354
119276.4538768387,0.31145634664148963
119635.84242008848,0.2989046813805157
119994.89699544007,0.3024380544716917
120359.32587421306,0.30628730595341636
120733.39428464699,0.3080174399960462
121102.83521627863,0.3118342931632873
121469.12038653367,0.31423570092504577
121842.87198007472,0.31537750022574523
122213.33447845097,0.3184212194598299
122582.45928277924,0.31660218834263204
122960.1590653505,0.3189792886608289
123338.19580114627,0.3231759951993785
123717.88219503059,0.3271072344280284
124086.87290615855,0.32444656531153526
124456.08893046461,0.32569166720678133
124833.43276314146,0.3218821802398195
125212.33159138983,0.31946949225620663
125596.32954970688,0.30897358220423427
125986.2156948433,0.3046542370805759
126372.51862017342,0.3051859257977527
126762.61133250312,0.3026997744470432
127147.6752323333,0.3023121218929916
127530.69299943796,0.30543565880291124
127910.73079558906,0.29699028090242335
128292.00299270528,0.2963382801451515
128676.83426721454,0.3029777354657092
129060.1040444389,0.2988754897244529
129441.84628336244,0.29248838565004165
129824.41794392523,0.29275209205152947
130207.1278134547,0.2864624605177981
130582.09838518611,0.27945116251916613
130956.83892491893,0.2853069000649255
131327.5480529206,0.28405357840432405
131699.3380729654,0.29180351024937107
132072.30159225725,0.29370384625712065
132451.5589679826,0.29528338307781327
132824.24700374532,0.2954325264660933
133198.93272228457,0.3016348841609973
133578.92461903574,0.3024084589347541
133960.62956045324,0.302400189698847
134332.07365333,0.31348415708905647
134698.10034235916,0.3140736576882138
135069.13787717873,0.31351461962444377
135437.79126213593,0.3121726316915794
135801.40650406503,0.30627323153492436
136170.3949496206,0.2959206643871491
136546.44834684965,0.2913520251470583
136924.00399425827,0.29641789010920927
137300.76863673163,0.30054981044176643
137676.31945656237,0.2999224901199568
138051.35501962985,0.29788481735637495
138424.798799925,0.29487966577602426
138799.83091667184,0.2966723364369571
139171.49568965516,0.30283002680307564
139551.12878740745,0.30931715031285284
139937.00643388095,0.31242964704839293
140316.45776753456,0.3076470458383385
140696.3446405188,0.3053839893989149
141076.03388667,0.3085701807592215
141449.81663339157,0.30415087260562507
141825.2599003736,0.3088107767422418
142202.64853582554,0.3068011437502568
142587.76701391055,0.30994385871390073
142978.99206497968,0.3091052801316936
143373.16559795805,0.30876368422631145
143772.6564856947,0.3015927688118325
144170.63925233646,0.29551116567396923
144561.81250780178,0.29067637160714516
144958.84676765787,0.28740278065127217
145357.69374375624,0.2916213116468726
145751.48195474662,0.2901519757759169
146145.47831505485,0.28956089294411685
146526.65195129567,0.2951907346177746
146910.08766132552,0.29460886836940264
147289.4779278999,0.2832762009213643
147673.93014407784,0.29102753418913385
148059.210401744,0.2927546305129091
148448.67533520423,0.29505755087975205
148831.17059925094,0.29582628417426193
149209.39755580496,0.2957289778165427
149586.21908677506,0.2900142758424237
149954.30758672324,0.2856776556320884
150312.21050987253,0.29354783652228256
150668.97177218346,0.28512488812048475
151025.80875031117,0.2812671457495017
151387.71858042787,0.27926123874384096
151760.11025145068,0.2775570015444538
152133.49161941555,0.2714789409575542
152514.11229011923,0.26631961104189644
152899.67295714997,0.26534127270056934
153292.2190713618,0.2637997058479691
153687.11005112858,0.2660748041274384
154090.25759560795,0.2758321399621969
154487.71282371294,0.2737517834867421
154876.19494855005,0.28009102787239365
155264.04739070867,0.2874973551849338
155648.33718028697,0.2906284726187009
156029.55014666417,0.2931811584752251
156412.21575833074,0.29338476517698997
156793.323261331,0.29461715250125003
157178.08415872423,0.29700579913506375
157560.30944808232,0.2927709066151245
157938.09760359462,0.29184759418273815
158329.28887503894,0.2911444604425059
158714.22096281996,0.2871794880071488
159087.30326487296,0.29403161335744166
159466.8850302388,0.2957990248355319
159856.4575975039,0.2986911282288962
160249.4582813669,0.29855411652121416
160649.47130229083,0.29759904510525864
161042.4212036171,0.2945786464287264
161422.00573709153,0.2955545538716818
161807.93265867067,0.3068983737029069
162184.92719472767,0.3088470095190192
162563.328362865,0.30712277674609845
162938.34317941047,0.29746794358968387
163314.7173343317,0.2928798642291637
163687.25056179776,0.29518516372432724
164065.08593701277,0.2919927834417737
164440.6844139651,0.29832081513159453
164814.6333790182,0.29264983613781514
165185.7203717565,0.29342367563792016
165562.74875467,0.29720413924977307
165942.685530667,0.29934224431820483
166318.5937558539,0.29362449333248
166695.9287094161,0.29503890946018696
167068.9927608587,0.28749630787801855
167437.74165783072,0.2919174497746159
167810.45915002178,0.29328828948366853
168185.9445312012,0.292806321567781
168557.79372896146,0.2950611640922967
168931.0804038893,0.29273763701227684
169311.30156454528,0.2922389866572201
169696.66321243523,0.2961865026022398
170080.8983800623,0.3014039689442733
170461.13461298766,0.3093531528610818
170837.88119738072,0.30955222800161275
171212.92853579446,0.30730590581858763
171588.62698561017,0.30966376103853227
171968.1009849146,0.3101117409965093
172345.8954656022,0.30719290326342114
172726.75468164793,0.30655804067789755
173117.6512743815,0.3003104003041574
173502.0035538375,0.3033742994625261
173892.97871942088,0.3086422157333705
174288.9002492212,0.3216893981391757
174680.54855823243,0.3140532059768855
175065.86917808218,0.31441546271516396
175455.06823001124,0.30603926215334865
175840.28228021978,0.30828494395611294
176233.75526873674,0.30357523407396175
176633.7152730216,0.31078604916198727
177029.27309587674,0.30865779592595644
177427.11477860124,0.31536042042145507
177825.76522390856,0.31227446743203724
178227.59660932436,0.3074060707720566
178631.66029036077,0.306317832943239
179036.2809927663,0.300433508807902
179438.3367448827,0.301718813838518
179832.3207406022,0.2993343280023056
180224.38223745715,0.29368527284820034
180620.6955220157,0.29621114088201106
181012.99158406584,0.2990527570787522
181405.96280811232,0.29938291068711875
181799.60273972602,0.2986449971637187
182195.464875,0.2997810164544226
182586.8739579445,0.2953092080155033
182983.60883418718,0.3002640331706852
183386.5051976346,0.303718804179553
183780.754683987,0.30592637807890094
184166.92322528464,0.3083610081622632
184554.01747597053,0.31738678411602905
184935.07480658847,0.3121009315674072
185315.30824350426,0.3057849433535011
185690.0487012987,0.30531422397722047
186069.64794614475,0.30177074204138715
186454.45886825377,0.29428992809417304
186842.13499688084,0.29836380603092644
187237.2888459862,0.296626804814786
187640.41606295278,0.29504724882513056
188039.06853155568,0.2911379536309175
188445.18445331007,0.2958505021695789
188840.00467435337,0.2990466507599137
189231.90978802994,0.29605819345769396
189616.2996504806,0.29354642536906805
189998.86041874377,0.2912665969870393
190382.15791113605,0.28668444563103174
190777.74953189364,0.27581014856152253
191180.90305899945,0.28230015719683504
191587.9266163726,0.2841387846110525
191988.4869586921,0.28168198658881305
192393.91870324188,0.28854834506023774
192801.43305269722,0.2855592298972816
193204.53454726865,0.2897538835944551
193603.38586211196,0.2946020317890362
193999.94052973512,0.2949247872947509
194391.45790260306,0.2916202965500186
194785.88413113938,0.29270280955150185
195166.04951050694,0.28420066189808274
195545.6735215305,0.2856427752908977
195924.7667518544,0.28986512947639576
196299.3303995006,0.28578649149878776
196673.67655305626,0.28542297599374034
197048.24592212986,0.2868585744142372
197434.707961843,0.28902119894636036
197823.2741252646,0.28289238277336093
198211.3337906092,0.27989664256227986
198601.58159830444,0.2873405619298912
198992.90411129827,0.2886367845529635
199383.53026528834,0.28846099437566214
199768.77336579884,0.2889337505668265
200157.09570422096,0.28743831799124064
200556.33909085242,0.2852995311277248
200952.88328449405,0.28275015232939193
201341.4802344432,0.2892594985318082
201736.3390073575,0.28562810896062424
202135.7160824357,0.2882188163743109
202528.82209854928,0.2962296004158687
202917.04886703187,0.3068477037877787
203314.86851470312,0.3181268833616799
203719.22494390426,0.3222482880615273
204118.39791913275,0.3194207680395279
204506.98678056992,0.30828424605580046
204887.0045505548,0.3121829347876186
205272.23886740676,0.3107540385895333
205652.90474705258,0.3067436678895689
206033.10039284156,0.30084586300266186
206416.31050171392,0.30408107653946725
206799.14957878314,0.305545539571604
207181.54189492032,0.3078544994607929
207559.786159601,0.3105338902771002
207937.7857098206,0.30851510982056835
208321.1260650538,0.30555290672694113
208709.1075664877,0.30628655371347896
209103.7891393698,0.3117438885149395
209501.91901342492,0.30733754433397525
209901.9622830024,0.30523693299772076
210290.4408468244,0.3051055442869615
210670.57771956088,0.3022150562837496
211055.62035883378,0.3011218593340633
211437.2175403603,0.3039736323999955
211829.16831806567,0.3035732994776555
212224.67266029844,0.30142523670235827
212616.0225385528,0.30048495167089057
213008.5397398394,0.30592031763760424
213392.94665500656,0.3013585149658634
213781.33927458557,0.3015781248283976
214165.66233200597,0.30513340926238913
214549.59570483206,0.30978021864296434
214933.25990145325,0.30762700507965285
215328.55940964006,0.30355503634529335
215717.98282967033,0.3053215487199657
216104.5899464308,0.31385836380011806
216492.7435208893,0.3174064953351025
216883.46020350832,0.313519868083187
217270.48129939634,0.3125474380439673
217661.62034321373,0.3019165628521851
218052.01832003988,0.3030085361106256
218434.52703039363,0.3001490737163598
218812.43618416943,0.2975381907758992
219192.65856091783,0.2951259214361559
219570.302868164,0.2968797044659244
219950.90654263954,0.2965283773808957
220335.7147137774,0.2943227138054199
220718.07484899432,0.29913727765441855
221103.60748596382,0.29191326265563894
221499.48398753893,0.29745183963541977
221892.19502307597,0.2952069094544985
222285.8310254491,0.29268486846404024
222677.6097986661,0.28882881046625686
223071.29842180776,0.28190761926455166
223467.31720999812,0.2961502941280428
