D,r2
6.182142857142857,0.7029290890191181
9.12,0.6081181244508556
12.124401913875598,0.5404673800818938
16.413875598086126,0.5793938096980848
20.959016393442624,0.5428678586689326
24.13186813186813,0.5075633222066753
27.10928961748634,0.5026626028823078
31.48603351955307,0.49687672603467997
35.99038461538461,0.4740543102391005
39.11214953271028,0.4230913763731602
42.134715025906736,0.4325206212549664
45.15625,0.43084806529587905
49.56010230179028,0.4416035154109748
54.16304347826087,0.39239899034502557
57.105,0.4069721666251099
61.67901234567901,0.37585623947583924
66.17218543046357,0.36612949817634605
70.64071856287426,0.3553476022093725
75.14197530864197,0.36271129020643295
79.62111801242236,0.37303080699951274
84.12,0.35871736028388584
88.50167224080268,0.35494602187695773
93.13173652694611,0.3724058689690631
97.41433021806854,0.3371625173833216
102.08720930232558,0.36744912358074233
106.6443661971831,0.3607409219967489
111.14814814814815,0.360289340828394
115.71617161716172,0.34437246064083765
120.14765100671141,0.3444527262170631
124.65259740259741,0.3257644674683901
129.1986301369863,0.38701046326961497
133.37898089171975,0.3506806956315188
137.88135593220338,0.3321676960807925
141.22929936305732,0.284556285927467
145.57738095238096,0.34406947162805035
150.16447368421052,0.3279180835661541
154.6577380952381,0.32213519055471934
159.15384615384616,0.30860481368806697
162.2,0.3209636551303299
166.67936507936508,0.33753809660769346
171.21527777777777,0.33075511734081575
175.67655786350147,0.29846044995389415
180.22222222222223,0.3033522440796542
184.69325153374234,0.3018921553225142
189.1437908496732,0.2957473402381403
193.57564575645756,0.31583613695296386
199.57801418439718,0.3023008876905412
204.02912621359224,0.30922547396052
207.30232558139534,0.32480641610220373
211.77083333333334,0.31163906648473155
216.15333333333334,0.27273188824546135
220.6456953642384,0.2868781278252404
226.5350553505535,0.26933798002623777
230.97905759162305,0.2981059516240262
235.69117647058823,0.29432220312961466
240.25641025641025,0.2877101718597977
244.7591973244147,0.2956487094671149
249.27007299270073,0.2969472278740545
253.65693430656935,0.30238470008436213
259.7942238267148,0.31017572350880734
264.38666666666666,0.28368934197615553
268.8941605839416,0.3035619167854771
274.66550522648083,0.29156453389771747
279.15625,0.2713685755666684
283.9194139194139,0.34030984661238667
289.5058365758755,0.31046006662543274
294.0344827586207,0.2995986857506659
298.7905405405405,0.293763865023861
303.2875,0.2851453294133581
307.8068181818182,0.3050013528360142
313.68679245283016,0.297781069465862
318.2361111111111,0.2801228171506015
322.7420494699647,0.2916331574214139
328.7482014388489,0.3118537193748888
334.43290043290045,0.29262470284141845
339.015,0.28312354230880393
342.36942675159236,0.2862917960003409
346.75632911392404,0.2784384250816151
352.765873015873,0.2733163992478729
358.8535564853556,0.2504969017052233
364.57383966244726,0.27892408783222605
369.2173913043478,0.2913784816253679
373.92913385826773,0.28339509589560186
379.68482490272373,0.28088221986393275
385.54980079681275,0.26342941929677177
390.2119205298013,0.2865550065486498
394.6478405315615,0.2547342464514907
399.2171052631579,0.23806748066462075
403.82264150943394,0.2690762878794328
409.8671586715867,0.2503600998383997
415.9218106995885,0.26089976900851714
420.43356643356645,0.24036990408430162
424.74609375,0.2611888021424378
430.8561151079137,0.24959329207519962
436.71311475409834,0.26354060705800686
441.28205128205127,0.23942251566712175
445.95272727272726,0.2395634339361359
451.84090909090907,0.27348693448550837
457.5933609958506,0.24325634051255457
462.0063694267516,0.24553109535845574
467.04561403508774,0.26294195319753294
472.59183673469386,0.2831399316847799
477.30263157894734,0.22923143130384302
481.8827838827839,0.24303692636768728
487.96031746031747,0.23225688059425875
493.70512820512823,0.23038110349237295
499.25619834710744,0.2542323162163566
504.0175438596491,0.2522130673857168
509.07251908396944,0.24119868311646908
515.0671936758894,0.27200270989218606
520.5795918367347,0.25349391312817826
524.9303797468355,0.20618766207083758
529.8015873015873,0.2547642355029482
535.7901234567901,0.2653563711427769
541.9074074074074,0.25237557103039043
547.6529680365297,0.23867436173910603
553.4120171673819,0.2799162707081943
557.968253968254,0.23231580862452317
562.9236363636363,0.23879554035904035
568.6288209606987,0.23621610552813435
574.0123456790124,0.25927544094480814
579.1325301204819,0.27657439333176925
584.0912547528517,0.23729612703237607
589.9465648854962,0.23697096650259852
595.4751131221719,0.24489488279601088
601.1398305084746,0.2551074609026342
605.969512195122,0.23975254309222743
610.9732824427481,0.25647181757880616
617.1060606060606,0.22449971466477558
622.7053941908714,0.2582776182459015
628.1746724890829,0.22603185019374672
633.0333333333333,0.20611737012113052
637.9637096774194,0.23932825861923998
643.9314516129032,0.24202331284315512
649.944,0.21953913707602038
655.7081545064377,0.26800738899891796
660.3869047619048,0.2511115584742656
664.8528301886793,0.26557289549515756
670.6919831223629,0.2525172181639839
676.1715481171548,0.2274888335657265
680.9086294416244,0.2510858753705642
686.1245283018868,0.23776078955945953
691.9835390946502,0.2459722392248149
697.7096774193549,0.24847857772817167
703.2105263157895,0.2543862247756146
708.8,0.2500002908209135
714.9915611814346,0.23720907368461353
720.0231213872833,0.2549665623312583
725.1260162601626,0.2225173072136157
731.1962962962963,0.24836190121085133
736.9870689655172,0.23651655898512375
743.0588235294117,0.2452982299352568
748.4848484848485,0.21873433937930498
754.1604477611941,0.2439124075735968
760.1761904761905,0.23214755443593169
765.9065040650406,0.2322569975173267
770.9245283018868,0.2070490643798576
776.0082987551867,0.23381722552308654
782.1529850746268,0.23726881637818195
787.98755186722,0.2476554946398441
793.8524590163935,0.23117208968215505
799.2445414847161,0.26800378958284354
804.0335195530727,0.21931334150122567
809.2007722007722,0.23733939411851765
815.1385281385282,0.241723800737243
821.0602409638554,0.22895019986637158
826.6818181818181,0.24766663633964187
832.1111111111111,0.21380773062060054
837.065934065934,0.20693025290767755
842.138775510204,0.2224260718023325
848.0297397769517,0.20930709282755092
853.8440366972477,0.19745279298535814
859.2845188284518,0.20617676066637278
864.0441988950276,0.20025831540763608
869.0375,0.23284526675838713
875.1012658227849,0.22887373410192363
881.218487394958,0.21696721910585864
887.0368852459017,0.24300764609783804
893.2716535433071,0.21595753539485366
899.0387931034483,0.2578718829791777
904.8597285067873,0.23704760382922088
910.4279835390946,0.23479980162617609
916.2476190476191,0.2110886954789649
921.6890756302521,0.25525605495568854
927.054945054945,0.20522469688417933
932.0763052208836,0.21884302510546075
938.0818181818182,0.20842615343998777
944.8801369863014,0.2309504719950874
951.0687830687831,0.23283388950102427
956.2964601769911,0.21186665893544931
962.2105263157895,0.26646862294342977
968.2017167381974,0.24415606025537062
974.3515625,0.2380899293336821
979.8326530612245,0.20230491281449417
985.4429223744293,0.23709708602451235
991.5166666666667,0.1967183139095091
997.8607594936709,0.20710921095221888
1004.3648068669528,0.1855273333511335
1009.5668202764977,0.25104335450334914
1014.0049751243781,0.23384958279827542
1019.3670411985019,0.22104997924307537
1024.848888888889,0.187141907260296
1030.0484581497797,0.2411132903795442
1035.1043956043957,0.22642841942349495
1040.313432835821,0.24249318938911976
1046.0081300813008,0.1981094276347448
1051.1637931034484,0.21145797414289155
1056.7372881355932,0.23801299666097483
1062.688796680498,0.19652665451971488
1068.0095693779904,0.23930786367369022
1073.275,0.22248639744803386
1079.3842975206612,0.23005353772677584
1085.2241379310344,0.22556469455336794
1090.8552631578948,0.20700520390199761
1096.4955357142858,0.22245182942370495
1102.4333333333334,0.2400825734975235
1108.6244541484716,0.22533225815076469
1114.2355555555555,0.1942635449792623
1119.958904109589,0.20360189628045827
1125.7098039215687,0.19338962544074004
1131.6681222707423,0.19835300115848517
1137.7292576419213,0.2020744089148307
1143.7954545454545,0.2119315200950657
1149.656652360515,0.2073616980838114
1155.887029288703,0.2159409952765962
1160.889502762431,0.20977369414347635
1166.1035856573706,0.2086764815462339
1172.3868312757202,0.234057029478797
1178.2457627118645,0.21056099785879875
1184.2236842105262,0.21313601858778125
1190.1300448430493,0.20958386164696718
1196.3333333333333,0.25563900776860327
1201.8197424892703,0.20424209205056237
1207.5271966527196,0.21648398035180183
1213.5106382978724,0.20925796991907392
1220.0297872340425,0.22352593138434892
1226.373873873874,0.1937141831834623
1232.1833333333334,0.20477876588435825
1238.1652173913044,0.189066667892016
1244.1081081081081,0.16866056422282785
1250.2897196261683,0.24021536821756195
1256.2594142259413,0.18012728121329113
1262.3541666666667,0.20183332282988442
1268.2935779816514,0.17345608620270525
1274.5043103448277,0.19449501374078534
1280.7557251908397,0.18964007577675657
1287.6930232558138,0.19600757615758443
1293.8119266055046,0.21319510013405854
1300.04,0.202574172177705
1306.240174672489,0.20244916878111713
1312.4521739130435,0.2186710154171457
1318.4833333333333,0.20989158335364747
1324.5313807531381,0.19846288630241601
1330.47533632287,0.18738133979743316
1336.4363636363637,0.1921408790002943
1343.1322314049587,0.1929934831929972
1349.337962962963,0.19881870071785276
1354.767857142857,0.21944083211505377
1360.9571984435797,0.21697377438907645
1367.3348214285713,0.22191420131707415
1373.351931330472,0.20634763566722825
1379.2987012987012,0.21395807231038128
1384.8340807174889,0.16768402322729262
1390.4747899159663,0.21813873297903705
1396.4439461883408,0.2015399354020184
1403.132,0.20628228957909675
1408.8762376237623,0.19574484428245367
1414.2642276422764,0.19997815126206364
1420.3392857142858,0.18706374315068489
1426.3454545454545,0.20120908107121638
1432.3765182186235,0.1793325808262227
1438.5477178423237,0.17277495318680924
1444.084577114428,0.20959303188072897
1452.925045703839,0.1997355004713763
1465.4,0.20589255157484088
1477.565130260521,0.1885478282565364
1489.4950690335306,0.19475839223791147
1502.1494252873563,0.1991582690119897
1515.0361904761905,0.2186361797586366
1528.2586558044807,0.19628270831129307
1540.6600790513835,0.19399544098633625
1554.603550295858,0.2054448306527432
1569.7514124293784,0.19670587074003046
1585.5725190839694,0.19505906626271732
1600.2747474747475,0.18865509727027585
1613.5009416195858,0.1837916214886362
1627.263671875,0.20610810601806315
1639.813492063492,0.20409951958458591
1653.4952015355086,0.19476717273112396
1667.6347305389222,0.19073728320960193
1681.5908183632735,0.18411486301566896
1696.0429906542056,0.19073726876459784
1710.3757575757577,0.1924682560399562
1725.1622641509434,0.1790502229649559
1739.4635627530365,0.1897523421514493
1754.2509293680298,0.21314813969757235
1768.460606060606,0.1919279988176931
1782.7188118811882,0.18802550110481817
1798.1708253358925,0.19488576507710345
1812.4171428571428,0.19656036708949506
1826.4011741682975,0.19494492698385468
1840.6707566462167,0.20132079123680083
1855.6275605214153,0.20751975246106777
1870.788306451613,0.20879850568354874
1886.528409090909,0.1896159070240649
1902.4557956777996,0.19061530264217807
1917.428846153846,0.1960230614104843
1931.4902723735408,0.18809530497450777
1945.3353783231084,0.18616418592650988
1959.7942857142857,0.1981512013888859
1974.9061302681991,0.1984543294951123
1990.0240480961925,0.18877287051385366
2004.429980276134,0.2011031304814207
2018.7148362235068,0.18301383636976296
2033.547619047619,0.1957211681043905
2047.7357001972387,0.16406765639862414
2063.3974121996303,0.20002252471214985
2078.3231707317073,0.18094046763581148
2092.7767175572517,0.18162166673307062
2106.8656126482215,0.17637020103790696
2122.463276836158,0.18927921048439314
2138.248046875,0.19518506458660972
2153.1730382293763,0.17511288344556541
2168.065737051793,0.1842050447854841
2183.254646840149,0.19552540700178814
2198.868583162218,0.17187495959017682
2213.971590909091,0.18918420276181794
2228.8582524271847,0.19352375165782973
2244.118712273642,0.17780456393877123
2258.9886363636365,0.18169459482841843
2274.7803468208094,0.20039039147479001
2289.5139442231075,0.17684201280701525
2304.717054263566,0.1976604128789022
2321.4980694980695,0.19010272184594704
2336.4520547945203,0.17084340581215407
2352.0660194174757,0.17961631878973128
2369.00390625,0.1791218739651577
2385.9233791748525,0.2055458046791326
2402.1717171717173,0.18862981246005134
2418.0864440078585,0.19727203735143167
2434.2875695732837,0.19316196014795065
2450.3313840155947,0.18015154187988813
2466.3823529411766,0.17886564253440504
2481.4143968871595,0.17484707828418503
2496.7314049586776,0.20112576413621552
2512.611328125,0.19698083215908477
2528.8207547169814,0.18799908887410272
2544.2224448897796,0.19247045633940194
2559.3238095238094,0.17390638672821432
2575.6369047619046,0.1956258149471783
2592.229906542056,0.1767207342204916
2609.2035225048926,0.1802402439077812
2625.201646090535,0.17407610153678454
2641.1309297912712,0.1826379473547331
2657.1610337972165,0.19056122144132598
2672.7028571428573,0.1731816591461337
2689.167330677291,0.1879242833205309
2704.3418467583497,0.1632383267054805
2719.8830188679244,0.17510717521914584
2734.960707269155,0.18794126773481135
2750.623046875,0.1824811084826005
2766.808383233533,0.17744212473684112
2783.0114068441067,0.165876253700949
2800.0060606060606,0.18756368476459498
2817.4757462686566,0.16533708095758937
2834.590291262136,0.2019291174678297
2851.3874755381603,0.18904883806983125
2867.992,0.19085303102049708
2883.1369047619046,0.18797495720249063
2898.9561904761904,0.16197778644241145
2915.4989898989897,0.17273084172532874
2931.998120300752,0.17815719729068308
2949.246153846154,0.18503179766340738
2967.3835616438355,0.19471560424200948
2984.8349514563106,0.168178255343289
3001.764705882353,0.18114743876428005
3019.9683794466405,0.1856956066829449
3037.429924242424,0.16629575805522012
3054.859437751004,0.18065677479735062
3072.2386587771202,0.17474165353034649
3089.8065134099616,0.16878961324922265
3107.872549019608,0.16930704610823333
3124.0196463654224,0.17918229324265447
3140.814453125,0.18474804131407307
3159.175238095238,0.18251059875301454
3177.0696324951646,0.15665199361721904
3193.814671814672,0.2024824826484562
3212.3708737864076,0.18617274739784614
3229.3220675944335,0.18419773820508342
3246.6111111111113,0.195299410806894
3264.4285714285716,0.18192108710247404
3282.2066929133857,0.191493096510934
3300.0132575757575,0.17062957601962947
3316.9941860465115,0.183618750602325
3333.6136820925553,0.171280764326005
3351.4393063583816,0.1770916561811489
3370.154875717017,0.1689418118763148
3388.537401574803,0.17010291808193453
3406.66796875,0.16550099155434775
3424.873076923077,0.18278524268451604
3444.1819960861058,0.17979621512333183
3463.1115384615387,0.17395305842994538
3481.472392638037,0.1632923102334301
3500.3195488721803,0.17592414886119812
3518.068897637795,0.16795518045314123
3534.852525252525,0.16886561449902626
3553.212121212121,0.160637946642946
3571.692759295499,0.1477250111773703
3589.105769230769,0.15527649960772752
3607.0396825396824,0.1609821219741705
3626.918811881188,0.1677727262488112
3645.219281663516,0.15280301402936033
3665.4108527131784,0.18636015990267837
3684.5092402464065,0.18342377437195473
3702.4327485380118,0.16219656199808194
3719.3193116634798,0.15164560074790331
3737.772030651341,0.16157192694541955
3754.9094567404427,0.16572917503237652
3772.977099236641,0.166094437129316
3790.5826612903224,0.16369467493207346
3808.00796812749,0.1594013387357096
3826.3906542056075,0.17471303929058538
3845.094,0.18845360988162346
3862.9366852886405,0.16388331954592755
3882.50916496945,0.1725821587397132
3902.7649253731342,0.16424107713552136
3922.5808383233534,0.17192639501672705
3941.2265625,0.1754855784081965
3960.7403100775196,0.16464400364141568
3979.3987975951904,0.18335636931031285
3998.927342256214,0.16613225648523217
4016.304780876494,0.15507681707426732
4033.6515748031497,0.1701690009795823
4052.299227799228,0.183756977048541
4071.0494071146245,0.1720147717660272
4090.751391465677,0.17894967936512715
4110.320158102767,0.1702741037987474
4129.896,0.17226535373122184
4148.913533834587,0.17818055972433242
4167.566801619433,0.1642075182730427
4186.081593927894,0.16152446160290715
4205.348336594912,0.16249010446690426
4223.64979757085,0.15842612274682458
4243.18689788054,0.1737178749499967
4263.164410058027,0.17438202407697506
4283.013833992095,0.17164785343387548
4302.229571984436,0.1857345314398779
4320.055984555985,0.17235125569426893
4339.59344894027,0.171820818129986
4359.568,0.16607096334530705
4379.559615384615,0.17692534658460418
4399.019193857966,0.16490602284682737
4417.3625254582485,0.14821017901910938
4436.546845124283,0.15581731246441063
4457.132038834951,0.17143943000011894
4475.438,0.17568256488198902
4493.869481765835,0.1779606065388179
4512.870333988212,0.16978708596233946
4531.881453154876,0.16711633307315243
4551.644578313253,0.15417760158294572
4571.097087378641,0.16172987494234226
4592.933586337761,0.1616804278957783
4613.775828460039,0.16790058628683696
4636.381604696673,0.15549260058631945
4657.039603960396,0.1523665160618705
4677.481335952849,0.16570506840793872
4698.457760314342,0.1735477870523128
4720.880681818182,0.1731893302352579
4741.404382470119,0.15631023417810358
4761.836223506743,0.16905256330322388
4782.634099616858,0.16631947653042795
4801.879446640316,0.1504929711901742
4821.075581395349,0.16171398393581032
4840.77909270217,0.16057772892487387
4860.544378698225,0.1584258000124327
4879.245647969052,0.15449511161286236
4898.1089494163425,0.15650061889771347
4916.926356589147,0.16263904786049196
4935.625498007968,0.14987934686654392
4955.666030534351,0.16276488076263035
4974.2982107355865,0.15707514218123392
4992.732038834952,0.15843838493198395
5011.572796934866,0.16522992021557031
5031.325678496868,0.15272134219651357
5049.275,0.1478043222667892
5067.95009596929,0.15456513825523216
5085.818181818182,0.15029383059631124
5103.611001964637,0.16519627990096816
5123.385496183206,0.15580767737742562
5142.633603238866,0.14925037578172973
5162.644612476371,0.16603563617441752
5182.142284569139,0.16715080202472687
5201.952380952381,0.16466223280059405
5220.637254901961,0.15960496433455482
5239.66927592955,0.1503101429621447
5261.134387351779,0.16625541437810806
5280.46837944664,0.14801924343917697
5301.193857965451,0.16094503345034
5321.371316306483,0.16045518196493036
5341.973584905661,0.15606074112954058
5361.885714285714,0.1630734250354006
5381.461832061069,0.1609791836341513
5401.865384615385,0.17021794470799903
5423.116959064328,0.15377094801759056
5442.51663405088,0.1609345184472745
5462.3203125,0.1774519286777743
5482.01775147929,0.17654600293488346
5502.5355086372365,0.14856127461425203
5523.149700598802,0.14110433374064976
5544.396856581532,0.16119792575077177
5564.536398467433,0.1399281297822431
5585.681992337165,0.1618599851308702
5605.172,0.15334972224916968
5624.238095238095,0.1696125642445014
5643.148775894539,0.1511687235363073
5662.4265873015875,0.15661264240644107
5683.324427480916,0.15749317139230493
5704.045364891519,0.16873847850062473
5723.610465116279,0.15410404655064489
5743.817248459959,0.18059167204430288
5763.147227533461,0.1666729327210662
5782.923371647509,0.15400309555048444
5801.912451361868,0.14935598579566178
5820.526627218935,0.1533673933166571
5838.983903420523,0.15329833921540986
5858.748120300752,0.15361941580427785
5877.067864271457,0.1523642547705075
5895.439393939394,0.1516452614660489
5915.451171875,0.15683358030361072
5936.492248062015,0.170698501005881
5956.691382765531,0.16546520740878803
5976.663479923518,0.16073701301817336
5997.44930417495,0.1606135523060284
6018.581712062257,0.17220224010566695
6040.662109375,0.1686055654371446
6061.156626506024,0.16256484913718997
6082.75,0.14565551495140588
6105.8716981132075,0.15742618021765273
6127.877510040161,0.1506207075549448
6150.253846153846,0.16197531709732652
6172.986,0.1674187903341784
6196.011538461538,0.14909196336848485
6220.115311909262,0.14362623260819526
6241.852071005917,0.15683477399781956
6262.619801980198,0.15432743614764874
6283.553191489362,0.15030587436861995
6304.814453125,0.1482575622939663
6328.789272030652,0.16848233185184197
6352.219758064516,0.16322535420906673
6375.172888015717,0.1620775533543072
6398.437984496124,0.15383268282472184
6420.969230769231,0.1615914736272758
6444.785299806576,0.14860100033065912
6465.715151515152,0.17002647930073023
6486.170542635659,0.1447301432009649
6507.990583804143,0.14947231404534222
6530.983805668016,0.1680080223790825
6554.646833013436,0.16267373753635364
6578.528599605523,0.17490280473917963
6600.990421455938,0.16774886484805426
6622.970472440945,0.1745104363484744
6645.4269005847955,0.15737618598576433
6666.927165354331,0.15146024115944162
6688.961013645224,0.1419796190889848
6711.196116504854,0.1415555205971063
6733.574181117534,0.15538496272823452
6756.524950099801,0.16634354246726593
6779.227099236641,0.1481170724564915
6802.301369863014,0.13673446342548357
6824.810444874274,0.15698213637292524
6847.626482213439,0.1516673118270267
6870.80732177264,0.16088725962510644
6893.788423153693,0.1504970803634791
6915.403441682601,0.14780714085888644
6935.798058252427,0.1403624340442332
6958.3385214007785,0.15183090959948736
6981.577319587629,0.14578191074750432
7004.233716475096,0.14920878990794245
7026.830708661418,0.13428233173170218
7049.715370018976,0.1517855629504094
7072.805273833671,0.14747823542414185
7095.741811175337,0.15553988296022891
7119.497131931166,0.1400133520201001
7143.527777777777,0.1585920855212953
7166.119607843138,0.15420991316458757
7188.839147286822,0.14974474737000906
7211.947470817121,0.14297081005447185
7236.25,0.15114276970069535
7260.1953125,0.14234737054727445
7282.376725838264,0.14796752139852304
7304.490310077519,0.13923600300788883
7327.994230769231,0.14139883231021272
7350.483673469388,0.14675648446635656
7373.553470919324,0.1431267332463845
7399.286836935167,0.14536330767014993
7423.231067961165,0.17220038280150468
7445.066801619433,0.16069762250759267
7467.252427184466,0.14933573934623065
7489.87890625,0.16253969887242659
7514.606463878327,0.15322350806081544
7538.84496124031,0.15576826406780656
7563.856287425149,0.1514602238566256
7588.536964980544,0.13362045509258816
7611.636542239686,0.13681101790088135
7634.4470134874755,0.15217091438622102
7658.376218323587,0.15749748693905752
7683.180392156863,0.13754390417438636
7707.554493307839,0.14673712777530365
7732.861328125,0.13997890338731891
7756.980392156863,0.1654117896360894
7781.38431372549,0.1739321870135458
7805.804263565891,0.15663045592421798
7833.071844660194,0.16005949588978158
7861.612,0.1825562444641363
7888.584645669292,0.15486282043713137
7915.066147859922,0.1560196867132504
7942.795411089866,0.14847565121677617
7968.749011857708,0.15299976241481308
7994.021611001965,0.1632595036852529
8020.272373540856,0.14881047716501988
8046.218992248062,0.14911359438856936
8073.209615384615,0.1554441160906471
8098.809708737864,0.1486993958356204
8123.326488706365,0.1597464780078546
8149.661596958175,0.1639634920191792
8175.755298651253,0.15203995454734076
8203.227626459144,0.1439878374675407
8230.49500998004,0.15687441103347463
8259.025048169557,0.16251849075044775
8287.142034548944,0.17693405172234195
8315.138943248532,0.15579311043780222
8343.156746031746,0.17524341735108254
8371.090196078432,0.15579980280484437
8400.43320610687,0.15665515545529518
8428.50590551181,0.15316801283899228
8455.06311637081,0.15120577442398198
8483.179640718563,0.1415883957951374
8510.7722007722,0.16336938299635645
8538.858527131782,0.14789149666076845
8564.038684719535,0.1332613456043215
8590.749518304432,0.17001839174399935
8618.562256809339,0.15900466230012575
8645.807392996108,0.1665922512123291
8674.20080321285,0.1735261751454874
8702.185546875,0.14690406859984972
8729.069498069499,0.148529798909205
8753.756809338522,0.1455477105053311
8778.208984375,0.13499542022464256
8806.673076923076,0.1604463026642996
8834.852362204725,0.14457825178800535
8863.38416988417,0.16154785818599884
8892.371819960861,0.1669802846947807
8919.12273641851,0.14970619287964393
8945.918446601941,0.1422122022937714
8974.507633587786,0.16476662195704017
9003.807017543859,0.16764753091519494
9033.8953722334,0.16144001516624434
9065.196564885497,0.14883702628489098
9095.737451737452,0.15882759910614022
9124.528827037773,0.17216972877304712
9153.282907662082,0.14254222438484143
9182.049115913556,0.15865865843708163
9210.91634241245,0.1503508471930691
9242.187620889748,0.15857705975592754
9272.84555984556,0.15853586304501882
9303.92125984252,0.1637965893754832
9335.942345924454,0.15257207370795792
9368.26103646833,0.16229831242859966
9398.395793499045,0.15273337650140745
9426.42885375494,0.14946455707760994
9456.07558139535,0.14621990731846488
9485.379446640316,0.14047305930627646
9518.044747081713,0.16060699030265307
9548.332688588007,0.16126840230546766
9580.110894941634,0.1566983005351858
9609.04892367906,0.15364716240825907
9638.70923379175,0.16154797653573433
9668.025742574257,0.1518756972950828
9698.55772994129,0.16942495928295573
9729.276717557252,0.14336445397478237
9758.03536345776,0.14387547067870848
9786.67583497053,0.1518947113591884
9815.673664122138,0.15896303122376132
9846.212180746561,0.15218888525670957
9873.93123772102,0.1588909080313637
9903.458252427185,0.15125553062211916
9934.817120622569,0.16053653376296223
9965.206692913385,0.15261757291911274
9994.822736030828,0.14931336361885333
10024.765784114054,0.15272350426916442
10054.047258979206,0.16122709824769405
10084.669884169884,0.16620334700240674
10117.139763779527,0.1534131024182071
10146.933202357564,0.14933788870965445
10175.821011673152,0.16389224005969902
10205.133204633205,0.15816560447801573
10235.730158730159,0.14355686948681537
10266.976923076923,0.15019795142701134
10297.964912280702,0.14112757950794244
10329.496062992126,0.14945786343619918
10359.891262135923,0.16053362813504107
10391.541501976284,0.15605064798389248
10423.306358381504,0.1553959861960703
10453.480079681274,0.17645262697378555
10483.651162790698,0.16443494566487296
10515.79497098646,0.16636945811631498
10546.48023715415,0.15189008312351668
10580.116858237549,0.15494718532740134
10614.17543859649,0.15085364102672555
10647.28205128205,0.1464683517054417
10681.831067961166,0.14962818014808754
10714.625498007968,0.15358025279229162
10747.26833976834,0.1515936112253024
10781.089866156788,0.1412017650006474
10812.088932806324,0.15101968523334952
10842.66472868217,0.1340688703015711
10870.92828685259,0.15174520603350852
10901.834600760456,0.1498056540010676
10932.766336633664,0.15499732527053514
10964.704633204634,0.1506777766282904
10997.51185770751,0.15327194007311992
11029.425818882466,0.15241943718720533
11061.657370517929,0.14755316999124177
11095.797297297297,0.1553853278328531
11131.953307392996,0.15738877188728817
11167.082677165354,0.15258326169949474
11200.721470019342,0.14529750390093907
11236.163106796117,0.14378960991429982
11270.931640625,0.13733153856819197
11304.564102564103,0.16889192935665898
11339.231800766283,0.13755506143303864
11373.388998035363,0.13764659402026283
11406.512621359223,0.1291348898250756
11441.466,0.12725267285065656
11472.749027237354,0.14526300504729645
11505.075435203094,0.15312681661276453
11537.775828460039,0.15094245104971293
11572.169556840077,0.1276966468048214
11608.818713450293,0.15590902914759297
11640.8648111332,0.14810565526643982
11673.379110251451,0.1387696695839657
11706.76274509804,0.13702432667477335
11738.671342685371,0.1459904668242365
11773.005736137668,0.14827158127744997
11808.204238921002,0.14646741796601162
11843.657480314962,0.16052296743804648
11878.538011695906,0.14682723665163663
11912.0,0.15316350450974775
11945.469306930692,0.14621201943811762
11978.296875,0.15321145896325183
12014.133204633205,0.13938492924971096
12047.94695481336,0.15884065288831822
12081.326213592232,0.13632912204418518
12115.26782273603,0.1383916449535393
12148.13,0.14447818367959858
12184.661417322835,0.15846619058787106
12223.626185958254,0.1386238203718997
12260.950787401574,0.13874256367697263
12297.158699808795,0.1309251745411605
12331.875984251968,0.14490515177770108
12368.680555555555,0.15128867769044652
12405.49427480916,0.15002883391813598
12441.566866267465,0.15695025999542744
12480.31067961165,0.16376241068813446
12518.828846153847,0.14127996039866977
12556.85546875,0.14041236191597756
12593.625490196078,0.1637524998711873
12633.653100775195,0.1375781729733142
12675.483033932136,0.14770550574239277
12716.849523809524,0.1422540489925726
12752.682352941176,0.14546359115531002
12788.332038834951,0.13793384327624175
