D,r2
90.2300463269358,0.6684305753452672
124.76731477951455,0.6479511326780185
160.61617372768453,0.6287922590186577
196.4563703400246,0.6039249494834984
234.1381104883907,0.5924394792610334
274.5376372190277,0.5719151544742043
316.5511198945982,0.5527562126395741
358.9775967413442,0.537974157291341
402.1789557592666,0.5246202559110155
447.1498243717914,0.5085660194866147
493.72361614071394,0.5111398754769594
541.6923483546981,0.48512813614866224
589.8235294117648,0.4761281797783273
639.3348410270055,0.46563147411199585
690.3895663956639,0.45203114930724914
742.7810315261838,0.4388802067947976
797.4987250033553,0.4314362563467826
851.6588511137163,0.4160016611564969
907.4614257161892,0.4020068119838367
963.6078535420536,0.3918030381668739
1020.8315986122232,0.38751976514920294
1078.8051930579848,0.382453136232318
1137.7015602080278,0.3641142615317052
1198.2925886430285,0.36692550141463365
1259.1659527428492,0.35062475396247406
1318.6764705882354,0.34744369048377866
1379.6572525363313,0.34193861715039325
1440.8131215469614,0.3379188137584721
1501.9076193134244,0.3285520424663057
1563.6361508810573,0.3228948029136504
1625.9284724147492,0.3106668839210319
1688.3632082005818,0.3089966307729194
1752.6762798399338,0.3022748388041358
1818.715387794462,0.2962336189543495
1885.1984468173623,0.29783151061415547
1953.0483492195056,0.2877573490742167
2023.3255103457852,0.2816895795001632
2094.575888501742,0.28246979491528457
2165.794914089347,0.2686026004276085
2238.838986570677,0.2573664600223148
2313.269860939006,0.2608793281620357
2390.615223755751,0.2566718664017408
2467.1486355450893,0.24473067198423445
2544.3864200938447,0.24238201006371837
2623.2904512933405,0.23117196136565193
2701.7557304611987,0.22807515056441405
2781.43913585376,0.21950137865503708
2861.8852142758715,0.21134894242784213
2944.0648775764284,0.2130297859388268
3027.325214503183,0.20499015103323148
3109.5423941891327,0.20536441142405887
3193.545944452121,0.19421586842895705
3278.85574132928,0.2002426948191865
3364.837845303867,0.18955420618121274
3451.599558742416,0.19272059860208868
3539.9858803986713,0.1765078930827231
3628.7615299640984,0.17526978393375
3716.0844618176743,0.17083659191230743
3803.71466004689,0.1621817302170699
3894.463812154696,0.15419617606173655
3986.702403979,0.1559988412792403
4081.056728778468,0.15209070590437185
4176.534311012729,0.14761781112623046
4275.797331109257,0.14665385128121622
4374.77578845889,0.1378373243258637
4474.257417467614,0.1352357642773282
4573.726370901075,0.13356509867901475
4672.041384083045,0.123222724892883
4771.3918120620965,0.12666881634097263
4872.394262749445,0.1196942276242343
4975.088406198119,0.11540688280004636
5076.679169550173,0.10862760185866262
5181.900402274934,0.10503347289843772
5287.0652413793105,0.10191015018914254
5392.091187100362,0.09586336880125343
5498.7676503033645,0.09715664448512765
5603.737598452398,0.09496326812834006
5704.799778607998,0.09732053591286255
5809.024834437086,0.09690212506598117
5914.670153417015,0.09837661514944705
6020.530772408096,0.10304091405567771
6126.083611111111,0.10349672203623647
6231.662667218315,0.10967791727476123
6340.442523170563,0.10848096921219744
6444.093667728973,0.11062575092520742
6548.648768952567,0.10899368687922471
6654.417515835858,0.10846035650771885
6761.185659234792,0.1150889668029799
6866.744869661675,0.11974072027514357
6972.7514555031885,0.11659354263890423
7078.503655676645,0.11851864318326899
7182.926227247656,0.12167651351505676
7287.122700235164,0.12406043563269085
7389.055770827567,0.12487705158505562
7487.044244105409,0.1271157501157766
7585.537777777778,0.12625334038913258
7685.727134357271,0.12568365172167162
7785.48114505918,0.13390728027849597
7883.919419488597,0.13464505038650934
7981.909772348695,0.13710353423540958
8080.7810814548475,0.133330163622735
8181.237636038022,0.13467562974831018
8282.86993337035,0.13339013705164882
8386.779336203304,0.1401583945753417
8492.533241758241,0.13560599464056736
8597.643862338024,0.1394213840022647
8702.640454104943,0.14115127748733708
8808.406914528741,0.13833502216553376
8912.527653631285,0.14035873378244093
9016.766314054128,0.13527253259984487
9122.156461644783,0.13615563687988924
9225.980520384026,0.13555212880100012
9328.442600276625,0.135714669401888
9433.245759205627,0.13776279799114582
9537.696978098142,0.13909645301563134
9644.145547708074,0.14107098041321853
9750.969462484454,0.14177970792791036
9858.538875103392,0.14636630696942646
9966.207074223646,0.1440471901991682
10077.615035109458,0.14172608967533426
10191.226768377253,0.14443560359565447
10306.596241536548,0.1360659440767993
10423.515022050717,0.1404836724259908
10540.901429959738,0.14215254828442644
10655.892320419136,0.1333526681205839
10772.577706918064,0.13894198854445655
10889.239013638242,0.14435691911896711
11005.160505836577,0.146179750000895
11118.84748340708,0.1458041993015618
11232.402235407755,0.14366218749758797
11343.590593784684,0.14678425455071242
11455.393485793486,0.1490517211645768
11567.966270389827,0.14699947450854534
11679.889593383874,0.15005914400423434
11790.917751315425,0.1495899785646575
11903.4454557992,0.14244971221492123
12016.240446304044,0.14154983952162023
12129.93910652921,0.139917393158173
12245.00221637346,0.14399937546508065
12357.785210780927,0.13992339173322194
12471.79917184265,0.13237679196997473
12589.609783212896,0.13182421226933846
12707.88424259208,0.12432457702057262
12827.602868174297,0.11047871751607763
12950.41171594363,0.11081013473752513
13074.20299500832,0.1065629727413571
13198.163109756097,0.10349579635845636
13324.841584158416,0.10170966769198242
13453.551943560658,0.097235694866217
13584.125138888889,0.09792053823793588
13713.683891415185,0.09505099398621165
13842.57885952712,0.09472782613833078
13970.139692648483,0.09598335818563425
14100.322527015795,0.08974721042589134
14228.79631158822,0.09348267565254753
14358.679927917938,0.09038837730361665
14488.312681109424,0.08681103471441239
14616.88524590164,0.08805016032560584
14746.094570446736,0.08657509765719691
14873.269667590028,0.09491467668417553
14997.217239938727,0.09317700839236621
15123.0145684442,0.08821357920415067
15252.651397730418,0.09389763858153315
15380.128915494919,0.09477414760696826
15505.832875206157,0.09137275944391185
15632.709780052566,0.09200743156387918
15761.007471980074,0.08732752369383813
15889.893228084753,0.08792587112946171
16020.211434884684,0.08739709350380821
16150.549311448045,0.08433712273785413
16283.520916747204,0.0820832741057904
16416.743338395692,0.08158808515442792
16548.792645839094,0.08043423424833387
16678.206053873924,0.07901091050127983
16809.715741633383,0.0765020840149613
16940.5716066482,0.07508906469123898
17073.315694943354,0.07540689958497965
17208.884834188982,0.07305653071938634
17346.0275852509,0.07364920105951414
17483.936569222282,0.07013238585688793
17623.23789154133,0.07060994482297117
17763.11867219917,0.07074488708140794
17899.103510727222,0.06628025247924045
18034.907827761726,0.06741785842716395
18167.07165760491,0.06504649556177253
18301.40322136564,0.06481306208492141
18440.79193704266,0.06607045362997706
18578.940752046623,0.06850145493907887
18717.848543421234,0.07061049765465202
18858.317793103448,0.07040581210555875
18999.33024606027,0.06939596841769634
19141.848442906576,0.06941328374924546
19285.07570715474,0.07024531591953714
19427.78049118912,0.06902822806700235
19570.686795048143,0.06877109938508214
19711.648333333334,0.07190931915957734
19849.65824541921,0.07028503488910263
19987.649523019492,0.06778348523982812
20130.52743776647,0.06652967288903013
20271.878678511937,0.06670119105805358
20413.02414792328,0.06820672438102822
20554.40540915395,0.0660720577935709
20693.706822880773,0.06772492989307198
20833.378040305768,0.06544170919861651
20973.3680660702,0.06645463062326462
21113.015486725664,0.06696675153332264
21249.656158866823,0.0660209151247139
21387.49391761128,0.06429521575899781
21528.27189831445,0.061745018629181206
21670.640393406287,0.06614314406624074
21810.42106722107,0.06503617393248211
21951.022994874635,0.06405346849649943
22093.53674955351,0.06774805488501283
22236.373883928572,0.06676144150033213
22379.385219909003,0.06497480484095186
22520.825845812535,0.0685657459556023
22661.184144991697,0.06745609725290223
22803.13544827586,0.06943486168615559
22946.534316427784,0.0733994003716977
23084.923098240266,0.07245134525144782
23224.179590141233,0.07651656180813526
23364.257103448275,0.0755247845980722
23506.41009681881,0.07426716547620582
23647.761376248614,0.07657778314507499
23788.325319622014,0.0741458737582748
23933.591446644663,0.07487154549756925
24077.4404447533,0.07390930587346178
24218.799669102442,0.07233880169649724
24357.64459161148,0.07211090121605297
24496.97286446075,0.07284801739774448
24636.732298739087,0.0701340968305786
24777.140547263683,0.06724704829630854
24918.299667497922,0.07225267619543743
25058.53017539014,0.06963572661962292
25203.614469497857,0.07037845323421728
25349.591692136706,0.06543177191915982
25499.100165334803,0.0669938490772735
25645.320503945728,0.06724819528871219
25794.367191818685,0.06850874505119832
25941.039163763067,0.06706086779044713
26086.363149951983,0.06745641136734501
26231.032549728752,0.06658902959413031
26375.821946169774,0.07022803505930728
26521.043640381162,0.06854846976100618
26667.538026224982,0.06596043871529404
26814.223488533706,0.06560922007550943
26959.976499861765,0.06301039849650711
27106.798401543336,0.0638036392282835
27250.93496609935,0.0681429599248389
27393.775365344467,0.06781566781842985
27537.118337475837,0.07110613446970392
27680.75506268081,0.0691435387363492
27825.068573014993,0.06928058381568271
27969.554556769464,0.06813002425909669
28117.245910729136,0.06830244966495684
28262.31761136395,0.07049973113809903
28405.886369919823,0.06862905248790303
28552.971670601306,0.06730181259913084
28702.29620951068,0.0693099762859187
28854.65236051502,0.07082098753774424
29009.34784411277,0.06974563626669995
29157.6134384073,0.07080850170968962
29303.909544258207,0.07003664292346823
29450.893731838936,0.06909996145262892
29600.83522412839,0.06951179491311424
29750.32427184466,0.07030160552079719
29900.689626556017,0.06902899842856547
30051.420426238583,0.06759349482758376
30208.518044077136,0.06815563812041198
30370.826779285515,0.064579026029425
30528.203150912104,0.06443335451685647
30685.206963517823,0.0639362104782369
30847.05153068292,0.06417897723755511
31105.794044355844,0.0648913288664018
31461.124469413233,0.0628135968607258
31808.2193556428,0.061980672260969275
32154.28547371047,0.06333850356414218
32498.91867638811,0.06281269482479021
32834.58193500093,0.06368326277786113
33167.61226403301,0.061862415482893986
33503.146262525675,0.060971691788043195
33835.7444590123,0.0600720800328229
34168.88614634756,0.059336958996160434
34507.08711908768,0.06017834259790254
34852.34351811436,0.06031212882365625
35194.393445692884,0.059755853668353856
35524.31550068587,0.06470360906050907
35851.000996388095,0.0650668833469502
36179.61534616346,0.06792138302755109
36504.15315651849,0.07028244623607434
36830.48380642741,0.06998059731897627
37159.07920792079,0.06859604388832166
37474.2475,0.06830704116780315
37784.91145865786,0.0651208150087653
38115.37883129828,0.05968063617861959
38455.59046011503,0.06117235407348865
38790.127761528405,0.05932371838700755
39131.07892600687,0.059220131072806916
39467.703590384015,0.05951292323645307
39803.69925280199,0.060377671300435
40137.242456425316,0.058400953039156045
40475.25476398057,0.0627729722540489
40802.30786502838,0.06509980550055881
41133.36304578675,0.06569334061451632
41465.482812305396,0.06478418970067716
41809.76248751249,0.0623089979900944
42161.52054708968,0.06037827786664487
42513.688665710186,0.06269519152506528
42864.5825436409,0.06362439210749804
43226.098709234895,0.0634608790750992
43589.14533217001,0.06572191070894368
43947.890719590585,0.0671379844213324
44305.55755193711,0.06339814676577249
44671.012481278085,0.06019143699978297
45035.32115468545,0.06219310151232673
45387.18286070427,0.061459339557515494
45729.609794136,0.0636271857765558
46067.812503903566,0.06282100275132295
46403.76573317533,0.06150066373652293
46742.17229771849,0.06069292475612749
47077.50636545182,0.06108533295341966
47410.82470566249,0.06199275401211485
47754.66198501873,0.06038097396075868
48105.10826636766,0.06111009361446156
48453.0236131934,0.06021479194038664
48787.77795098834,0.05997458996036344
49116.60525003118,0.06074405468271957
49453.19630945702,0.059268709772579774
49799.847032390935,0.05942277587010325
50152.3786159601,0.05900399106449239
50493.26042707293,0.05646860617416919
50828.14925093633,0.05646086626527862
51160.70338983051,0.0554834696130847
51491.42019584607,0.05479712274685859
51821.442973141784,0.05634180283627161
52158.109706743046,0.05784691709365864
52492.644795110085,0.05537589970245296
52822.89398961786,0.05525998593703386
53161.345937850994,0.05933897904710359
53502.93467711833,0.060726520354465796
53841.18190885855,0.06121883408707618
54176.85605350335,0.06096490741242465
54520.77720982421,0.06056242825121821
54867.83694092695,0.058791363371315415
55204.17883895131,0.06014009985509883
55535.29528737065,0.05961848834380008
55878.29158866841,0.05647737169142163
56218.48713155107,0.053887889984378705
56554.54212957184,0.05579168118752504
56884.03346211366,0.05849499505921975
57206.667395787765,0.057366355759483116
57525.76759247727,0.06146162823762258
57852.29573151678,0.05780746216360012
58181.1683377966,0.05886043256568388
58505.841835778956,0.05933534337722343
58837.615499533145,0.0606669546758667
59166.879817602596,0.06249274834613007
59495.2074166407,0.06352702767749017
59831.10998814648,0.06242136794284106
60161.55043299483,0.059101469193242065
60496.97160154787,0.05683634531107984
60822.83888715223,0.054976108918036184
61148.97175458287,0.056885285894624334
61473.0354959451,0.05937944177299261
61797.85606673722,0.057029421724562254
62130.75224494887,0.05727131993805903
62472.7914375,0.0589567475984617
62819.196052795414,0.05840098652079199
63164.66520979021,0.05956377189187883
63511.36889332004,0.05922581926607599
63859.92357601847,0.05510330117732492
64211.2852768404,0.05515408785064231
64573.78635458167,0.05504147777608174
64936.633272920444,0.051876689915113114
65290.31213404759,0.05173159890915192
65635.05360824743,0.05143000558601024
65974.71289901064,0.05550273772786188
66313.7999499875,0.05674998050693987
66649.2275810567,0.05416867025760976
66976.65369479668,0.05680216548041116
67301.59941301361,0.06032912552801476
67631.8432449298,0.06419803330271667
67956.76877138413,0.0645342495269629
68280.84646578078,0.06684370935860419
68608.12486712937,0.06782668229144725
68943.39720907052,0.0701072687582024
69279.73605832139,0.0716374829922119
69621.83784795906,0.06885743459810291
69967.41694258762,0.06506536923233257
70319.08015457491,0.06302805017515814
70680.32078763709,0.0598006541095505
71040.66799850168,0.057257876676710465
71390.36335906375,0.05910827261173277
71729.65552361909,0.05980108340801388
72053.99482350006,0.06033438856083247
72382.84798454925,0.06277763761286834
72710.46543865127,0.06425917187348329
73037.67694612648,0.06085987251502754
73358.72972298478,0.05821409579702575
73673.97047809263,0.05872585456301444
73987.80580468361,0.05839816625294057
74295.37254290172,0.0578572142305077
74597.98365564566,0.055801558027328085
74899.02825775062,0.05569299034373198
75199.34735396905,0.05938978347308781
75495.6799925159,0.059429218173939806
75791.21245558257,0.05942758820378467
76087.51825956676,0.05506638255158082
76392.4661804127,0.054141460040011725
76703.02004370902,0.053947675994755584
77013.72049496332,0.052049578937460754
77319.97550153115,0.05243314236842115
77623.16827611986,0.05348660130009912
77933.53906152502,0.053030064246369885
78256.10762611461,0.053098161194560456
78588.73333749766,0.05394139466973977
78919.18783464076,0.05487117512873822
79250.98427358961,0.05536256863992353
79592.41159565163,0.05432076006306808
79941.58641091113,0.053441734065444155
80294.79539066892,0.05232954689966141
80650.36902092675,0.053030929483544924
81002.48852008984,0.051906994515186614
81343.54057763085,0.05434020542028107
81682.2665668289,0.052995085986142276
82026.08586204748,0.052563826931221885
82361.35667518862,0.05516656663576127
82692.62230126045,0.05730097070188587
83019.41819433148,0.05814888107809364
83343.29657747355,0.0593179056189072
83666.65596502186,0.058358414611421425
83984.63079222721,0.05612769359670676
84301.38881267149,0.05528909722153449
84623.05943249143,0.055089573289433175
84941.04412775798,0.053765282064817274
85254.51218144433,0.05513626396148293
85566.27979306906,0.05658170704475426
85883.59568884723,0.05819982512430593
86211.44151390447,0.056197662433244214
86544.48417050978,0.05321889020167622
86873.98265427092,0.05222383308353886
87204.51459831197,0.05341354986610642
87534.97193702943,0.05275005842622168
87873.51916593831,0.05632605076912194
88209.05517499066,0.05459039867011714
88544.32688104901,0.05459288966679213
88901.39315598851,0.055710558985198465
89270.93322109988,0.05487462287255152
89641.0052431184,0.05644382672821428
90018.84872799652,0.05769514418836891
90399.5216032014,0.055959803962644036
90779.36795566349,0.05816408163146549
91152.44425707326,0.058798968500236394
91527.38086327346,0.05692526231041006
91899.87630857428,0.05854228013339856
92258.45157068063,0.05863655751752908
92634.42859816582,0.059784116477635756
93000.17200874726,0.05850900959463821
93356.75342380478,0.057785759188513065
93708.5648125,0.05591392193072214
94060.62973343299,0.05652582164033376
94421.23269302731,0.056180773778805024
94774.56712876233,0.05597632341380617
95131.43468777265,0.05571365096819385
95490.15546953047,0.05661602635339963
95848.843178841,0.05664045438436514
96221.9515325193,0.05873571488227675
96595.19032741814,0.059129644002974414
96975.32429061428,0.060038573498779835
97373.70906487362,0.06218079479816192
97773.72560785049,0.05939827631943109
98167.71945447751,0.057137579811729136
98551.52727386073,0.05705961932279241
98928.9442954276,0.05417938133643309
99298.62461711571,0.05333051948179468
99665.27597807127,0.052129308038431584
100041.88363386785,0.05320037201612616
100422.67925233644,0.052667149158362875
100801.01614922384,0.05451788410776514
101173.33256466189,0.056234472629827406
101545.94510561405,0.05707403546591295
101922.66172531921,0.05653318323959648
102295.86936459437,0.056932068518858306
102660.37383528234,0.055227688216415396
103033.63939941437,0.05579755292948652
103413.85513668705,0.05419887696286053
103789.00118380062,0.05549724069843986
104160.1713661884,0.058393579438569536
104533.73136005994,0.058293816832174966
104903.2709959413,0.058270088363160076
105267.91348426421,0.0557184904928945
105631.61621453072,0.05833691775468298
106001.75416796753,0.059562480940503905
106388.70952440394,0.061305247845758644
106777.3822814778,0.060418414563795264
107177.53504614616,0.0584177623038396
107591.32700830161,0.05697120276619032
108015.21377805487,0.05542492773146644
108419.63963738669,0.05846893089398829
108803.93368683718,0.059266116049317086
109174.57762969422,0.05962752659319894
109551.10870784766,0.06103076836754774
109927.05476458099,0.06005433730519416
110288.48936170213,0.05914478852684804
110644.45448305983,0.05963397208917557
110990.37972390531,0.06035581808360299
111330.40364972597,0.06240968989970708
111669.6319730438,0.06202529491553164
112011.15442596399,0.06420489697985762
112360.81716208637,0.062396100444830245
112719.1904047976,0.06246904245219506
113080.07794961338,0.06571207116525357
113453.15704387991,0.06495798228756473
113826.64238121925,0.06968713703984504
114191.15747736498,0.07052630111444998
114536.50562218891,0.06917531311405334
114867.03802588997,0.06682896972215123
115206.68606899994,0.06649471715904728
115548.9337075148,0.0673521062984519
115891.36083182415,0.06879364120525894
116239.30878133966,0.06438294934264406
116587.7177550256,0.06236104040455695
116940.3596759115,0.06263023569883103
117291.98573475363,0.06268139180127968
117636.99331375367,0.06105824085325426
117983.24895514939,0.05977203478464948
118330.36891933977,0.061110139919048324
118679.0675987766,0.06263011736917869
119039.31573040714,0.061452607851998624
119396.7798325628,0.05987677623254241
119757.91349567167,0.05777886641123637
120118.62265917604,0.05773351526249202
120467.80064809622,0.057579340286488874
120823.7291549735,0.05826689860261836
121181.62059705221,0.05798199362625792
121538.28811127745,0.05757014171292015
121902.66836861768,0.05525244667357047
122256.45774691938,0.055550986639924346
122614.1330720418,0.054006830153928674
122976.88828491097,0.054392991558279445
123328.10624376869,0.05506558843116262
123687.56000997568,0.05723836299989274
124037.65685234858,0.05969376019412555
124389.84394109572,0.058987163059351234
124747.41426697483,0.058181876978648774
125115.71326276464,0.0615785928566695
125481.62112421237,0.06050730492800831
125861.9238012097,0.06340742527564555
126249.76534814075,0.05937524979113621
126642.49959483887,0.061274904491095405
127044.72596153847,0.06090028567008036
127444.71186969546,0.06060988730191661
127834.05641792905,0.05943393734248615
128214.42504211118,0.05680534478499363
128596.47067997504,0.05851698138557808
128988.99762988836,0.05639817300144428
129386.75847457627,0.054209251536238096
129786.76294124985,0.05436523801560255
130175.44971892567,0.057162908755783545
130576.66163349348,0.05813157442031296
130972.8721429906,0.05547430728919258
131365.04634481037,0.05152532319005537
131745.5098125,0.05073037860305933
132120.42241056962,0.05209242964382195
132494.1106813077,0.05266111213989109
132881.48966722857,0.05493344878572233
133283.47355949113,0.056096181286960825
133678.83536965467,0.057940603375524265
134068.43043261438,0.054675188460944255
134465.91358563502,0.05687982977280618
134860.937894408,0.05829574002598861
135250.6084273515,0.057269354308237715
135634.94835007173,0.05686371007496084
136022.0440635712,0.0612577554682368
136402.8121640205,0.06303806837795599
136799.5462582493,0.06200296186292271
137203.84851701529,0.06317303619401142
137607.84248581936,0.06256065946129888
138019.21076596808,0.05941341904103658
138417.4641455361,0.05886941667041977
138813.1717032967,0.05675505297254931
139199.58513025052,0.05706693681220004
139574.519990005,0.05724341402838023
139963.53061606642,0.05934122767249114
140352.68711847515,0.05843287941995263
140747.65857918045,0.060748758374062864
141134.28101186757,0.060749577381552705
141522.00740694636,0.06251663009593449
141908.12164356187,0.06385308701955336
142285.45410266018,0.06427578221426562
142662.83879407,0.06552327615641071
143044.0860121091,0.06397545184111401
143427.33918092147,0.06212437994427735
143816.70805557288,0.06111406180986251
144211.2661758283,0.06241458629216989
144616.0009363296,0.06432403292328374
145031.56368394816,0.06586757308786985
145444.63636363635,0.06733204778844903
145843.27911483403,0.06692554745153857
146243.19686954352,0.06331301795204747
146634.19628960965,0.0619816747478116
147023.86124491712,0.06338522861788672
147408.1779175489,0.06328785603232481
147790.8494268627,0.06363674238342087
148166.77655791905,0.06311695299670896
148534.25878234778,0.06437203627014264
148889.2379942622,0.06611420627847985
149250.57294066373,0.062118923570811516
149614.97263868066,0.06358905573573681
149986.265125553,0.06199632585372521
150362.2655381348,0.06224737275061436
150737.03599500936,0.06198788186033641
151101.6702837543,0.06098447869818892
151461.3466309294,0.06165600976160534
151824.28052887614,0.06119225930437816
152192.14074397704,0.062179204554600326
152561.038430345,0.06127608454867735
152939.65470628542,0.06283791108078664
153323.85440947337,0.062434371880937915
153719.75650546022,0.06179485931471648
154115.58457307162,0.05815959042312632
154510.67868279904,0.0608222428265488
154893.5224680586,0.06516631327831238
155275.15305867666,0.0678533002618288
155668.18433667434,0.06810286170225772
156068.22802850357,0.06556810778140115
156467.90357920947,0.06463932534808152
156869.90460115028,0.06603508153685383
157275.58447630922,0.06817643769982326
157681.6327127825,0.06718438339861581
158087.3609341826,0.0659194016662662
158485.9539412095,0.06631510089488177
158872.4640388567,0.06311325846959072
159249.5207410642,0.062363812484561236
159625.7693027317,0.0607385973979453
160010.62074776855,0.058479113594357854
160406.35630819222,0.05695324692209709
160796.88175865295,0.059835320860370446
161196.90461959905,0.058705324588556304
161607.7895360439,0.06108282979159803
162025.19427964778,0.062262341360575096
162441.1447466933,0.06699215755352352
162855.28183690022,0.07089908981741644
163254.97326603104,0.07289466835373341
163638.10043041606,0.0695578423421546
164015.57430997878,0.06859015879667482
164406.19498381877,0.06458225840032418
164815.8945593104,0.06430857775627355
165226.6824594257,0.06563912574598825
165651.00952321672,0.0631561447355972
166077.91666666666,0.0655843351562986
166491.5246882793,0.06653809838178078
166898.8029953198,0.06661266736092464
167302.61098969716,0.06286620882931904
167698.5031779661,0.059948459807230375
168100.94633385335,0.058433359297443636
168513.99875319493,0.05694451404430781
168927.2632957167,0.05845445035549208
169338.31058852962,0.05771866533653294
169739.2507010656,0.0616676627411513
170136.69383561643,0.06385819582328874
170537.105875,0.0676002337010613
170947.03974582607,0.06999549220695053
171352.46330189268,0.06838664454308979
171746.88394137824,0.07166330002022843
172150.58221779467,0.07204581044492338
172564.17313097246,0.07470776011037167
172979.5498281787,0.07318838077858252
173404.02159840657,0.07599526084681843
173820.68383270912,0.08045593250473566
174231.66323538587,0.07954245275842824
174633.0178426602,0.08459222995938398
175039.9613418132,0.08086821322785041
175440.73739705514,0.07623244909412977
175851.2450558363,0.07414594249003438
176266.64473848458,0.06443142163498856
176680.36003488227,0.06313050606894638
177098.93044725843,0.05804874564978273
177517.67063888194,0.05918670817210523
177920.02025174478,0.059993394242129815
178311.58674329982,0.05865819007269639
178699.41284975386,0.058558010397383425
179087.02461115623,0.05594101318760185
179463.0476931698,0.056520434769098356
179844.5485179407,0.055791117949529165
180225.8764985015,0.05621856098847048
180599.57165971748,0.054296063690716885
180985.99050830523,0.057355547566919594
181399.59285357944,0.059814986540212556
181810.956866417,0.06010073197983296
182227.42337451642,0.05961119015268715
182648.39161318462,0.06246892110524446
183061.60626091296,0.0633510006572403
183471.58137646766,0.06625881856201465
183878.67223850806,0.06170986709004356
184283.222874633,0.06123970173614862
184690.5,0.0599714214258536
185087.5307725884,0.0587624118985766
185501.899875467,0.05883894968322687
185917.20198675495,0.058366810915105934
186317.58802641416,0.05822482604951227
186720.6447179359,0.05805571676047613
187121.84765284523,0.06753196609324642
187509.52387780548,0.06657085314159461
187892.0380631474,0.06926299912129756
188269.57839830086,0.07268690857212035
188645.68334997504,0.0731879395561407
189027.38560219205,0.07429775246507465
189416.9581801184,0.0723583879363592
189813.836194519,0.07308523290087149
190203.75261780104,0.07213073344175087
190587.40101079427,0.06765614291936335
190965.32607203047,0.06574408518834177
191348.3250140388,0.06073055559565928
191732.38127027702,0.05794696359535359
192113.6256237525,0.05697440994756489
192492.40019953856,0.05518914758087375
192880.2711272001,0.055676444411961845
193284.540837337,0.053344716647643294
193694.38571784645,0.055613822447439856
194099.7717296421,0.055270182216690854
194505.16820391375,0.05712772085422732
194908.59824945295,0.05551860916829877
195309.36787048567,0.05523730035923455
195700.20425,0.056008675468864524
196090.4801770353,0.05564935224275929
196471.17961013888,0.05394753890774971
196853.7856964553,0.055074130512160674
197229.7711542059,0.056546795233186425
197605.10149812733,0.05941922485590437
197976.32071116657,0.05931093271897992
198348.62040154633,0.056691236396786054
198718.7332084894,0.055918426156725494
199092.78775408404,0.05610391789885111
199478.03258426968,0.05506165835816177
199870.2228941954,0.05577589254131243
200257.19710939447,0.058113313174524756
200646.4115295734,0.05977057374383638
201048.23228100824,0.05841154941627482
201444.3824244313,0.05939713918980682
201840.4611883534,0.060239990404921416
202250.07391440176,0.05795250165396329
202677.73608337494,0.057761312486588695
203110.76958554066,0.05779831077822215
203566.4628799203,0.056254862957843564
204019.44880759146,0.05397716435428997
204460.2615250436,0.058195988466637934
204893.91805737859,0.05779907093850683
205310.81659089494,0.06009525647200596
205732.07622198638,0.05921821789313699
206158.11500342828,0.05818919282291691
206579.0572783428,0.06160011661609212
206985.01598501406,0.06116524626880229
207376.6991702539,0.05878713942990969
207767.60269024785,0.05884435769382135
208150.49641498848,0.060266240695430344
208546.6511191697,0.059096881543737996
208945.1008215086,0.06201201978312139
209361.361518766,0.06233999599622444
209774.4042911495,0.062632979523208
210198.66425722832,0.061368141660436935
210621.3078412996,0.06293273856664314
211051.72918875102,0.05999371996969208
211496.30322098313,0.06090613731953838
211928.7388073681,0.059092567829836816
212360.34673147628,0.06096501417621088
212790.67687796356,0.06076833770915231
213204.85888805785,0.06079852502012378
213604.4051320472,0.06045491228965823
214006.31223891763,0.0568435007622248
214414.53220677184,0.056946742780359855
214827.89534520463,0.05736196750511396
