D,r2
6.062132661628883,0.6301407131901111
9.089981447124304,0.5589673385417933
12.101570680628273,0.5040073925827546
15.110258868648131,0.46885601889663053
18.096194503171247,0.443445156079249
21.11320754716981,0.4370877971758135
24.128735632183908,0.39864811027378566
27.07420091324201,0.4223660940602899
30.11674528301887,0.37054795267769913
33.120631341600905,0.3633552329588455
37.51088348271447,0.3652986336536706
42.01196172248804,0.32447824277455195
45.08281829419036,0.3135293189187623
48.10781990521327,0.31527957571580134
51.10235131396957,0.3360897044786693
54.08491947291362,0.3248795110842796
57.0718085106383,0.29957239124361523
61.539310344827584,0.27276235267893084
66.10619469026548,0.27422479855044357
69.09730538922156,0.31433478931155323
73.59895444361464,0.28495273831343
78.06475903614458,0.26961155161584505
81.0894819466248,0.2496839114630438
85.608934169279,0.27199288517131565
90.07375886524822,0.2662082273167595
93.0936507936508,0.26568506590800334
96.10581222056632,0.25012201050191424
100.56002982848621,0.23363735118207163
105.0912,0.23740417475987097
108.11374407582939,0.2450455993518423
112.59196787148595,0.22169987110996164
117.12633181126331,0.21782416706046645
120.1085626911315,0.22400250752508932
124.58010118043845,0.2050750405905503
129.11920529801324,0.20155870758390332
133.57565217391306,0.2154281152797532
138.15328467153284,0.2086662312334734
142.67961165048544,0.21307322182534735
147.1369150779896,0.20829414903478635
150.11254019292605,0.19408787404356592
154.65259454705364,0.2021063095518339
159.13481228668942,0.2002731128623491
163.56282271944923,0.201859286668924
168.13805970149255,0.1912867611192079
172.62245885769602,0.18383370399664758
178.62645218945488,0.18983795927500619
183.08703374777974,0.19733251433916746
187.57300275482095,0.17613993642819042
192.11692844677137,0.18374198176313744
196.68916349809885,0.17766999929682628
201.1433962264151,0.17255044146906093
205.69530469530469,0.18549344487455702
211.61684011352887,0.16529727941246716
216.10059171597632,0.1794418151802538
220.74285714285713,0.18283513786706782
226.56962025316454,0.1625358356552055
230.9825479930192,0.17500937403764316
235.6842584167425,0.1754490691158727
240.14779270633397,0.17015882167492025
244.59871244635193,0.17501743800141115
250.69230769230768,0.17860751387864846
255.17184643510055,0.17976512017412963
259.5965965965966,0.17022599841263772
265.82834331337324,0.17792475286159357
271.5609264853978,0.17364672927326483
276.138783269962,0.17686021407265914
280.7314629258517,0.16712569082693815
286.69453044375643,0.17685851100751332
291.14957264957263,0.17142247071587227
295.7216014897579,0.15887575499291934
301.61915125136017,0.16915733583033724
307.7064516129032,0.16062291547934615
313.48850574712645,0.16274638721597035
317.9942857142857,0.1587598492219878
322.7497243660419,0.16664470769066034
328.70651013874067,0.16426523033207988
334.62231320368477,0.17203915890949814
340.72886937431394,0.1557819696590554
346.66548881036516,0.15361616880789936
351.10735586481115,0.16230380278722153
355.76914778856525,0.15724969600996366
361.7647058823529,0.1491672648525046
367.70215175537936,0.14233344474495765
373.78700745473907,0.1445244489830537
379.68533034714443,0.14203019746058593
384.2447257383966,0.15502533300821655
388.64926220204313,0.15481899521224285
394.73628691983123,0.13996624056600532
400.62974683544303,0.1342724518276697
406.6643109540636,0.14295450268206616
412.749731471536,0.1270615832003569
418.6031746031746,0.1336988813750107
424.7534090909091,0.13401635774478793
430.5035294117647,0.11844058968607468
435.0776340110906,0.12097833479109527
439.793427230047,0.13108658284737723
446.989010989011,0.11887414962902622
454.22819593787335,0.10422562446527311
458.95384615384614,0.11383347869107185
463.7276940903824,0.12114455925417061
469.70875995449376,0.11801491410826484
475.7522727272727,0.12275365456792355
481.7277970011534,0.12140310629198452
487.80675203725264,0.11470814854359136
493.93672456575683,0.1241863349507795
499.8392857142857,0.11153641463406488
506.9818652849741,0.1123338919138095
514.2850122850123,0.11666071685438988
520.4665127020785,0.12106125952626999
526.6957123098202,0.10211498357016205
532.8498168498169,0.1279970334964102
538.7278250303767,0.10663960652507075
544.76625,0.10270970983303922
550.9275534441805,0.11247257712789363
556.7798594847775,0.10952700374640113
563.9990627928772,0.1019729517986386
571.140625,0.113091939808806
577.8354577056779,0.10235746870474337
583.7592339261286,0.10547400589955012
589.7882352941176,0.12026937180391573
595.8657957244656,0.09962426502229278
603.3770028275212,0.11850724643160246
610.7740693196406,0.11371406348614156
616.9316770186335,0.11265789332295406
622.922193877551,0.09937085257708134
628.8659793814433,0.10908505012155774
636.3551316984559,0.09997528181355474
643.8909090909091,0.09159906790512776
649.9230769230769,0.10493634737578683
655.8399487836108,0.09696565761541821
662.9689621726479,0.1133171003941193
670.4658314350797,0.09340314955225856
676.754248366013,0.09629610866436068
682.8607277289836,0.08113526962818846
688.9798927613941,0.09059025513183912
696.2854368932038,0.09177428975520784
703.6337135614702,0.09794985873264246
710.0027100271003,0.08006283648693173
717.5252621544328,0.08995239137850902
725.0028089887641,0.08482990504425302
731.903664921466,0.08827675058061259
739.4706616729088,0.0871237980968245
746.9733333333334,0.08434951125571316
754.5285171102662,0.08626466285553523
761.902466367713,0.08170035175784572
769.5297691373025,0.08120969404686122
775.9793103448276,0.07886482571615659
783.2878338278932,0.0722951105994023
790.5881542699725,0.07855785091753484
798.3607723577236,0.07266838149330544
805.7291381668947,0.07259441453686843
813.5005313496281,0.07770228712923004
822.1550741163056,0.08488471938207734
829.5051948051948,0.0691318384858845
837.1966850828729,0.07627424608617697
844.9090909090909,0.08062925988210742
852.6340257171117,0.08058334231636081
861.2379310344828,0.07741178564887587
868.682993197279,0.08087091561044443
876.6978021978022,0.07541145210222405
885.6875712656785,0.07256419248891947
894.2482517482517,0.07054059991917866
901.7428998505231,0.07354610172822726
909.5449438202247,0.07742905539590793
918.2433581296493,0.07275351647346653
926.7990970654628,0.07102841763718494
935.5141509433962,0.07109546536186839
943.4733044733044,0.0696792364529153
951.6330178759201,0.07567658586267244
960.7644341801386,0.07759107155383352
969.2523923444976,0.07195503462081322
977.7053364269142,0.07247861713035822
985.6215083798883,0.0751922048567814
994.4182004089979,0.08451393686877588
1004.3520782396088,0.07344992449314708
1013.3601895734597,0.07077132553975594
1022.1001137656427,0.0748818570961584
1030.463186077644,0.07735780606936093
1038.6885057471263,0.07198731745289833
1047.7371937639198,0.0743782949200412
1056.2872727272727,0.07085733206814379
1064.7531285551763,0.07074327498956862
1073.3581920903955,0.06904124015726772
1081.5640326975476,0.07364279101344876
1089.588888888889,0.07082894247908465
1098.303611738149,0.07038734419071636
1106.579743888242,0.06391295429955171
1114.422708618331,0.06945143748807805
1122.6491596638655,0.07205758346918134
1131.9383886255923,0.06746646512135665
1140.5461077844311,0.06280708511723923
1149.7037037037037,0.06644785541826856
1158.3663484486874,0.06514200447583071
1166.6564417177915,0.0690059706282883
1175.0736342042755,0.07694227499289398
1184.6163594470047,0.0692898470653359
1194.1749696233294,0.07078929670312267
1203.039727582293,0.07083980062537773
1211.986111111111,0.06570933282258916
1220.8846641318123,0.07588291170226849
1229.2077777777777,0.06757302215349588
1238.2829268292683,0.06653625864035592
1246.3699731903484,0.07012078895307614
1255.6139630390144,0.0676795158456537
1264.5406824146983,0.06698299381529546
1272.7049763033176,0.07136834323390519
1281.6511627906978,0.06941324420885879
1290.6392694063927,0.06707484273008575
1299.799539170507,0.06795105653735464
1308.789592760181,0.0678969913655074
1317.167088607595,0.06428951444099147
1325.9179954441913,0.0730884845471343
1335.2948717948718,0.06489679484090802
1344.3736780258519,0.060541217247154486
1352.6503579952268,0.06121189342907902
1360.4089673913043,0.059763128249901744
1368.7931428571428,0.05436256556166518
1378.5164718384697,0.059728923447997344
1388.3100381194408,0.059721713051479774
1397.24480369515,0.06157716598973575
1406.2575406032483,0.05979839005639352
1415.1380510440836,0.06168731060910433
1423.489218328841,0.05883046791474883
1431.8983451536642,0.06019448562401813
1440.7593457943926,0.05718284502148505
1449.7261761158022,0.05519579532219428
1458.7348130841121,0.06151657131885975
1467.6923076923076,0.057409874175719904
1477.6047966631909,0.055409699451620616
1487.3164556962026,0.05300414549294084
1496.563063063063,0.058218110172534095
1505.9057043073342,0.05324589405392166
1514.9750593824228,0.05517285140369096
1524.5399239543726,0.05632683571227986
1534.983388704319,0.05386672020373763
1545.622619047619,0.04923229462317354
1555.6326061997704,0.054518704994771496
1566.3500627352573,0.05669558382936359
1576.8425196850394,0.05626673584723334
1586.2073324905184,0.048313367281469594
1595.9864253393664,0.06031461609229113
1606.5420560747664,0.056160675953432826
1616.6273525721456,0.05895233338294373
1626.3563218390805,0.05742088572009015
1635.9248768472905,0.06047175865698059
1645.4527649769586,0.05612296351375972
1656.0780379041248,0.047627324873878024
1665.8543307086613,0.05478873020156874
1675.546485260771,0.05541875252702534
1685.3286052009457,0.05324452120452176
1695.4258373205741,0.0552667053485841
1705.6734926052332,0.05558699052409347
1716.0536992840096,0.057460930187035526
1725.8125,0.056332895357974005
1735.8082788671024,0.05937305558620579
1746.3129675810474,0.05961845392424067
1756.5249709639954,0.055408493284733074
1766.6170468187274,0.05544689516417084
1776.4613610149943,0.05613039018455685
1786.5162846803378,0.0582798148344715
1796.9324942791761,0.05258185212046811
1807.5617715617716,0.05462558920925065
1817.394801980198,0.04996982197086762
1827.9559819413093,0.05416318402368375
1839.108644859813,0.05517642188472678
1849.508495145631,0.054036329423493706
1859.8117106773823,0.060266237725082224
1869.8703703703704,0.05465928001507087
1879.892857142857,0.0550761123222952
1890.3874709976799,0.054546029605018635
1900.7009685230025,0.051267605064076106
1910.2812135355894,0.051906020721883814
1927.010314595152,0.05182130278753473
1950.2981400437636,0.05052135084819435
1972.2088675213674,0.05078382280203697
1995.042399172699,0.05402928382789127
2017.3394298009682,0.053145011250926945
2039.5179934569248,0.05424105152454179
2062.0244420828903,0.05040853741031692
2085.1504282655246,0.0512707904704397
2109.382212811011,0.05795590186308863
2135.067981318111,0.054553365953187556
2159.550987720235,0.05253734411146906
2182.378164556962,0.05299772788662335
2205.2837837837837,0.050741926077975445
2227.8685497012493,0.04869251531410098
2251.5263157894738,0.04878994378329445
2275.782152230971,0.04846761037917176
2299.90367965368,0.04900727333620023
2323.50936329588,0.04845058742190551
2347.4208556149733,0.05043255551898331
2371.117552334944,0.045139316768337
2397.1896463352127,0.05039270210370223
2421.2668493150686,0.048808520359886795
2443.938330675173,0.050298770547738354
2469.3254344391785,0.048429754138274404
2494.1653290529694,0.047038727388835765
2518.0931449502878,0.04636525488770927
2542.4387308533915,0.0474115123241257
2566.5209105346744,0.04652851146482731
2590.4840255591052,0.049085076674381944
2614.7008368200836,0.04389224471436376
2639.022392135445,0.046738249962411535
2663.5344918378096,0.04612151402637482
2687.414686825054,0.04693934213056636
2711.763212435233,0.045961384288696665
2737.4965333333334,0.04141771169721855
2760.658388520971,0.04471958783687499
2784.5145681581685,0.042280788322850614
2809.1200215285253,0.04568879237969041
2833.076803321225,0.042072317795200424
2857.4457509353288,0.04421045507060015
2881.3461117196057,0.04104760506348744
2904.5708994708993,0.04686356979897692
2928.2452002194186,0.04470198896968752
2952.2348406988694,0.043005308828598425
2976.811540497618,0.04524457598404643
3001.795491143317,0.04296734880447427
3026.165528113505,0.043288359227680394
3050.680043980209,0.04283729021066455
3075.216594827586,0.04522103673018793
3099.4235785080855,0.04281025121514898
3123.7881981032665,0.04386005973663903
3149.443104352386,0.04223315695202198
3173.2879291251384,0.04337107820284042
3198.3023255813955,0.04303189479148784
3223.907309322034,0.042166573741658754
3248.753607696419,0.04420629898778284
3273.6746856205577,0.048214171777786266
3298.079604578564,0.04463956674991597
3321.9216965742253,0.045550709155917385
3347.4906666666666,0.04723436099567026
3375.2169562927857,0.04748708937944516
3401.4582887700535,0.04782467531530636
3428.091911764706,0.04770055575240671
3454.771505376344,0.042508718683803355
3480.864836325238,0.04222787165634222
3506.556455969746,0.04917977212152511
3533.0526315789475,0.04412105429887234
3560.560368164591,0.04440825878539612
3587.848566792861,0.04475807604086101
3615.6220145379025,0.04234167747420944
3644.6464480874315,0.044777433589213315
3672.4138666666668,0.048306490918345796
3699.6321779617174,0.042001566104129154
3727.7105121293803,0.04172391646498183
3756.263836646964,0.04554605204638901
3785.920874544508,0.0427329432766012
3814.06301369863,0.04228047549297084
3842.231096911608,0.04569134916785384
3870.6892109500805,0.0431568429812487
3897.794722955145,0.045772353355685434
3926.064968814969,0.04474934691452688
3955.58594997339,0.04148135186980374
3985.826759061834,0.04649089468121304
4014.904109589041,0.043825820926942496
4045.045525902669,0.04529283633308545
4075.741883980841,0.04579334001912593
4104.962803234502,0.04433699014910629
4134.501067235859,0.044495763656273744
4164.7852206273255,0.04539304646147853
4195.285490605428,0.04000604038223937
4226.592217484009,0.040920722023854314
4255.889717634524,0.04414066852494259
4285.651175213675,0.04425077468724356
4316.404851752021,0.04052847765424688
4346.2806553911205,0.044647161564551674
4376.189719130895,0.04454004223696601
4406.208533333333,0.04525520694434496
4437.0816,0.04553220645158915
4468.257399577167,0.046312203327730936
4499.1328,0.04519337381502935
4530.232201533407,0.044935440632980425
4560.898358920063,0.04613401206963635
4592.684378320935,0.042525151142740386
4624.451167728238,0.05091016987371568
4657.137727759914,0.046906173333833574
4689.307241746539,0.04573410702848513
4720.273684210526,0.045362078447270825
4751.472908995265,0.04609653333377497
4782.970651013874,0.043744277176803674
4814.618181818182,0.04590925304429929
4844.810064935065,0.051175841879496364
4876.932425353588,0.04389701055215894
4909.136242682278,0.048501992170259786
4941.069361004916,0.04704106974725437
4973.74908328968,0.04397045901342182
5005.227151256013,0.04231656940826462
5037.813550420168,0.042304713179048624
5071.121131270011,0.046258093680271166
5104.714362560517,0.043374325529053015
5137.465915190553,0.04110153301967225
5170.151611199155,0.04509038062357538
5203.429104477612,0.04118233632105611
5237.987875593041,0.04148441008010105
5271.241617881852,0.042517854124042596
5302.640928725702,0.043823772976844935
5335.46875,0.043670425159683626
5366.665763813651,0.039521682983491006
5399.865033871808,0.044085770982290245
5432.017590618337,0.04366779718030507
5463.019179541822,0.04145259496896834
5494.200870985303,0.042102835358126395
5524.611437733832,0.04331334121053729
5555.742487046632,0.04485765216344492
5586.9108589951375,0.04108773683319824
5618.5115653577195,0.04457076863391693
5650.198540906722,0.041009550610009576
5683.184540010888,0.04110141629500909
5716.365303983229,0.04522363410331241
5749.989645776567,0.04596376211474255
5784.13850996852,0.03931657413269346
5816.88644884842,0.04126469837221969
5850.222863135816,0.04361599751399527
5883.584965590259,0.03944887702254689
5917.452253218884,0.040462076935035465
5950.625538793103,0.044623370333394294
5985.699891657639,0.04411128733513779
6020.172947857512,0.04519637716893425
6054.672264355363,0.05046315437699841
6089.324584895554,0.04517212337489483
6123.432203389831,0.042637853255140475
6158.895397489539,0.0415834340694205
6193.10320855615,0.03751915742584938
6225.118356164384,0.04174581739755395
6257.0015665796345,0.045255081396379904
6291.375531914894,0.04107238035061256
6326.124736842105,0.041794868141644244
6360.430125067972,0.04216709197786203
6395.018997361478,0.0439451816601589
6429.573709419904,0.0461792941024852
6464.702545068929,0.041930932593347826
6498.767329392799,0.04351804652744682
6533.130343007915,0.047116888961421806
6568.198707592892,0.04710752380251777
6601.731733333333,0.04564524004036137
6635.869193806727,0.042809862643582025
6668.402889245586,0.043015190120111055
6701.624479166667,0.04255571523346892
6733.591648590022,0.04140849287562132
6766.193205944798,0.041629987101122264
6801.107429182255,0.04567090279830618
6837.635113696457,0.04782593051195436
6873.646866485014,0.04844850961782395
6909.6047349459595,0.04119484077189522
6947.426406926407,0.043212489350367776
6985.576759061833,0.0456242017158601
7023.439531166756,0.043438509125845744
7058.840703249867,0.04663959922647216
7094.911532385466,0.047803050790812124
7131.787911494873,0.043526927948515384
7166.481246698362,0.04264908904261007
7202.209642470206,0.045710386746688
7237.174711437566,0.043571092959192904
7274.0147136100895,0.040348729645695004
7310.359808102346,0.044910830280414815
7346.335522714833,0.04342556376479886
7380.54401686874,0.04123377544979341
7415.85881104034,0.040214287806590934
7452.826064109301,0.044659667649588515
7488.856836461126,0.04603933631136314
7523.59601936525,0.03848399454265187
7559.931216931217,0.04572774370717189
7598.185972369819,0.04537473552792605
7635.337794432548,0.04279959916453575
7670.955380577428,0.042975119647268446
7705.871529667937,0.04128909640426742
7741.764798323729,0.038738495167736926
7779.707907477138,0.04379519673544674
7818.070820021299,0.044283233907886334
7854.552,0.0456567747398203
7890.33014354067,0.046055158054098766
7927.2609860664525,0.04316932163056561
7964.667735042735,0.040841320630444565
8002.439227960354,0.04092239166593525
8039.889893617022,0.04423229482120383
8075.470117395945,0.04419452399393257
8112.41590048675,0.041485614357483463
8148.389589905363,0.042155310503987034
8185.408396946565,0.04234014160870676
8221.38252530634,0.04229737955572003
8258.050891920251,0.04041917479885522
8294.46590909091,0.04354093826061926
8329.514013749338,0.04488105018960523
8366.472602739726,0.04335375914577734
8402.46483342147,0.043255607550999935
8438.937837837839,0.046211554736031356
8476.832977588047,0.042185360177716034
8514.854957805906,0.044690487075899156
8552.163723916532,0.050660921404138
8587.630712008502,0.04417803027313382
8623.419164882227,0.04876198996097721
8658.92047286405,0.047376791024286054
8693.86166842661,0.0456869647547804
8729.583113456465,0.04441859720344049
8766.051214361141,0.04785627940609245
8805.573717948719,0.045217747033073144
8844.573275862069,0.042616500366116014
8883.47311827957,0.047916759555016016
8921.131190727081,0.044392780212937945
8959.221923696938,0.04357503396425699
8998.696399785062,0.04336448689437034
9036.68809272919,0.04151915304780105
9073.868703108254,0.04109547100482134
9110.46101159115,0.04165139227033555
9147.818867924529,0.04202188527553017
9185.329984135378,0.04463681697890702
9223.414009409305,0.038737287600357814
9261.026315789473,0.04162660630328478
9299.68969126112,0.0444760510633453
9340.506695232994,0.044370441815078654
9379.708553326294,0.04034661895695154
9420.860651361452,0.039949402148249075
9461.275092936803,0.045665799245869367
9500.455135135135,0.04304294830908738
9538.466981132075,0.04494450979531763
9578.820430107527,0.04722465019220987
9621.107675906183,0.046795007580916904
9661.590933333333,0.044546491363998256
9703.251964379257,0.04166209025467795
9743.252432432433,0.04644758773550077
9782.079827400215,0.04522817051071095
9823.145042194094,0.042990838837304084
9863.332099418298,0.04282739740590692
9903.72192513369,0.041626552429424174
9943.730150214593,0.04265060066260465
9982.731335436383,0.0469085647713771
10024.334925690022,0.04392447149590339
10062.891422366993,0.043740259577517024
10101.782172995781,0.047396525390687595
10142.562798092209,0.050270850752605144
10187.077371489137,0.046610579162541764
10230.532292787944,0.04528794327263253
10273.008966244726,0.042620593608993326
10313.608695652174,0.03916434331033812
10353.408828166053,0.04211251404961517
10394.769849785407,0.044367982546045445
10435.736245954693,0.04275540910417916
10478.23622881356,0.0418047293170915
10520.698454981353,0.04130828015388993
10562.554783538215,0.04162372378192135
10606.294549266247,0.041631081443705475
10649.058918050348,0.03976161554792214
10689.712072649572,0.041087337579823024
10731.50265674814,0.039372879328215274
10774.154091392136,0.04014053368508873
10814.040236051502,0.03802532118299221
10853.959129511677,0.038287729936233035
10896.084087280467,0.0422255357008149
10936.448979591836,0.04197990861565556
10975.747096092926,0.043896676755351346
11017.304278922345,0.04200807249976202
11058.222764227643,0.04669678432092384
11099.76979936642,0.04144101965175496
11140.493879723257,0.04186611228543756
11184.983931440815,0.040796680007873995
11228.43492063492,0.042160314019152635
11267.885532591416,0.04156619922090865
11309.08244680851,0.04266920296215723
11350.005422993492,0.037066296718748906
11390.62654486835,0.04451360675657968
11432.235635213496,0.03999522412007812
11474.192429022081,0.04399454567321438
11517.598938992043,0.042163070309655264
11557.438461538462,0.04565091513089828
11595.780231335437,0.04173714324124262
11636.725,0.04403826320323592
11677.496276595744,0.04425963773932394
11717.857593273779,0.0460012221295778
11757.206246634356,0.044083206897228576
11795.963302752294,0.04269003537078632
11837.000524109015,0.041903545881706986
11877.426212040491,0.04122110401960476
11918.315789473685,0.04105472806029747
11958.377777777778,0.04234270960339
11998.604278074867,0.03872858616162024
12037.979343220339,0.04320477996117095
12078.02938034188,0.03795859418571798
12116.165346011621,0.04029260999436209
12155.72554347826,0.045880702089582934
12195.89557805008,0.04254145697130441
12236.23510638298,0.04409463010443933
12276.504787234042,0.04406084504563386
12316.358169238956,0.04941423079195945
12357.14726209463,0.046990875169725166
12398.402432575356,0.04371203076272458
12438.981540084389,0.04364985656695473
12479.086770219603,0.041711929305300564
12521.418789808917,0.042658741178585285
12564.779836512262,0.0419335342261966
12608.043094496366,0.04259590498378898
12650.618299945858,0.043531561568326424
12691.156512605043,0.04760096325621155
12734.242569002123,0.043761644516109616
12777.086206896553,0.044600864347905576
12818.91451187335,0.044189814317479786
12858.748240389821,0.04123414182712565
12898.244242099625,0.03806075895634956
12938.62836056932,0.04492187950079439
12975.788104089219,0.04604335535270648
13013.064293304995,0.04157821337613613
13050.750668806848,0.04317208075256341
13089.187733333334,0.04235678280572445
13126.126715945089,0.037555782286045655
13164.650323275862,0.04060620071686663
13203.194992008524,0.04014276803672433
13240.060732984293,0.04226551004455108
13280.175704989155,0.04177711129778273
13321.527806925498,0.0408292420036407
13362.305205479452,0.040848874110619875
13402.405966968567,0.03827110948629043
13443.73830793484,0.04045030716348686
13483.764428121722,0.041221793577519254
13524.071082390954,0.04295669404001041
13564.292025862069,0.043044293048028974
13603.124868835257,0.03850660553304471
13644.03492063492,0.04426908028057054
13685.95437466452,0.043134711563095327
13728.970682302772,0.04588475745788231
13769.6816,0.04193661764737501
13810.89318303811,0.03784439003410274
13851.091874668084,0.03882801200436923
13893.99894403379,0.041568438109769824
13935.839266450917,0.041228213443438584
13979.770734284204,0.042106560879986425
14022.941270688734,0.04081412228614102
14066.55227032735,0.04082649655840891
14109.643813604713,0.042144923816662676
14153.21578099839,0.04297968342239287
14193.55426151403,0.04514457495332505
14233.680681213411,0.038880278365067245
14275.027493261456,0.03953096338694732
14318.48855359001,0.046676544045036975
14361.83351235231,0.04474963749767935
14402.362506753107,0.04355535683032627
14447.348982785603,0.04244533498974056
14491.731641468683,0.04100245489104904
14536.818707304257,0.04268814392272272
14582.458926615553,0.038046195756415525
14630.148781752203,0.042493906630133006
14673.970744680852,0.039597895025688085
14715.074706510139,0.04213915007028508
14756.867237687366,0.04009254282927441
14801.649705409749,0.04325111151557266
14847.674827035657,0.046048195862910125
14893.802256851155,0.04435953872890962
14937.237021499737,0.044636750084916875
14981.28609483218,0.04502860086634925
15027.926868905743,0.040543257290580254
15074.405305039787,0.04166979213634667
15120.71330153683,0.04221717658181816
15166.119363395226,0.04356375256074888
15213.66344605475,0.03727005245989884
15262.619680851063,0.04073759945944184
15311.613600421719,0.04275471932684775
15359.434851694916,0.04169565866175466
15405.346782988005,0.04368249293872125
15451.756084656085,0.038853785154639636
15500.8656167979,0.040036386028604695
15550.795090715048,0.03824738582477668
15597.774905761982,0.03726207861140416
15647.122546419097,0.039488133683660526
15694.783456269757,0.036498806160445055
15741.480298189563,0.0407033959250844
15785.504268943436,0.04070425888870725
15829.625734116391,0.044159266973251225
15871.591836734693,0.041943067886736296
15915.497337593184,0.03992584269073186
15960.413978494624,0.04164669322984412
16003.249867934495,0.04360667339820433
16049.723768736616,0.04454544447499385
16094.195920558239,0.04393104303177237
16138.596960167715,0.038666668952035334
16185.430158730158,0.03929154542847641
16231.51066098081,0.038579561210653986
16277.421610169491,0.04205711243386888
16324.819956616053,0.044458893237167875
16368.876195536663,0.04730108112500831
16413.836886993602,0.04159367995624121
16457.08936170213,0.04178319578781115
16500.833684210527,0.03924810464564951
16545.702949061662,0.0405787632182188
16590.587096774194,0.041217353401270744
16636.193290734824,0.04005857812508446
16683.20996818664,0.04279913298535522
16730.7635597683,0.03809861534587449
16777.028692879914,0.040734593521480664
16824.52890792291,0.03785613220546488
16872.104324324326,0.040541851787390545
16921.155857740585,0.04156151101493743
16973.23705285638,0.040033288183237155
17022.673502428494,0.04222542275911611
17074.362619808307,0.043014679016078874
17129.31798941799,0.043258450189463324
17180.620980495518,0.04488932536417579
17233.156957928804,0.04375355206933726
17283.49840425532,0.0444962577503873
17335.854353562005,0.04442487213259378
17389.03311965812,0.045870233165968485
17437.749866666665,0.045552128791923725
17487.097170315003,0.04171551588903867
17537.894111291193,0.038985463351041034
17587.715932914045,0.04326623050168125
17637.876523582407,0.04252881230891965
17684.22102425876,0.041444722288970115
17730.979957805906,0.042823499206618994
17781.454157782515,0.04100659630317872
17829.429641519528,0.04760830215407422
17876.809217577706,0.04623314699785127
17924.48697501329,0.04709722688268739
17970.023155627357,0.039492050924543005
18017.400209533786,0.042773075361232656
18066.342318059298,0.04535131876837081
18116.050079072218,0.047846641761193937
18168.375132275134,0.04380362266505797
18217.9442338928,0.041920102789543265
18268.2588483888,0.0463238536039862
18316.978051391863,0.047162577497306166
18366.204665959704,0.042750643983053574
18414.90918746681,0.04862296068981839
18461.605831533478,0.04265300249128652
18505.50632244468,0.044157820223221934
18552.377358490565,0.04179320759914438
18600.685039370077,0.04202865204609542
18651.0848,0.038511975304712294
18701.37289029536,0.04108503252441172
18753.62812999467,0.04210270238788593
18805.175711982803,0.0403497873511261
18860.570362473347,0.040980632536178785
18915.960929250265,0.042150015625312606
18971.50619278406,0.04475025719013292
19031.547821466524,0.04110440625153895
19092.89064976228,0.03891399900589658
19151.057005860417,0.03970268015830909
19204.66093498119,0.04426006455588806
19260.90379476216,0.04181553790459156
19313.86659551761,0.04071253665557317
19366.65356004251,0.0432466607293557
19421.285714285714,0.04095652617627253
19475.35347593583,0.03994707309630718
19530.078663793105,0.04411833664827331
19585.008961518186,0.0450257983429076
19639.806366047746,0.04050712755756965
19696.18595927117,0.04375101753068252
19752.41104620287,0.04512498549683157
19806.67897271268,0.041971115411697124
19860.077289571203,0.04457316376430043
19916.414270500532,0.04541914317270081
19974.590128755364,0.04424544585700282
20031.089465325567,0.04273529815201546
20090.223635400107,0.043881732406774246
20150.105263157893,0.042864466672483476
20213.59753483387,0.04290336907949381
20275.721224920802,0.042622594694723875
20337.431466666665,0.04209771460259091
20400.676093916754,0.04342527130611618
20463.973516949154,0.041178165392394085
20526.36771779797,0.039562248368463324
20589.04533333333,0.045121899435629456
20655.860353130018,0.05122157498961662
20721.36037934668,0.04356417901975865
20789.143313798613,0.04412006704455025
20858.44827586207,0.044331234121311895
20929.160021551725,0.04094745325458307
20999.21906266456,0.04095950060530402
21068.410021551725,0.04140396104369155
21133.630026809653,0.04437032421967073
21198.632080465854,0.03994919034893565
21264.811181434598,0.038888791304352514
21326.798715203426,0.03995985910036972
21389.337945715808,0.03911820288035045
