D,r2
110.73695924328835,0.3685287758709212
152.88817891373802,0.3482458541493112
198.15827147401907,0.3234394174014252
243.245960502693,0.30731648203722606
289.441893830703,0.2834297672604031
339.02917214191854,0.2726423265428749
389.7948649727285,0.260331524768481
442.30986103687866,0.247636435476032
494.77896138482026,0.24450529539310856
547.2599306851506,0.23123966236061716
601.4222340994121,0.22065966809452367
656.2615530559697,0.22043870196165172
711.6423675191141,0.21804365384965455
768.9579754195851,0.21033810982312998
825.2576736672052,0.19798160487068112
882.3194574996643,0.1934941419643097
941.4199921496795,0.1924539606037282
1000.4216562208294,0.19131617409444077
1059.0103327965646,0.19128574680366758
1118.6774494142705,0.1774643555502661
1178.5915680276632,0.1805640340221731
1237.6191813804173,0.1779585410470425
1297.2288963210701,0.17115469155314583
1356.5644520910535,0.16775496797645004
1416.0820202588632,0.16153589431299187
1474.686882546652,0.15995233787731414
1533.9854490022174,0.15775619906290464
1594.406345247991,0.1568116779329971
1655.447325327511,0.15576368436600546
1718.6515235457064,0.15717392136428765
1781.6864991717284,0.15659075044228948
1845.9415620641562,0.15260898010752608
1909.8588316151204,0.15031001099818028
1973.8504166666667,0.1502104431256419
2038.0414012738854,0.15482153459853232
2103.361301840154,0.1508739511878706
2168.2437255995537,0.14326008707327748
2232.7909852961384,0.1433345703689125
2297.84850590688,0.1442882524059426
2360.8563896212017,0.13956602138051127
2425.17844377234,0.13988995052666048
2491.2946886700875,0.13964427401292928
2557.520580110497,0.13342069849391783
2623.6409078251186,0.13419464746246618
2689.239658025372,0.13401137729033843
2755.8984623909128,0.13514865847467103
2822.876292925114,0.13369812430543956
2890.238174273859,0.12703676662864755
2956.8360407488985,0.12930729931471613
3023.956028761062,0.12702169540390415
3091.453281423804,0.12571128618895247
3159.6515756157974,0.12067342285203969
3227.299692049272,0.12849361808765952
3296.0772491112934,0.12529826166177832
3365.378928423093,0.12533259972591895
3435.256481739615,0.12382712841726297
3504.0711897464475,0.11932232980936971
3573.7777625820568,0.11716621062493911
3643.3060184547585,0.12056005801172943
3712.8198585494383,0.11677013108906857
3780.9195609891635,0.11590328588108326
3848.6755940118114,0.11349076857528957
3916.4689540213917,0.12038574038347974
3984.6368268833494,0.11302761857199999
4055.818068449494,0.11705077599546572
4124.7686318131255,0.11188897583363071
4192.982375797947,0.11444199157666994
4261.832369942196,0.11259185551326248
4330.138634471274,0.10861824541671514
4399.751973410885,0.1101316385016339
4469.30192334302,0.11119167138655113
4537.7546097324275,0.10889389849149952
4607.339113680154,0.10820693600943704
4677.481700605394,0.10820786594931024
4747.928938237335,0.1100354351193662
4817.617521072268,0.10898596939074823
4889.01088904204,0.10397957136051153
4958.78462613557,0.10712900261640584
5029.721390967027,0.10754747142568788
5100.7622243528285,0.1078462197864224
5173.722283813747,0.11032504320032809
5247.763813500348,0.10432572309981353
5322.116696342967,0.10375614902555012
5397.645746744251,0.10347436405224521
5473.011855527984,0.09894866031361277
5547.4835333519395,0.10019456642063469
5620.676006043126,0.09939928951199081
5693.011694278157,0.10032718795807352
5765.396203054065,0.09921627122767625
5840.008243677518,0.09883335048664342
5914.306716314991,0.09927751533710619
5988.1360497237565,0.09888664261837528
6061.375549450549,0.09982102974081225
6136.855721393034,0.09768171625585895
6211.759026144695,0.0984561511380475
6286.362491252624,0.09649701544153842
6359.310695628265,0.09414605305901588
6433.698060941828,0.09371486326090575
6507.894722298977,0.09438811063476077
6582.498055015282,0.09390493785533773
6656.378367177787,0.09232310903709826
6728.923224568138,0.09223828553018257
6803.8672800780705,0.09241977864702086
6879.440927391364,0.09142078460190592
6954.484135667396,0.08999597675338498
7027.516503496504,0.09027707054558178
7100.772546872861,0.09320972903553844
7173.8439024390245,0.08917054250144978
7246.289707927677,0.08784546218977611
7319.066620973269,0.08722191590434598
7393.126727473742,0.08958836891101855
7464.076052006151,0.08788222050526492
7537.321737934827,0.08832489576836072
7611.744475138122,0.08850807690382602
7685.679750346741,0.08925437601966142
7759.711025038041,0.08804078003991593
7836.585761407367,0.08872262411445435
7911.823725055432,0.08862759623357759
7985.402098867716,0.08711217059713756
8060.355332776386,0.08903766906944253
8135.233232545354,0.0872104585160096
8208.573361227336,0.08475361386089543
8283.014199062587,0.08459374275395444
8358.402017689332,0.0859494555356925
8432.246701484331,0.08561635032314968
8505.558901435941,0.08136956443168288
8577.87412298803,0.08490003384602605
8651.24718789057,0.08352970551917914
8726.16155334439,0.08280132539514579
8801.071713695801,0.08314396602473516
8874.298032649644,0.08403739560234606
8948.458905992304,0.08732737532053125
9025.56643454039,0.08487860631005748
9103.150006893698,0.083895136917434
9181.578451737987,0.08305224469253239
9258.571468182448,0.08093305118597659
9333.761983699405,0.0831302621561652
9409.507481296758,0.08124169165571266
9485.972708476913,0.08153648244584472
9563.849009558111,0.08387701612651108
9642.063622651858,0.08279092198998508
9719.45884486607,0.08148361582214339
9796.591015894955,0.08302569712549847
9873.550666296502,0.08150401242653242
9950.870281400137,0.08071574054175672
10028.491597796143,0.08197654527116062
10106.114131188462,0.0829753269019591
10182.367034482759,0.08240507189019573
10259.492050209205,0.08195617500702475
10336.897252747252,0.08116196247132688
10413.891861915985,0.08252837921235891
10488.33775481709,0.08116141376508415
10564.90391214825,0.07733649592419213
10642.428412566027,0.0809800261824226
10719.745320948288,0.07856095421745743
10797.932075987426,0.0814966263392262
10877.004196978176,0.07902929816288176
10956.81427000275,0.07800995369088806
11037.720795360397,0.07797876191753868
11119.10595567867,0.08023047746889984
11199.442837465565,0.07892624576967469
11278.329326251049,0.07739990722734821
11357.948654244306,0.07714522178925091
11435.805752396833,0.07388227073190567
11512.708840005465,0.07479317581591625
11590.54539154539,0.0738247347816197
11667.631717451524,0.07401305343471834
11744.143800743084,0.0751204218255302
11820.575803981623,0.07258540582307463
11897.088922693956,0.0743813694979539
11973.445733222867,0.07727510036372837
12049.895088353973,0.07609178619483163
12127.07455654102,0.07506044008518412
12203.98199807613,0.07485917634072588
12281.974274315588,0.0722022777435392
12360.273668018459,0.07667811855542551
12436.216719547523,0.07492301850046651
12513.101831298558,0.07504223226519122
12591.262693156732,0.07606266669757243
12667.438698915763,0.07636148246375245
12745.466557242511,0.07636182613878235
12826.710184929616,0.07484240924500178
12906.865715484682,0.07304431555450164
12985.627961432507,0.07393807543430951
13063.739106377092,0.07421551891071583
13143.984754841367,0.07361724340075272
13223.450194228635,0.07376515911747733
13302.79283423951,0.07206567916862353
13383.360310421285,0.07042908461084163
13462.159770585826,0.07346076014706202
13541.981610476456,0.07269346713359473
13622.98003579788,0.07467597621909963
13703.214285714286,0.07340863136646078
13784.187852912823,0.07268568763189241
13864.345502867534,0.06928344221013617
13946.099355899685,0.07245728987675552
14025.823627057684,0.07354996285998809
14106.040405442933,0.07210218586313794
14187.38813162605,0.0742663790633282
14265.279335844845,0.07166896021850983
14344.16510989011,0.07028335703456577
14423.319932998325,0.07377074349862503
14503.404296337098,0.07384227611970323
14583.11307225593,0.07287772203436263
14662.648629947413,0.07086242723734089
14744.172490602812,0.07180535049791463
14825.016515276631,0.07001484067984598
14905.236210700496,0.06931231679205233
14987.0,0.07104834734571401
15068.836929460582,0.07008586282087616
15149.501663432215,0.07020594848916678
15231.727825366122,0.07119015894563871
15313.234753550543,0.07143907234678437
15394.738320355951,0.07274135138483363
15476.836628226249,0.07227853424467041
15560.347813940494,0.07159837579502272
15642.750620689656,0.07369465904972544
15724.333333333334,0.07190906112194131
15807.563116233856,0.07226138172674763
15890.043272575484,0.07251525277766775
15973.201180994232,0.07050401601054407
16055.542703150912,0.07034126192192493
16137.53812154696,0.06809112586834414
16219.226068965518,0.06892587633315479
16300.801467534266,0.06927977772721819
16382.41990257481,0.06853981440604702
16463.882238577975,0.06780680639708708
16547.019010883043,0.06615763318367839
16631.44906074318,0.06615869237257507
16716.450529542923,0.06480702700005707
16800.208055555555,0.06788215345930591
16884.271024203474,0.06843356839886515
16966.77804195804,0.069592020710682
17049.986980951075,0.06872170469155223
17133.467276760955,0.06817270274714846
17216.33812154696,0.06936177080239968
17298.79648241206,0.07004290331918997
17381.920641504217,0.06860956343559743
17466.15402583127,0.07249694298011777
17550.736849410132,0.06793116594624898
17634.886351128232,0.07065204332405703
17720.11312595899,0.069701582372367
17805.364528614875,0.06564929139602006
17893.157411216234,0.06642835782373718
17981.85465116279,0.06766990694528181
18068.58846367166,0.06839724842018713
18152.690926667587,0.06689071542592175
18236.321239922156,0.06752999962197075
18321.580041293873,0.06418239527168287
18405.001393339837,0.0653522543757044
18487.6499793132,0.06645009467751575
18571.55139927958,0.06843775881181297
18655.280159384445,0.06674292199213165
18737.39307649358,0.0647320446144331
18818.012951226232,0.0679423949492179
18901.28103946102,0.06775619331150097
18986.233130530974,0.06567588015194006
19069.630985523385,0.06735165194153153
19152.127918220747,0.06662652150102873
19235.13154622081,0.06446783963604492
19317.850256268182,0.06442789185752198
19401.269933554817,0.06257055963285275
19483.249654791493,0.06523874973541782
19566.491753291753,0.06513676177141217
19649.543029969755,0.06172690113618325
19732.399555123036,0.066288233602959
19815.349625104136,0.061710355509555594
19898.02416918429,0.06427055040554193
19980.290665176075,0.0637781436337043
20063.047160731472,0.061962845885401005
20146.638087386644,0.0632508536459349
20229.18137730359,0.06323126069945702
20311.176298971935,0.0634924726966421
20446.9607354316,0.06689887198416014
20633.49572275991,0.06447958616478851
20820.64371332251,0.06349238000475636
21012.89543583988,0.06612732287701842
21206.287910856572,0.06575102205692013
21395.99993745309,0.0664442462732735
21585.5282491143,0.06534261747114486
21773.441697877653,0.06397266419233638
21965.084205281513,0.06095663691513848
22154.131516587677,0.06321835366043767
22346.33854622795,0.06522218751758849
22536.482846966195,0.06457831454898492
22725.81445543323,0.0641736425291096
22912.179515968062,0.06220053098815384
23102.13797822706,0.062086349113795826
23293.76209273183,0.060005596446419
23485.079793519497,0.05662379750442047
23681.709287095367,0.0579105295133564
23879.704897628973,0.05823893656421522
24077.67787831513,0.058943793230125344
24277.59013318327,0.05781634332114807
24475.816388940897,0.05917349099452244
24675.063697437174,0.05942717163948868
24879.54602837323,0.060492056217338115
25084.257777501243,0.059574998447987554
25287.002438871867,0.05914997737284422
25489.50208190914,0.06001555238697275
25692.054526171316,0.061044846646068796
25892.38216759219,0.05928692296926345
26095.972888360153,0.057717769622052544
26303.881186272072,0.058342686319373
26510.272267016688,0.05800952760701485
26717.676637377703,0.05939827023645582
26928.866716632314,0.05995803740470963
27138.720606590115,0.05823106112928197
27348.207652649235,0.0587599045907718
27554.42532609374,0.05906266354694882
27762.994390775944,0.06090904313814512
27971.932660987222,0.059829771332262006
28184.928744939272,0.05857167003824544
28396.08541368362,0.061006019170017155
28604.533736592668,0.059426718108504514
28812.826431828118,0.06080338396951741
29022.563693075484,0.06133087160683563
29232.9644841146,0.05950328210342311
29446.773100360653,0.05941104560547665
29663.769870552187,0.059485412573458546
29878.371599700524,0.05914849120534227
30094.550071664486,0.05729444263117851
30313.437756753392,0.05886147299421654
30531.65067082683,0.05881034836585919
30752.596388177215,0.058592609582858717
30970.437321228703,0.057662973829394636
31188.662271108056,0.059101973659773724
31405.049906542055,0.059777754611304385
31624.73936402824,0.05973404605847062
31842.309121516304,0.057069390824507155
32058.467028510826,0.05870902010071943
32275.35921846805,0.057247558510080565
32491.901617839965,0.057565574821368114
32712.54250657318,0.05819504930756482
32934.7719592496,0.06066124694061736
33150.58851764119,0.058930685291345805
33358.485396904645,0.056429314904263866
33570.49191383078,0.05761335319952819
33789.22767162507,0.05775025346129034
34007.251233681054,0.057170010439814775
34225.41398453094,0.056438154380703084
34440.03013135778,0.05589001545175628
34653.60895876224,0.05587904019529844
34868.62008978675,0.05688683187848949
35086.683529264636,0.055222371234696546
35306.55106237149,0.05570945916151804
35528.218219280716,0.05571580618695911
35749.693379790944,0.05642779469879795
35967.791599152435,0.05603252147200462
36188.16044519477,0.05699466792582091
36410.075806652545,0.05550960157586864
36629.66245014955,0.05623912379668771
36852.49493686711,0.05615604648196534
37075.79850140493,0.05752292304950903
37295.35883084577,0.05819786826215297
37518.774354496694,0.05384243539532626
37740.805875,0.05613200500707842
37961.51856474259,0.05583146991744796
38181.95998002123,0.05783020395751304
38407.22401143994,0.0562387969742494
38632.44175604889,0.05638148033870541
38861.278127925114,0.056408531535007946
39090.816506909,0.05556966617099273
39321.12930872693,0.05613102273005593
39546.39402258689,0.05630402613053364
39778.577922885575,0.05616733988335044
40013.97181426161,0.056291828450378875
40247.78676654182,0.059461302765123354
40481.23604962903,0.056726813999200355
40719.05869890329,0.05637756520097526
40951.29101684342,0.05549388667794916
41179.336597841684,0.05578411262663215
41404.71440174945,0.05427730661767532
41629.218028696196,0.054239502559177824
41853.91271618763,0.056854313324050484
42080.17352739084,0.05546570191456105
42307.04799502642,0.054031419064869406
42535.323829175264,0.052564867958078375
42757.623149478415,0.052282532063828956
42978.16834514485,0.054317405878473606
43195.28887779926,0.05617472463185642
43413.42094738158,0.05405457451264943
43632.275752674796,0.055425453865299464
43860.218911998,0.052819747336259555
44089.796036642365,0.052442153978721595
44308.996249062264,0.05302728496398231
44526.45240169238,0.0525845824899766
44743.8710625,0.05248390957497268
44961.48037383178,0.05150716235686182
45180.54132901134,0.05128287042250665
45399.859718063875,0.05132889820459389
45616.70339194413,0.052573928942978784
45834.770541958045,0.05445950698852465
46049.25854420494,0.05301009700968903
46270.83454805955,0.05277371768817103
46498.12862036749,0.05050762773194482
46729.19039910342,0.052787464561754496
46956.29343605161,0.05411410191543333
47182.573276130075,0.053307075657296345
47406.21898994943,0.0546983498433077
47625.63159210198,0.05225898510090592
47847.013048635825,0.052911151876039855
48072.01106414719,0.05138208266895919
48294.61653150343,0.05215925269836797
48517.56262462612,0.05118081235513527
48741.140168276725,0.05070936988942805
48965.05146966854,0.05222961893851617
49189.32319130326,0.04993551339476403
49419.567085302166,0.049940398205514096
49644.13795688847,0.04800721500171905
49864.346208958945,0.04937093152444221
50084.39826217416,0.04891552329214136
50315.18253573648,0.05111703283336347
50548.26878359795,0.049806475087563244
50779.04662889871,0.05203857552729415
51010.41434910318,0.05193811416133956
51234.08428999251,0.0512639675575613
51452.45771268308,0.052119510334308346
51677.652555562476,0.053236919371637506
51902.10747517642,0.05308166125256392
52128.18184088922,0.05399528367468889
52358.390341299055,0.05425064928301925
52589.478682411434,0.05291334497285067
52822.53890381851,0.05261546564918503
53055.626646687895,0.052415902130314405
53286.83610643734,0.055825555503345586
53519.406750108974,0.0547082449160496
53756.44143356643,0.05317319971962833
53990.06773406717,0.05182522893563151
54222.080368824376,0.05259571416944093
54459.30592330163,0.053636484818228435
54691.26271345468,0.054451501231615865
54921.34758457122,0.05639747401446916
55158.7018482793,0.052769669852121046
55389.85247537099,0.053898216542269624
55617.32898025493,0.05409151327353674
55846.86496759721,0.05320656085701565
56077.074076381534,0.0552612271784393
56307.06502844995,0.05291005572921031
56536.638989169674,0.05240913836312844
56765.266812636844,0.050959819452749404
56989.83345761869,0.05238000515382658
57218.52637822314,0.053148432002628816
57445.15804939043,0.053181417371489105
57676.72712011937,0.052955887170097235
57904.88321350422,0.05160041154935861
58132.18790982327,0.050582628863886266
58357.80673681589,0.050052276413475205
58581.534866330156,0.04955229243727803
58803.305496696994,0.05076364115571678
59026.99370951669,0.04983044311595181
59256.02108283433,0.04967657734790955
59481.68769105995,0.05000691558233381
59703.85684000499,0.048279328267909455
59927.233745936486,0.05086819105530626
60152.73608516996,0.051036349695029286
60376.05795923471,0.05237334680375088
60602.52531368999,0.049582906080869335
60829.16025601193,0.05047586355572795
61059.51897705246,0.05088459967691508
61291.08227532985,0.0494401156470026
61523.06144902169,0.052314750351887714
61753.085550858,0.051503186662839616
61986.25996879875,0.048076727709662995
62220.637481278085,0.049287808606911974
62454.253370786515,0.049280111376798004
62685.56413939545,0.050360388751633865
62913.32663472905,0.04886892114517852
63137.2260017476,0.048761271899343143
63354.89045276203,0.049174218036628206
63575.47465034965,0.04956971390149728
63798.97860929217,0.04975967596091918
64025.08127539856,0.04828871245735478
64247.39906512932,0.04915322243209932
64469.69909079587,0.049577120132509686
64695.54875609451,0.04926002366206599
64923.563778054864,0.048196156397772465
65154.31103491272,0.048929275109931815
65386.87631431593,0.05038089738913883
65623.81847173587,0.05059333447915868
65866.03620700419,0.05008425216253783
66100.17534246575,0.05148473364227962
66334.46804265137,0.04884324340047526
66569.66263331877,0.049312170337564284
66806.62694106642,0.04806283912805137
67043.45133736517,0.04893587166462437
67279.65418639423,0.048231135960583
67511.80466016992,0.047530555718289305
67744.16743462018,0.04714326983987806
67976.37607852944,0.04807539163117578
68203.66932618587,0.04727291954973572
68432.73526105421,0.045794345551476504
68664.39720733075,0.04556368866161874
68896.9040933483,0.04703137832707974
69128.84224299065,0.04686249687338476
69362.15288095387,0.04819353100182874
69596.12453983902,0.04752052809802239
69833.50454885344,0.04811455712805434
70072.43822393822,0.05143549311305126
70304.61309449507,0.047985364871401794
70538.24588220615,0.049130434501104436
70774.39171597634,0.048806148566363575
71009.63122468059,0.04719360066464848
71247.85047779651,0.04702908513036128
71483.36571499969,0.04675700123101212
71716.55923669816,0.04833613625295317
71950.14124117243,0.04596307912544937
72184.1987035652,0.04724416473636298
72414.84758457121,0.046531353037678545
72643.66051844467,0.05020007053761423
72872.6968337073,0.05241606662059691
73100.29084885611,0.05129864970355651
73333.88955335451,0.0520886282426577
73572.57722104211,0.05062870817029802
73810.82085278556,0.05118022483298468
74046.15855641731,0.05066720740613404
74281.39829453504,0.049702210440625984
74517.21561176177,0.05048543040437411
74752.04835481045,0.05044971736046652
74989.66434219538,0.04906495167503478
75228.70553754053,0.049850581828586475
75472.1319765264,0.04891803181754069
75717.60540102283,0.04890612233818924
75962.11539421158,0.04980160827685874
76203.28102942095,0.04984606502235822
76446.7884411783,0.048638172186689026
76688.28558087412,0.050564372099101765
76930.10568649457,0.04962356953341825
77177.402499219,0.05251938223148198
77426.67774314215,0.0529544637664815
77674.23007359362,0.050515065781134794
77928.33580462277,0.050437937235620324
78184.539967577,0.05059896164793113
78436.98771590696,0.051396454549556006
78682.974,0.04935738629740051
78927.93636930754,0.050673940082586674
79179.1467598079,0.050663098560507415
79432.00479930193,0.05092336552750596
79682.36627870791,0.050257998878620536
79929.17514512203,0.0503862810902454
80176.47127367897,0.05096091818069117
80420.60280723643,0.048196221503811164
80662.40593564512,0.048689516850435426
80906.63582554518,0.04865112922636921
81151.16272392485,0.050066712071188686
81393.00549381945,0.05060610509582673
81636.4311932313,0.048929147318948665
81874.63007368552,0.04970359616828183
82114.61494216943,0.04883468840001299
82360.74039537486,0.047919871811273315
82604.51748951881,0.04883270896040095
82851.28856465894,0.048342280890262226
83096.21489507442,0.05063036429119547
83339.13563663626,0.05099235328582908
83590.59198304346,0.049046521416674385
83844.21977337816,0.04839934312436021
84098.431052796,0.05002081229022708
84352.33875186846,0.04872287713267229
84599.56472199739,0.050613200756829214
84848.33202173506,0.04723645001640611
85103.3329998124,0.047465141678724586
85357.9576624184,0.04972967659518056
85613.14547837483,0.04874175743339262
85864.98495348691,0.04704598504125502
86119.96963083063,0.04845729265691996
86378.05131882522,0.048150124596867135
86630.83849226161,0.04822338139223699
86884.86280981443,0.04731459799065546
87131.40354711797,0.04881757244342
87379.36085360542,0.04820012841774731
87633.30758190328,0.04721195977721037
87886.73098029433,0.04642925101649612
88146.43306939336,0.04655581587138081
88406.13405277276,0.04687750181707543
88667.020890668,0.04872999781175036
88930.84758826454,0.04776416444437058
89194.17418429097,0.04994135128895165
89459.25195471321,0.04936194760795667
89725.61861768369,0.048628241694654684
89999.09313205665,0.049864662691404486
90270.89409419386,0.050062363164970244
90546.65023738131,0.04701848271078869
90817.59255564562,0.048338617522961876
91090.09723867108,0.04904721483090702
91357.21334416192,0.04920242481637047
91620.95841645886,0.0496892246517949
91884.40150666168,0.04732781491350682
92149.95087588056,0.04681340819677591
92416.84564470808,0.047892854497766556
92688.14321357285,0.04790427076366957
92966.39778971029,0.04949692661296069
93239.30895169322,0.04981157667320943
93506.00468281718,0.04911986803357925
93781.11031984008,0.04797322478384601
94053.30166344775,0.04860222531996029
94328.21292775666,0.04795501483865855
94608.66101483605,0.04868033828863505
94890.1340855255,0.04835442654927675
95168.30771629966,0.05022671774630293
95446.85738401901,0.052873034581070136
95723.65543187613,0.052644078979829624
95994.45248501499,0.0499082820413631
96274.67239768268,0.048557903017271434
96563.40821421884,0.048618825312953855
96853.95250577295,0.048369296095111015
97145.26632538394,0.047865416089868634
97430.84805235275,0.046108435792006464
97721.86922357343,0.04607808130242616
98014.52382439269,0.04688241246126318
98304.00797209766,0.04732874747731415
98595.09460134966,0.04807331239429271
98882.91361403072,0.04780730291765106
99163.80162297128,0.0482852799423438
99443.39709548741,0.047831560649152165
99723.46589775561,0.047544103471455434
100005.99949912347,0.048596279778440374
100295.47007162878,0.0504407694775062
100588.48654205608,0.04949496418531967
100873.90987954816,0.048437074052722205
101161.11639518193,0.04898045816481154
101443.90570394408,0.050042504621370755
101725.84662271426,0.04893840364665405
102004.32292707292,0.04762433607021024
102284.00349541227,0.04616393706271264
102562.72271055421,0.04637380112902618
102847.73973712079,0.048394257590107397
103131.35413153456,0.04644889471160562
103407.0324731987,0.045594969581891465
103693.79301108757,0.04627612622396681
103973.34256314313,0.04773696407924305
104244.39609902476,0.04762248953214886
104505.93959188752,0.046024189213566165
104770.70960070097,0.045692922250100965
105037.48330941536,0.04563505938207601
105309.96996642208,0.046966422784439674
105578.70823984045,0.04752609907604914
105840.279,0.04807426724811715
106100.39773010726,0.04925931306040321
106368.43309639605,0.049523621199780585
106642.85107047,0.05000087288309454
106920.21760787,0.05106539666663022
107196.76968184653,0.051426515550525506
107476.24197269157,0.05148909758404249
107757.18081388091,0.04927226771209105
108038.03919003115,0.048042633762959294
108318.74303560275,0.04932956388733782
108601.74650087478,0.04939039240680013
108882.53862433863,0.050314080012507395
109162.50799875506,0.04786605880664438
109439.88567674113,0.04635150079253077
109717.80528771384,0.04793385890536351
110004.01519889917,0.0494541360292534
110287.85321957903,0.051218924083712196
110579.78085610882,0.0516454051270056
110879.73057542769,0.051957028291022174
111167.54577861163,0.05039318385154313
111460.29037286445,0.051415892516673174
111752.51898419022,0.05213421926390793
112039.85252045724,0.05146767978496324
112330.29863576901,0.050755807876986726
112629.76721823291,0.04975467550928996
112930.87569284425,0.04836746125938412
113222.49687265449,0.04693044970915452
113508.75882499688,0.04884024150313721
113801.24939225831,0.04794798395501374
114090.54583359264,0.047603520687647366
114368.39527048107,0.04745957567837941
114657.92331709753,0.05013743259561669
114947.38658764816,0.049375825432986034
115237.47956640917,0.047742746276872396
115533.39856608478,0.048196741368836234
115817.6926339425,0.04700380653523237
116102.62351692269,0.04754552173079688
116386.55228900653,0.04832964262747845
116667.02976970605,0.049983978421323565
116957.1112426773,0.04847989809171325
117246.70838282177,0.04569641981125738
117537.15006846757,0.04746558921668267
117826.32718519444,0.04732226718206489
118111.38949139866,0.0471832679345159
118392.53537809364,0.04936339759912753
118680.51679151061,0.04817131532683523
118963.93314676617,0.04775477938543745
119247.08766883441,0.04770554877902247
119537.98858532934,0.047516010798977305
119825.90724601594,0.04721852789031936
120113.81341980543,0.04602708213320949
120398.03444611153,0.04742609669956182
120679.25363086704,0.04359193853918668
120964.77990281585,0.045885174343934285
121254.4744493667,0.046741022694675984
121537.34931720396,0.04627979500673309
121820.62236497444,0.0479625790587578
122108.73397075366,0.049231538884344235
122396.58136638226,0.04849531767113463
122685.11765439801,0.049248112993106406
122967.12306829511,0.04947603314643877
123249.43494539782,0.04917479594652751
123541.03258630376,0.05058523516734246
123833.301390361,0.049665623118727964
124120.49710153961,0.04982011949891614
124410.88191237049,0.04941192486795045
124700.80154623106,0.04956523445024673
124992.83608497914,0.04988953102338147
125290.29224143313,0.049096876696289614
125590.3195715798,0.047374611911401125
125884.4597779995,0.04827031250516335
126178.35875670952,0.04842451463700224
126475.96344435419,0.0485784801168248
126772.40389521499,0.04888131361798569
127074.4771209189,0.05058182438577911
127373.53497942387,0.047725610438566664
127661.61269405823,0.050036081181219653
127950.86736093789,0.04954313587105589
128242.32201061505,0.049971034286830036
128533.88471866609,0.04825244132349795
128824.98889720559,0.04788193277437964
129125.7333042883,0.04814773795282626
129433.91019235573,0.04832566214693311
129741.01065619742,0.048169399400483225
130046.18889582033,0.04737757594132877
130349.9155175641,0.048459586342820576
130652.46431685142,0.04661938799973216
130963.17883280166,0.04739368396747225
131272.37665006227,0.046532853776569
131580.7649037563,0.04761373333042971
131879.729660434,0.04685037089108632
132192.22477292523,0.048254250732957284
132514.35234711054,0.04705530944812317
132835.010993816,0.045160617027272164
133147.86641340225,0.04688712577882519
133456.03401572836,0.046829808351500524
133775.72854739203,0.049390530676331826
134099.89951286535,0.04891739527008479
134422.70350505176,0.047939126662082505
134756.30540304468,0.049273101035304724
135081.94055704406,0.049288163894664894
135393.7264898596,0.0474202779165857
135697.09157303371,0.046610094809493616
136008.3559068841,0.04829063006899198
136327.1996246481,0.04722608633477797
136645.41423141627,0.04855818176358352
136956.95896893097,0.04880748254382155
137270.33566171885,0.04931276155515482
137583.00561832823,0.04762692416083091
137891.4902388823,0.04848762498601474
138206.16220089732,0.05068127042857387
138527.8860459311,0.05104554923203066
138848.590367459,0.05011348052933722
139162.70765965417,0.0521452916623005
139481.7795226522,0.04704462220966533
139814.36879476797,0.04728766121267156
140140.14619809904,0.046260965078802424
140462.06161226015,0.04647792960405683
140785.0793056076,0.04658392746613444
141111.0706014195,0.04663608488987655
141434.1220381369,0.045334598505386174
141754.6803064275,0.046872122127449026
142077.63913206602,0.047620849430183604
142413.0338540046,0.04685632726340755
142750.89698179098,0.045316803116272564
143084.63240613695,0.046935656695559054
143417.46595585486,0.046549899580876464
143753.91181789833,0.045856158197292704
144095.0778282797,0.04666430941693765
144433.30553648336,0.04701617923708495
144778.31756545647,0.046255357575346094
145115.23689453368,0.044968082798325364
145446.86559610098,0.0464547512926898
145782.07110862262,0.04739594783916398
146123.31301904464,0.048617766731962934
146465.30987939762,0.04736580092456617
