D,r2
191.49344241007663,0.6149856636580526
259.2840027229408,0.5894338808952961
328.5254104769351,0.5764720481241035
400.5697157483497,0.5609999430863687
473.1855324849297,0.5572913494968017
547.3431476102455,0.5423360202076323
625.1037698148394,0.5212912768269411
706.2616797550912,0.5155000216562873
788.8143969916733,0.4966684958997229
872.6486271388778,0.48929622877639584
958.09136920618,0.47526165335765275
1044.8195599678024,0.4691768219126959
1131.9318877211654,0.46230269945463426
1220.114441055563,0.4524740284262549
1309.1074446680082,0.44739498591713844
1398.7438410596026,0.43194907460825727
1491.1499262437978,0.41919326182900346
1585.2560392885584,0.4247456140360989
1680.8194037796113,0.422320092094162
1776.2577718478985,0.40886388401280405
1871.7209705372618,0.4056776021465389
1969.3723703604448,0.39750879470784284
2069.0658381808566,0.3953686728051975
2171.488263536943,0.3863394574137142
2271.0681440443213,0.3874195646366775
2369.8571627260085,0.37394152168424877
2470.9562345169284,0.37540985867989757
2572.1088765603326,0.3617339800253697
2672.63800027697,0.3671125614192735
2774.6283577956247,0.3558425271948783
2876.436275862069,0.34848098066137223
2980.570814259953,0.3448275965864938
3086.4151699364465,0.3415035804279242
3193.7745233489914,0.3367780129897915
3301.311500275786,0.32662195089727775
3410.216302684657,0.328710513067919
3519.3882547104936,0.3233097928750282
3630.566158113731,0.315779815156077
3741.781099324976,0.3074897343005914
3853.9857202273674,0.31528135229983323
3967.673205342237,0.30939827308844975
4082.867598229109,0.30040900826230554
4197.920641504217,0.2996233347546492
4311.268588770865,0.2920665540392472
4428.286583679115,0.29237024994183813
4546.4690828607,0.29383521844024196
4664.758402203856,0.28566207752577893
4780.449757449757,0.2823615789057906
4897.8344223550675,0.2849819725715152
5015.969935181354,0.28041626498548256
5135.821842250413,0.27861822431127203
5258.468306922436,0.27578212099216426
5382.395738203957,0.2729263461505872
5506.506683202425,0.27412326054367314
5629.52215320911,0.27327104892328746
5751.467303962317,0.27344034320017374
5872.301642058783,0.2766207711865234
5993.4039210233595,0.2769326999845394
6111.580214639515,0.26882645357466606
6233.260354204434,0.2643305647011914
6355.687439812904,0.2658189307572096
6481.176356320244,0.26201303596978553
6605.761878453039,0.2602230848306192
6733.329911209767,0.2563397404878633
6861.874188647977,0.26000322925365216
6988.022419042347,0.2579576327900257
7115.831192153612,0.2649070620698956
7242.798451755599,0.26363771866987507
7370.397543811232,0.2584330269636494
7501.414169313631,0.25685197805311105
7631.773375813825,0.25107297346891394
7756.834024896266,0.25087099428188275
7885.061363320839,0.24919512262791588
8013.8700993926,0.24485742170909044
8142.227851605759,0.24487633459629787
8271.341530809616,0.24383523872216556
8400.195556168921,0.24286345137001797
8530.022850020772,0.23915291783237252
8659.289528288837,0.24394215432778427
8790.89994464434,0.24568799225789958
8921.369041019956,0.24257553976605425
9051.109370668146,0.24017285981120678
9179.14046266796,0.2375867915931333
9307.755107675317,0.24190489123220354
9436.699292943296,0.24068027794886512
9564.053184141456,0.23230371480995404
9692.830613938053,0.23545696187070755
9823.6145159069,0.23622809944028297
9956.18865051903,0.23699817934537573
10088.755823627287,0.22997851540664688
10223.717466463837,0.23040978470682302
10360.824609860516,0.2304357180236297
10495.667128027682,0.22545142480922734
10631.161032151234,0.22902205694260833
10767.809728381375,0.22024098365761763
10900.445414242173,0.21377117628338974
11033.0512926863,0.21399643842477875
11167.271312491392,0.21569709947942067
11302.352028804875,0.2188177198255521
11438.67821988077,0.21309195854604746
11570.187266952078,0.21957206771072313
11704.163165947975,0.2122556471056383
11839.234385771404,0.2130513478500631
11975.957487922706,0.21166910370677988
12115.90323472491,0.2117592965618655
12254.820417184694,0.20889777988523048
12395.18346969907,0.2053149201305473
12537.734660033168,0.20636486209100738
12674.783256720992,0.19955257815887206
12810.740694959484,0.20770026602253205
12952.204344216934,0.20333469729675552
13092.162871424604,0.20583386416220967
13233.727987855369,0.20913668853888684
13372.55669106477,0.20966812520019673
13513.335552781245,0.2106907663702597
13654.170485919381,0.20864463456126717
13792.488488210818,0.20721398484207487
13932.928295642581,0.20893870471638093
14073.5666712918,0.21513253980233826
14212.297878203362,0.21175871734433754
14353.445719817453,0.20763837115594777
14492.674780915288,0.2128317786824146
14630.920242024202,0.20961968999900135
14769.3713967414,0.20556237656680768
14913.429184549355,0.20528320050991175
15058.227316668968,0.20576093448927962
15200.032832114774,0.21238271033325326
15342.301035196688,0.20458645546548904
15485.096787593464,0.20421561560453771
15627.543078412391,0.20556481297611448
15766.732388495206,0.21184129160606788
15906.745706827862,0.20846462050925518
16046.92711086382,0.2086333378122212
16185.222913211719,0.21334964114900754
16325.522708505367,0.21170334633422497
16465.80784694302,0.20956865786641932
16603.825293711125,0.21770940572289044
16743.5715471907,0.215154777628959
16884.0965545985,0.21860986058380077
17023.729785763648,0.21788304875100775
17165.44265010352,0.22059081365539296
17308.77515201769,0.21345884698822937
17449.388065900595,0.21334973019494927
17593.58989619377,0.2115266575824725
17740.2410441544,0.2162132961372672
17883.737580844914,0.21731973854075004
18025.5335551858,0.22223905014382628
18169.9477313474,0.21969844580919468
18314.604902368093,0.22488528210067335
18461.638896551725,0.22065946917732657
18606.573194444445,0.2228206142372997
18750.19619205298,0.2189921586629763
18892.414080979546,0.22874996540403886
19035.481037098332,0.225406811317262
19180.24431818182,0.22361105485424235
19324.338397790056,0.21949406152319556
19468.181089300524,0.21662432097895773
19614.779541689673,0.2173989685041846
19758.41244813278,0.2189523885554033
19904.025417875397,0.2117228256490736
20047.60301855442,0.21725321340577983
20190.103941160145,0.2164281326485563
20331.64734299517,0.21370806697496766
20472.444090783283,0.21033852964020414
20613.943333333333,0.21158841457930588
20757.464320088,0.2053513562690848
20903.301204819276,0.20980024074099593
21047.656639866924,0.21138330488893403
21191.22600192811,0.20685599376698405
21338.451479126346,0.20271549335713673
21488.247710241467,0.20660177132124968
21638.348509933774,0.20418396619412216
21789.694757335557,0.20551780532894443
21939.426519337016,0.20728874421281993
22089.452650469353,0.20427882849905307
22236.61617138908,0.20357719282976935
22384.541101577637,0.20332796632054081
22531.179309388433,0.20376579548447607
22677.410751206065,0.20786182017607643
22820.83559181416,0.209787475670704
22963.729980604046,0.20520933746559045
23108.51842615683,0.20502219506298008
23250.21120154504,0.20404361225647236
23392.262536463397,0.20591406949384883
23533.51105583195,0.20135811548214205
23677.529062543144,0.20603305201133137
23818.487505177414,0.2028232035845479
23963.1334622824,0.2001859546593095
24112.374930439622,0.19922659106864457
24255.55851137147,0.20056662395909716
24398.049972314508,0.2108265786548444
24543.26193103448,0.20499534803597683
24689.789319983312,0.20333274588499653
24835.57387462027,0.20404087769622992
24981.534401768444,0.20354919338640762
25125.45820091198,0.20274004142605462
25269.313331485588,0.20076233513301403
25412.595951192456,0.19929954441285133
25557.771464122772,0.20567953530756497
25702.141242937854,0.20665568050567942
25846.08387723927,0.19968008305474155
25990.379048931773,0.20250837494561916
26136.458460683523,0.20467064814005959
26283.07203974607,0.20691332960509903
26428.604876697147,0.19761395739176643
26574.523802971933,0.20641717395856415
26719.071458304425,0.20678573067867137
26864.997092218222,0.20557070704952837
27011.64895530649,0.20559648647373607
27159.609934966098,0.2081744033209243
27307.724931129476,0.21046944562754416
27453.575066091555,0.2026378478841125
27601.281804428552,0.21212392629462237
27748.213908939477,0.2033567873358371
27895.93232253618,0.19976555435380833
28043.20693962526,0.20276275536147476
28189.27302813017,0.1997328855398335
28336.92964196503,0.20082198088276124
28484.375482093663,0.19629716855535853
28631.791880995414,0.19924083745948046
28778.42364464064,0.2004836979007755
28924.359678313922,0.20041217247827964
29072.043737850596,0.2035929827838553
29218.547112878892,0.20154326408922152
29363.02425087108,0.19739657855383339
29510.281849551415,0.20419100468211315
29656.989115458804,0.20024558178895818
29801.780030551312,0.20046822668012354
29946.325148296317,0.20353640243733417
30091.740586932447,0.2048944877063347
30238.71261199173,0.20624853284815575
30385.392807553457,0.20586004770858948
30533.150719026547,0.20555280669258302
30681.684973092313,0.20299050927783424
30828.56456082017,0.2005538824491162
30977.803517031294,0.2008476731600736
31126.42421734933,0.20235371027773713
31275.068462713512,0.20093020101780273
31424.739274382675,0.20331770949045574
31574.97007066648,0.21242149550908615
31726.2372157133,0.20824924697925012
31878.545441931456,0.20276916389588073
32028.893669838642,0.21000961904839482
32177.03021021857,0.2085803604067627
32322.99212489638,0.20443613498982094
32470.2553807947,0.20854827003024012
32619.023007623007,0.20990346740149365
32765.654036924774,0.20055686378056078
32911.99210963455,0.20415744074274048
33055.805165949176,0.20279707169685687
33200.53706004141,0.20291522362520814
33343.89502838942,0.1971829737179341
33488.981494268744,0.20386430806170705
33636.18374948269,0.20469197061144598
33783.856984325146,0.20927777203241393
33930.1840388619,0.20395792410833627
34075.35420121614,0.20746799063995916
34224.35099612617,0.2056902617221535
34370.975357929514,0.2021211227042107
34517.59381044487,0.20230833423260391
34667.33495145631,0.20455285938711482
34816.57300732145,0.19908656750202222
34966.624723756904,0.20832036803020937
35118.594239025064,0.19641209794886513
35271.19395535838,0.19528548438791846
35422.993641139066,0.1943995905003574
35574.45630263703,0.19687301843783678
35723.413510889164,0.19555628323053695
35873.02685121107,0.19985908320308773
36023.737306843264,0.1946189548711691
36175.700400940135,0.1940885686826621
36329.358173744105,0.19404833553698955
36479.763179685346,0.19048334614751777
36720.25066982367,0.19002504984848934
37049.89148497532,0.18934426392626522
37379.06402590932,0.19085656028687178
37710.56860421604,0.19193423787714875
38035.89796300925,0.19205168715735454
38355.472871114434,0.19095767334108896
38673.68652057189,0.19154511776630098
38994.314353351605,0.1896346195664933
39317.77148217636,0.1929797232963592
39642.95702808744,0.19468309321996005
39973.18172177168,0.19880628975229
40308.45855148342,0.1991201280305786
40636.550852219516,0.19727086381177975
40972.65142536336,0.19515804045133825
41324.87929207952,0.19801104506781717
41687.05912772586,0.19578389775515215
42046.448131483565,0.19422764502352016
42403.41729931549,0.19811805950701727
42761.68899013856,0.20027520326573636
43125.09352562902,0.19783437086627687
43488.57166001994,0.19548701624114112
43852.35182991458,0.19593903905505447
44218.1406015976,0.1960930125543428
44582.9534361151,0.19285719710585178
44941.08599738269,0.19673187327182615
45298.40139616056,0.1976445204065622
45660.17939431783,0.1973159676507287
46021.0118468637,0.20058692735237596
46380.67792905321,0.20534820032149137
46742.9217077421,0.20412412547721104
47108.18792490489,0.20283949853588543
47479.66417352281,0.20126798344067814
47848.98024012006,0.2044495541714516
48210.038636222234,0.19842919174848855
48579.44459729865,0.19574630456346512
48939.27635593748,0.19838355640228883
49300.92577564142,0.19825319228269758
49661.62277314065,0.20641912540073634
50020.84491578291,0.20302729575888914
50389.70126629655,0.20530273411202912
50751.82499220941,0.20874993910419132
51111.810227627066,0.199908720779882
51478.24848295277,0.2006842436497739
51846.278092510736,0.2092254316139854
52218.14584112732,0.20747174476618174
52590.66733279211,0.20600917899765528
52958.830673316705,0.20613894497902532
53324.08014219783,0.20466900162735274
53696.93934671488,0.20120163370632632
54072.72230879511,0.198698152452681
54444.372697183535,0.2007482702522735
54809.48695760443,0.20408400919276642
55185.041573033704,0.20475989365986852
55559.924141370066,0.20802955478696505
55933.949488650534,0.20486610957231569
56303.97682264009,0.20866031018603545
56667.924146965255,0.21346609192673624
57025.00006241028,0.2120543227016124
57369.846776705075,0.21182647455825251
57713.0937695093,0.20950325854508367
58050.12132742811,0.20304936275431953
58389.96522064323,0.19922481896684194
58734.29915861639,0.20261782342939536
59083.38495602819,0.20434498797181322
59436.7166012094,0.2064079474685022
59785.29680279755,0.2059370905054925
60130.307193616754,0.21200510739860495
60483.40228236468,0.20838033022732513
60841.247063234194,0.20054409050108754
61197.93789749345,0.1977652283538983
61554.37925657977,0.20086351989598505
61910.051194113614,0.20709713047222753
62257.228988581766,0.20846799899018673
62602.657529125914,0.206884053216932
62944.33287654167,0.21022464274015606
63288.09446702094,0.20794706685135358
63633.23127299944,0.212824001152805
63978.17782492044,0.21143686735245593
64324.13705109852,0.21365657378948155
64672.30364170155,0.21464185950982992
65020.752831362784,0.21201760706272002
65376.234144818976,0.2153888364264134
65732.75353736832,0.21060915207662143
66087.41499313958,0.21319573695080987
66430.72971621453,0.21382045273812866
66771.28722010853,0.21424185430404952
67116.87632398754,0.21680125703085748
67474.62766289749,0.21819272003464016
67826.3162222776,0.2195017864879967
68171.82242699707,0.21992293459390325
68525.8226158548,0.2199761265817901
68873.17782909931,0.2166731751480767
69211.67585260926,0.2186599435992484
69548.40950776717,0.21811215846551515
69889.0866225331,0.21749084957724543
70233.68113595317,0.21305796187332582
70586.00941396509,0.2087564499855169
70935.12238787349,0.20411933303012833
71276.63711340206,0.20752053936112796
71617.56270616793,0.2100186503968102
71962.81663646022,0.20435308262842466
72313.99663802765,0.2016047222304444
72668.37402435218,0.2001567090823973
73021.98049358095,0.1992907247488259
73379.42355952307,0.20456030300180525
73731.6753838472,0.20065152448625306
74079.43676086144,0.1974319417705331
74421.95901946108,0.201763313339196
74760.31182392297,0.19583881264340053
75100.1918329177,0.19501439592664202
75437.5735715175,0.19560375404048816
75777.40067382081,0.19453317848109583
76108.60194659347,0.1959035946000771
76441.34279475982,0.19595423354812533
76767.24545624883,0.196194297398696
77086.90559680539,0.20006385778942504
77403.10331712183,0.19584684617999867
77716.41698841698,0.19715614089446895
78033.3348122227,0.197952921752036
78354.39736956928,0.1965843928709492
78677.1882821742,0.19841214377028712
78995.64258531411,0.19989743335090931
79317.79488941647,0.1971268664878427
79639.80243217961,0.19014156176638053
79957.29772274764,0.19062758561033563
80280.90192895936,0.18648668844999236
80602.88455061436,0.18467977333072827
80928.84588976968,0.18567397382599796
81258.4010725198,0.18321346862435128
81587.50765003434,0.18234558438406193
81920.92814819435,0.18905865839264874
82261.3855774017,0.18875721019941355
82609.70072947191,0.18914498121735665
82954.81717538154,0.19554673885729315
83302.10803738318,0.19868224830448922
83649.47590549217,0.20360879657088285
83999.76775683435,0.19892256922428844
84346.43769072679,0.20073107852723354
84691.34518463074,0.19950139125495087
85034.839605567,0.20176656659685746
85376.8094643526,0.20350172827689406
85722.18168785839,0.20348796865840185
86069.51350339924,0.20337865150260007
86415.04015236668,0.20550253418281492
86758.93842226511,0.2058569904010588
87101.61219268688,0.20764622968995322
87449.38176496232,0.20924012445696286
87799.98670411984,0.21157117794942085
88155.2836472496,0.2085005539207669
88518.68714490853,0.20414259157965775
88881.58735897276,0.20577455626162452
89247.17132867133,0.20708737948527592
89609.1139957664,0.1991823031776158
89964.83803696303,0.20724349669433756
90321.66859813084,0.20080833921041444
90677.37717384529,0.19154635260699124
91035.05898140058,0.18757598808291184
91388.7791082008,0.1893769678139137
91737.2259053099,0.1878839746659824
92075.69643634555,0.18711545030019025
92413.86878194739,0.18912401450928934
92750.57982143972,0.19020392819807394
93084.85844520762,0.19180170269370464
93420.28279810803,0.1895648278003289
93759.9894566099,0.19124914905788704
94092.998560881,0.19452261436360205
94430.00149355903,0.19869877187277643
94759.08501746507,0.20883359696563875
95097.69781970388,0.20956218428652706
95439.77670567729,0.20663571294489555
95785.64600611087,0.2084771077399242
96126.94738157731,0.20966258682905364
96461.66242911447,0.21514550489577014
96803.64014444029,0.2137099678964695
97137.80136215946,0.2177852937967299
97476.09429728887,0.21772118372430338
97822.10483619345,0.21192422892647572
98161.79897615183,0.2120792293255291
98499.38217710798,0.2180772156325505
98838.1228135932,0.22219246871349396
99181.05026784602,0.21673161485236922
99524.96309248735,0.22155265193779003
99867.39651090343,0.22080989426928452
100217.95219694609,0.21554421206350846
100563.34555430851,0.2141488154973877
100907.21319037526,0.21087233852200107
101251.9275887944,0.21075164046207837
101598.45201894316,0.21007684758961512
101953.33397707451,0.20893838293424596
102310.05067398901,0.20706472819773694
102663.02729032662,0.20763673775889283
103016.18446662508,0.20587661586870748
103373.63528604404,0.20518567550592143
103733.58289236133,0.20533456122441948
104101.36312605251,0.20514840471550108
104467.98207146427,0.20166751752031128
104842.2829812426,0.2039239828266569
105222.9053818363,0.20761527069347585
105609.65954656174,0.20287243064529736
105998.60884226301,0.20435524516175732
106386.75486599092,0.20436687880681711
106779.38638776148,0.20361870953130978
107163.66914474918,0.20666755023545463
107550.9340104686,0.20475140999309138
107939.92201634537,0.20714070422545813
108329.70055475908,0.20693821124733303
108719.13788370352,0.19942377196007163
109104.20756716325,0.19662899202512585
109488.04992501874,0.2009954430113818
109875.30929247633,0.19795252232731003
110264.23126751791,0.19199629572320193
110654.47963575127,0.19667637327922255
111046.68771469615,0.2007489196142207
111448.22938755146,0.20234668248563425
111848.04445691482,0.20561621822791729
112245.64904625359,0.20817415691912183
112630.70011238761,0.21007232614383733
113011.21482866044,0.2129761367608402
113391.09157303371,0.2092514352912822
113780.80052329927,0.21251949696313446
114171.76704297386,0.21730721081059348
114561.05136215946,0.21497469139067468
114946.82220424419,0.21094404532866087
115339.44671414293,0.21331953339497803
115731.68315782915,0.21220590562562572
116121.21745377312,0.2083031483057211
116511.86255451714,0.20788492349286858
116908.2064898596,0.20515391062231217
117296.9770530648,0.20053387532482642
117682.13494637067,0.20440379909848988
118063.58833437305,0.2032941608080157
118450.15447407776,0.20313142358675987
118838.69100562148,0.20758460895838968
119231.37519466766,0.20326909603005175
119620.65185647426,0.19958488119226767
120008.00049850448,0.19903384548478398
120396.69553002872,0.20255791792895878
120785.95868954758,0.20306095339690292
121169.61115607296,0.20689253581982667
121558.29908932136,0.20786170145075789
121952.52204552542,0.2090135179293703
122341.89036565581,0.21033184908304936
122729.8444860981,0.21736548631493588
123131.7330798953,0.2165125505519374
123522.45164711754,0.22045941761789536
123902.92298592953,0.2232941989040372
124281.81561213029,0.22200988278098593
124665.85661695889,0.2207651794092349
125056.05656023946,0.22232866035058652
125441.18245394943,0.21458722461596388
125828.38068181818,0.21251849792984273
126211.8496858085,0.21032266084213783
126593.76585243955,0.20786825082116941
126968.09080696499,0.2068437846288702
127342.5015572443,0.20798640401784066
127719.03262225549,0.19933516900208356
128088.25618649878,0.19801858270993816
128457.6404073218,0.1997954793004211
128828.38488379338,0.20263589258919068
129193.60648177002,0.19748278945432715
129555.86323612065,0.19795286143621268
129921.26175626794,0.19612041705208383
130288.04761607588,0.19641066252011533
130652.99551848625,0.1929651758778354
131024.05816345614,0.1950802507570183
131392.63290270237,0.1934308030993454
131749.15961094832,0.19327053914580938
132102.9941257343,0.19244884889046548
132462.08084205282,0.19287694652681134
132821.76936037443,0.19634455479086066
133181.5572400025,0.19628348799151898
133545.91778262224,0.2014753638442603
133912.1012666126,0.20060402896834278
134276.8927143214,0.2032836972793001
134638.46218487396,0.20328006037304827
134997.68980816097,0.20121082774743881
135352.30139968896,0.19994855584755794
135705.6269375,0.19954582263312634
136063.0149476831,0.1960335948932029
136427.85689288838,0.19397994821919554
136796.19501246882,0.19707249304250066
137170.9544575457,0.1975016451704042
137548.8835659108,0.1991575540155338
137923.10933699246,0.19908185489613542
138301.56904078834,0.19786584462952242
138678.56422875653,0.19870997127664267
139059.50661425185,0.20181338647935881
139443.8250841541,0.20851882411579847
139833.183020398,0.21484322626702904
140225.18494690818,0.21188066092942195
140617.25159037046,0.21304980693833772
141008.26195374352,0.20789224536408185
141394.16845721425,0.2096201196090865
141785.94169314147,0.20894278280594342
142192.10225076377,0.2071783375339779
142605.80975244747,0.21097577391228953
143030.13004428367,0.20732351848206101
143460.31217228464,0.20349302495284163
143886.4080613964,0.2028914003500447
144311.6934488562,0.1969616105229198
144730.44488115291,0.19209938639278468
145152.54853582554,0.19164550106601405
145570.82055444556,0.19288837344007653
145988.20124766065,0.19058482350546152
146398.22648213952,0.193393791819763
146806.1590242685,0.19564647140814875
147205.55932414738,0.1927856227390235
147604.36196242433,0.1860787064471095
148006.84631670715,0.1854812076356529
148410.42683459067,0.18533607438310276
148810.04169010563,0.18222745916983107
149210.3148864487,0.18423058394128378
149600.12409623535,0.18724897245330305
149982.264154469,0.1838260575545477
150360.69217337074,0.1849784140460297
150735.91780137413,0.18095794828543427
151104.92004237816,0.18245759856262866
151474.2214187757,0.1897228850559491
151843.9669390556,0.18970927203049373
152213.55943531764,0.18516918670902893
152582.77480678135,0.18441635749779778
152951.68029160696,0.18004577557751883
153325.3556665626,0.1756054342207627
153690.39872825885,0.17762166433143337
154058.21753226512,0.17866209438106867
154431.79001936168,0.17734090151327572
154804.50302350227,0.17790984891512526
155184.13722436776,0.18029631942287352
155561.74113674733,0.17896105021614278
155933.0853871048,0.18077826841980016
156299.92358514087,0.17782740675077313
156663.66806197676,0.1812471205343698
157024.3938260056,0.17902897606102747
157388.00305410122,0.1786173805089643
157748.82283292827,0.17963572499585717
158115.4372775523,0.18323720738011948
158482.62021926,0.18397913073817798
158848.36920581447,0.18513253527952708
159220.2829953198,0.18869209627077796
159602.87000748876,0.18852373552001164
159986.26348314606,0.18752534600643697
160369.89711831705,0.18397557402257667
160763.28530403296,0.18291752601246433
161147.82287638768,0.1853160605038953
161525.03333333333,0.18180715209133602
161894.17052815147,0.1802516536486174
162252.39105204045,0.17896794037102803
162616.12404115996,0.18425318051831927
162980.66230284894,0.17780254463618608
163356.56319760554,0.18086237055812968
163731.32695554305,0.1832633446886936
164110.32413578324,0.17980870987304182
164485.30701153007,0.18080785278054637
164855.6403968551,0.1780486573667133
165230.24472336707,0.17970439062913757
165617.18860877684,0.18112412997091937
166000.34046401398,0.17783179478962985
166381.59991268555,0.17922413088328715
166762.96356376342,0.18065445343412373
167138.18960034914,0.18207445894707025
167512.89896405392,0.18420979301725626
167886.28225906994,0.18647837676103457
168266.84238824632,0.18339137939848135
168647.60649706947,0.17974104650070608
169027.0265177513,0.18260197382043697
169409.1226385685,0.17959313065338664
169795.032280177,0.18380197155404807
170186.20692878062,0.18673197953203038
170562.7441918561,0.18532865538614113
170938.058214909,0.18747630314064326
171310.9736579276,0.18090618822523177
171683.53295504148,0.18872750824976964
172061.96823023734,0.18568722739600113
172440.59160472234,0.18033356961921157
172820.90516595956,0.17794222520578495
173206.8261384165,0.18077841217471177
173588.94767078807,0.18309979336062474
173972.19150925754,0.18435949513541688
174360.42692355654,0.18668593432928327
174763.46052713564,0.18402400799082247
175167.18063872255,0.18788115789932644
175568.06876951904,0.1868089576782802
175966.35223025168,0.18557573894550367
176362.1200822994,0.1864284763869833
176752.7674070377,0.18455261807429207
177147.06975874322,0.1872818902118005
177538.03905273683,0.18635756800115255
177928.3121062808,0.18717237857073674
178321.08214485893,0.18727830482560426
178711.28283521556,0.18652215466119912
179100.1325556734,0.18322336645110654
179489.40163474137,0.18262151912847696
179881.44544263522,0.18281275633101177
180272.74294787968,0.18164466819563346
180675.1601223547,0.17972947481688653
181071.28776171486,0.18007977539794953
181469.36580181308,0.18212387294557544
181867.4438205752,0.18524435792934568
182268.45038928682,0.18344323779338753
182670.92316799602,0.17843650764063584
183076.67471156846,0.17935898379948992
183490.1895820337,0.1818366606598524
183902.71699289366,0.18420556202748892
184309.84930139722,0.18304677055396293
184713.80756743258,0.1830707534927659
185119.40137199874,0.17800589018158758
185519.01208647437,0.1752207848345952
185912.46597577725,0.1751877647883478
186313.75034276454,0.17479836589053027
186717.56107776944,0.17550022609276522
187127.88871580784,0.1783935579926676
187540.35862455616,0.17692662533104928
187949.0032504063,0.1796938982909345
188356.45005604683,0.17816969564178278
188757.94778540236,0.18185825992458163
189148.23886462883,0.18436723011482387
189539.15979542193,0.18463585704568578
189932.17466052074,0.182537507957949
190325.7645,0.1829274888769504
190723.31350913286,0.18380702650067307
191134.2030286035,0.18150310722861024
191552.89285046438,0.18184233245039705
191970.05034039097,0.18419510064467842
192389.04005731374,0.18720215981694105
192804.6972797604,0.1893087693082635
193215.07889484844,0.19200743342057774
193628.29733773926,0.19284736395724364
194037.4016214531,0.1931792435739484
194445.88386613387,0.1898026257659046
194854.19520419632,0.18805264607527797
195262.23483670296,0.18609585185967972
195671.4929419113,0.1894465703027427
196079.2683474788,0.18818982973089166
196487.4846690764,0.1875526584436225
196900.0629440359,0.18473399783062278
197313.4604442226,0.19053574956932193
197726.61490992957,0.18686120774378295
198138.49931301523,0.18713764930166188
198549.50214832803,0.1914174927988989
198970.63819032762,0.18951374393554857
199389.95725429017,0.18741609123901154
199803.76367150963,0.18580012865660112
200221.85543220656,0.1889371568457024
200639.9974399001,0.18737914063359412
201050.02148729446,0.1887466459443591
201462.438303984,0.1935663128431004
201877.89363557106,0.19127126139574177
202302.5503842069,0.19407429467468687
202729.15761614149,0.19235094544320291
203159.21720416693,0.19801981835634055
203589.33133732536,0.20070742247065565
204011.8607689903,0.19962022078881658
204429.3516606543,0.1979169310882241
204851.02627309036,0.19636250607642441
205280.13862685076,0.19674051873935866
205709.85253054101,0.19669954020536498
206132.60990074286,0.19886420930893187
206548.92589129892,0.1987707100444095
206963.61430085407,0.19729433657528356
207376.3626606764,0.19740611572750238
207787.20892077356,0.20088999015223716
208198.03845914107,0.19941372298604346
208608.7905772231,0.2020700691429394
209032.4103603042,0.19722680707612394
209463.45299837925,0.19567014924924295
209902.52264351302,0.1938632395105958
210333.73894356546,0.19236059796899324
210759.0847838293,0.1912007942667416
211192.08576061873,0.19071993041725976
211628.544360621,0.19213017685604283
212065.6387330091,0.19608502745626336
212496.0448077883,0.1940505375376496
212934.44287316222,0.193742808776587
213368.8408708128,0.19198989062181282
213801.3269710579,0.1935455343309737
214232.1085789211,0.193374804100832
214659.0194477342,0.18897704799154008
215086.7561356398,0.1894729548840669
215514.39361635808,0.19039819774354685
215938.32610861983,0.1922205961139156
216358.916037677,0.19224077530363712
216775.70347022844,0.19065069045959043
217184.2840229312,0.19170382598282504
217591.0575351014,0.19396585974281005
217999.33120859892,0.2025968390837559
218406.83006169376,0.20052500432174483
218811.23022792378,0.2007402946821602
219215.9755428001,0.1986650434025649
219614.18292378695,0.19856684107271555
220021.32893585094,0.19921097497762055
220431.70188773284,0.2011099339878474
220839.92869608576,0.20708459510350577
221264.0492927027,0.20251778862134398
221683.41471175442,0.20327097415646325
222096.65309050085,0.20464629143388957
222500.92992081802,0.20577908060323072
222908.86993137866,0.20553004406611083
223321.05973506623,0.20322778123468463
223738.1801207444,0.20469015353196504
