D,r2
90.3969685090814,0.6619146662326276
123.21566181566182,0.6416099320743259
159.01584507042253,0.6148543847435669
196.53168117883456,0.5980953273036066
233.96210301574592,0.5712102871438346
273.1196261682243,0.5574932146845134
313.4640964493906,0.5627322577670457
355.53645061312494,0.535982573384403
398.9527267925525,0.5137432355958409
444.18260869565216,0.5139830309231499
489.3568600682594,0.491949231356839
536.1472680896765,0.4777054976062506
585.5555412204877,0.4716511668786571
636.2166755888651,0.45229851553717343
688.4387944768986,0.4392340913117543
741.2523198689956,0.4333161766770783
794.8625623523235,0.41429878112392077
850.3438121766812,0.4023335624869313
906.6559326563336,0.38949009365402965
964.6474358974359,0.3891819838919109
1022.7915606162089,0.37021608196252415
1082.3139581389148,0.36300612246251723
1142.156792100347,0.3481316462300686
1203.1851012793177,0.3417826308549465
1264.9815245654852,0.3345677989904475
1326.915426345806,0.3271377926186678
1389.281210592686,0.3253419896107146
1452.7519241341397,0.30518833720715816
1515.7404580152672,0.3039294415529275
1580.1219379422973,0.2941950582889545
1645.0772859719716,0.2883650599516663
1711.2587209302326,0.2907406961772622
1779.2195223549015,0.27351973606156826
1848.196225367749,0.2696128197536698
1918.095766543362,0.2552016648005067
1990.4261997767858,0.25703533861068206
2063.9211252068394,0.24768892479220087
2138.3964275823873,0.23447020920054623
2215.5258442453483,0.234505954536429
2294.5858404637042,0.22625563252136052
2374.7671043538357,0.21817306079075682
2455.351212036779,0.21829593092980254
2537.327664243588,0.20658174856151115
2620.678065054212,0.2044307242732944
2703.991265770137,0.197414707140167
2789.857319587629,0.1974382534725175
2877.112371990036,0.18458989656580624
2965.352285395764,0.18341440737896705
3055.781845813761,0.18363749120865427
3147.6238797738865,0.1784634654722553
3238.4789986091796,0.17330498767258318
3330.681256860593,0.16986367768204177
3424.571626489332,0.17212548758491558
3518.8122494124154,0.16101765394186754
3614.1895589056394,0.15818426986209916
3710.2502410136344,0.16177934584396145
3803.786031042129,0.15570809194413726
3899.734988212453,0.15096377872542668
3996.3024564292577,0.14597402418702884
4094.258944730614,0.14178700672862282
4193.620267107256,0.13614031251138384
4295.742468415938,0.13477592300657165
4397.375137665198,0.13531324969563185
4501.194771061004,0.131150520874554
4607.321739130435,0.12412681282080677
4711.812447786132,0.12084078221991605
4815.842947833287,0.11806977075618634
4919.627030002753,0.1162389611428965
5025.555340074802,0.10823025291122419
5133.006667592721,0.10372132549898454
5242.541591695502,0.10025353288536218
5352.833517241379,0.099310617026572
5460.391798282072,0.09766591417447322
5568.053357231491,0.09654553564999292
5673.033832501386,0.10102779909723654
5776.150103376981,0.10145065416224214
5880.215765327402,0.10423778622112068
5983.679545769284,0.1024657837831904
6087.86928195176,0.10145142170505993
6193.945882676949,0.11083929225363989
6298.067955801105,0.11062865751016994
6403.151431337298,0.11317132284612254
6508.9213091922,0.11420015366843912
6617.435925671026,0.11248656058888439
6725.5876790432485,0.11802153563391118
6830.983399643298,0.11757702660458633
6938.887665505226,0.1228235880106808
7045.841495378673,0.12664973897134937
7152.2459197787,0.12424104102310575
7259.445229192633,0.12953879406430105
7365.245813148789,0.12652361938270326
7467.197975876889,0.13646581234463168
7569.746721877156,0.127860303300875
7674.936815851462,0.1395779214363546
7779.724171137708,0.1396680235709045
7883.668333333333,0.1359969383566857
7987.455120274914,0.14000191859991012
8090.348516506478,0.13430826697083695
8193.380677126343,0.13941480755945457
8301.124913350894,0.14580837168436173
8410.711732926999,0.14928266939901524
8520.656280293588,0.14472905571596426
8628.778438147892,0.14650326467653985
8734.641129032258,0.148681624216422
8839.931067694,0.1475097045947616
8947.890769019123,0.14986810691476923
9054.554691837868,0.14590254816263873
9158.890702822357,0.15113089074201724
9265.765620660928,0.14457895888568512
9371.66087196468,0.1426599438556128
9477.042632967643,0.14161507662953685
9581.2114010989,0.14271254595075497
9687.238544848653,0.1466689476946464
9793.655177187155,0.13939534889435012
9899.995736487415,0.14764914248775288
10006.832593619973,0.14400469754657025
10115.511437681964,0.1440286909584612
10223.897439446368,0.14526507981156303
10335.899805986695,0.1402563022707812
10448.544714325144,0.1453477628152656
10559.27520661157,0.14774292156115643
10668.87543204756,0.1379259568337648
10777.211285179537,0.1388988215941506
10887.20626740947,0.1431388116264746
10997.092275862069,0.14095286307968294
11108.551267916208,0.1430810083669001
11217.85861111111,0.13610099314744334
11327.80669605952,0.14451182766301654
11437.827206906155,0.14257984697794412
11547.752091046208,0.13847978192044988
11659.698593902269,0.13982917656165894
11774.582907634958,0.13838668277748123
11885.53028619061,0.13616262914339508
11994.789835164835,0.13518442300786784
12106.071211283186,0.13170336078098407
12217.54629886332,0.1282911403827127
12328.08822311197,0.12703963546970695
12440.31760612387,0.12780530307772883
12552.946154908188,0.12170717976911041
12669.6108033241,0.11569391139561543
12786.058523822638,0.10711483993345881
12906.28626799557,0.0945430528488847
13028.389035026998,0.09867744801528977
13148.248547717842,0.09597890656361838
13269.868961687951,0.08515455575827456
13394.090657822002,0.08296514718328661
13513.849249000965,0.0839139400887089
13637.555200222469,0.08162952684774087
13761.64320220842,0.08139919767110496
13885.722806531969,0.07986341453132206
14016.108842598978,0.08175903117045234
14145.936628468866,0.08319011938702159
14275.083610648919,0.08469035448664164
14404.364277808523,0.0876055067892637
14535.146290636289,0.08070500256603066
14667.884982698963,0.07990650395538962
14798.417148362236,0.07617151590930579
14927.80672850616,0.07506898481693682
15058.58181567329,0.07229376663793757
15190.334672392299,0.07230612461508484
15321.174075096631,0.0720464853098408
15450.91896003319,0.06967177317304173
15580.773702422146,0.07056463025861481
15712.475024214751,0.07181418423666928
15842.441372603502,0.06983692944440091
15973.146398567691,0.07065471867866276
16104.827290340438,0.069105293523926
16236.9936066713,0.0685799870890017
16372.499238121623,0.0704784161384267
16505.50898038132,0.07061073047347947
16637.26131487889,0.07017230922819698
16766.848292075785,0.0680535417056581
16896.639364640883,0.06555019322047669
17028.284690643515,0.06966701304508445
17160.59653018737,0.06739169945709578
17291.385243632336,0.07014893059288059
17420.931774148907,0.0705492530335676
17546.898486321345,0.07152554568195077
17670.87632266044,0.07266899545396681
17799.182586995703,0.0720019432214668
17926.845760839547,0.07179310884522
18051.75439811608,0.07063088027689875
18180.188297282308,0.07235156488976857
18312.008842221607,0.07032921532435915
18443.45932553338,0.0720464875661262
18573.68753485778,0.0723541482548518
18701.49222084538,0.07193768858731557
18833.492314083924,0.0686165791524146
18964.274520623534,0.0675983455560214
19100.089759622064,0.06707120406856228
19236.474046537245,0.06722632178708067
19379.0423119469,0.06962688537975342
19516.245967741936,0.06822260951358446
19653.098306484924,0.06719905124602313
19790.302228412256,0.06620244263016999
19924.55146856986,0.06580909436622161
20060.10769230769,0.06861437294757494
20201.71545618664,0.06727784387548984
20340.208806424813,0.06578087883753592
20481.726068965516,0.06776432395111652
20621.578090507726,0.06700125394443052
20758.939810953572,0.06535659666267063
20899.93807878369,0.06833015635248357
21043.20766463752,0.06864460969742472
21183.860356009383,0.07419985177261133
21320.074882564244,0.0704045179357039
21460.55414188909,0.0700083392196033
21602.2411308204,0.07130997389030991
21742.700594661874,0.06795378306373777
21883.5005535566,0.0683052909443178
22025.33880988541,0.06613949485282093
22169.146561286743,0.0677031272126829
22311.537704463542,0.07292248957538382
22452.281906077347,0.07425485318208089
22591.940721293355,0.07820510336382422
22731.01651630812,0.07782948624933769
22871.778145695363,0.08199279803426725
23012.115437724384,0.08359794060654947
23152.732870048643,0.08186331550662407
23292.353661894274,0.07744913404686621
23435.482090997095,0.07931822494807653
23577.52577034683,0.07552365619144585
23716.143532684284,0.07462031102482876
23854.26465315129,0.07087114137973911
23996.550740689465,0.07169272068541921
24139.158004158005,0.06988571102489795
24281.13930348259,0.06922730355233266
24422.388427464008,0.07031001769989625
24569.919183560887,0.06850006906505583
24716.071438479677,0.06946332813959981
24863.541614906833,0.07139337087396574
25012.436773657995,0.07117531457511814
25161.427699986136,0.07344253528422945
25308.228072606347,0.06888298353351721
25458.808991863192,0.0721411315733973
25612.82232660956,0.07024591415520207
25761.171879324662,0.06870269717142452
25912.80077745384,0.07088342136842778
26061.91820435142,0.06780497690852501
26210.192965383012,0.06661658196379111
26359.880807522124,0.06611083745747168
26510.888460479207,0.0638558370495821
26663.531077348067,0.06474851755178106
26820.056718901677,0.0670112539164354
26976.478927732485,0.0672853686739246
27136.54441221163,0.06947772900167233
27289.842640300794,0.06630416834371977
27438.37960027567,0.0660310479178517
27584.915094339623,0.06772548118367107
27734.214285714286,0.06673538748694045
27879.789539227895,0.069399667139375
28027.377543956805,0.06987205006978457
28175.651310344827,0.06859761703571755
28320.71535788742,0.07356885654812272
28461.684130704536,0.0722082872727774
28607.12531051615,0.070727879809685
28753.419864247127,0.06971651245155598
28901.969503742723,0.0674670918095829
29050.991138188867,0.06822169315085405
29199.638777485827,0.07259573322942867
29351.730604342414,0.07024984359797372
29504.570068965517,0.06890966563949205
29654.927212112794,0.06822446517869488
29805.321664829105,0.06908535984322227
29954.291174426686,0.07072284608082301
30110.0267328097,0.06767882011695582
30271.562768761272,0.07061605686157704
30429.588968957873,0.07160204278188635
30585.52622161046,0.07227847563442813
30746.608260325407,0.0703255427934757
30906.07897633462,0.07292771893473453
31069.065546451882,0.07040201180383819
31231.377264555387,0.06661274547332532
31494.50741155954,0.06476434499194442
31850.766285678597,0.061732475273427255
32207.78400649229,0.0678223693090814
32562.52791088431,0.06783958080927364
32902.159174512126,0.06311076994064407
33245.844629235966,0.06525463780981222
33588.42741433022,0.06586794193180262
33922.96438595397,0.06421611207518031
34261.08434560518,0.0633679090718131
34609.12435168406,0.06251390544613289
34958.555728615036,0.06141481819695917
35289.91756317238,0.06785980017400345
35610.2943628671,0.0778747339826311
35928.265028685455,0.06753312241884277
36236.97794990318,0.06495474779365348
36544.492196279185,0.07143642737570224
36858.83163201793,0.0709217942087073
37177.45181999501,0.07265821264627753
37495.34817636773,0.07320874942676164
37816.21946505393,0.06655590811084193
38148.3507797879,0.0603727376262256
38486.73243040819,0.059200465550241395
38821.79509271399,0.06285653632708851
39160.96875389796,0.0581937611624644
39498.15263321907,0.05809785776542987
39827.254765167556,0.05281850899364295
40155.41418935798,0.052754128974668496
40477.330709153386,0.05498766367726504
40788.31460814265,0.05410463888405459
41102.57857720794,0.05717492886977173
41417.511341623445,0.059893772885640635
41751.95866533864,0.05947055041005418
42097.189035798925,0.05869311544946632
42428.345327336334,0.05885908402102873
42762.29375505884,0.05954635305851477
43111.56889554848,0.05892279172383198
43462.14881138079,0.05705095400357091
43813.583993018765,0.05966383582212202
44166.77182465343,0.05753491459390087
44519.428776618995,0.05495453493151316
44875.217970256985,0.05274390843609982
45224.99688201547,0.0562299165784138
45564.63989750641,0.06118802207132915
45898.45758900687,0.06036768122632085
46224.5732844356,0.05693899199615826
46555.39328297647,0.057931785804402884
46883.99607133948,0.06420712013035788
47212.0695130337,0.06656865951193491
47544.39556331007,0.06449017971629703
47876.98957748237,0.06401542868101201
48212.25981797781,0.06125269904659524
48542.332356425766,0.058462350011696626
48867.373707809194,0.05845107028810171
49189.74640490184,0.05625014685528353
49523.61145347028,0.057187380615927444
49861.57758189547,0.054271570441747984
50204.59286248132,0.0552956628807576
50538.16609471517,0.0513428408041814
50870.100355960785,0.04973038881355671
51201.73540054904,0.05447654342261469
51532.12874680626,0.05453389416700678
51859.84478672986,0.053968770828338126
52182.17554154441,0.05471598975872427
52491.882184087364,0.052107179106716965
52797.03866541939,0.05314487213036715
53102.862202029006,0.05387587193584598
53409.65855484837,0.053645297531354934
53716.56205928237,0.05436338417344448
54033.630310203065,0.05553048357421523
54357.757016940675,0.05364958170254974
54677.68713760209,0.05465815811940699
55001.689442156494,0.05597480854084424
55325.0128436935,0.056478759617509824
55655.04232903186,0.05375037296969435
55997.94214463841,0.050641401642292846
56337.90357989273,0.04992294724065393
56682.63944770711,0.05263077723451911
57023.165139330464,0.05378348951538608
57364.60858727488,0.05385954712500554
57706.73782467532,0.05256772387862126
58039.907226136296,0.05434406102441048
58368.550196543336,0.05571494341386359
58703.0714374844,0.05431102275355739
59045.78597716923,0.051366960056063365
59391.32499376092,0.05169802730544967
59742.51051875897,0.05134013179653188
60083.3805105853,0.048537496190949464
60423.2729200449,0.05001763321579632
60771.372903547606,0.050556944879768216
61127.78691693689,0.05120765832188768
61474.03904447078,0.04993348677763242
61803.401725970856,0.05008811115498657
62122.942497193464,0.05334423534285647
62445.82883500592,0.05578412161829777
62773.78499781945,0.055767464461009754
63103.11995249406,0.055853261127142784
63437.78853828885,0.05377932372021631
63774.42623358845,0.05526872078250735
64120.3204847879,0.052983558738874094
64468.42291380816,0.050879801859920026
64807.84477593309,0.050505136032513
65146.365590727815,0.050461272852561044
65484.68058585229,0.04968487311123117
65818.21959607328,0.05381514761969008
66146.72330218069,0.05605432113992512
66480.15468925146,0.05406652649267109
66808.98047898216,0.05582488489322954
67136.06168142697,0.05690155294746211
67461.263767209,0.05975941046326003
67772.45909714428,0.059348710398238004
68083.32269702059,0.05966204557641651
68400.4106841612,0.05851196032215966
68725.67614238514,0.055648132785079456
69052.87084295251,0.05864166689345514
69379.1693085372,0.05811135058545648
69718.35818476499,0.059036882130268385
70063.66724923538,0.05733965512548695
70410.65811752988,0.057550015050538396
70765.58102372036,0.056262746958732304
71132.62652705061,0.052841158908126976
71490.27040848145,0.050982965975876905
71839.83762339123,0.05055003287119522
72197.03182610862,0.050635405533019984
72544.251998002,0.05123636775165496
72898.12334664338,0.053367096880032557
73254.70828660436,0.05446064698748809
73603.58189547386,0.05484705334429185
73941.41909748192,0.055727646958519894
74273.94122042341,0.05520988508033578
74592.9952470294,0.059147356735861405
74906.83237715141,0.059945636818129505
75218.78800723057,0.0577685686022707
75531.78449834757,0.057524712256059915
75842.46446621326,0.05353589978721411
76149.9440943408,0.0543430578579641
76464.29771848896,0.05598892711059868
76789.70148508673,0.05369738610932558
77118.88022944074,0.05277574941475308
77446.09831670823,0.05338447561882386
77765.24659502687,0.05626112127761756
78081.5595838784,0.06232670852760895
78410.86474514942,0.06547622542588616
78747.84225281914,0.05916411678048265
79082.63272704543,0.05259843168519577
79420.610595201,0.052979585061807034
79756.73945378413,0.05134549542388573
80089.14836536061,0.050350452730247595
80422.13647983041,0.050022117302951905
80761.07100628539,0.05027889460806433
81092.4115739586,0.05137910444805794
81426.52300393283,0.04941487167828475
81760.92134971621,0.05026360481377722
82103.84440286872,0.05034056433585063
82444.09823489054,0.05089301130696126
82770.90699562774,0.05127786913118952
83094.54571517606,0.053028683433810585
83417.79854187438,0.05443676908691706
83739.78525081108,0.05397743964563625
84054.0706433479,0.05637187627937029
84367.93747275331,0.056743640857100285
84690.21985018726,0.05668747167285071
85011.57213186266,0.054238919083211004
85336.73302546181,0.054639705889589704
85660.01994390776,0.055764920974444944
85994.49856375672,0.05449523684744299
86342.0818957464,0.05576194010080662
86689.34205432406,0.05869004654553337
87034.29179672868,0.056029971772752554
87366.64363160518,0.05492527363916152
87695.80007478499,0.05495026557911318
88029.17541997127,0.05393117541295812
88357.61854255054,0.0550085768525873
88687.15580206906,0.05652491155060913
89031.3245,0.05788155125651957
89377.36368742978,0.06042492146540224
89726.04306428527,0.057270746631222405
90078.58188392245,0.056443766403575485
90429.29153644206,0.053506550751504386
90788.33225243202,0.05417921129997689
91152.20821900724,0.052640137207610516
91518.29265705908,0.05423110023674548
91886.37732318822,0.053352681181006695
92254.51632232695,0.05482670483668751
92623.37412761715,0.058160775124736996
92971.85312986608,0.05784338794731464
93309.60167426751,0.06297295517063436
93641.23857963056,0.06399232057976854
93969.1871068203,0.06365638985690783
94298.50571624914,0.06253696234886026
94625.75151175114,0.060169278574902944
94956.27040848145,0.06110927870762159
95282.77598354012,0.06345998174981358
95608.91620913401,0.06464044006919278
95944.88985959439,0.06647842949506937
96298.27106933898,0.06529187602448569
96652.09829406986,0.06493362280182757
97016.13588719741,0.06612058803770018
97386.4178517964,0.06254863409776734
97762.20912713236,0.059985932076745116
98137.64768616689,0.055171453206372865
98502.21411617739,0.054921823006093225
98853.8334268787,0.056022471063577294
99206.82490805959,0.056186540881437146
99564.32907288484,0.05617985380874345
99917.66454630496,0.05485245344567951
100279.34710434348,0.05372996396529775
100647.97479725514,0.052665097260271056
101004.55893013373,0.0550477783642659
101360.00964470164,0.055788290375750074
101729.65557362692,0.05344167632721442
102098.19480923632,0.04982478176115322
102460.41452590787,0.05256129630479071
102828.77748723696,0.05184035957660903
103199.41401234183,0.04969688620205871
103565.72115985502,0.04935414695619701
103929.8540395867,0.05176545575743579
104296.05869483686,0.05171335799177992
104664.96741776419,0.0499736773764147
105021.5247005988,0.049676376529356504
105386.73814715593,0.05093117109909725
105754.3458632532,0.052839125460235815
106133.11383886846,0.05425100486077773
106531.42288246677,0.05549448426518493
106933.12990654206,0.056205015594458084
107341.65700543445,0.05585277514962761
107768.92445191828,0.05287673448065915
108198.14085472215,0.0548018770980356
108597.15463402448,0.05559091562421719
108967.91706190714,0.054861817919525636
109334.26452818437,0.05667882268007658
109712.20161239922,0.0560692947359266
110087.58988414102,0.05711388490470511
110454.15201796519,0.055306936240536037
110810.55797553669,0.0602587829271605
111153.01798426377,0.059678316072952466
111496.56524451097,0.05891477240633341
111842.81084623066,0.059020721207533815
112195.67386568744,0.05749191007075048
112557.1551724138,0.05719169487298537
112908.45663153956,0.05628919432726169
113252.06193146418,0.056900444720971576
113602.07595331711,0.058161768324818786
113961.47684925531,0.06134895166574863
114317.21937055077,0.06678887563110407
114650.63285536159,0.06308189400550615
114973.0850771441,0.061672958915388876
115297.24318592902,0.06048647995732157
115627.44286069961,0.05915001630685523
115959.79122390298,0.059269531481987756
116284.9002987304,0.0586074819886878
116609.60667915107,0.056702562798646716
116939.06450003119,0.058425959120298736
117260.032792005,0.056842571898367174
117584.57665233912,0.05638854998636536
117913.37256493507,0.05571753480361197
118248.32004491858,0.05862512649790304
118573.48995084314,0.057832794691994045
118907.5723301881,0.05602041763305375
119247.9201246106,0.05229709216322943
119596.62175324676,0.05397511876205298
119956.08908422168,0.05355683668642943
120303.52105295988,0.051390882249082594
120652.33254275372,0.052239438572745996
120993.94942700549,0.05307503143731905
121332.63618203384,0.051957898322651984
121669.55098982077,0.052636436234296084
122006.12070792049,0.051749345230995676
122342.88864628821,0.051731331609913
122681.90021800062,0.04954128420681671
123025.10142937394,0.050843541955904285
123364.77216456171,0.052689625536690765
123711.74203583873,0.05550880165710178
124059.66296550434,0.056870388009869786
124409.71749718997,0.058037160563230154
124763.87165742068,0.058533404828319945
125130.22712520284,0.060508660442177516
125505.14355140187,0.05745134688379569
125899.1119426255,0.05518864869946775
126289.03464419476,0.05662451518421459
126667.38668413827,0.05939094524528537
127047.69422261043,0.05909278854192782
127427.86062001991,0.05731832509453461
127807.55606921972,0.05434708427243101
128180.62907346252,0.05436519366463467
128549.75405337989,0.05522974334955267
128926.75912956479,0.054986822766025685
129315.65671734796,0.054984499734021315
129713.19940198094,0.054601607195437746
130118.58039778042,0.05416442606530223
130528.06127542743,0.05519603051381054
130922.77777084762,0.05245035752118186
131303.61494252874,0.05369123484653675
131685.5678319935,0.05130068361169884
132070.31858738378,0.053095361120428695
132457.32271537214,0.05256870194549361
132843.7689136003,0.05483449043543627
133225.77167071728,0.055179232403143944
133605.60209554696,0.05688567139710035
133979.37379972564,0.055091658555499155
134359.0746911269,0.05527599076810029
134751.24652496417,0.06013272991242931
135140.7093669937,0.06168118553600744
135513.5938725948,0.06349481223785554
135886.47286918515,0.0597929012526003
136250.58931354823,0.060372109962579364
136623.45650409043,0.06575907132567642
136993.22155651252,0.06672136956698951
137355.86240816835,0.06856242898974421
137727.08866841384,0.06833018421896281
138118.26007234625,0.06509887276880816
138508.93086896895,0.05927160675399492
138906.98315973306,0.06118304063590008
139310.81474550898,0.0636054389443175
139694.14049638313,0.06408720912937838
140085.30194805196,0.061276214792497424
140495.5821482036,0.06092591070017049
140897.0009986269,0.05929045044151875
141279.2667747568,0.06056012866605468
141676.9131275335,0.058188018240756756
142082.72443890275,0.05709295749745428
142471.55562480525,0.059056222093756924
142870.5269603249,0.058692633995073525
143270.05339896565,0.061071573238026346
143675.61853999126,0.062375639819824955
144086.32093371614,0.05980991497401312
144497.52028460868,0.06017884769764642
144904.4202618454,0.06360642510051617
145315.04283042395,0.06526523546494528
145714.45370601446,0.06073122919205706
146111.02987029185,0.06172121234986839
146506.001247505,0.06598546094144216
146908.9847918225,0.06664006792131832
147315.09975,0.06565989960488929
147720.36089803555,0.06446306628272633
148117.55154157584,0.06547758042336377
148504.20594679186,0.06880858360263328
148886.41565703636,0.06613208603813255
149276.01069017255,0.06359569729576707
149672.78480459482,0.060634689638780555
150070.90287814604,0.062164412027902426
150468.94979418736,0.061520089574661235
150865.54175228844,0.05533556700161919
151264.48016467065,0.0529635004280987
151657.0664003994,0.05372527311803638
152040.45483448662,0.05662087584544045
152445.73627334624,0.05866187807899776
152864.04725933325,0.05703710676589351
153288.6401295708,0.0595224755622562
153717.15395163302,0.05664505984489667
154151.89825218476,0.05586380727781399
154598.23211724352,0.060959333594423196
155046.9230817179,0.05984355679505857
155491.10336643556,0.06013959043167901
155929.25738501808,0.060134367601423586
156354.31799476244,0.06476919727359128
156776.90926099158,0.06800736928846358
157197.7259212992,0.0695438708793654
157614.10490514227,0.06968128714434825
158030.44563657913,0.06465644647364956
158446.11185235987,0.06443459711596099
158857.2278134147,0.06522455032388479
159261.66005241484,0.06624878130659761
159678.5853962711,0.06613876373566892
160096.81385038092,0.0599623623175221
160512.65472333002,0.061534486148560635
160918.6560724321,0.05703427030251138
161333.4456487884,0.05459213459107295
161762.53431494883,0.05326891982011845
162195.79241865984,0.05404925988470382
162613.78218007114,0.057854244890584626
163030.79025820133,0.056867673141032554
163437.0828557189,0.05857535563246746
163835.9836403372,0.05791546022518103
164238.1526289559,0.05694393132751561
164646.89881956155,0.05582723511668185
165068.37987641222,0.05457127815125304
165491.4726082892,0.06276957263041699
165915.13454590755,0.06595915088936566
166329.07251264754,0.06542969439249356
166730.80875475463,0.06933369980938382
167125.85929710866,0.07104338157485558
167523.5659670165,0.06666013618655092
167921.5170093458,0.0646146125787365
168333.34243408722,0.06449432573174815
168735.18583187828,0.07080027080699622
169135.80207944216,0.07374986180884038
169546.8286195917,0.0647558422713274
169956.8311501996,0.05768906279582148
170356.9781943143,0.05729236275286654
170761.259971377,0.05829987669411613
171170.60985344558,0.05840495163806627
171565.60773895105,0.058712335470162684
171965.4784073889,0.06016807521338165
172379.9022097728,0.056818978248467975
172787.8097761706,0.054229011126437056
173190.67174809446,0.05212087238509893
173594.49943946188,0.05357551261363323
173993.07930367504,0.05575827742946757
174385.49731518482,0.0597468713324118
174773.84951062902,0.06920181534036604
175172.6469268171,0.07164650691359455
175574.28112725232,0.07179561237905258
175979.35890547885,0.0715914711105046
176382.96393360788,0.07259278574053044
176788.05253984063,0.07089376728779172
177186.35148453093,0.0746687089411887
177573.70880459913,0.0798187034855099
177960.73326691988,0.07744510801725392
178341.73133304223,0.07496417986726708
178713.87696825794,0.07695101882312554
179086.29173672083,0.07303090466046817
179464.3190505934,0.07216706265897319
179844.94563724878,0.07347929201912327
180224.81563201197,0.0656843295514952
180605.027793357,0.06104035510914005
180996.9569536424,0.058131851950387135
181395.48472949388,0.058194931436812314
181801.38136491118,0.05914927113059374
182204.40398426278,0.06030013904124173
182609.46646284396,0.059773267208457444
183010.0458338523,0.06029775603996135
183401.68751949104,0.05914673554866319
183769.9117628666,0.06029741949174292
184141.87409020218,0.060896990046430656
184526.5831254677,0.05883560138719221
184916.12315178738,0.0563886673924055
185308.30413625305,0.05476441079581406
185700.31546056742,0.060974433544044235
186074.84578914536,0.06602254062871739
186446.9124750996,0.06799251682275421
186824.80323366003,0.06967487002709717
187198.9680393745,0.06876261895879922
187559.38470654277,0.07118115103599458
187922.3555833594,0.06419939779933817
188300.56768694788,0.05677911789500506
188670.7334416396,0.05668768052706541
189048.96619981327,0.05337910488857245
189428.00418070634,0.05232406335009086
189815.639114668,0.05256148646672352
190192.2487689335,0.05472900396281868
190559.8100342786,0.05522148878364094
190924.7038238413,0.05741462543496897
191283.24576271186,0.05967595081266189
191639.6832282629,0.05898781582539308
191999.29028236613,0.05720046356078823
192352.84475768727,0.05444655393541147
192701.44570928195,0.056673168544789154
193046.22620827105,0.05834668444066207
193389.9706523771,0.0600679265500264
193738.78155461134,0.0550063944453238
194086.85340802989,0.05786719746926589
194435.53070669167,0.05793094392580516
194786.19742409157,0.05817970807559923
195141.17845328007,0.057812874423643065
195496.64792603697,0.057843357790277106
195845.5081017076,0.05847114003907124
196191.64164951027,0.059167093513410075
196539.5079147451,0.057616998391958586
196898.1263321907,0.05451463631977956
197263.09589468432,0.056355383734809764
197636.4699299825,0.059690421484529715
198010.82997387086,0.06201425358353972
198375.28481368205,0.06350846398524314
198739.46989830933,0.06002524692488868
199109.66358699044,0.05913788093889454
199488.60885815736,0.05903738459027515
199889.4339387131,0.06045262802807925
200289.8304461615,0.06439184920631578
200678.94186046513,0.06396008819950601
201073.5151251089,0.06127260744378262
201480.1773770901,0.05962945704462694
201889.051,0.05838451839348629
202294.8201631484,0.060424896498915484
202690.66710296684,0.05942514983186979
203092.52298850575,0.05702514975701659
203518.8553894081,0.05602116129269133
203947.6171103612,0.05200175778726607
204370.08573922803,0.05356631684978421
204798.4560812917,0.053404234789595544
205217.46387382332,0.052660713726580925
205640.58308364544,0.05279230116612972
206072.09073900842,0.055564657188034515
206498.6123987539,0.0544629583806779
206919.75643984284,0.053803773379031035
207329.6898837064,0.05431165785233689
207733.71692000996,0.052677108719621425
208131.21854717922,0.053535985502193746
208528.96848280597,0.05396042440130601
208920.57928540252,0.0598902313089395
209330.50199178388,0.060462182980050676
209750.97936597263,0.061866745831689156
210168.40926352487,0.06472558158106559
210585.65221189242,0.06989016925559248
210995.768222666,0.07022582252925925
211395.7532880384,0.07060960853606088
211791.60123657258,0.07084915838898667
212180.01966292135,0.06789879805426477
212567.66901145419,0.06637011958910154
212948.59207735496,0.06840869937040212
