D,r2
45.012238653748085,0.43721253633891377
61.46369203849519,0.4115028775279365
79.61021629084216,0.399628174771746
97.6615096108767,0.3786200062447957
116.9193742478941,0.3642708692933908
136.7149187592319,0.3531020607902658
156.15098374679212,0.35617402328565
175.49459332393042,0.33206093237578577
193.64303926568078,0.31580210679525916
212.95693135935397,0.31546220719075213
234.23675871435037,0.30562643598225303
255.12986425339366,0.2956977085351987
276.206413730804,0.28218124910780545
297.3476256339327,0.2780385880287907
318.3435114503817,0.2795919302630222
340.7769328263625,0.2675078574179765
363.17425742574255,0.25634992069151913
385.9279317697228,0.24550288590465055
408.4566744730679,0.2421642360840906
429.3282149712092,0.2437780680875824
451.8803382663848,0.238112501486612
474.245390070922,0.24450867345774768
497.0702296819788,0.2292863535826486
520.2760511882998,0.23096617882235518
542.9279923700525,0.21709955540893838
564.5386168601716,0.22687590426083507
586.3458748866727,0.23471356581584168
609.3129921259842,0.21701382614612427
631.6701738334858,0.21961280530740632
654.5360201511335,0.21672084847291168
676.5672514619883,0.21406580826318142
699.1799100449775,0.21956262197911086
721.5951398441082,0.217434188850942
744.0940470235117,0.20606760908079563
767.0251026928344,0.21539919419019576
791.0152235965747,0.20282453253450897
814.5293302540416,0.2092152842237609
837.9577669902912,0.2047891055249034
861.1900950475238,0.20181772165297368
884.0064516129032,0.20123372447721785
908.2779053743684,0.18782372552774376
931.4807411019015,0.19783166047815812
954.5980573543015,0.18532106684465274
978.8043684710351,0.18162429512421482
1003.12,0.1828527836056698
1027.3738408979991,0.1649814124931027
1051.8785002373043,0.17236606323020007
1075.9103286384977,0.16807530881539245
1100.2126607319485,0.15795599492386242
1125.6805874254246,0.15451582211474602
1150.9452857840743,0.1437649549847905
1176.7714808043875,0.14163620810354258
1201.920393120393,0.14597198373126918
1227.4560185185185,0.14438116824892758
1252.7068138195777,0.14379833654790586
1277.7342789598108,0.14472018911467538
1303.1757342320655,0.14184546214724458
1327.809293320426,0.13841676382254747
1354.0,0.14088239180188983
1379.447380840019,0.13664810344249376
1403.2663070132419,0.1385431400550336
1428.1248843663275,0.14195067724175175
1454.6986104456157,0.14013727599848178
1479.8185714285714,0.13981043900900753
1504.4927332395687,0.1329851484126922
1530.0052808449352,0.13926607364644195
1555.1491897044805,0.1313901703678963
1580.1711360312042,0.13178270236228273
1605.6890524379025,0.13161938194437026
1631.0014423076923,0.12992938949431856
1655.7525773195875,0.1317332280032409
1680.9444444444443,0.12835232073202232
1705.7721153846153,0.12968733463564852
1731.918480778138,0.12973070318089797
1758.1579952267302,0.1280708030579954
1783.120253164557,0.13114300965080353
1808.6904096834264,0.12225200265765444
1834.3609918931807,0.1271066336637014
1859.8533459895586,0.11961133170848898
1885.8561116458134,0.12167021657424389
1911.4027128157156,0.12225240887740069
1936.7178383548542,0.11604440273108149
1962.3750606501699,0.1161780951883248
1988.3476212906264,0.1172335293285533
2014.2948841698842,0.12167888122225433
2040.0070257611242,0.11697803228467851
2065.1576425491135,0.1129778846194998
2090.670522906062,0.11762682200397119
2115.5267770204478,0.11651733266723485
2141.9275975552423,0.11274167577574233
2167.9471624266143,0.11663066455546368
2193.1838166510756,0.11490552774915928
2220.13752362949,0.10841717034934706
2246.873508353222,0.11271351573678697
2273.8061904761903,0.11073500462784035
2300.191419141914,0.1210678777339418
2325.2633317602645,0.10674654029699122
2351.6283560998586,0.11145796907069132
2378.834052757794,0.11494320608978026
2406.533364661654,0.11034363133790276
2434.099666189795,0.1073804244815603
2461.4215267899476,0.10962946024895644
2489.2736030828514,0.1120183434098476
2516.0727360308283,0.1093416756236149
2543.336435551419,0.10656832211350843
2569.8903195040534,0.11215809687025896
2596.348119575699,0.10303715852259519
2622.826269212855,0.10497090624181976
2649.337326305702,0.1070006820673071
2675.774607703281,0.10401208172412996
2702.7311569851177,0.10735618297167397
2729.7498811222063,0.10514749269202789
2756.1116945107397,0.10251663933650779
2783.2831241283125,0.10288975406767498
2810.9182174338885,0.10645765118011336
2837.8418582824966,0.10549116425020386
2864.9709737827716,0.10165096005511111
2892.260135135135,0.10288859474612047
2919.1739943872776,0.10701271243376326
2944.9301868239922,0.10890011793296381
2970.6649214659687,0.1098840547987405
2998.452568255437,0.1035260807868942
3025.928163653663,0.10836365931539384
3053.0965853658536,0.10629827330206375
3080.552558139535,0.10167879933849608
3108.1608257321172,0.10534590029261505
3135.701256398325,0.09902358352032038
3162.921530161844,0.10316336005499473
3189.031826568266,0.09761516327496154
3216.3571428571427,0.10205346907219953
3243.300145701797,0.10210097779788985
3270.556666666667,0.1074877309814053
3298.185625892432,0.10408533492742411
3325.817073170732,0.10491638518752837
3352.9127740705435,0.11320815027297648
3379.7591549295776,0.11229349799687229
3406.3706395348836,0.11889673468610176
3432.198090692124,0.11593452296365617
3458.9481939163497,0.12396529897702872
3486.038157282457,0.1206423681220711
3512.7479478512796,0.11969637716691688
3539.903487816531,0.12510586749272928
3567.4525479195886,0.1239405463132696
3593.7357283464567,0.13024366380230004
3620.5071461503,0.13626271891433744
3648.657196969697,0.12743712898182083
3675.561797752809,0.12826366782566892
3701.6711281070748,0.12353249100600992
3727.8958333333335,0.12123765133571998
3754.4821428571427,0.1213949766470213
3780.708947885939,0.1176958897546029
3808.143536121673,0.12445930251408653
3836.39055191768,0.11439832801021449
3864.3250478011473,0.11410822660232216
3892.0822243346006,0.11497482445027887
3918.771039022097,0.11255831808843461
3945.7456347333646,0.10621715010500775
3972.7067189798922,0.10709778992465571
3999.3551625239006,0.11315609301974865
4026.7625292740045,0.09654069713369202
4054.9581978634465,0.10231761302265069
4083.5645239246014,0.10492421615060463
4110.65494296578,0.11027008840779429
4137.281058101086,0.10856873736015568
4163.983490566037,0.11166536897710885
4190.993243243243,0.10968382189480272
4218.481655691439,0.1148871885115302
4245.50293255132,0.1177058678910609
4272.4477818853975,0.12313126618608783
4299.858180058083,0.11867703393241552
4327.443711728686,0.11722138904878315
4355.10113960114,0.11501822502481177
4381.51620591039,0.11946527669805965
4407.902634054562,0.12230219283269708
4434.79797979798,0.11840286021240419
4462.15494296578,0.11465496946867475
4489.984419263456,0.11169457000013117
4518.822403063667,0.11158107601472703
4547.514354066986,0.1165594267508172
4574.852348993289,0.11599972127208916
4602.794172062905,0.1067521735644105
4630.5233415233415,0.1075187910030437
4657.102186311787,0.1029260330701269
4684.253561253561,0.09365497133638911
4712.0575506445675,0.0954597019329573
4740.629154795822,0.09241807707965113
4768.579562043796,0.0935371867474936
4797.112970711297,0.09284196931463046
4825.482957273163,0.09103050131567336
4853.342342342342,0.09327734809837772
4881.6800757217225,0.0873801639079451
4909.560869565217,0.09451618175837508
4937.790360318203,0.08892076055246363
4966.851513695338,0.0886149940792463
4995.937530033638,0.09411322438465218
5025.260235294118,0.09439647442398592
5053.745874587459,0.09069257234542889
5082.59440227704,0.09223947560254513
5111.9140811455845,0.09356961245276733
5140.704793545325,0.09188565597505578
5168.976911976912,0.0928693563451783
5197.925179856115,0.0948297026926619
5227.103644107903,0.09066601317925031
5256.140160453044,0.0882163541705715
5285.091385054736,0.09321103444150702
5314.429650613786,0.08764494047080151
5344.495520980669,0.09029112741835751
5374.035231660232,0.08757640353326854
5403.508466603951,0.09019406812990584
5433.3819845857415,0.09067512160949422
5463.604683840749,0.08800197613366915
5493.380676328502,0.0885646116087759
5523.603578154426,0.08815369488489229
5552.395943988411,0.08856693840418457
5581.436541143654,0.08495585364442404
5610.919417475729,0.08890315377400804
5640.261638733706,0.08921217241205452
5670.2871819960865,0.09198941494592965
5699.669676806084,0.0901316694264971
5729.32672332389,0.08456585486598811
5759.234264079508,0.08584750462585469
5787.419245647969,0.0878320976168338
5816.186251741756,0.08685053773771757
5846.098124098124,0.0904986211888561
5875.298614429049,0.0809916144057856
5905.431381733021,0.08613925218833599
5934.8189087488245,0.08775018256386055
5964.513669064748,0.08543948873402882
5993.879351454459,0.08801059988935345
6023.478591817317,0.08022106454858498
6052.676231468197,0.07904671059846327
6080.933617828355,0.08946777586948912
6109.865157944366,0.08647216809105494
6138.923548843794,0.08945782663814036
6167.56207892204,0.0883820385350181
6195.500469483568,0.0896902838718654
6223.982692307693,0.08619407662012807
6253.5641025641025,0.0876991893047602
6283.168893129771,0.0798250779533677
6311.954110898661,0.08660398398061256
6340.766521948866,0.08102966559638257
6370.044235294117,0.08063902551007725
6399.593647828117,0.08057121505801919
6429.004750593825,0.0840564890817079
6457.614347616755,0.08492293302904778
6487.476635514019,0.0849082295453821
6517.687470449173,0.08343269274077934
6546.634718826406,0.08494772563076262
6576.291294117647,0.08052317795624306
6605.681774349084,0.08055830492588677
6634.111163447951,0.0827371428196792
6663.476749647722,0.0859058812919409
6693.2086914995225,0.08306304297944936
6722.812884888678,0.08013483101678384
6752.19234496124,0.08861870440334473
6782.215604801478,0.08748751117262146
6812.704752760442,0.08466002129623808
6842.772426817753,0.08664674979698869
6873.393077287814,0.0878772547816975
6902.825513196481,0.08907953608858077
6933.125175151798,0.08667760435102466
6963.022824536377,0.0905460061007972
6992.237320574162,0.08560458051548726
7022.439071566731,0.08311156341780275
7053.4563473336475,0.08469034595471864
7084.168416030534,0.08721442526438893
7113.413358243812,0.08743425465596183
7143.098646034816,0.08928931299529745
7172.660554771979,0.08628302235654416
7202.6912247771,0.08288013642347007
7232.7408810990055,0.08898746652189497
7262.697362110312,0.08243837720185802
7294.185878962536,0.08626303752328075
7344.19014084507,0.0836706056043565
7412.009615384615,0.08387586661905508
7479.061171925306,0.08051823893774707
7545.722460351479,0.08057382829461343
7611.945102260495,0.08100677588942079
7678.42872363094,0.08126233367582081
7744.172890135981,0.07960484852801164
7811.3761251607375,0.08242603398233239
7877.822435897436,0.0786440876454275
7942.373545885394,0.08013808673049125
8009.419842452629,0.08151063642877864
8077.263736263736,0.08278997228545168
8144.444491705657,0.07878301136775706
8212.249082667819,0.08463403624901668
8279.151710781149,0.08153069956567445
8346.579557655143,0.08332085335166364
8413.973296304208,0.07888937166543017
8481.230868167202,0.07555338168339451
8549.344482317852,0.07853770004153801
8616.523326133909,0.0812050364782579
8684.50235950236,0.079104552359157
8752.950343938091,0.07934209907537727
8820.43760575296,0.0776902805114741
8889.113753213367,0.07932124177674899
8956.335843373494,0.07997596068145957
9023.217887931034,0.07680998037003944
9090.326448040885,0.07853320867479258
9157.04485373781,0.07655917718947039
9224.221318493152,0.07374199554080214
9293.127559726963,0.07892034063632268
9362.763378465506,0.07351728106643
9432.778252510147,0.07527840238538283
9503.438129959253,0.07572220959413245
9574.208056567388,0.07240697671470495
9646.029760621092,0.07717835405448774
9718.290301862557,0.07548132329927115
9787.810960067969,0.0761020632324597
9856.644883920893,0.0768356545259253
9927.334477579918,0.07302577630147906
9996.960247916222,0.0746291857407237
10067.197005347594,0.07633186005715122
10138.09549471869,0.07561269866796579
10209.570508692852,0.0747575699504518
10280.291747052519,0.07625157428257939
10349.8382923674,0.07512461683087165
10418.181045473862,0.07538852417763844
10487.593783494105,0.0751153385369657
10554.694023386748,0.07666120609424733
10621.34657883553,0.07628706190843948
10689.890034364262,0.07820392024444173
10759.826311263972,0.07558040829713772
10829.759199483538,0.07496805189645324
10898.27680478428,0.07501544099766697
10966.12395273899,0.07216527108021062
11035.883311883312,0.07302023822166138
11105.040488431876,0.07278394465541009
11175.917918341444,0.07523640737458587
11246.670723755706,0.07402214585934504
11316.026900085397,0.07644767976245555
11386.443323314727,0.07291948440227913
11456.691602728048,0.0728360004660177
11527.099742046432,0.07490004841342013
11595.225542894,0.07447142083742803
11663.338458253256,0.07558694254016
11734.301764959104,0.07530797926926427
11804.847046186896,0.0765749916918032
11874.817737133135,0.07787027286314681
11944.53826311264,0.07618709452161254
12015.199914748508,0.07267809544759259
12084.855081826012,0.07345905106158737
12156.368488471391,0.07170038694710935
12229.440333618477,0.07320006006854282
12301.215404419652,0.07658860426044489
12371.526867908371,0.07815512100630755
12442.78346712953,0.07353233674565213
12511.31620637979,0.07465022984649732
12580.245064377683,0.07603435157510902
12649.869639065817,0.07414073825097653
12721.160351102548,0.07340838387323155
12791.564975380004,0.07050036525527632
12863.584426758443,0.07127035657079137
12935.721085505062,0.06954316041799175
13006.841788478074,0.07195115754593617
13079.621800341298,0.07498088708577089
13152.3088172043,0.07377576883898772
13225.128352490421,0.07147898646356986
13297.532832618026,0.071875286239485
13370.127641408752,0.07356916830421834
13442.055374592834,0.07231232665740153
13513.680436643835,0.07277234944868294
13585.420354928372,0.07264699187535255
13658.12988677633,0.0749054859998097
13731.56467821253,0.07362001679732079
13806.078658929722,0.07230627474978708
13878.650450064295,0.0728593971890916
13950.761731304907,0.07075472612422545
14023.3267136451,0.0732345745889202
14096.276781810231,0.07277703038446476
14166.500744839328,0.06916007051721593
14238.466397277754,0.0695377183945963
14309.428602104359,0.07030892363902948
14380.884574354597,0.07101999238951977
14452.606950140298,0.06969318564504819
14523.875,0.07004376944363884
14596.323674608286,0.07237386163405253
14668.696003401361,0.06601818887920506
14740.506473888649,0.07067771963741129
14813.657665320008,0.07222580886410006
14886.057671616096,0.07365404295458616
14959.124675885912,0.07180059688116923
15033.721713189858,0.07219820135268191
15107.498292787026,0.0720866538369921
15179.336548767416,0.0731682885733689
15252.751442615943,0.07346577271867469
15327.964347450303,0.07355476602250943
15403.031155994842,0.07321852893807064
15478.009127573763,0.06991630445415876
15550.527460693516,0.0722192283408063
15623.65579710145,0.0716547298019584
15699.598662928618,0.06909734980755543
15775.242087254062,0.06918266170713694
15851.532730404824,0.07074736307867595
15927.080803762292,0.06902818508693367
16003.959871931696,0.07367043641070208
16079.491661251895,0.07390178426820412
16153.573367260391,0.0692182311138741
16227.877551020409,0.07187625586499684
16304.85720338983,0.06993527008153382
16383.52842014264,0.07289386305388731
16460.6529562982,0.07244386750972996
16537.53523238381,0.06964493003295966
16613.69268396427,0.06744924210136137
16690.70323275862,0.0696848630196314
16766.58027621925,0.06972044274984493
16842.976195582243,0.06939184204127694
16920.22236448997,0.07122941504617845
16997.27640882794,0.07141491083387465
17075.60076612045,0.07001000643458001
17153.41233347658,0.07158487471703208
17230.692656587475,0.07369306973896148
17309.015697921088,0.07241527521573402
17386.91972378075,0.07011866145716275
17464.42777300086,0.07110199366423442
17542.09377664109,0.07296047945194818
17618.241956241956,0.0696182959157056
17696.19069166128,0.07013755102626196
17775.30482875984,0.07170471500148408
17854.63498180261,0.07260753571803136
17934.393449687566,0.0726598083699399
18012.75275556516,0.07242760609399353
18089.19754393394,0.07153954354045906
18166.756564786912,0.07190754675099041
18244.51107288755,0.06849351361977794
18321.000861883214,0.06904390561293715
18400.211219719506,0.06727826801157022
18479.273758561645,0.07033671241224189
18556.83814410947,0.0711767832153258
18634.417920068758,0.06884991747829447
18711.714163090128,0.07175192662032923
18790.338765008575,0.07098379025693462
18868.745956437353,0.07358225976426945
18947.316057774002,0.07238280575235707
19025.40741534505,0.07004932931290825
19103.473436161097,0.06953498344978744
19180.005379814935,0.07091382148712282
19258.088798107932,0.071519945219527
19334.995915735166,0.07017563147495687
19412.828115015975,0.0730967071894936
19493.25332190313,0.07158610959784348
19572.74210865364,0.07084303092505383
19654.24919441461,0.06982442601203966
19735.33655083655,0.07062624195364403
19817.251075731496,0.06921294841595799
19899.33262260128,0.06927402524777619
19981.831255374032,0.07086256902236233
20064.570549543816,0.07037947210309779
20146.716911764706,0.07318913404806161
20226.44600340136,0.07334478656758439
20306.046466392912,0.07358121477897636
20386.117032615646,0.07094906678720866
20466.84368262182,0.0695812195028521
20546.437912673056,0.07108899724085557
20627.042685542685,0.0679093978057152
20707.456611123132,0.06859643449013479
20787.330158730158,0.06784073997426981
20869.732974137933,0.0714943326470033
20951.93564250588,0.07199480593637697
21032.82669237361,0.07085309730286109
21112.90729189073,0.06968028509683113
21194.32656550545,0.07261095073295204
21276.876844130853,0.07204017553749117
21360.445759793372,0.0684484443368751
21445.26541612764,0.07162530219693505
21530.266355140186,0.07061551322064637
21615.29519106913,0.06855992468126244
21701.8814973262,0.06761095629241558
21786.57578359811,0.07220559793475412
21868.61155421427,0.06684571803303627
21950.84697357204,0.06844708003507986
22032.492556634304,0.06804195439244416
22113.086266094422,0.06818562372791283
22195.516398713826,0.06707297653415215
22277.81903542467,0.06960157070032635
22361.62196432409,0.06653407622446757
22443.752953813106,0.06494197884861559
22526.070220509526,0.06811489888895539
22608.623406966864,0.06922915221427922
22690.782098631327,0.06876168849649855
22770.98338658147,0.06803286969835669
22854.12921952268,0.06902280107744291
22938.139078498294,0.06968968513909943
23024.102093122598,0.06870142871073531
23107.615351444587,0.06639209954609653
23191.441572313608,0.07044370122229707
23274.747790472084,0.07185507874203699
23360.29675756925,0.06776480245219801
23446.73646055437,0.06653353382938036
23532.96935692706,0.07034086081054804
23619.17955801105,0.0702242896780393
23703.92460912401,0.06679719865180304
23790.35675558447,0.06711446574196318
23877.601401571457,0.06513331526396861
23963.139891891893,0.06851462872981728
24047.60473973762,0.06876691510147456
24131.27085590466,0.06976017133207664
24213.633107248836,0.07078938743106553
24297.195153613153,0.06988167861090033
24377.42179187061,0.06954602278935527
24459.841505376346,0.07070224370961291
24544.656636790438,0.06894013376251101
24626.685073339086,0.06658239200514113
24706.20721297482,0.06697019227391944
24787.57665952891,0.06591270664257178
24870.934295562256,0.06754280692075094
24952.64356223176,0.06981012064738229
25036.49764353042,0.06459343140551994
25118.87091258816,0.0695092547150692
25204.92843326886,0.06660242414245757
25290.346104175635,0.0654816599056202
25377.593584023794,0.06872029253471826
25464.926363246028,0.06851090212431787
25548.82000855066,0.06592323325510907
25635.41528167494,0.0687362798082886
25722.492716366753,0.061472905829187435
25807.68520506764,0.06882152688471634
25894.323750268184,0.06742060040536112
25979.322954691863,0.06540906798064443
26063.66325442525,0.06370039938440762
26150.218287186093,0.06488281884938708
26236.845148854143,0.06345194708604328
26323.77917644549,0.06492754558345412
26412.28979591837,0.0652582085856692
26500.576775021385,0.0634997747390405
26588.14630988347,0.06410499591529603
26676.45456493785,0.06455330240743602
26766.689197860964,0.06558442150023366
26855.86247586355,0.06364853841223207
26944.98138639281,0.06406053838592948
27034.72532188841,0.06559014818799462
27121.828115015975,0.06322204088427674
27208.557486057485,0.06257442189532865
27292.65343972396,0.06609772134419427
27380.037393162394,0.06707927432722303
27469.109412018093,0.06551169968875395
27556.26232318903,0.06540534443244525
27642.108413205537,0.06498618920313698
27728.631817201982,0.06440177568657623
27816.689655172413,0.06471207049766209
27904.04208502457,0.06494035087718526
27991.62085811385,0.06531431244755281
28081.102375809936,0.06374887558285432
28169.92310969116,0.06356326477617873
28258.04332904333,0.062241028176179006
28344.767795883363,0.06352469788104242
28431.041397153946,0.0658605167908414
28516.803517803517,0.06421918684736329
28603.884796573875,0.06863963209751008
28692.88617363344,0.06546125424505427
28781.48516542156,0.06680469478919787
28870.352953767124,0.06751733779841923
28959.08490162532,0.06639669450569473
29047.62798194713,0.06514335517445281
29137.089931153183,0.06583121644630034
29225.978859705316,0.06760652456500846
29315.512610476395,0.06522040345647453
29402.74434002563,0.062164339834649716
29490.365499573014,0.06370568454951883
29577.975113611774,0.06394673579247724
29667.45611052072,0.06361690689766901
29756.427864975274,0.06445649107382656
29844.77394305436,0.06617003926867776
29931.171238748393,0.06532937240579834
30020.146284000857,0.06442614138799199
30110.47619047619,0.062435329194893044
30197.75986277873,0.06339210047674572
30285.803506521275,0.06573630337580874
30375.936616702355,0.06084493116405224
30466.901032702237,0.06511320071555989
30556.162601626016,0.06600255965741167
30643.022360782626,0.06386187154198056
30731.389068216053,0.06480403657295893
30820.885775401068,0.06495082841764493
30910.008755071536,0.06588997044792973
30999.001712695353,0.06177852263486223
31087.464224507283,0.06398800112008227
31173.705831903946,0.0651416728395787
31261.29663739559,0.06514771463069353
31351.097887020267,0.06541122955447107
31441.3290144435,0.06493440146144654
31531.684165232356,0.06540729386556147
31620.169210922384,0.06587060185433623
31707.361438048363,0.06656320416535562
31794.935766111823,0.06450955895201733
31882.14193825043,0.062322907847650134
31974.357189049366,0.06574098135855128
32065.44845360825,0.062447763395995615
32154.531910352187,0.062466185017658486
32243.861551650236,0.062298890045650986
32334.85824411135,0.06315601834024678
32427.23133362106,0.060988024052858865
32518.430746140653,0.0677011659042817
32611.052868150684,0.0651640845531184
32702.78863879957,0.06407186183270097
32795.70626072041,0.0638954466710222
32887.62784272051,0.06359904565522603
32979.262864494,0.06397968599871279
33071.340434689046,0.06538620825592312
33161.31137724551,0.06564126746246675
33250.07081174439,0.06607384478524621
33339.68298418127,0.06445134837908852
33432.030677460585,0.0642966948487825
33525.6731016731,0.06423164199307624
33620.70216413114,0.0661074738051459
33714.04476006026,0.06460380072804181
33805.71520618557,0.06622016494126162
33899.75310226787,0.06648287656546607
33993.07002561913,0.062292133502478815
34084.479510834586,0.060641167506751116
34177.8602104359,0.0625394022447353
34273.493230174085,0.06365142921564022
34369.47128161166,0.06430842678508973
34467.72114358865,0.06458640201646249
34564.31156316916,0.06267640944188081
34660.53854412712,0.06528122960924988
34757.06286454958,0.06745869670051442
34850.94009806011,0.06672794894969498
34943.765122265126,0.0652219614004089
35037.42292746114,0.06535202817996201
35131.09355730385,0.06559856062671102
35227.540051679585,0.06533569178966142
35321.34811482434,0.06478625245958791
35415.38769427294,0.06373860792984698
35511.95822622108,0.06344985487753979
35609.31066493955,0.06624608760035582
35707.06072961373,0.06294733836247263
35804.78362068965,0.06459962124435811
35902.82128471486,0.0642028490329809
36000.07985363754,0.06466659370497686
36097.10183996577,0.06383822442981797
36194.113402061856,0.06467303484730295
36293.808678922614,0.0653600814012898
36391.18230391109,0.06678889357231724
36488.25937904269,0.06179722786846642
36585.999573469824,0.06458442063976237
36682.37665150531,0.0642843443495989
36780.00744522442,0.06466987672265147
36878.932704672094,0.06525617451926222
36976.10336693116,0.06420978414663193
37073.75782925783,0.06201627314612545
37173.61101585941,0.06446601623235379
37276.33626044121,0.06343497805037629
37377.305632897835,0.0620522586832057
37479.14239551917,0.06473876266299598
37580.0587858059,0.06445577888457134
37679.10909865757,0.06250361612750288
37779.278794402584,0.062480350666073825
37878.84067942378,0.06432614495022144
37980.84156729131,0.06195255829018985
38081.97727272727,0.06334816293111253
38179.500749946434,0.0638363758142997
38277.51290877797,0.06440765957881489
38381.259522272434,0.06353446576985644
38483.51666666667,0.06207998400956892
38586.06272746735,0.06364628416446415
38688.1528224941,0.06397361240850602
38790.02057877814,0.06404308241076946
38893.64594017094,0.06547925159839728
38998.867313915856,0.06490864794590082
39103.736282433005,0.06308584445972217
39206.84454955923,0.06449175373948018
39308.597422126746,0.06518593522454227
39411.274463519316,0.06221156556672213
39515.77304964539,0.062278295744567745
39620.39396533276,0.06493083054524644
39727.34544282029,0.06541621962002817
39835.705457634314,0.0625282740404788
39941.0618934656,0.061933855025932814
40049.63696439991,0.06095805961698226
40157.218454935624,0.06192518138945698
40262.696232508075,0.06326425527177222
40369.70195825263,0.06328178421572404
40473.134331550806,0.06688547289836078
40577.90405982906,0.06406447557627612
40687.057454079455,0.06626515816642972
40795.97665952891,0.06371408090714051
40902.675821799305,0.06507293526692637
41008.554137417574,0.06577596625295236
41116.476354256236,0.06287719414167232
41220.81503759399,0.0662207587502219
41327.43043944266,0.06468197900619832
41434.598928188636,0.06532189101961279
41540.663525380165,0.06643026307654268
41647.30257830812,0.06461951062497773
41754.12096948712,0.061206947564288856
41860.689353531045,0.06372564502528705
41970.649495599915,0.06305300335926753
42082.15494763838,0.06555352019956596
42194.72340425532,0.06731823039664278
42304.34110849561,0.06650843213601844
42417.98881960868,0.0662029181001815
42528.37745516653,0.06459397542792183
42635.88998498821,0.06262536955977253
42742.970207253886,0.0645063352553134
42850.43181336161,0.06403230073806694
42956.95322892083,0.06949273024096603
43060.14025695931,0.06865629002090737
43163.71129797326,0.065261067271034
43268.083653435766,0.06762466183726946
43370.767311827956,0.07009317381106059
43480.633489961554,0.06522678170936232
43590.25611850579,0.06453290695898135
43696.52875296145,0.0649991983587939
43804.400425531916,0.06587655390154495
43912.477394471825,0.06253800873182251
44024.09862778731,0.06149357516257603
44131.10718925942,0.06291834187548051
44238.58907312925,0.0650266012685553
44348.88395538396,0.06328087372599504
44455.11280291658,0.061994018573419574
44562.04994617869,0.06521990465441233
44671.11516314779,0.06470829238433042
44783.17888626102,0.0628536220251954
44891.67833369122,0.06533141126635145
45000.36492281304,0.06518615121193065
45108.96002565199,0.0649653392514083
45219.26394849786,0.06483593393608683
45332.66581251335,0.06415829109647275
45444.45411764706,0.06602334733106097
45556.87168427863,0.06399103470210829
45669.80368624089,0.06753062301812797
45780.61901709402,0.06419059038137852
45893.44560803591,0.06481126745014619
46005.80245319561,0.06683857642960264
46118.09640872168,0.06436255663046411
46229.25112588462,0.062021708458552746
46340.562580645164,0.06276424166733156
46454.88091668452,0.06305873099717811
46568.928111587986,0.061732143353951274
46679.10537634409,0.06255810579065174
46787.97352124706,0.06108912235820803
46899.78508865627,0.06488932492409315
47010.76263169211,0.0646251001274034
47124.067379679145,0.06251528630817964
47235.994640943194,0.06268947672902422
47349.35893585067,0.06277060101498051
47467.24753324753,0.06283753516663833
47584.05300429185,0.06097198714965012
47698.61528553027,0.06461922592014274
47814.847399829494,0.06498798377722001
47928.26124381321,0.0631463702132479
48042.90442439863,0.0626489187480406
48159.008572653234,0.06311184060316061
48273.88406417112,0.06441264465149815
48386.95004269855,0.06511289182604135
48503.355917667235,0.06293622802938646
48618.3897866839,0.0639021504545789
48733.50332119135,0.062132622169194976
48847.71734934591,0.0622223914056438
48961.93456947996,0.0634705771680909
49075.876050873034,0.06403396136896149
49190.19028165986,0.0648117912738517
49304.046695095945,0.06409271689676072
49421.26599614808,0.06446953280173291
49539.02093675804,0.05990655508994496
49658.27272727273,0.06509717692059556
49777.01496365968,0.061710736322212426
49897.56048906049,0.06252917131100341
50020.513554216865,0.06464764893779648
50143.605251921435,0.06404334772412079
50267.142857142855,0.06549727289880342
50387.726497548494,0.06481874366062584
50508.04091300603,0.059742564879354754
50626.904812834226,0.06418532890083659
50744.08934337998,0.06521128788357039
50860.06451612903,0.06251689061144931
50978.94121447029,0.06551452697307306
51097.48617021277,0.06373155057435788
51217.01785330178,0.06562657370551545
51334.49487398547,0.06505258810098821
