D,r2
43.71275421724736,0.19355041484136476
60.19310897435897,0.16843200922830964
76.67299723756906,0.16124282776102972
96.07716785998409,0.14215479776258835
115.57126886528788,0.13751813973776092
135.15101501898002,0.13111304802880447
154.7064116985377,0.12173030088271405
174.3414351851852,0.12732895951062734
194.8173515981735,0.11877315682665876
214.50686255557704,0.1196100320113274
234.31872162067762,0.11440333610154807
256.3723903544263,0.11484156150943756
278.71307270475853,0.11102340730997219
300.34253541590994,0.11541056502559928
321.33570127504555,0.11064320760712203
344.0988161788885,0.1068810556971809
366.4232912332838,0.10791438034860844
388.47346392097774,0.10278474441710113
410.9873649514741,0.10234084725364345
433.7036911615306,0.10494932678770184
456.24028990893885,0.09962783104936734
478.77805444887116,0.09775548367542229
501.22551546391753,0.09820077897890857
523.9494012481025,0.09642932821122081
547.5371107892831,0.09631969806642664
570.0885819521179,0.0989983143852598
592.6258564731338,0.09926476446298318
615.0224575497535,0.09621429688894237
636.5960912052117,0.09319620696542005
658.75302578495,0.09843634207045739
681.1810558414332,0.09378704688764904
704.3309577611681,0.09511140867914311
727.535079684924,0.09039803027299267
750.124327333457,0.09113559088705234
773.2017326732673,0.09415881259525129
796.4327186415921,0.0882029160246183
818.5673945783133,0.08592119376326464
840.2670807453416,0.08998710640007612
863.2291268876932,0.09120191425623796
886.9306589217643,0.08810411452468732
910.1201522290685,0.08505807412737376
933.0704251386321,0.0874391996751349
955.4795955218491,0.08864579226544209
977.6703869047619,0.08793323611154144
999.1775314672177,0.08880936171802972
1022.176103988604,0.08862788318872615
1046.1683327383078,0.08640976509892288
1070.249593054802,0.08846350642990576
1093.9113831536633,0.09081130794513512
1117.4876928728877,0.0867780101885316
1141.5396504139835,0.08397686353571239
1165.4005858659832,0.08369686887331136
1189.5086767895878,0.0813700232348009
1213.5068417159764,0.08108897960327137
1237.9238044254105,0.08612864359475181
1262.3035155531013,0.08284374647564881
1286.2019531969781,0.08174222064081144
1310.5931544865864,0.08473570775066937
1334.429836995039,0.07960508715162354
1358.3117941122014,0.08136167298014739
1382.4063246920389,0.07988688510532155
1406.4858499178383,0.07947259603909125
1430.4448628294783,0.07790332918761038
1454.2844070278184,0.0804393624039731
1478.4174022698612,0.07961421413816784
1502.4735236043798,0.0773251649794587
1526.3058098262657,0.07828434516058544
1550.4422064960986,0.07736447807421276
1574.356841912438,0.0775155068190162
1598.3612555720654,0.07961229171827898
1622.9645676197158,0.07759710459946116
1647.626978284873,0.07698925666253352
1671.4369469026549,0.07906371576119631
1696.0005401512424,0.07952033772707712
1720.5230257074163,0.0765204098991622
1745.0504369992716,0.07820138041757276
1770.0399856553702,0.0748484109110396
1794.7787155963304,0.07738613223589953
1818.6340196624003,0.07606880434116983
1842.962493205291,0.07693522168636796
1867.8482142857142,0.07441322646978533
1892.4260165662652,0.07324290633932623
1917.028535980149,0.07415571986011564
1941.6013868065968,0.07667225185776523
1966.3745771764286,0.07657223925829795
1991.455686715383,0.07324886810043879
2016.425,0.07512072990934693
2041.9256457564575,0.07499369007712915
2067.418860439957,0.07483584097945291
2093.014334966431,0.07491156602444664
2117.405325443787,0.07364840324419569
2141.9541504899244,0.07371426952099627
2167.582817747923,0.07621119770767568
2193.0034881586193,0.07432996716751687
2218.074483775811,0.07306656724953349
2243.090050027793,0.07115581187806352
2268.2660566917834,0.07009112551316482
2294.155757026292,0.07108854687664552
2318.5365535248043,0.06994401225415708
2342.9683017531434,0.06956881560440792
2368.0056435463316,0.0710119029327165
2392.921091445428,0.0718575696194336
2417.804564390509,0.07014722631710822
2443.530976676385,0.07323419591589055
2469.1910620589833,0.07043866317746628
2493.4325800376646,0.07027302427147711
2518.552787237856,0.07019923318092096
2543.962174072714,0.06931953493628641
2568.8726673984634,0.06955977044653866
2593.9157427937917,0.06960424809541588
2619.4134666904806,0.0698614610032804
2645.5359633027524,0.06921193236924755
2671.358429394813,0.06569039617675076
2696.995057660626,0.06709997643409178
2722.399568810636,0.0689808960945964
2747.9877868245744,0.06967969480245169
2773.7198708751794,0.06737489441134456
2798.833053847587,0.06946173057160818
2824.3832083409548,0.06730107864674313
2850.4749777382012,0.0658774165527368
2875.9287334593573,0.06588401315962158
2901.4263923377084,0.06825222631822195
2927.4180176860723,0.06460470813562778
2953.718487394958,0.06440344922432407
2979.4086433260395,0.0681526633988815
3005.494877424076,0.0657825418418145
3031.6343405102225,0.06859784185781144
3057.5368052999634,0.0693908677020719
3083.547518769456,0.06701294939089131
3110.132673267327,0.06790342170752867
3136.48370273794,0.06510968623804371
3163.4947312961012,0.06647146452116615
3190.6959096798073,0.06353437139899389
3216.049256505576,0.06306113895329628
3242.555035971223,0.06784140592048782
3270.019923926825,0.06529024742327853
3296.4683155804296,0.06739411028854858
3322.0039193729003,0.06618230965976349
3347.371469177474,0.06450261709031667
3373.4800073705546,0.06378265040321533
3398.9876934551557,0.06436277435421778
3424.4088073394496,0.06338569034181052
3451.569725433526,0.06229390747552342
3478.9404696886945,0.06503259764526656
3506.5239558850117,0.06337073221777705
3534.4628173042547,0.06343550177339087
3562.045219638243,0.0628060677830739
3588.7619579378375,0.061568986639334605
3614.9321880650996,0.06555619918016345
3642.1522091974753,0.06406572335268575
3669.035508291276,0.06094399420230178
3695.5256195267375,0.06282050553561537
3721.856709493219,0.06431155665328361
3748.8750911743255,0.06396624883418287
3776.089781021898,0.06373362050506899
3803.1446529422483,0.06355062420512202
3830.0883107365335,0.0633969334838429
3857.0109016999263,0.06154241043389528
3884.4292469989086,0.06299401665828686
3911.8909453819633,0.06160987752142456
3938.904589808457,0.06098745292936476
3966.1185130658814,0.06362282669717369
3993.5973882655876,0.06181187571688949
4021.677859579817,0.06322356608007809
4049.4290404961694,0.060532958613601515
4076.9601916697384,0.06143202641255793
4104.585106382979,0.0638005290350645
4132.0457121960135,0.06202369106458531
4158.95372418879,0.06355670395499737
4186.620689655172,0.06437372536362204
4214.1042671614105,0.06275924920353729
4241.0970464135025,0.06256586908064923
4268.5306451612905,0.06168533227704088
4295.834358047016,0.061045525034135635
4322.932851048043,0.06311440838531875
4350.139581437671,0.06054326738474708
4376.870430691278,0.06089583627079279
4404.065594737804,0.0603493375849729
4431.42872454448,0.06009493207220769
4458.520970472071,0.060435387173374835
4485.483395489256,0.05902490694591447
4512.98818011257,0.06160440354647273
4540.375814627082,0.06041978873147587
4568.433272058824,0.057836778045562136
4596.393300918422,0.05800372159249193
4624.538019054467,0.058506029286345226
4652.161486113666,0.06013117735921493
4679.45094509451,0.05833698346864749
4707.006939234809,0.05928525603534866
4734.613114754098,0.059318785586140794
4762.690176781483,0.05777536054859469
4790.480921526278,0.060620837040846115
4817.361188486537,0.06101287175537526
4844.821878884745,0.059860791270459665
4873.453555878084,0.06105133068937568
4901.465962868584,0.059729351160273614
4928.970297029703,0.060643702148962524
4956.603756382203,0.05751724873340869
4984.143329051202,0.05954268344929834
5010.944679286896,0.060423186662865676
5038.373032904149,0.06059098366943641
5066.422339843037,0.05923530033550079
5093.430911144578,0.060856768935451847
5120.102605863192,0.06079493315824383
5147.58537886873,0.06130651136575579
5175.082568807339,0.06122190818599752
5201.969657483246,0.05914606935283492
5229.505804607966,0.06085316407354204
5257.2399854993655,0.05938241861161374
5284.046389824168,0.05741690808780535
5311.542281396186,0.05879977944681346
5339.740160349854,0.06016904800024242
5367.782496782497,0.05671703592030185
5395.430714285714,0.05657755303753544
5422.374647887324,0.059893212170126005
5449.2824207492795,0.05980888283163958
5477.746435661433,0.05824516894715983
5506.590710382514,0.05883981685304692
5534.016819286115,0.06085382177567204
5561.6556842867485,0.058553963307261835
5589.463526392962,0.06040516204697523
5617.380804387569,0.05834581923237115
5645.6266572388195,0.058855912539000646
5673.120530777737,0.06044356102085558
5700.516211760396,0.06089463992005186
5728.61152382678,0.05936167314583865
5755.857826006989,0.05918951288603872
5783.628384517536,0.060234329785671975
5811.115356220007,0.06010906394349095
5838.0077362313505,0.060024793001900556
5865.469964664311,0.059745750609459955
5892.312406015038,0.05690411078596047
5918.977640429013,0.05729231685207129
5945.995663173112,0.05562511966219838
5973.026722414106,0.05945640400491468
6000.119992649761,0.058280307455936424
6026.959648493544,0.0605455163503191
6054.002778806966,0.057315850083729844
6081.206320703896,0.05686171729767757
6109.419009613641,0.057395899455816815
6137.471584699453,0.058178011753119346
6165.255563938136,0.05910502839533214
6192.26478375993,0.05896138981432728
6220.448794634765,0.05870082590814533
6248.024119087997,0.05827251403086025
6275.466180492252,0.060196081786849404
6303.581907535493,0.059161192275661745
6331.515013648772,0.05979703497896238
6359.5184381778745,0.060495660502913946
6387.493077349086,0.0587681930543898
6415.829787234043,0.05709811710673369
6444.918756815703,0.05498434355786817
6473.6340982430975,0.058810040437169094
6501.4277041942605,0.05901350940816481
6529.5129246676515,0.057401606525560395
6557.917629792699,0.057151275888142485
6587.037800071659,0.05635469971239525
6615.423673171621,0.05366978114914652
6643.661883738043,0.057195341235680756
6672.074608037484,0.056673481470891136
6700.449275362319,0.05769889007800341
6728.511295861196,0.05811516325771121
6756.766439491619,0.057335001022988066
6785.694921514312,0.055998568066566494
6813.871958799503,0.056009380746111795
6842.206067332593,0.057463757088626145
6871.18132951084,0.05854535613133749
6898.832183479396,0.059065858337251864
6926.947584973166,0.05641835649201943
6955.91872597474,0.0571799542157897
6984.222951434464,0.056391727738868164
7013.075795495173,0.057101710432402676
7041.944645441389,0.05847777737870031
7087.772179084752,0.05537960662661443
7151.167007944959,0.05696639981686582
7213.954966778771,0.05427958000662233
7276.921859626107,0.05704068532067695
7339.498464857688,0.056758720543545894
7404.0077792335405,0.05466451924834616
7468.752556911911,0.05606165239173547
7531.396788611157,0.05732030927157074
7594.02330907009,0.05739430464200716
7657.364344901141,0.055230544056256554
7721.703071393563,0.057761080892660376
7785.128581985385,0.055194484854711415
7848.301918126713,0.055027637894607295
7911.39588417114,0.05574056427081079
7975.251376900946,0.05629869511762265
8039.390338243766,0.05524796532819131
8104.050867147955,0.05533283463503495
8168.342058056099,0.05566178333177193
8231.640426234924,0.05477998738876482
8296.155887911907,0.0547709586758319
8360.712294673967,0.05707517676741935
8425.770835023939,0.056377348957094175
8490.236818068588,0.05676566332760259
8554.094055374593,0.056306941556036154
8618.181727657457,0.057319599471844264
8680.741829258253,0.05737608981787527
8744.778202210664,0.05595368186998801
8807.724811030817,0.05692466277745821
8870.600880410859,0.055439073251138796
8934.152778931628,0.05515589284712239
8997.080986488687,0.056886452619053444
9060.075949367088,0.057204674190480795
9123.620565342073,0.056406456257722545
9186.55277385012,0.05613506025914582
9249.61797385621,0.05675988729879235
9313.317083196316,0.05595816663405635
9377.859867397889,0.05714066348284526
9442.6142406115,0.05466063911703113
9507.35047650345,0.05469494085357441
9573.63456810359,0.056247207699142335
9639.44406336763,0.05681459907676345
9705.104896843151,0.05611234689706166
9772.996741875051,0.05731863646294382
9838.949306074961,0.056281282749905376
9904.692057556296,0.05731866888143957
9969.945363825364,0.05676999647461082
10034.920755339326,0.0547881851711732
10100.944408216497,0.055189058656081286
10167.580117345675,0.05678789010560308
10233.719483085028,0.05621353364883832
10301.411383580744,0.05676592862914601
10369.069131570355,0.05413541393063747
10435.204547320036,0.05558936864840715
10502.050197173841,0.05511328382171795
10568.890531561461,0.05603643733684974
10636.360736196319,0.05594256452338036
10703.96966440734,0.055724734626596904
10770.402038132808,0.0552666146339348
10836.728486646884,0.05687222907889187
10902.949167754568,0.05846332478720884
10970.148746836476,0.058252385068198194
11036.31425727793,0.055155956521159004
11103.044263775972,0.056925654358725236
11170.077563468512,0.05522726331577887
11237.876419285833,0.055581718836625264
11307.064113034956,0.05827140945339312
11375.804558920343,0.05604741824573103
11443.697783636813,0.05617991443680941
11513.834149926506,0.05572712789995677
11584.627333278513,0.05617554016304678
11652.840879157064,0.056012884312166215
11721.215876169192,0.05608871007107088
11790.37609067928,0.057486625203568696
11858.726841842674,0.055182879745874915
11925.254310697066,0.05575915368217057
11992.491069952042,0.056742265321951264
12060.506364229765,0.056113553930917576
12130.288910745021,0.05495389196336406
12199.736069897792,0.05509692324008648
12269.11884438608,0.0554580519916664
12337.279728386882,0.055725533107594705
12407.01153185573,0.05623613865136963
12478.067040951122,0.05430348666373342
12547.88729625686,0.05467941381677272
12617.811672831895,0.054874148349668375
12687.29524590164,0.0562285872292928
12757.384577360355,0.0534132432438545
12828.034398034399,0.05424479347403618
12899.052243137905,0.0550991102739657
12970.151332618203,0.054807858680136205
13040.585872576177,0.05585842228180423
13111.313669182802,0.055845058263347735
13183.129864741515,0.054688437751852385
13254.462008306866,0.055522912594889604
13325.645350276425,0.0559058037790886
13396.113870781417,0.05663608553567786
13467.514589293012,0.05424813228497855
13538.689147159928,0.052888306878771434
13609.25193637045,0.054072969585391706
13680.84572597137,0.05454726833864624
13751.475115359262,0.053714393117613085
13823.07147557164,0.0557061408376499
13895.5220455663,0.055371398619762625
13968.080954339777,0.05547174482074965
14041.431241328653,0.054183544420547465
14112.574919241282,0.054397633618176226
14185.391097240474,0.05473530070121345
14256.980723288574,0.05495047356393023
14329.579539852095,0.054342455119025815
14401.18621821165,0.05630812728510634
14473.260590606234,0.055229438519002444
14544.259569574502,0.055134217271018096
14614.725708168642,0.05603514244586527
14685.477069488883,0.0564471587098396
14758.130306264882,0.055752089026811676
14829.592989690722,0.05546978222262018
14901.943254817987,0.055318487525281505
14974.95533964729,0.05595463427283002
15047.165177093677,0.057618325371122374
15118.58125867276,0.05613766655574133
15190.318616144976,0.05446127477459727
15261.754913294797,0.05318197775501687
15334.714367300317,0.05398297688550084
15408.26600331675,0.05623770497889579
15481.395287743208,0.053473261822041
15555.359206660138,0.05588442517950216
15626.280708985985,0.055171831556274004
15696.751761428806,0.054596128729263574
15767.934092420213,0.05472817702647344
15839.04597323701,0.05452366890843349
15910.871225722212,0.05550203192494312
15983.667433076038,0.05486992177875182
16055.429241402007,0.05493699246422216
16128.606557377048,0.05634775192531292
16201.949104001309,0.05486069411819195
16274.975045447034,0.05476445279335102
16347.49689085256,0.055578795094187776
16417.803335250144,0.05398097603753572
16488.3454530327,0.05360594535567177
16559.844588495936,0.054221398744911095
16631.878777923783,0.055316024423935954
16705.348078495503,0.055793219816180684
16776.65395701227,0.055510161253190735
16847.296750961617,0.05329361128179384
16918.860303256275,0.054884849990723496
16990.035115131577,0.056497904354379964
17061.43710847346,0.056624692714373454
17133.873647384265,0.05532994282425735
17205.556603773584,0.05587769597241999
17276.005250205086,0.0552933025456205
17347.836102157202,0.056815671876838836
17421.46106122449,0.056449182595666406
17495.14363953199,0.0556372781096742
17569.064920180106,0.055057952546856394
17644.094880883687,0.054541058038412735
17717.39634345413,0.056727260949312006
17790.523989174115,0.0553258481452532
17861.960624071322,0.056534759520932586
17933.37636348725,0.056220021983425246
18004.362509298287,0.058832537700614265
18075.15226675427,0.05534335626134936
18146.234195872912,0.05828955438751039
18217.883883719016,0.05760889964702964
18289.372565135203,0.05565027948631527
18360.493379675605,0.05532052525755854
18434.414247377408,0.05830373111171911
18507.034348617777,0.058087060610649034
18580.632016971278,0.057555333198960154
18655.0138146534,0.056889042368638586
18727.451727265234,0.05700954775386591
18799.426318831007,0.056941397474649005
18871.76878897276,0.05696366352099013
18941.735999343076,0.05630071367189017
19014.615371900825,0.05611372581604284
19088.487234042554,0.056536430152856816
19161.59484254897,0.05569141226099374
19234.344173884623,0.05441332795832919
19308.694062806673,0.056459579957668794
19381.608674019404,0.05843733569403709
19455.887608069163,0.05678388482268623
19530.973484539445,0.05591079416980711
19605.25353153745,0.05688394586171455
19679.037077063764,0.055276607708565934
19752.144293655983,0.05676289851960887
19826.37250061713,0.05616965952119131
19901.120633098246,0.05570000645812729
19976.035939936,0.0548662128191815
20050.235925375597,0.0566358268679265
20124.769572003614,0.056176375048186816
20198.759904455976,0.05571773650539404
20273.582191218713,0.054321299935933584
20349.810132808656,0.05500841595335952
20426.516418401778,0.054428846953483496
20503.493330039524,0.05566216565364208
20578.8130215649,0.056578568279622383
20654.823185582074,0.057187317458205864
20729.349900924703,0.056763235997523455
20804.045729936093,0.056126787110816076
20879.687834549877,0.055474177637222934
20955.334434897555,0.05861447988986427
21029.679452503893,0.05495026984606925
21104.86080252031,0.05540718287542574
21179.182826622844,0.05438410528924968
21255.761418416536,0.053703338709470624
21333.275454022518,0.05471354888470386
21410.7343387471,0.05473007143029149
21487.071428571428,0.05711815661093069
21563.19418193771,0.05645575225933071
21640.334207937027,0.05501805421032367
21718.73465525753,0.054454419941618246
21797.677392533467,0.055207925093971974
21875.020978447923,0.054711425969151635
21953.388707037644,0.05471534462617693
22031.91534304896,0.05605372327320352
22109.880773361976,0.05481274905287782
22186.92804988104,0.056539281462222986
22264.99013563502,0.056410487902105136
22343.00861283644,0.05560106729007325
22421.314864535027,0.05434855748588144
22500.547565729452,0.05410662377665838
22578.06262859024,0.05475633329649383
22654.835358395172,0.05511038849322155
22731.63189073556,0.05479443819065545
22808.095532986543,0.0559392167126747
22885.172160574413,0.05498689711590243
22961.308868250184,0.05509446545902684
23038.208555259655,0.057224439951274686
23115.148093960823,0.057718766670222514
23192.120540899286,0.05614221666855758
23268.6410997358,0.055014187058312174
23346.289212061456,0.05695762764070464
23424.33677366924,0.055597327270708034
23501.219714379513,0.057055103802271384
23578.184033264035,0.055656718827112144
23654.729439518425,0.05561249341594068
23732.93700132979,0.053778319491825606
23810.585620063513,0.055401070295982895
23888.50602708058,0.056334765721941876
23967.18881061599,0.056188475111413366
24046.17494440326,0.05631433841062446
24127.33201678598,0.05643962181632018
24206.592366159948,0.05613510080125931
24286.379638671875,0.054809455808606744
24367.242416749094,0.05491322711514532
24445.870261302363,0.05589119979358185
24525.13708159424,0.056068409623605216
24604.254314259764,0.055805356694344666
24682.74103422923,0.055742968906007086
24761.474186122985,0.05408912680768772
24839.347626088384,0.05546483772056684
24916.49983522821,0.05731000884507168
24994.054071767983,0.05666271196426033
25072.68508332649,0.055416360878871536
25153.20255792708,0.05563392230801008
25233.508790493244,0.0547803864025916
25315.427145214522,0.053989260521855174
25396.624834983497,0.054168930021613014
25475.787463271303,0.0560004231798949
25556.233341549585,0.05572438095760436
25636.4149068323,0.05557650184697879
25715.14185682511,0.05465915893900109
25794.981394967625,0.05678465900406028
25874.271141822966,0.05541987126424091
25955.59338585262,0.056287738701374414
26035.518112682967,0.05600270915831534
26114.820970394736,0.05512186490263919
26193.493957953982,0.05466735867140676
26271.852871497427,0.05400549932845377
26351.099110232328,0.05436408035173441
26431.82110091743,0.05479380493632375
26511.381960461284,0.05610027486053469
26592.08474157118,0.054251138635888124
26671.93250722842,0.0559061435775027
26751.99444262831,0.057848298414454914
26832.355252342593,0.05568652857584968
26911.130545305452,0.055630470055205904
26992.247092783506,0.05507488761903249
27072.28990388565,0.05662581191869112
27153.601213413134,0.056148936367316445
27233.889521922218,0.05509141978938549
27313.732346896835,0.05489951802438617
27394.091423417514,0.05464469197152149
27474.40565569704,0.055564091844486095
27554.6381773399,0.054217880288615
27635.58882415689,0.05408506508922655
27716.352946030696,0.05541438682124767
27799.158430471187,0.05480687615657214
27878.960597161036,0.05748824981565184
27959.542565549287,0.055297814023529866
28040.48957991467,0.05498718567421342
28121.885951910408,0.055899938208229846
28201.82684793227,0.056183162813404186
28284.50403424996,0.05377532969761945
28365.916106547174,0.05350514747198833
28447.490816242484,0.054826134069378495
28529.55314816323,0.05401532151751651
28610.52976973684,0.05499495827805765
28691.910246943968,0.055020028137284634
28774.719562356036,0.05313550543333733
28855.531863959055,0.05458616630751017
28935.55560138591,0.05590369700774594
29016.356434832473,0.054752113274571315
29098.87179276316,0.05429642852582922
29180.57950617284,0.05286552480107345
29262.700691471848,0.05643283218740783
29346.86883910387,0.05484035693567439
29432.104691358025,0.05497562081646923
29516.770548509307,0.055716052317218594
29601.712965255425,0.05502782117834917
29686.620519970475,0.055160589991829066
29771.246785158488,0.05455235614535961
29854.00214858276,0.055129020747795555
29939.8636738056,0.0557510929900259
30026.04846855653,0.054098417630980326
30112.323965845975,0.05575660487297687
30196.887924682767,0.054458215936031375
30282.101946931733,0.0546970617169741
30367.738383090713,0.05434625494264843
30454.195099893117,0.053918995967581325
30538.84844495639,0.05423722099350627
30624.139850978467,0.05506487661305779
30709.658490254376,0.05397381713190386
30794.98264945317,0.05517950180921147
30880.539043857483,0.05393023637028071
30966.00970235159,0.05686580270060591
31050.84433806537,0.05617368365744819
31136.59060347655,0.05498692700773791
31222.250678509747,0.055548009464292024
31309.25112880716,0.055284080537732726
31395.405757650748,0.05611011718084139
31481.674643874645,0.05561735035763681
31567.61972997598,0.05480053630194236
31652.295857988167,0.05513077089052963
31738.455687938633,0.05380867285863424
31823.662768673308,0.05525394402664947
31907.744672097426,0.05643565715920032
31993.62471264368,0.05430041987248866
32079.5581993036,0.05664018089084848
32166.10922032234,0.05562882486089923
32251.91442925383,0.056657989258028715
32336.505291656413,0.05721001583098819
32421.72629239381,0.05397365438903514
32507.908881956984,0.055526117549916564
32593.792028866657,0.05445740164688008
32678.487069321654,0.05441089878354979
32766.801620427203,0.05481176619470453
32853.11540999835,0.05519577214608292
32940.0102065812,0.055336924067093604
33028.269974491894,0.05542168344965479
33116.35092936803,0.05582385325026295
33202.32805411202,0.05548972681182241
33288.50057320668,0.05560122024213248
33374.772259286714,0.05530462651187837
33460.781127129754,0.055003876340158325
33549.38147138964,0.056134628191037664
33637.33190789474,0.056447828521310126
33728.13944939139,0.055621414842667
33817.785896696594,0.05304575285364254
33906.928046868554,0.05460351635967292
33994.29132623586,0.05537301236561706
34080.94033257254,0.055558605362524625
34167.613009468914,0.055532575446972175
34253.71948395634,0.05493711721864166
34340.478335795175,0.05510166954013035
34427.434360072475,0.05391531955628131
34513.76255221558,0.05579756955963777
34601.32951007701,0.057458672054716706
34689.29181465268,0.05771259882673212
34777.06774536242,0.05646510009034253
34863.919127930894,0.05560536580206125
34950.9448407432,0.05630656633937935
35038.06477402513,0.056406129766109425
35124.069135396996,0.05675121213482845
35210.40150450525,0.055702174451149146
35298.13940975053,0.05666586738129831
35386.8087431694,0.05616528818854232
35474.34274626373,0.05548458030191121
35564.52951757972,0.055574632573283496
35656.148205928235,0.05583189375998872
35746.49955017584,0.05490116729425918
35835.396163746576,0.05521895364174961
35926.260600634814,0.05576114426952838
36018.10692396886,0.055249823349637815
36110.042087957256,0.05428735133406695
36201.449440039236,0.05641586101086409
36292.71000331236,0.05347491924335275
36383.15855547404,0.0560765460746617
36473.238835430544,0.05715289587421733
36562.143613939246,0.05531300213837288
36650.65791855204,0.05567415965884524
36739.518689660865,0.05541107816347304
36829.549092979745,0.05513550793025037
36921.395626079095,0.05590519085001212
37012.64679656539,0.05466498876538512
37104.31996398461,0.05522711171802731
37196.50634580517,0.05534352792391677
37287.75162431121,0.05459673908043476
37378.33388103845,0.0540049388890973
37467.577296674346,0.055969781963341715
37555.8619106191,0.0542222530085952
37645.711853198874,0.05498379992574893
37736.25966669403,0.05609874252942912
37825.21323710326,0.05655919416653789
37916.49546653478,0.05383648788727726
38009.09757101688,0.054455288469358584
38100.625805399235,0.05488741593119203
38195.87909819143,0.05473126060526966
38287.882131456165,0.05619574267582734
38380.081837819875,0.05407535732529959
38470.54328455816,0.0554752043715721
38561.541026479244,0.054664946873143445
38653.0632535095,0.0548917440895145
38745.366718532474,0.05618034024334228
38837.01153335546,0.05410425503295747
38930.584464431726,0.05422868973614372
39023.33914966822,0.053546144094273884
39115.884353741494,0.05332861670048528
39209.6573432276,0.05390936968186947
39303.09780901199,0.05455285226950567
39396.556908244136,0.05413686635843697
39491.878044766294,0.0548175047453022
39586.7874928096,0.05393765782046572
39681.282390926404,0.054436695831946394
39775.77469741576,0.05405573377864072
39868.71784506229,0.05395529105024863
39962.55591997376,0.05594831048408549
40056.641424107875,0.055041537351929584
40150.18933201222,0.054799753137022546
40242.25102442223,0.05524958464401709
40334.83044473512,0.055497754051569224
40427.55422885572,0.0568229626881782
40522.42074620746,0.05595095116238502
40619.401182363086,0.05706540209201187
40716.71216983461,0.057756921899252134
40812.30419465836,0.056297519876450056
40906.26986097319,0.055184511802946076
41000.82931628136,0.056215244812439745
41095.467737948085,0.056881918063800066
41189.090043503245,0.05627749916521629
41282.537987173164,0.05617065156633818
41378.9200196673,0.05441336305624926
41473.985842880524,0.05673687226257229
41571.59966887417,0.055947357764675805
41670.486267778324,0.05493976106108831
41767.93500288327,0.053579935177730395
41864.1284531519,0.054445207683965664
41959.0625465376,0.05526348972730501
42054.781296265835,0.05489654933182403
42152.939040420635,0.053215510724131034
42251.058262014485,0.055588421881257795
42349.19620409169,0.05557910328125964
42448.49815528408,0.055625114256722015
42548.18658366778,0.053185322863288156
42646.82582830703,0.054442224150370734
42743.69144552497,0.053327704859687436
42842.79446315616,0.05488351958514463
42941.36157262708,0.0565875068668412
43041.037447647206,0.05650921477448388
43138.5409363943,0.057228515349510525
43236.85787010428,0.05701351389705196
43334.99008603032,0.056313654909629245
43432.01262295082,0.054628197687760185
43528.04697156984,0.054685240702333694
43628.077628968254,0.05397152530059188
43729.36539402839,0.05401618379945316
43831.59777740919,0.05577717185431595
43932.519303124485,0.053225232086589185
44032.437628653766,0.05547601732128756
44133.65298935299,0.05573807255744305
44235.67084639498,0.05384123913594699
44336.447314640725,0.05464690575094838
44437.10735586481,0.05345751948240698
44540.293584720865,0.055344169551601964
44642.890331060546,0.055399425735195226
44744.95156340715,0.05389277911887957
44845.24081032511,0.05678289193424795
44946.91296113307,0.05429057415299177
45049.277378889165,0.056363906212398625
45152.43281738844,0.054751516687335834
45257.01734293194,0.05508058301182113
45361.174913976734,0.05600783942043059
45464.31810337744,0.056764519189604346
45565.21887881286,0.05697037402693388
45667.841086867025,0.05838445403074982
45771.1543123925,0.05494267250124876
45875.403280309896,0.05426422997023531
45979.78470857891,0.054060238292157343
46085.17823095416,0.05398213775705526
46189.51833018945,0.054786434352143344
46291.864704427404,0.056475214225541685
46393.93468283888,0.056448491312045504
46499.21949618446,0.05609911826838556
46605.80373060416,0.056176330788743144
46713.794945670066,0.054333158935527946
46820.785358280904,0.05740616276145303
46925.09749257671,0.054088233019455624
47028.5338586555,0.05563015014189719
47131.62109503453,0.05272761395959393
47234.68524455405,0.0543943782125799
