D,r2
6.049844236760125,0.610633684902129
9.092150170648464,0.5258408128121647
12.102459016393443,0.48744223023891914
15.10958904109589,0.44177152542786213
18.088122605363985,0.4077975641663913
21.099236641221374,0.3966095142007025
24.127659574468087,0.3695984141843428
27.075949367088608,0.3848641961750986
30.097457627118644,0.34401739550631255
33.122270742358076,0.33439690206618417
36.14932126696833,0.31936315667706694
39.10958904109589,0.34965914471577547
42.10280373831776,0.2803137857890057
45.082191780821915,0.2748553803675315
48.111111111111114,0.2804916604296215
52.50773195876289,0.3215910888904608
57.06829268292683,0.2783014428289137
60.1036036036036,0.24538534346922278
63.08629441624365,0.24671718356852115
66.10416666666667,0.24214116680230266
70.60664819944598,0.27151803792630924
75.0828729281768,0.2514782723668296
78.11494252873563,0.24479182562134486
82.5702005730659,0.24374518521293245
87.10059171597634,0.23146777157523313
90.07070707070707,0.24934790838573517
93.08125,0.265524309067941
97.6042216358839,0.20286391535391451
102.09844559585493,0.2233097472647719
105.046783625731,0.23372675808128876
108.07006369426752,0.21016768896227347
112.55059523809524,0.18476884398884894
117.13812154696133,0.18829317093986436
120.06586826347305,0.21705239341783106
124.56927710843374,0.1768261905831957
129.11258278145695,0.19241178623938243
133.5374149659864,0.19889012329675052
138.1509433962264,0.20349898189389984
142.59649122807016,0.19558964232931753
147.0,0.18488667743868434
150.1,0.16440163189701837
154.64285714285714,0.1845767240173247
159.1275167785235,0.16833799579133676
163.55451713395638,0.18071756134489592
168.1689189189189,0.1496965950364276
172.62230215827338,0.1544007618848209
177.0441176470588,0.18208862630082207
181.56944444444446,0.1790516339873277
186.1341463414634,0.15318899965122812
190.7826086956522,0.1500856146528426
195.12857142857143,0.1541842739558683
199.6195286195286,0.15899041351446255
205.6954887218045,0.15967358878991686
210.11184210526315,0.14483773866897723
214.56802721088437,0.16417746682263912
219.1294964028777,0.1782576921576782
223.64930555555554,0.15718620302085284
228.15286624203821,0.13744366164946828
232.69180327868852,0.14527303073320222
237.13333333333333,0.15474563680015427
241.51601423487546,0.15564381030921406
247.71875,0.149402208441088
253.56201550387595,0.1600884420757494
258.04938271604937,0.15163783251297136
262.504,0.15219576731750675
268.4490566037736,0.1589701976222495
272.94039735099335,0.16320015958434372
277.6476868327402,0.15454150051625415
283.4110671936759,0.15212891558930045
288.0220588235294,0.14142482440726792
292.7781818181818,0.13954069806235841
298.39700374531833,0.14410310128921625
303.096,0.1509905425225951
307.7626459143969,0.1459262536691997
313.6692607003891,0.1322952836647603
319.64224137931035,0.1324338565482418
325.73279352226723,0.15813650041405225
330.1953125,0.16033605719712576
334.56756756756755,0.16597177264750093
340.75,0.14543919638884523
346.77542372881356,0.13200729031548866
352.73029045643153,0.16610722755112006
358.64777327935224,0.1472018973817196
364.6812749003984,0.1329279148919072
370.8181818181818,0.11637178404349717
375.2105263157895,0.12808198253009467
379.5725806451613,0.14263284921432814
385.6403162055336,0.15641010072234018
391.62992125984255,0.14650745925948194
396.1587301587302,0.09897714825864282
400.5355805243446,0.12798665145697988
406.7826086956522,0.12613730008425053
412.816,0.11591669444911126
418.65384615384613,0.1218356664907073
424.74789915966386,0.10952571138046292
430.71317829457365,0.11301508572347307
436.429203539823,0.10404739761893282
441.04895104895104,0.10898813648807915
446.9485530546624,0.11046438850537078
453.02941176470586,0.0899255143145014
457.75210084033614,0.0971453597116911
463.76363636363635,0.10111764277027933
469.7081712062257,0.10031301049101493
475.746835443038,0.10860255116694466
481.6747967479675,0.10726765329662294
487.8285714285714,0.10071104435778612
493.8169642857143,0.10055931629031155
499.8181818181818,0.09673014498406692
505.8744394618834,0.10405023130518848
511.75,0.10151560606626996
517.551724137931,0.10461091640894812
523.7018348623853,0.09935278173596651
529.9897959183673,0.0976118979623204
535.7426160337553,0.10304182504603776
541.8809523809524,0.09446377229703559
547.7327586206897,0.10209261936301148
553.8109243697479,0.10439032607398288
559.7820512820513,0.08317231116475483
565.87,0.08878268272063891
573.0357142857143,0.09830180828024372
580.7625570776256,0.08066590115978375
586.9562841530054,0.0993963419583762
592.9478672985782,0.08930210269441609
600.0238907849829,0.09319185014781838
607.9663461538462,0.10448476240538475
613.9317073170731,0.09844872084233508
619.7452830188679,0.09333707606122583
625.8564593301436,0.10024937840529137
633.1567944250871,0.09110647816812803
640.8181818181819,0.08133138972290684
647.9073359073359,0.08328554331869248
655.3807339449542,0.07943117085451687
661.8535353535353,0.11015699619205317
667.8586387434555,0.06858512912180262
675.4368600682594,0.09226491128361781
682.796875,0.06328470712609637
690.0641509433963,0.07679371724755348
697.799043062201,0.08279871150659164
704.9053497942386,0.07809280434488322
712.3589743589744,0.07081664818944763
720.1633466135459,0.08078476600861802
727.5416666666666,0.06930191448499055
735.0371900826447,0.07146415515989221
742.3366834170854,0.0728843475959082
750.048,0.08115635895221074
757.8923076923077,0.06448198233861033
765.1333333333333,0.07665857894572124
772.7943925233645,0.057600052026068264
780.2519379844962,0.05739898045783047
787.5852534562212,0.061145760167891805
795.1017699115044,0.06301384808166566
802.5747663551402,0.05532526243195586
810.2551440329219,0.0725900251689792
819.3259911894273,0.06414450062518767
826.7680412371134,0.05926113219604927
834.4007936507936,0.05164834144498384
842.969298245614,0.06178845063248477
850.5695652173913,0.06639130814070357
858.077922077922,0.05800295997231822
866.0201005025126,0.057994051858460884
873.1791666666667,0.056715881210464024
881.8009049773756,0.051625577384958855
890.6371308016878,0.05464976745641879
898.4270833333334,0.04053532260135847
906.4896265560166,0.05145400451794916
915.4110169491526,0.049993805933137625
923.8471615720524,0.04202205402951897
932.2857142857143,0.05457035746506947
941.5990990990991,0.047512670260060216
949.6728110599079,0.05855088305389848
957.6468085106383,0.05718134215833838
966.3767441860465,0.05950587041660726
974.8666666666667,0.056231547707129924
983.8280542986425,0.05979378301068168
992.4863636363636,0.06637771694081994
1001.8154506437768,0.0565759602484584
1011.4708520179372,0.052729650226063206
1020.0803571428571,0.061210987535480876
1028.707423580786,0.05617144754069239
1036.7486910994764,0.05943961263668997
1044.659388646288,0.054669799030442875
1053.6558704453441,0.05037690227859414
1062.0826086956522,0.06042964856590279
1069.2036199095023,0.05176683083729865
1077.6680672268908,0.05505921060673026
1086.1659192825111,0.04837923828711589
1093.9274611398964,0.047952270036690274
1101.6850393700788,0.0471868626926105
1110.7991631799164,0.057458233355381805
1119.1402714932126,0.050741605520803784
1126.4072164948454,0.054942281100048423
1134.788679245283,0.04563540021151732
1143.32,0.04455130818294097
1152.1315789473683,0.04651892909442904
1160.0259067357513,0.04344772700210153
1167.7860082304526,0.050056842802814236
1176.8034934497816,0.05842391321408158
1186.6896551724137,0.062119190791463524
1196.4870689655172,0.0436125719383666
1204.618556701031,0.05320022396936786
1213.3870967741937,0.039788364954524286
1222.6326530612246,0.040538113810439314
1230.6233766233765,0.040139059191667284
1239.655172413793,0.046873106290871096
1249.2716535433071,0.04328326835326656
1259.5377777777778,0.047850287971458474
1268.1300448430493,0.042176863260450004
1277.2398190045249,0.039943750670428914
1286.4464285714287,0.04622503093208106
1295.3106382978724,0.05194444188709558
1303.438775510204,0.045612853467722904
1311.6923076923076,0.045373963761225135
1320.7532467532467,0.0501234878894927
1329.5947136563877,0.04983924040369492
1339.1666666666667,0.0439336022805688
1347.3347826086956,0.0425118208579983
1355.8602620087336,0.03426790329502283
1365.013392857143,0.03448707795279931
1373.337899543379,0.0428469849597256
1382.099099099099,0.042555088315031804
1391.5714285714287,0.03734671958332168
1400.7729257641922,0.03698414057705166
1409.7614678899083,0.04290784695729101
1417.435,0.039122694207628886
1426.51171875,0.038656139348483866
1436.1774891774892,0.04511690546182884
1444.4757281553398,0.03517717720297887
1452.609958506224,0.04303774790965245
1461.703056768559,0.04770177266487599
1470.2279069767442,0.04130381407767953
1479.0553191489362,0.03922626318848082
1488.2318181818182,0.034438775885348154
1496.874458874459,0.04016422015503677
1505.3490566037735,0.0386336871365158
1514.2136752136753,0.04217407752244183
1524.0,0.03917850012979464
1534.8691983122362,0.045195674883761215
1545.5848214285713,0.03854141742990936
1555.5433789954338,0.039601007758546136
1566.201793721973,0.032393655177988756
1576.7949790794978,0.04548786329421313
1586.7662337662337,0.039515243541026084
1597.6027397260275,0.034414357498860876
1608.0318181818182,0.043139536787624416
1619.091304347826,0.04365210757694199
1629.4355555555555,0.043816026502792815
1639.3872340425532,0.04084113419893345
1649.5947136563877,0.04261442168922593
1659.5048076923076,0.03883453766089537
1669.979079497908,0.041850373861765065
1679.9058295964126,0.03543568263138135
1689.5646551724137,0.04139808759007104
1699.337962962963,0.040389038102586074
1709.687242798354,0.044628823454808876
1720.126213592233,0.04565948603031884
1729.5514403292182,0.04616201129843046
1739.6205357142858,0.04546586636326784
1749.7757009345794,0.04540572321849985
1759.4568965517242,0.04796191714252108
1769.5826086956522,0.04137091583041892
1778.8392857142858,0.05044228234140193
1788.198275862069,0.04416199896000879
1798.2079646017698,0.04430821822046856
1808.7752293577983,0.039378714953768414
1819.324894514768,0.03776373801168196
1830.1477832512314,0.04172515976829218
1841.0161943319838,0.03436117463357681
1852.5092592592594,0.04357189507938342
1862.581818181818,0.046525857045244326
1873.1134453781513,0.038184945748012115
1884.9304347826087,0.03649224558650303
1895.7511520737328,0.0442861935994626
1911.5838383838384,0.03829730397105386
1934.493123772102,0.03867101692072639
1957.9625984251968,0.03663614949200331
1979.8016359918201,0.0344005914574578
2002.5607843137254,0.0371130534991015
2025.0237154150198,0.03863418521260476
2046.5010615711253,0.036785656584384395
2068.1948818897636,0.038617339194904704
2092.2926356589146,0.03651335168467242
2117.64522417154,0.041055421822887114
2142.531440162272,0.04100863065279353
2166.11909650924,0.03558103389589391
2189.3859649122805,0.03676267302390602
2213.035433070866,0.03695468590185897
2236.2569721115538,0.036500215864430995
2260.699801192843,0.03728045508306446
2284.512195121951,0.034780916263226304
2310.043392504931,0.03709253397466515
2335.5992063492063,0.03306312993658663
2359.2834331337326,0.033416645033330514
2384.2098765432097,0.03473200641807481
2408.876712328767,0.03801587257673203
2431.524,0.03159573717196156
2455.547244094488,0.03225334011685653
2479.782340862423,0.03457710170800926
2503.7568627450983,0.036610351041826264
2527.891304347826,0.0351840436708551
2552.396793587174,0.03448104333462237
2576.5269461077846,0.03135798870740248
2600.3326530612244,0.03201730759381678
2623.5138888888887,0.03144669339242531
2647.049309664694,0.033803868213276037
2670.994011976048,0.034888638985398686
2693.7024291497974,0.03548576599977195
2716.0255905511813,0.03369486407092144
2740.0198807157058,0.03533403019581389
2761.2827442827443,0.032981606454503785
2784.2629558541266,0.031994212539423604
2808.764705882353,0.031920432125181815
2830.6156787762907,0.029594205423706332
2854.3174603174602,0.03580199683984367
2877.9959266802443,0.03495310956464447
2900.6923076923076,0.036794206543180226
2924.5959183673467,0.03830797922258931
2948.7707509881425,0.03461458762149804
2973.5885826771655,0.03554929409091709
2998.228215767635,0.03401088592779294
3022.276061776062,0.03178639618240451
3047.6428571428573,0.02946143999706354
3073.0576923076924,0.03234236202496354
3098.3879668049794,0.035880125985297995
3123.487427466151,0.03176457113634223
3149.770961145194,0.03562357132060108
3173.325626204239,0.03428955813536007
3199.3012048192772,0.03281680216428789
3224.7242063492063,0.03280490505878254
3249.864372469636,0.03254066857989575
3274.9504132231405,0.033677525130935575
3298.0253411306044,0.03311331611710262
3322.2796116504855,0.03507973438713382
3347.4168377823407,0.03168220750296119
3374.387033398821,0.035547712736454996
3400.2860040567953,0.03324373805194761
3427.166990291262,0.034257979663197755
3453.6434426229507,0.03233853789757317
3478.8786008230454,0.030146002983677853
3504.119140625,0.0338283588776133
3531.9013539651837,0.03371044337923449
3560.3466135458166,0.03338276555111074
3588.527162977867,0.032658519479061836
3617.562,0.029688385190333674
3647.870259481038,0.03448618051613142
3675.0901803607217,0.03311352158990078
3702.163636363636,0.033679465489985363
3731.9596774193546,0.033336244659517185
3762.3494208494208,0.028629357703220042
3791.006097560976,0.03615171170216109
3817.8846918489066,0.03390684393704136
3845.9055118110236,0.03112590493003889
3874.1350806451615,0.02961089712857105
3900.093625498008,0.03437558854448287
3927.51976284585,0.03368624459547293
3956.3388773388774,0.030854940837371888
3988.191489361702,0.03112249801341902
4019.1512096774195,0.031759985309292076
4050.2144288577156,0.03414873890980732
4082.607766990291,0.03232961771959454
4113.549898167006,0.031609076981354324
4144.260437375746,0.03318056862154022
4174.73630831643,0.034196082794053395
4205.575875486381,0.02872510030807263
4236.500998003992,0.03286069040390212
4264.603585657371,0.03306830414845369
4293.872727272727,0.03368103276928878
4323.875,0.03229228054841842
4352.4473684210525,0.03261709118900695
4382.4774066797645,0.03343962618523895
4413.756487025948,0.03496125039443597
4446.047058823529,0.03184641418161074
4477.877510040161,0.03617573749088357
4509.462925851703,0.029896959878447545
4539.96837944664,0.031088604311542326
4571.920892494929,0.030563474340824466
4603.533864541832,0.03174090936678257
4633.816568047338,0.03031742720442172
4668.518811881188,0.030726722815750975
4699.767634854772,0.03238067937399978
4730.502868068834,0.03573207874731615
4761.273833671399,0.03035162348442287
4794.35140562249,0.032206335736697796
4825.2504970178925,0.03093649908101449
4856.274509803921,0.035045854284835046
4889.430612244898,0.03400070544492581
4922.605210420842,0.031670335036180844
4957.4795918367345,0.03151084100841613
4988.996116504854,0.03172622146489716
5020.741414141414,0.033170705319861535
5054.570019723866,0.030493451708908634
5089.029585798817,0.03166544010795543
5122.453441295546,0.031094792738306634
5155.322200392928,0.03241704550656272
5187.5472837022135,0.03594439896961778
5220.929549902153,0.0356586487209364
5254.293522267207,0.029893192246209326
5287.129292929293,0.03512528799278979
5319.021442495126,0.034173726539457966
5352.878787878788,0.03279381298069922
5386.219315895372,0.032235331878234914
5418.129482071713,0.03474933077209271
5448.856015779093,0.03723764273436739
5479.169322709164,0.03815999585286888
5511.543259557344,0.03659525364881772
5541.516,0.03560542510473474
5571.870182555781,0.033215475324571
5602.946954813359,0.03394949968617654
5635.2008032128515,0.036192211929313926
5666.581027667984,0.031711054489440824
5699.738866396761,0.03604954489242949
5733.834990059642,0.034933712588187706
5771.096385542169,0.02865799651328011
5804.591715976331,0.031538267606433176
5837.033864541832,0.03510475223769115
5870.504048582996,0.036095177071176134
5903.30966469428,0.0282289334730757
5936.408366533865,0.030503646398579953
5971.336614173229,0.03185941194473537
6008.006072874494,0.033836242613475356
6042.897795591182,0.03961896322827154
6079.892857142857,0.03549555585312009
6117.690618762475,0.033037789387067897
6155.722222222223,0.03811556541229606
6190.432806324111,0.03320943027820187
6224.01002004008,0.03771359162918756
6256.297959183674,0.029824994521158124
6289.128205128205,0.03401925454664775
6324.780439121757,0.03157657357055959
6360.256513026052,0.029159664105588543
6396.252465483235,0.02798787544894723
6432.207171314741,0.03325306603616502
6469.006109979633,0.02912046692826494
6505.926877470356,0.03160214058985081
6544.6883629191325,0.028876128664405778
6583.0297619047615,0.027939825658250057
6621.334693877551,0.028507382071081024
6657.0952380952385,0.031399103902898795
6692.085148514851,0.034004131697471816
6727.158102766798,0.032053089548701265
6760.242857142857,0.031436763491006894
6796.762278978389,0.03605122073805582
6836.253036437247,0.029418302231738466
6876.315476190476,0.03099496168557275
6916.027888446215,0.029935784491087664
6959.0257425742575,0.027104248368593712
7001.703030303031,0.02761814342177185
7042.696428571428,0.03334665387167069
7083.192,0.03410484430670791
7123.274193548387,0.029387003270200888
7161.3049504950495,0.027811687903545986
7200.870517928287,0.031077614087434816
7238.183467741936,0.03276979036604898
7277.874263261297,0.03291026958403514
7318.097222222223,0.031244951976349963
7356.967871485944,0.031164477910788368
7394.916835699797,0.033968570474530696
7437.029182879377,0.02863779972058431
7477.449596774193,0.03522466226898983
7515.69094488189,0.028199871992557912
7553.047904191617,0.03343444733283535
7595.068,0.03145940235713227
7635.442857142857,0.030172676026926443
7673.716535433071,0.029801251046409977
7713.618577075099,0.0312846275330321
7753.851926977688,0.030010079397861957
7796.045454545455,0.03795231085173546
7836.652777777777,0.0318359642436348
7876.748987854251,0.03229618245102608
7916.2914171656685,0.03250555409875739
7957.362173038229,0.03370621843109315
7998.436149312377,0.03136351186594503
8039.125252525252,0.031985472506887415
8079.150980392157,0.03411057743263922
8118.558943089431,0.03177704175970149
8157.111764705883,0.03264153923197896
8196.479125248508,0.030077601910093205
8234.84008097166,0.03473999730991111
8271.660678642715,0.026935123152378494
8307.958415841584,0.034331838915011216
8344.355691056911,0.029535564060567485
8380.280632411068,0.03141528286827809
8416.96421471173,0.03566457901106732
8457.665338645418,0.03419150423055802
8498.158415841584,0.03229753515084829
8538.649402390438,0.035248403812639384
8577.818725099602,0.03207793054750995
8616.219315895372,0.03210358408941518
8654.48310139165,0.03204492509500361
8690.386454183266,0.028230914101271
8728.002024291498,0.029800590380333655
8766.35305719921,0.03388505869907686
8808.496993987976,0.029170450015354774
8850.128772635815,0.03348351406524997
8893.328629032258,0.033172129555466896
8933.239766081871,0.038193103559900056
8976.024340770791,0.030733726601053543
9015.867326732674,0.03028180200784992
9054.556435643564,0.029582430102702725
9094.218623481782,0.03505269370050908
9132.900596421472,0.03112936792529991
9172.988118811882,0.033279715247181305
9211.981744421906,0.033082035149937246
9252.215841584159,0.02928694544005543
9294.00590551181,0.03476086269334139
9337.957403651115,0.02810872998867653
9377.922310756972,0.031018083761222053
9421.142,0.02836060418391745
9466.435387673957,0.03221198449589859
9508.552208835341,0.03193060651526693
9549.870588235293,0.032956158476417655
9597.5249500998,0.03303820891833941
9641.884462151394,0.028751164900421365
9685.835671342686,0.031728261358494214
9729.041749502981,0.03247167235680276
9771.824242424242,0.029520401717089403
9815.429702970298,0.03228870424921915
9856.659318637274,0.03019791376156325
9897.654761904761,0.02662098987781006
9939.845381526104,0.027816011534700872
9978.58517034068,0.032044070905739235
10020.9498997996,0.02963216453855687
10062.79764243615,0.030571779719827673
10103.84317718941,0.032154923112868064
10144.747011952191,0.0322636350805129
10189.80792079208,0.031471438083703264
10236.137450199203,0.03603156475635692
10278.976424361494,0.03649085507336807
10317.262195121952,0.03184670993432015
10355.404761904761,0.03918816086830723
10398.029761904761,0.03391276737731334
10438.73630831643,0.02884131982903033
10481.92141453831,0.02840530584507179
10524.431411530815,0.028916443112722096
10565.727642276423,0.029372927944045446
10606.998031496063,0.031423996738647146
10648.98406374502,0.03296958978370089
10689.003984063746,0.03252186201505694
10731.82765531062,0.03145083704811504
10775.116,0.032546971225557234
10816.297352342159,0.03090562200183006
10856.364356435644,0.026075869995370395
10901.070726915521,0.029486192769636887
10942.933198380566,0.029162497815695965
10983.895874263262,0.028241200671771043
11027.570264765784,0.026326895881354253
11069.584980237154,0.03134290564161106
11111.818548387097,0.0248538524496053
11155.470817120622,0.030750925672451114
11204.472,0.029391014377116394
11248.015904572565,0.03265115800562492
11287.740518962077,0.029138961364919693
11327.600401606425,0.03228146883088257
11366.063872255489,0.02792517199515744
11405.835317460318,0.03016027057849637
11445.182186234817,0.034873852226407216
11487.56974459725,0.031556801292685385
11528.976,0.033460264843445595
11570.329341317365,0.0324673214168279
11610.972111553785,0.02991607625241896
11653.894523326571,0.03228900804858902
11694.225296442688,0.03286763473047232
11736.363817097415,0.030284893730595303
11776.329243353783,0.03216194840769481
11817.335984095427,0.033615350392991364
11858.284584980238,0.03221515621954365
11898.530815109343,0.02587609261127705
11938.072580645161,0.03148511643099987
11977.264822134388,0.028362539800799585
12016.977911646587,0.032142175415555536
12059.111764705882,0.03181320436288608
12097.92152917505,0.031720911379403055
12135.76180698152,0.03159049818643812
12175.215799614643,0.028644539979527612
12218.68136272545,0.02841058848506956
12260.31863727455,0.029691725223679376
12300.716,0.02933074583809875
12343.308764940239,0.027248874041854686
12384.91683168317,0.030647117459128508
12427.38844621514,0.032293934167450064
12465.947261663287,0.028765569206313017
12504.184158415841,0.028396741246834795
12548.051485148515,0.02950294518646832
12591.997983870968,0.028296354828013952
12636.009881422924,0.0297553700048647
12676.61876247505,0.02921986544925113
12718.679282868527,0.030905574523379966
12760.2375249501,0.03382158594542846
12802.175648702594,0.03281408753530626
12844.561224489797,0.03054739101514252
12882.905325443788,0.03245878839505929
12925.363636363636,0.028477856796487577
12963.21906693712,0.027287772558332306
13001.50590551181,0.031466828650602
13040.512048192772,0.03209592104021588
13080.585317460318,0.0364451412619903
13117.18787878788,0.035081634279510256
13153.715705765408,0.03601441438852251
13191.038,0.040542590779089255
13226.71794871795,0.036397363825639684
13264.119521912351,0.03400646531860241
13305.091633466136,0.03420663238638715
13343.981670061099,0.030393815143752775
13382.756385068762,0.03367859732291835
13423.570564516129,0.028498230243574663
13461.567779960707,0.03579016325062737
13500.708249496982,0.034294624416213386
13540.731707317073,0.03535316725791541
13581.49609375,0.0321111392004028
13621.112,0.03132474364844033
13661.677354709418,0.03529380512150517
13703.510848126232,0.03924843536130852
13746.454728370221,0.03507850011827517
13785.606,0.030541352887383265
13824.378269617706,0.030512425537840778
13861.630738522954,0.033801489326840836
13903.873767258383,0.03720070512095466
13942.866799204772,0.03501731294503913
13983.877551020409,0.037204913711061674
14023.163742690058,0.03733213764018614
14063.127016129032,0.032155026397352945
14104.739644970414,0.03232970378960884
14148.59634888438,0.03041147369886775
14186.80487804878,0.03092340629455521
14226.743190661478,0.031852396751577354
14267.242,0.03150149710056804
14308.915322580646,0.03558547491429808
14353.538160469667,0.03159228470159533
14393.446464646464,0.03395042670225618
14438.734653465346,0.03053653624372495
14484.343373493975,0.030591868117104386
14530.808764940239,0.0322557139940605
14575.39603960396,0.02857369258863078
14621.977867203219,0.03173170613803547
14665.006085192697,0.02848518948251531
14704.403162055336,0.03623926115164314
14743.501002004008,0.030869312853817256
14784.458,0.033644222228996
14830.583333333334,0.030252969369323784
14877.822834645669,0.03193442524679609
14919.72619047619,0.031059885232446113
14958.584178498986,0.03247226342636606
15002.536290322581,0.030164575403583145
15048.51185770751,0.026808963301612282
15094.990118577076,0.02781918288598445
15136.626984126984,0.03256991628146092
15179.352705410822,0.030580927176952172
15225.839103869654,0.03071530449681223
15274.223529411765,0.032229796524731374
15323.655172413793,0.030878944899198287
15368.454183266933,0.027393664385471958
15412.522772277227,0.032214048565385366
15459.524654832347,0.030302055753066708
15508.357852882704,0.030688188151920034
15556.137931034482,0.02864039672777113
15604.379241516966,0.028029381021862344
15655.937131630648,0.029826426804414104
15703.955465587045,0.02833975244688788
15748.972166998012,0.03323898204115587
15791.443089430893,0.03671979255353424
15834.130097087378,0.03573724207389298
15874.50796812749,0.03658866663996371
15918.464788732394,0.03603894833163885
15963.533864541832,0.027526942891572277
16005.352112676057,0.030838540194066618
16052.1968503937,0.030989986131729836
16095.114583333334,0.031774853693000774
16136.90909090909,0.029906069748509116
16181.726358148893,0.026528974907132328
16228.384769539078,0.02874695711956611
16271.520874751492,0.030306075115175617
16319.189823874756,0.035388407786446384
16360.801204819278,0.030542926615683762
16403.204365079364,0.03178712075147525
16443.64065708419,0.028212577918201222
16485.43859649123,0.03212032806711096
16527.788306451614,0.02987857374528631
16568.822134387352,0.03546070744206159
16611.50099800399,0.030355958296762974
16654.751503006013,0.029766222189665622
16699.68875502008,0.027791852836945696
16743.806,0.029112981904458633
16788.644710578843,0.031704438369501646
16836.023622047243,0.03102156757197595
16884.136904761905,0.031238960105293673
16934.50712830957,0.030647347871370377
16987.48133595285,0.03152396082595664
17036.220202020202,0.029173799763114284
17090.54705882353,0.0294515777032413
17143.469262295082,0.029861665350819588
17194.53125,0.030871112498558857
17248.614919354837,0.029390130904861044
17301.217564870258,0.029985636566834423
17358.47534516765,0.03203776253483045
17409.352822580644,0.02749364534379874
17458.59481037924,0.027470267221721998
17510.530815109345,0.030207998076286963
17563.621513944225,0.031020761551887713
17615.958250497017,0.031854311795459674
17665.646090534978,0.02940671019437542
17713.491228070176,0.02923273326829742
17768.249504950494,0.026159048110690857
17816.9028340081,0.033071242463794115
17865.638339920948,0.03647952645360862
17916.30218687873,0.04213144276204649
17961.386317907443,0.03478959955725498
18008.6277665996,0.03743795477975436
18056.93688362919,0.038647978747768555
18104.746987951807,0.039133555473626284
18158.29900990099,0.03083989064423156
18208.752032520326,0.030085666472659763
18259.75,0.03131948204507293
18309.916996047432,0.032922578944685324
18359.850299401198,0.030520300474303017
18408.683896620278,0.03338034478058753
18456.636,0.030851584578422745
18501.551587301587,0.03150766561489213
18548.941883767537,0.027978786726262597
18599.094,0.030902480396074863
18648.401590457255,0.027284181308882337
18697.93117408907,0.030506261808025074
18752.431683168317,0.02809955397784581
18802.1626984127,0.026469866702712886
18856.36526946108,0.029627420806131944
18912.134920634922,0.03023099608850631
18970.41235059761,0.03186166137280185
19030.752016129034,0.02783824594328436
19087.875251509053,0.030004452062844293
19147.749502982108,0.0280197247208941
19204.35770750988,0.03425011902455404
19265.140562248995,0.03032976841331737
19322.868263473054,0.03250291294805981
19380.622529644268,0.034559410698285074
19438.473053892216,0.029214832819357554
19495.172413793105,0.031084665561061767
19554.450396825396,0.03128237549339812
19616.274,0.03127067457930781
19675.70858283433,0.03381021272516905
19736.714285714286,0.03360721547628416
19796.031936127743,0.02865719603164457
19851.488,0.025308075099222054
19908.340594059406,0.031037246744725484
19967.40606060606,0.0330954944099048
20023.840637450197,0.03031040731979668
20084.996062992126,0.0312752881977278
20144.19595959596,0.037753134758795735
20212.636904761905,0.03200476186435496
20281.071287128714,0.02860951644951889
20342.8123752495,0.030924511675354167
20408.64128256513,0.02624321704578241
20476.43172690763,0.031557903932116924
20539.275449101795,0.033152593498899686
20604.752475247526,0.03436095571443999
20676.248508946323,0.03180796350046851
20740.992,0.0331624622287719
20813.183266932272,0.0311448030510063
20887.58032128514,0.029485485779403308
20963.4592445328,0.02805026056513642
21039.561752988047,0.03466062005520924
21106.837022132797,0.031071734959296445
21170.645418326694,0.036203146530838684
21235.06986027944,0.028718899903062582
21299.208333333332,0.029610021827895315
21360.94683026585,0.03362866356337709
21421.422700587085,0.02635642590180999
21485.36127744511,0.021631607973065438
21543.344,0.02766243142103315
21603.38123752495,0.02463298229799809
21667.606361829025,0.02755837835492086
21730.75452716298,0.030354368223168813
21796.350806451614,0.02693465396075197
21863.121807465617,0.030662566093690002
