D,r2
79.50684039087947,0.5614911588857276
109.60512747063879,0.5186331870397
142.41194293649792,0.4807159755853373
178.4800491937688,0.45481745130106593
215.99117056856187,0.4212446336895334
256.39574979951885,0.3934402803555893
299.9631854787166,0.37470789534597937
345.1267663602689,0.35781937932660424
391.79464751958227,0.34832319283768604
439.91639344262296,0.3250531284405842
489.31716514954485,0.31758811390789893
541.3037609749705,0.3110074596317031
595.4047650916879,0.30256902325580803
651.4799248019336,0.29015498111127236
709.4396632366697,0.28526960194311096
771.6615056059798,0.27026180029086083
834.5728270935309,0.25642673672221394
897.6041943190868,0.25645038695583255
960.176462748234,0.24994780843304465
1023.5836565467433,0.25178491690063154
1087.786276865572,0.24334613850395534
1154.5949046285182,0.2335291597481552
1223.1399866932802,0.22425623911623532
1293.2457012358948,0.22783406942819973
1363.1075372722253,0.22046314977922196
1431.1747037751447,0.22308546169624802
1499.691697955778,0.21751128016839785
1570.9032964026808,0.20349314820470557
1641.0610348175892,0.1996277761757804
1709.9574526868353,0.20266316131234818
1780.34267568687,0.18999540566662032
1850.9200557103063,0.18603320328402542
1921.0904696132598,0.18079232780748997
1993.007306313758,0.1847578055696661
2065.0436645018654,0.1844388655622969
2137.1815149409313,0.1810651623577129
2210.6579529737205,0.17417749407403432
2285.705470038483,0.17205214598890675
2360.411109564249,0.16662814540336046
2436.196602274284,0.16446909869920867
2513.417325017325,0.15242816534341427
2591.2987443079896,0.15110236979604857
2670.047704646018,0.15099686691006511
2749.1463651498334,0.1432746884752385
2828.1830282861897,0.13994904135769082
2909.884053941332,0.13702788780015726
2993.8088578088577,0.13696261212167932
3079.4312604573342,0.1276956580563799
3164.6728933167287,0.12829733215009526
3253.3733131368767,0.12174187886362382
3343.45435655908,0.12356361426172616
3434.2116838487973,0.11611009721838403
3526.1222222222223,0.11514553411942868
3617.2756996397893,0.11341707958058768
3708.565780410525,0.11337619409313715
3802.1074792243767,0.11141281545584263
3894.697847682119,0.11272182052130152
3988.2347645429363,0.11158121100687858
4080.970862958316,0.10525137249495108
4175.790011037528,0.10054080286354061
4272.611370502609,0.10538134045554408
4369.144467640918,0.1021729328244764
4470.508011049724,0.10045814840924971
4571.163934426229,0.10382736288013165
4668.125242449432,0.0966946690016418
4764.021282476507,0.09592207470693122
4857.712106503952,0.09699701373871115
4954.161912636076,0.09263750348089497
5050.598781669666,0.09399847809664175
5145.0755132975055,0.09402199859236873
5235.857797528121,0.09279584939232667
5328.668832964602,0.0975472166294181
5422.187508655311,0.09916758759676941
5516.59674078166,0.09644148762209442
5612.047342995169,0.09254175761737829
5707.343762979372,0.09644583212358289
5804.2188805346705,0.09282191625496994
5902.851308320643,0.09348103661658316
6001.771259788433,0.09338480922172804
6097.194087581158,0.08981994702324379
6190.692498963946,0.09053234227798088
6284.115496872829,0.08947798844551044
6376.733903212464,0.0892522318345132
6471.038808038808,0.08787631215633777
6566.245036790227,0.08798136312668887
6661.463782139895,0.08878307220757932
6755.055555555556,0.08887669326565681
6846.913273106324,0.0899229687201303
6941.1619825557245,0.08571234971797749
7036.09242298085,0.08355242914961784
7132.882530533828,0.08355334335776066
7230.690687361419,0.07982522435352249
7328.679805690493,0.07879268719899853
7427.700180030467,0.07939876549405939
7525.517146776406,0.07572849380907927
7623.891794158553,0.08011709292243495
7723.537741046832,0.08094001382253344
7823.284843446938,0.0820859601067423
7922.632446661125,0.07732159957318632
8021.393889347647,0.07998159295063202
8121.966843131791,0.08070392030654697
8222.653342522399,0.07993334567868532
8324.933499584373,0.07937672620632516
8427.903078834737,0.08140551957053221
8533.919862068966,0.08089682451858464
8641.352032293986,0.0803695857036822
8747.493294621872,0.08188299193992284
8853.424321718772,0.08090081064414768
8959.703559510568,0.07804848448186923
9068.130877096508,0.0772042100042215
9176.202601716026,0.07782074526640002
9284.684910627684,0.07904777949255838
9393.330891499654,0.08230733620161575
9501.792926490985,0.08353263317228125
9607.689187318289,0.0811909108088886
9714.203487573803,0.0807318879820943
9820.591777003485,0.08096614447440123
9927.076997645756,0.08402018351967183
10032.204067610279,0.083965157003826
10136.070138888888,0.084424660329233
10241.733904393479,0.08384197365553656
10347.714819427149,0.08274744421480704
10457.53369235018,0.08285319505596402
10571.765592587471,0.08578593568807814
10685.891201776298,0.08312650165898539
10801.291987885463,0.079080129545056
10918.680959602923,0.07941450199747291
11039.157639562267,0.08058308051066478
11160.004708489128,0.07511608218695481
11280.381037813966,0.0723541495442704
11400.043351396414,0.07450838457943204
11522.29381798155,0.07602797140530909
11641.396981445583,0.07396332643644404
11757.264840817461,0.07773820959399398
11872.10015195469,0.07343824626222102
11988.802575107296,0.07141254381008928
12105.83117954358,0.07247711397976457
12224.282175477443,0.07285531732243312
12341.511344770337,0.07108430619291797
12462.165214986866,0.07157369920890695
12582.51240245262,0.0726222652698653
12696.578206896551,0.0707907165589534
12811.547112462005,0.07168495275750617
12924.487406587323,0.07130690123513522
13037.757856846185,0.07132403876558939
13149.494890914111,0.07096574477909048
13260.46106048053,0.07408004992049487
13375.416055363321,0.07246335086618333
13489.24111111111,0.06862581341004659
13601.924196649272,0.06814612344302229
13719.919605665093,0.07241107001800717
13839.653723918751,0.07100447995263738
13964.614748449345,0.07325497879240685
14091.159361997226,0.07319255633641603
14217.527490698636,0.07195783591628536
14343.410949410949,0.07031278853026442
14463.654659248958,0.07494708556970825
14582.84044168392,0.0720680042866767
14705.660400829302,0.06923869219576483
14827.040742793792,0.0659111259987784
14945.812646370023,0.06313674745718616
15063.893640502138,0.06541790134825473
15180.06408117876,0.0667912862345737
15294.594542180357,0.06575127640244062
15411.63583655439,0.06836534555531232
15527.519132476862,0.06872815661082601
15643.837009293939,0.07205230652197886
15759.232044198896,0.06989586974690049
15876.03723110866,0.0681880380010721
15992.528108557186,0.07064656260472824
16110.61365840144,0.06936427973838545
16225.981845898004,0.07059375454173125
16344.195219123507,0.07016527390131998
16459.434444444443,0.07158311694295706
16574.76491663222,0.06830857501231316
16694.70923161968,0.06897442425708732
16812.115432873274,0.06659251970969891
16930.34915160712,0.06303952628324165
17051.83255365988,0.06455829669062256
17173.577099874634,0.06532591201144257
17299.532965517243,0.0659289227980697
17427.485682667037,0.06642175729540664
17553.196295272326,0.06513504896587388
17679.6011042098,0.06227571268323887
17806.633457866334,0.06192089354333364
17934.5415686817,0.05989653575148363
18057.458062733178,0.060873119064760936
18176.913019313604,0.06414968223611771
18295.10467675378,0.06637958795399504
18420.507826568777,0.0658117922708111
18545.96773300097,0.06781286575660998
18672.908510342913,0.06715880902497036
18797.994193280796,0.06425268831065718
18919.722184018705,0.0694011171188528
19041.384188626907,0.06960975563155798
19162.405349510547,0.06656064578524276
19280.627486437614,0.0661616433240766
19399.093016836876,0.06490968736305161
19519.706708913072,0.06897800785121927
19640.668931096632,0.06916316475164133
19759.327793934357,0.06335021480362198
19875.587934135878,0.061791165301052
19994.289692435577,0.0614848486702209
20114.326062948647,0.05803788116872885
20231.32848635923,0.06273798482381866
20348.97985373258,0.06272886597849552
20466.13030888031,0.06294549331330211
20587.47925884956,0.06286202195604729
20707.123108952117,0.06039734592356327
20832.084584653534,0.06422146556305994
20956.567157953283,0.06382537136038495
21080.096098166276,0.06324998174603537
21209.82281284607,0.06710302788069182
21336.557288790722,0.06758813948100113
21466.028567466372,0.06445765878103632
21598.917379310344,0.06369116759162098
21725.758687795384,0.06296381628866576
21852.523796347537,0.06569090063362676
21977.59837756084,0.06814203412702216
22098.2745748652,0.06759468872732487
22221.985698417106,0.06503636300790906
22348.66144678492,0.06499246237241789
22478.155094183967,0.06301448887049012
22606.7805725403,0.062227469551335284
22732.910721677934,0.06337861027602147
22856.409511959075,0.061457850112806606
22978.337798646597,0.06284584651967041
23102.934532871972,0.061794817783334365
23226.56434001382,0.062472676866791324
23351.791376912377,0.06465867016106107
23477.994476663906,0.06293928980457784
23605.905456059976,0.061323787819915536
23731.551098901098,0.06350173130901426
23857.55469075747,0.06188561697386218
23983.97108867063,0.0647000878563344
24106.261242562614,0.06602164008372725
24229.824542074093,0.0667931643652745
24349.501864383372,0.06619192687614267
24465.833891213388,0.06631523425954074
24581.334437543133,0.06374092928952854
24697.515672257356,0.06405175615993972
24814.22676683361,0.06509673828507197
24933.568989259158,0.06708608890282951
25056.278130170987,0.06479576836087018
25176.518595614765,0.06542703405651985
25298.687882156755,0.06626762312170761
25420.122485533204,0.06695903149142006
25544.134952394095,0.06663064785119376
25667.547391725475,0.06474166237181792
25789.754735241255,0.06419026680292024
25909.87802167269,0.06516236590131198
26026.808209679657,0.06503351838700074
26142.359840132303,0.06570975017557057
26260.41953232462,0.07061884240251681
26375.00013925637,0.06759075054867401
26487.751650165017,0.06384067714365861
26601.52763957988,0.0665654796929354
26713.292950319177,0.06360833079387655
26820.678551609322,0.0598271170356538
26928.477206595537,0.05960005483175592
27036.07155659727,0.06054114614443394
27145.07941541431,0.06713049509099478
27255.28504220285,0.06526330488173843
27365.911854525264,0.06378423104696809
27478.395272127542,0.06795203754185447
27590.568207126948,0.06462845680558815
27700.948842367947,0.06555009797268058
27810.074257425742,0.06421750782723984
27921.975865397875,0.06395272334975474
28037.988384955752,0.0648071291014744
28154.924475912812,0.06376269534750435
28272.40955017301,0.06607928398743544
28389.905981722513,0.0678936919095349
28584.67401457127,0.06809476802468804
28859.35466966124,0.06628874713308087
29130.81841990397,0.06542204901936285
29400.16265885871,0.06344919219631226
29660.102770497942,0.06357587322921145
29908.43905782652,0.06521644514829847
30150.96049675487,0.06460670030228964
30401.35770381451,0.060160533378305306
30656.95802931088,0.06438533860642691
30915.12093806524,0.06653170685535233
31184.48549456046,0.0669676185003301
31456.061510656862,0.06302431420667118
31727.94230649286,0.06655598418163206
31996.237366193676,0.0654451031689601
32266.060886416202,0.06122477064574098
32525.32199376947,0.06431888794085835
32782.75848962552,0.06398232777655347
33042.16874454557,0.0638508907938289
33300.14609194685,0.06572606904478878
33563.57716358179,0.06447798828427616
33838.68326581489,0.06497874260633325
34114.748942523016,0.0655356901036771
34387.986632519205,0.06626988904957817
34663.353406401795,0.061796082576758365
34936.656680010004,0.06156503021591845
35209.19676214197,0.06290612177319725
35478.909426178274,0.06236599325910975
35745.04721030043,0.06239094653199978
36017.43717244822,0.0634740582867052
36293.864736710755,0.06304257908784454
36576.15097868096,0.06339743864053614
36861.799100449774,0.06327000277840804
37141.220018650914,0.06212204124991708
37407.47319026465,0.06091777802232714
37671.59079873,0.06334467022381363
37937.222000747475,0.06554114289349168
38201.76307884856,0.06342176083846177
38473.27886290122,0.06328386392633581
38752.0391472385,0.06460541904943082
39042.86569024618,0.06520747576124507
39322.36606083318,0.06268330641462733
39598.2238461058,0.06553756133490155
39887.69802258125,0.06220807869851385
40163.038428056214,0.0627644530708973
40440.26505798728,0.06299844702439827
40722.11563904144,0.06588226951451304
41005.504425882056,0.056292925882622476
41300.96337430586,0.05764139371533768
41605.84297726565,0.056687857896818544
41914.030217717715,0.056147870276717464
42218.12000249097,0.059577713501372004
42517.83515045792,0.05941844193124238
42797.3843323146,0.05609949260320019
43069.13107400947,0.05625277225910722
43347.1188657987,0.05674101880896973
43628.14941954812,0.05608809427510436
43918.535345364035,0.05856147830489442
44222.464907914386,0.055978622510618324
44521.73457792208,0.055473530846697865
44812.19179365476,0.056581985609171936
45086.5986682432,0.05195155278386328
45353.69044498533,0.053415668260735655
45633.672065786195,0.05272119773525673
45937.93010752688,0.05208826644487903
46241.259003545434,0.05412553278804321
46540.98788030237,0.05537279917789
46830.4947014088,0.057903265868468105
47121.40419161677,0.05932515407885134
47413.227943465536,0.05764804278164975
47702.578094701945,0.05692805976807721
47997.52841015406,0.05660231119696969
48304.104535260405,0.05729867939124655
48602.20504201681,0.055858933910497094
48900.16726045378,0.05798185675510451
49202.435381355936,0.05587395477263371
49499.1572319202,0.05616276772376111
49787.77481083109,0.056555791051274944
50075.85366309494,0.05439240639991416
50365.13982786579,0.05386377823912279
50651.20103446127,0.0557839344984584
50940.04282241476,0.05688236451553788
51235.82786119245,0.05692650658231222
51544.63341023882,0.05398996593046201
51852.13931309606,0.05461400466202481
52166.65163985534,0.05799220680851247
52464.88091221493,0.05795668147240072
52767.34049194656,0.05411295122528537
53070.55970613871,0.05303632977161574
53384.86571909482,0.0521006816396677
53705.72800348953,0.05301216034692682
54022.724723662024,0.05599974816882303
54324.40173284298,0.05364353460932232
54622.31609841389,0.05808404062463288
54924.40956949723,0.0566761761481012
55221.19571464268,0.05184630068656124
55518.721184963906,0.053469798233299226
55849.49448013472,0.056608755664961166
56179.640059865305,0.05701323174801467
56501.85477826359,0.05810585235990253
56819.39053070366,0.056063322507282944
57143.03120709025,0.05692080774949367
57461.878574104136,0.05381717346045666
57777.56639650873,0.05297341608814586
58098.37587151394,0.05301982476221745
58420.91567844214,0.054065509818724454
58738.15429675329,0.05639495973605625
59057.92556715205,0.055759460719340466
59378.83919222139,0.05868847888346031
59690.103145437555,0.05519178586531021
60005.167197352814,0.053644659457553076
60335.66242038216,0.05737542374782488
60668.1842039801,0.056628999778368334
60986.13825,0.057211230445668414
61303.17405378486,0.05678389505081582
61621.62702533625,0.053808652340778945
61932.58580950601,0.05905991227611368
62253.14563591022,0.05737773308190902
62601.823115702995,0.05518511268084448
62942.83785807901,0.05327669944127683
63284.594373752494,0.05413693199854273
63617.876672084014,0.05877938773392581
63933.31795254997,0.05634288701840702
64242.800809464505,0.05353131504633354
64552.66521142572,0.05641287192115377
64852.65808869457,0.05615753817720553
65148.45356317532,0.058929056656422174
65469.72612019141,0.06278649681495707
65804.3101340817,0.058424979271870466
66136.32237744793,0.05705098979456569
66475.49044227887,0.05253047423610234
66803.69895353183,0.05405150496502937
67126.35792366794,0.056542656526947455
67429.84833385238,0.054303493831264066
67723.03881861798,0.055275903022253554
68034.82318062664,0.05434340450766205
68354.66556477266,0.057640176748221736
68685.06096496696,0.05617212028153188
69020.8392399525,0.05611545457774227
69354.62719462084,0.056114882607721295
69680.0446082719,0.056904377156121976
70000.34879960194,0.055162154365633556
70330.8998125,0.053575137833734174
70660.4294532078,0.055845149511223324
70975.84005979073,0.05326065822984699
71286.86796577353,0.05413845015393559
71592.03646450165,0.05544291537820276
71884.56104397657,0.0534349189188905
72181.76746656669,0.05437716913898002
72477.72668990414,0.053133407616526115
72774.78042245623,0.053461028678550175
73067.0471904494,0.053685128583607154
73371.02256998565,0.05792505758378273
73678.65016830819,0.05539582894850283
73978.74624820973,0.05833671559536559
74274.90452952954,0.05683158579427926
74573.57586507344,0.05932793429368166
74884.45554376989,0.05823920112219314
75210.88095238095,0.05609186114710136
75554.13436740795,0.05772433619149341
75898.41669786596,0.05481493856518566
76258.79708968273,0.055399538047854906
76627.97978537559,0.05774452814889995
76977.92302905855,0.05786387710386421
77327.83156050557,0.05682079570098942
77682.57896375639,0.05851665605285878
78044.18115444618,0.06084701561949734
78419.4370836187,0.055157761189201536
78790.01330086174,0.056938667344367026
79163.93726661688,0.054081984944278655
79520.41789834737,0.05446809499414503
79871.33522940367,0.05425505668197728
80210.77919730774,0.05279224488602418
80540.01021043457,0.053932487070881586
80869.61576416214,0.055465978433699756
81189.46460810558,0.057604409801287094
81504.80927963983,0.05645665622664052
81829.98519532222,0.056591882706194314
82157.92351434106,0.05534657565926762
82464.70176095916,0.06106186236448191
82760.32173048235,0.053910890213880965
83061.05927963983,0.0537401019014291
83359.75704597772,0.049540704351619225
83658.02333999002,0.053875157012853905
83946.00479691004,0.05659291981037547
84236.35021544994,0.05418072246997784
84519.66444250436,0.05200202593167926
84813.69510751012,0.05464016340936429
85117.20575207437,0.054733656052482496
85432.2223538951,0.05641710016182279
85749.78672069825,0.052854750241928275
86049.22614354546,0.055190186437284655
86347.0725133823,0.05202186487518561
86648.64754200373,0.0541280103895725
86955.59917638985,0.05564504120998345
87272.93270911361,0.05251725201078567
87580.26839610876,0.050403245830473474
87879.77919970035,0.05093605322567229
88179.22247806336,0.052848616319347785
88487.34680134681,0.053614009832950824
88783.98975960037,0.054261622728982425
89072.91836989034,0.0546719546392676
89379.33189628241,0.055612195559096175
89702.09924568294,0.056399696216995726
90023.4712335598,0.05959180427777008
90327.30087390762,0.06144642722427878
90627.14693775726,0.055803481988389955
90926.43934773137,0.05780279498141134
91242.77273578428,0.05720231107427542
91552.25588070131,0.05565707659732865
91856.5566149436,0.05575687063868805
92162.58195751044,0.056892398562648834
92472.31156437125,0.0531293232984126
92795.78700811992,0.05390587596496886
93130.54812367535,0.05538131762097603
93468.06493425563,0.05741870255380883
93795.3919121318,0.05543950695509883
94119.78567420984,0.055543642581106445
94451.16632379527,0.05315979874132087
94800.9002431573,0.052068734931258076
95142.72410775673,0.05449016534131642
95495.07605581163,0.05549420751642971
95842.73300547809,0.05096156112948296
96170.68843155597,0.05381881365545208
96491.05049114685,0.052158579470283115
96811.94014698555,0.05462457770174083
97141.98640897755,0.051437341295084246
97480.08219434562,0.05207262753908883
97816.87967398744,0.05318339131815655
98145.91347836959,0.053275932192870745
98481.25654450261,0.05218004731619111
98830.34008601883,0.052240163705314674
99166.6544773791,0.05415434688527682
99504.92459896386,0.057010767650827535
99843.78995519044,0.055332763474925925
100164.11093730447,0.05714404586423097
100466.68209568902,0.057531301097072794
100758.25782516523,0.05580821088906815
101070.40861886699,0.056875691793040944
101394.92934273765,0.05812174569053695
101715.54075323216,0.055069616649214045
102040.75020285875,0.05789737230851738
102367.06241055318,0.05802463263456602
102689.79735380391,0.05666250178297953
103021.37369767297,0.05612373913275532
103357.68841619362,0.0550894684397898
103697.64877166729,0.05687064891022814
104048.65419105742,0.05468424912236455
104402.18568846225,0.054550792120457714
104738.93545772013,0.057286071256293786
105069.21766246726,0.05971969303627607
105398.97889083187,0.055054282906469534
105731.74400599401,0.0546778596752713
106060.78450528935,0.0579865720294821
106401.36623149479,0.0580835042858385
106753.61387247278,0.057728120270998724
107111.75496316644,0.05861496158857739
107478.76713697091,0.06153787086793791
107844.80568867867,0.06200175731328134
108208.60675912043,0.059333126124724335
108563.75256833324,0.06058526679050272
108929.2888208461,0.05983178761217942
109302.07705244799,0.05737296976743414
109680.79133366633,0.05260792226709863
110056.21936327955,0.05059266021164931
110427.55428072582,0.049399429852807424
110817.25186892599,0.05193274638167055
111212.44613173354,0.05286835983606403
111620.03827214362,0.05490739019142427
112029.10724529243,0.05507566833233752
112436.5036150586,0.05153510053998182
112839.74298365973,0.054123852301107694
113247.9503369104,0.05482503978584948
113651.43969817909,0.057678760129294245
114060.67199201198,0.05859254283494978
114461.27867115433,0.05492518750589995
114856.85280737832,0.05136275305935744
115224.33632622521,0.05103581193117071
115578.78632104934,0.05519345028915913
115933.68442060621,0.053469826942231485
116301.74640522875,0.05479808488705426
116671.93627512171,0.0544008925129954
117042.58531560218,0.05420752868087111
117399.37590241474,0.05491123718203288
117764.8039779835,0.056124677999536216
118133.17425656339,0.05665817175737588
118493.79729983123,0.05553513252987209
118853.01845386534,0.05682913291125157
119215.3385410183,0.058375854887192505
119553.07249267593,0.05520446128198425
119895.4971289477,0.051660945720636904
120252.07129022181,0.050786775887940304
120594.86773509604,0.05259541720438891
120941.42719052074,0.052154715248077424
121285.29650149403,0.05079860749448252
121626.53162190791,0.0525876819879182
121970.54985328089,0.058602338649050796
122323.56325207307,0.05658026489664058
122678.1315592671,0.055936079948143494
123026.94642188086,0.05414582653903742
123369.02026689948,0.05362106969555867
123711.5902704053,0.05658165361593688
124043.87636318315,0.05641499658364999
124370.1992272699,0.057327200538023794
124705.58478220228,0.05846432067349299
125049.07730704437,0.05421743305256834
125401.15950805345,0.05591242319652499
125748.08900262139,0.05524116709137388
126084.79524668699,0.05926833507220631
126412.27052808779,0.061092731657869236
126748.52851782364,0.05705986272547118
127094.07552926526,0.05646217593862473
127441.89384010485,0.057187911295467846
127777.09259952577,0.05885001251217804
128097.04882301656,0.056953106156567596
128428.48617439611,0.061730353757636434
128759.80068514482,0.05865574264100288
129082.51577434872,0.058709373162235366
129398.37210025499,0.05520342534752647
129711.78739862757,0.05306719981581604
130035.39327668083,0.05290374932434377
130357.26601965907,0.05445055839030392
130691.8852080604,0.05662448608264958
131034.60436545058,0.0557938330664491
131362.55814678557,0.05867613346075268
131677.11427678852,0.05625906612131148
132010.23613617974,0.05276920645885307
132355.66554138536,0.05145695918450325
132709.4675470288,0.054125879039536
133061.5769759021,0.051440047670744476
133411.2279063978,0.05536067904718868
133757.65189913023,0.05769405290243738
134088.73557782065,0.05742948604884577
134410.5121113747,0.053110275759642916
134731.15621301776,0.054513334466289136
135061.8470940384,0.05625203176500291
135383.23265535315,0.057594898103807274
135699.616252259,0.05908967247830205
136032.36321609296,0.05723016709514514
136364.20698238845,0.05840656802296684
136693.29540208372,0.059907927003198
137034.81266359217,0.060355996026994284
137370.30064910746,0.059442088824262544
137704.09591263652,0.05725606936264493
138044.41241422333,0.061471262816635015
138386.86241506142,0.06134795778398862
138717.89408682636,0.05697970460266641
139051.48681339234,0.056995808690898965
139400.94703019716,0.05647769583450065
139761.8600710236,0.055597953168858356
140126.63169392085,0.05153953085113858
140495.1165804723,0.05699475447671573
140851.37699401795,0.05614910217488664
141198.96368854505,0.056570711597776664
141550.06127297736,0.057652224537744164
141897.57573684864,0.06446875964388234
142256.06685393257,0.0554907781762105
142617.90063121056,0.05686144759282967
142980.6721474838,0.0561890538386843
143357.9714196762,0.054920294802253904
143737.15430285607,0.05640602245348227
144096.71435689816,0.058633264245312684
144445.56915590493,0.05842331109683384
144805.20619006103,0.054824213108060814
145166.21629371066,0.05815060547091512
145528.10047488127,0.05271446956252833
145892.75291622482,0.053074189197588884
146261.86307778678,0.05001089846063999
146640.68639201,0.05461065388593442
147010.14920911696,0.05417449307540369
147375.68466334164,0.05480785704662751
147724.4681475011,0.0582273681870415
148070.779087168,0.05673027846484368
148424.79668618413,0.05712187786050494
148778.08266317562,0.053191596643716255
149137.9276311685,0.054547970067721795
149494.92070319806,0.05546530800004452
149847.62956033676,0.05402332734123891
150190.5505400512,0.054750618873444575
150529.82860527464,0.054726830112551195
150865.0354495047,0.05706919397012263
151200.14228657013,0.06138300848645052
151536.9668787425,0.056747372836387484
151864.29222520106,0.055637236688974356
152187.58468344965,0.05528212309388346
152504.08981961175,0.051397494301253566
152828.92270742357,0.05418929762724981
153155.2802945214,0.05676614457851702
153464.6333229329,0.05918059117001782
153777.40229026636,0.05900676319989884
154102.64986870077,0.056141108036500964
154430.1311485604,0.05516412718653763
154747.05119560467,0.05482723439898552
155076.853894081,0.053628930166161534
155412.26107604825,0.05445090278315062
155736.92183019573,0.05492385226311615
156053.92992081802,0.05475034571193252
156371.15074150552,0.05477195923031208
156693.570735047,0.05891691017651873
157020.26542940774,0.060008504761844564
157344.4459163907,0.05931601413166074
157664.9929660753,0.05898705193768944
157985.54354728258,0.05941782130405228
158312.62110326733,0.059088888599028375
158627.03004747626,0.061237119968974414
158944.87514789216,0.06017968118473661
159268.09468635145,0.058360562464219216
159605.85014679242,0.061615465896139206
159958.65047939235,0.05889496143123595
160307.6294055268,0.056748134858706674
160646.36091538318,0.05431791665604439
161001.16031964042,0.054729905774681634
161346.37025711432,0.06052043754802994
161696.62013573252,0.05943499644568943
162055.38466338054,0.059348485682430244
162413.14051493048,0.05282072688171245
162771.39323322327,0.05704110596783381
163131.47558465856,0.0571290517372822
163486.25113813533,0.058313222106976335
163831.56543456545,0.05513562776348239
164185.4697593216,0.053063488790828395
164533.9486395407,0.057025990296332346
164872.99151908208,0.05624960617588626
165194.81828393135,0.05253535854905867
165518.9091871691,0.050637127458938246
165870.34527077613,0.04985909100433084
166223.85671567405,0.05346483694967262
166592.08164667667,0.05342960024157887
166948.66016087797,0.051461832089066746
167309.62504675228,0.04943986651132007
167656.29420931247,0.05358537850904869
167996.61281859071,0.05241618761496554
168342.28460342146,0.05183670810991908
168699.84403899024,0.05031143191662845
169053.59795740442,0.05035504292960824
169405.2542425755,0.053601934497457926
169746.61909811015,0.052194942005143706
170077.928277667,0.053155708924172713
170420.55989258055,0.05164713497894345
170757.8243327513,0.0500995750219478
171094.43899551345,0.04957668929069951
171439.00049956288,0.05109975591217942
171796.2181262475,0.053343401602556274
172161.19444962978,0.04839032353985693
172517.62560777957,0.0533605109856223
172874.00306269142,0.05133929564162864
173242.3035414203,0.050082911680628533
173603.50262139557,0.048206086390724406
173956.40615461284,0.05284176363210427
174312.53158782728,0.050729680109254466
174657.25812285626,0.05143099250562348
174988.97151760673,0.050610351759384546
175332.44599737943,0.05553704455805427
175671.20730644758,0.05278928757852027
176019.37576476464,0.05501182172528618
176356.05653666146,0.055460901280542055
176679.03226007737,0.05356285377927313
176998.84222319038,0.05446170181139347
177312.57878617413,0.054561377080951205
177626.89884771098,0.05720082615157972
177961.315845224,0.05637598842495255
178303.27774658432,0.05789426563871974
178658.61683001436,0.05922598507228612
179002.08283470458,0.057926981110086054
179346.06483790523,0.053895843521717994
179693.47349668707,0.05552972050777947
180046.4977288283,0.0543829348473128
180407.94990317945,0.055137423019622274
180765.9296801945,0.05596215276136958
181145.83188153311,0.05399815813926126
181546.23333125428,0.054703294768207344
181941.45300587427,0.05497459752629765
182335.10728064718,0.052890635889507286
182712.77718849442,0.0501335041609826
183094.9358245329,0.04988060756869253
183458.1792382375,0.05510383524715513
183808.0384255505,0.05778761329448917
184143.054038858,0.05799277845216791
184460.64617205507,0.057142950592019195
184777.01970197645,0.06270455159870227
185102.21349364566,0.06228218472738763
185427.3870162297,0.058290957231484114
185755.198541329,0.05990905117158285
186086.11205549655,0.05973447050929232
186429.6864602156,0.06107625349556691
186788.8274786298,0.06336413232968505
187142.30267912772,0.05825421455021147
187499.6483639763,0.057957030176063726
187870.87010309278,0.05786703342105177
188253.43150941044,0.05757191124229204
188651.86017555874,0.05612099769460362
189031.8108344255,0.05701997770183653
189402.2973529779,0.05159586006821248
189781.09244377998,0.05384268895060743
190161.14419300543,0.052815395293475065
190537.10383944152,0.052820360195899585
190897.09684065933,0.05484178378725495
191259.7072091719,0.053284009508895155
191612.14037716997,0.05402555594303216
191961.02380358923,0.052849504883347
