D,r2
21.1324568288854,0.7392051878510582
28.657734470158342,0.7231489889687102
36.143360265175055,0.7062648629933116
43.6632489586671,0.6964924774816926
51.16670386074537,0.6927907527304416
60.13710231174182,0.6790031109342863
69.19141991140125,0.6697506669450498
78.13583815028902,0.655786440277239
87.14766532353639,0.6366620581725281
96.22832298136646,0.6368859389909447
105.18635902636917,0.6285546791260243
114.21174934725849,0.618394282564782
123.14955474070194,0.6132462112400165
133.57891541885877,0.6061562309847448
144.09730458221026,0.6009448879826481
153.2222532848756,0.5983974274918207
163.79754080983676,0.5874081312754176
174.16790830945558,0.5686630822626645
184.6894586894587,0.561863610703802
196.49116447666515,0.5634262444638785
207.01333333333332,0.5575365442050465
217.7258064516129,0.5450362403024933
229.70417252695734,0.5499995661707167
241.75864536131647,0.5273191010464672
253.57035175879398,0.5347744138068546
265.386213887481,0.531101329372202
277.2012257405516,0.5251182569767046
289.29590017825313,0.5111876677169217
301.3979229989868,0.5025931713862314
313.5398320183253,0.5014685641046785
325.8014764039019,0.5093337697209452
337.7429617117117,0.5032984099443552
350.9923337091319,0.4910356357402947
364.41646554035935,0.4934131313927275
378.02071789930136,0.49605726538900996
391.54741379310343,0.48258023528335303
405.11491206938086,0.47312868968394084
419.78381763527057,0.4690950532154744
433.40988289060266,0.4749192582255843
447.2556486417873,0.46496298133764574
462.3792319353209,0.45664196715550787
477.34253164556964,0.45123986082206
492.2950450450451,0.4504085273734535
507.2785659014702,0.44273504907624295
523.7756725146198,0.4457723476147553
540.2655181150241,0.4411003236622064
555.5469094922737,0.4371126166764987
572.0281124497992,0.43092408898945916
588.5366666666666,0.4389633784765037
604.9030671973777,0.43331979903020057
622.6145755071375,0.44024725206527715
638.9958049292081,0.42869824615198926
655.7777777777778,0.4168901759113336
672.3751035053823,0.4279893731549475
689.0553273737618,0.42814549615801345
707.0263093788063,0.42144215372239113
724.5865659984379,0.4186037033225377
741.8852053438892,0.4187119978189733
758.9378281293175,0.40790966747589236
776.0922146636433,0.40631293895520004
793.9927227101631,0.39898917348786084
812.2322946175638,0.39979751753824355
830.9725313757992,0.39466769951694275
850.1925887265136,0.402433393895598
868.7853092783505,0.39907227854107574
887.9777777777778,0.3762935212006991
907.3711077080143,0.3866195552735707
927.0364688128773,0.37836761829880755
946.5426042983565,0.3761420121064941
965.968085106383,0.37601335070868086
985.2297609868929,0.37172422927486115
1003.8321148825065,0.37240092266161856
1023.3448708301981,0.3746683524718324
1043.5499748869915,0.37381748940113746
1063.3831101956746,0.36587485032760936
1083.3888747777496,0.370466409348959
1103.6074836765445,0.37247865983693257
1123.5256948085998,0.3725691611160382
1143.7229129662521,0.37859964412165414
1164.734704112337,0.3650447993798434
1185.8049457481707,0.3626735519648941
1206.804052321108,0.3636556939118922
1227.7882023900331,0.36642686926358425
1249.40103524772,0.3575844137633155
1271.5119356512714,0.3532466372639327
1293.9949937421777,0.3348354868183437
1317.096724667349,0.34479127542068433
1339.91125,0.3386940723900451
1362.3980280228334,0.34011479622784796
1384.9763374485597,0.33126396391567575
1408.6544099378882,0.32096337319561274
1432.0442045746595,0.32004829227120374
1455.6441519741743,0.3152396745192934
1478.9906467129877,0.30786186182436287
1502.5691139240507,0.30481954377137266
1527.0173424523693,0.30913733043624375
1550.4592105263157,0.283615367853246
1573.4768228514156,0.29016639987369347
1596.9342271692385,0.2879877157256083
1620.5911043719989,0.2861667518045236
1644.138211382114,0.273685243203314
1667.451029010662,0.2725285943771624
1691.5210233029381,0.2687864024889441
1715.5201906195134,0.2746846054007286
1739.4721649484536,0.2634689094238904
1763.6038500506586,0.2809866899507967
1787.5239288398898,0.2744657569665987
1811.5237732011187,0.28614184928659914
1835.4610855094727,0.2771544294236434
1859.5449626384952,0.2721192677984683
1883.935297079557,0.26753865213285855
1909.6721845999498,0.26667969299335204
1935.0711032388665,0.26792762065327946
1960.0288957688338,0.2570722728902905
1984.9468085106382,0.2569272179558498
2010.133575883576,0.26116152457845926
2035.0046000511118,0.25407312100084284
2060.3879541575225,0.24980490834160582
2085.9187096774194,0.2415899210380726
2111.494680851064,0.2525066071880413
2137.4574549149097,0.2476276327786967
2164.0220772704465,0.2446851647683832
2190.5539568345325,0.23942050080721536
2216.5239805078227,0.24348960593307645
2242.8845859872613,0.23519230268727023
2270.475024975025,0.2317753077341941
2297.959219858156,0.23513656844889813
2325.485678073511,0.23129237195629362
2353.089974293059,0.22170465671593376
2379.8856699430935,0.22135426653804346
2407.4424031777558,0.2168948652558683
2434.8918988648093,0.21771848975040423
2462.3904143784325,0.21611177434014348
2490.5329571685047,0.20993848110469746
2518.392523364486,0.21191743800946414
2546.0188679245284,0.20801657261361395
2573.0415384615385,0.21199610361529764
2600.964734895191,0.21478501897075444
2629.573065173116,0.21823555292748376
2656.9035269709543,0.22545876889785618
2684.9112161153944,0.2364452558609545
2713.7313628040806,0.2298281564738995
2741.4803169101265,0.22880160320057696
2768.851291416645,0.23763736397567756
2796.359077231695,0.23382150633373133
2823.5461499235084,0.2210066883418978
2850.1338987406834,0.23035018674211866
2877.6839901477833,0.22819026558320474
2905.241326918207,0.2213671787026402
2933.006559958016,0.22725238871622633
2960.9472641743005,0.22393742896361366
2989.1658189216682,0.22951963963801106
3015.9613003095974,0.21505559405628055
3043.1264080100127,0.21998831809740713
3070.0236382322714,0.2291905397199388
3097.5049106018637,0.22626946037428738
3125.087448559671,0.2403115304560681
3152.00076765609,0.2328691540489128
3178.8167088607597,0.23101264632570767
3206.504393673111,0.23603363484227205
3234.1377616955288,0.24063156098990704
3261.361180590295,0.24244325639747774
3289.534678436318,0.24523059861053245
3317.314049586777,0.24800626932407982
3344.364580694198,0.24738889625800953
3372.402105790925,0.24285660729084113
3400.375221238938,0.2380057542859865
3428.5180815593744,0.23737660638289504
3456.5056759545923,0.24037526497084324
3485.036621823617,0.24197118984820062
3513.5645896656533,0.254717284874925
3541.8375763747454,0.24923940978445372
3570.4281258123215,0.25508151300195325
3598.9020501138953,0.24194108650840573
3627.649858502701,0.24446107522061386
3655.83451237999,0.23619951142421683
3684.9193709435845,0.2436806317300788
3714.293269230769,0.2435214321901273
3743.1016597510375,0.23425136634862787
3772.037195275195,0.23881538129190802
3801.186116700201,0.23424338773607875
3829.785155263822,0.22891534728307836
3858.4785512458257,0.23316255440709877
3886.4817480719794,0.22016053321139067
3915.577475247525,0.2369710652574887
3944.4677804295943,0.2266737374206146
3972.941249380268,0.22199643526492635
4001.3219037871036,0.21980699701706494
4029.463519313305,0.21796901170079097
4058.1151024538326,0.2148612628321616
4086.5536253776436,0.21944451164839582
4113.996378685981,0.21890664959127507
4142.026986128625,0.21747376922337294
4170.458089171974,0.21667413507662164
4199.071951527392,0.21112162954158228
4227.330375253549,0.2127991995824205
4255.850393700787,0.2162504608491221
4284.66649497811,0.2142919798222526
4313.102461074836,0.2119138027696603
4341.871729091842,0.2130084464041861
4371.041368743616,0.21142961329327956
4400.144042232278,0.20427443215484434
4428.7324085750315,0.20728854896157134
4458.1147666411625,0.21090098669066082
4486.921188630491,0.20658955857151104
4515.663719050025,0.20705827066309945
4545.222391084093,0.20991338012401148
4574.115075376884,0.20481786817923048
4602.846371590324,0.20336137253875142
4632.3003792667505,0.19722541877841365
4662.996924654023,0.19297553602860393
4693.3973360140735,0.2038167670128507
4723.199696663296,0.1970374252467122
4753.186189258312,0.20093337650408546
4784.11541343992,0.1997882081496499
4814.870213312773,0.19423356110178971
4846.016832440704,0.19733275017082452
4877.114099019855,0.18919348588559648
4908.030154639176,0.19785419594630418
4939.092657342658,0.1916290997830282
4969.063935281837,0.19073017939447934
4998.382181726145,0.1869916954140554
5029.038451997023,0.1804881206177386
5059.3898261758695,0.18321857519938708
5089.517889788456,0.18499278187204607
5119.935051806924,0.18462771185134538
5151.664455218168,0.1866012645625974
5183.811230884933,0.18740308976062472
5216.37556561086,0.18091469828338844
5249.029328531001,0.18788932919151952
5282.052591656132,0.18383116977924394
5314.412217659137,0.18383724137280225
5347.048768225239,0.19179994245376755
5379.902708124373,0.19741859691919872
5413.064282011404,0.19523493466648772
5446.509995002499,0.18407279478176583
5479.810482829847,0.18248525200990998
5513.283804627249,0.1862412056327272
5548.1220245552495,0.17682196015805382
5583.268230494646,0.17657071716226644
5618.2567705671945,0.17706623673275357
5653.326323602178,0.17863337915199481
5688.617346938776,0.1827108006851651
5722.333765896704,0.18300017239192815
5757.087238285145,0.180195108331056
5791.507660347962,0.17794933019912687
5826.115288844621,0.16817914340752313
5860.720959918305,0.16447900917686253
5894.327700972863,0.15963689495840871
5927.75980517816,0.1560290791748695
5962.10964035964,0.15663073060783694
5996.597492323439,0.14566079198903548
6030.996264009963,0.15003392111380176
6065.377616955286,0.14670309264318437
6099.922087745839,0.1507617477005885
6134.572785622593,0.1457685535966318
6169.020682780962,0.14805744004673033
6203.513820718161,0.14864167028662847
6236.833462033462,0.14928767976701154
6270.662884518407,0.1489778219903843
6304.253865336658,0.15174253134627683
6337.685542797495,0.15336850428432652
6371.835914085914,0.1507000496676163
6406.901857429719,0.1546471394363325
6442.112793733681,0.15091808200668222
6477.900074386313,0.1508339168240687
6514.161092672964,0.15794319485426134
6548.949178255373,0.1534054539824104
6583.437275985663,0.15298264311310256
6618.073003802281,0.14939569902571528
6651.95725388601,0.14366087679499007
6686.525554724508,0.14896447922567743
6722.144407977783,0.14773607454044668
6778.908754481323,0.14643157320463332
6859.764405046028,0.1423010691939468
6937.4697353279635,0.13379534546520797
7015.4857175633815,0.14509163963492352
7096.439881020478,0.13892543203772934
7178.308186195826,0.14244172216892567
7261.843924065022,0.1397914056683521
7346.360151497762,0.14226436763754827
7430.17396818077,0.13627545196666815
7519.217516069789,0.13526100527617949
7608.140589569161,0.14011279260021203
7701.2482989274595,0.13336300301394985
7793.883418803419,0.13053276605881256
7886.148241783498,0.12926262246443937
7979.233112733911,0.1297531050268591
8070.458232515267,0.13355899904505342
8160.565451011776,0.14023392071524243
8250.005827239489,0.14454914873656197
8335.242857142857,0.14148939260074256
8420.644958941606,0.14507760012974374
8504.670858329488,0.15220888482686298
8585.99897260274,0.1635279383297587
8666.343405330883,0.14874520647163697
8746.085691555858,0.1377639181453979
8827.803499481985,0.1325584922565154
8912.588074023304,0.12626205044477234
8999.882569229001,0.13104165393348413
9085.475554032442,0.12829524466238065
9173.13357689234,0.12689896767383577
9259.655065114672,0.12884455761339655
9346.032309807517,0.12704160298139905
9432.619102153001,0.12309553988947672
9520.079410749224,0.12377837230658822
9605.057032492616,0.12278695769029357
9690.242406744428,0.12333292067109987
9775.445811965812,0.12407693508697402
9860.041886015106,0.1191490643863671
9944.5166762839,0.11956521494
10031.276474607152,0.11619511594819365
10120.128369852013,0.11320227877591356
10209.424038351786,0.10762673978900786
10295.129883600323,0.10689438471454245
10379.802338913094,0.10861466713478489
10465.533386691059,0.10654246742559949
10551.05460129678,0.10815397679152972
10639.622314144548,0.1072538174743863
10730.092668957617,0.10781163712759051
10822.449198477685,0.11454734261022208
10915.240812599863,0.1147062656160773
11012.586187279554,0.11053902645626706
11110.426674298798,0.11907717086748368
11212.34542314335,0.11777703765136997
11315.65908829946,0.11461869562306701
11420.885551763367,0.11461683129653798
11526.428768224085,0.11628952776055981
11630.58480341289,0.11384099361283977
11735.510507781439,0.11663519966760506
11843.101893287436,0.11904554154541408
11949.825926778725,0.11762522665393416
12055.06810897436,0.1184381842225825
12156.534336242536,0.11553608728675006
12258.694539639022,0.11554143030004783
12363.457246954344,0.10568859760314067
12468.121201617561,0.10982056435290331
12574.62337217272,0.10750149741585639
12681.477418615314,0.10651042999205024
12791.128476972184,0.10441600906273958
12903.848290107873,0.10622757357934738
13010.642142775032,0.10623902422292639
13113.096208584766,0.10942541393919318
13213.263935372186,0.11460158738947607
13310.698130414956,0.1149167884457399
13408.288242730721,0.10985285614798102
13504.727885714286,0.11681337402894151
13597.312925170068,0.12409519335884049
13690.588887618613,0.12730806105673084
13786.137777777778,0.12393864403831675
13880.98335837282,0.12579954301450635
13977.047505126453,0.12558974997307043
14076.261732644865,0.12708508023722248
14175.305177734599,0.12013947970711271
14278.247680146638,0.10741897124456998
14381.480400045983,0.1065120837645399
14486.647072174308,0.10057229574543669
14591.142214532872,0.09750448820211519
14694.283293255468,0.09697445247887183
14800.454969828077,0.09590814681555888
14905.75641173088,0.09725471402129741
15009.338967460044,0.09751724247707454
15116.446264073695,0.09439563975313378
15225.025770823746,0.09374733896504937
15333.380979629206,0.09668598171379561
15442.461556142973,0.10075002332282598
15554.928075566177,0.10915388409734571
15674.66536875859,0.11259703208492072
15797.232947976878,0.11204531072669952
15919.93331816113,0.10516803864526202
16041.870845313399,0.10219743049252131
16163.570401643085,0.10654608190575016
16281.71070851604,0.10958819091822516
16393.623143705736,0.11151470019398592
16506.48484155131,0.10465627780947125
16615.651396011395,0.1036819112031944
16724.57488254841,0.10635842124604576
16835.997476485434,0.10800808699003493
16951.71989408243,0.10515488389385876
17064.40418956044,0.10186410289259097
17179.886732130624,0.1003904402765504
17299.249913584514,0.1022649356022716
17417.6359699111,0.10307048129737262
17540.917465753424,0.09493009916680932
17660.50017319016,0.09549691534641372
17774.843332190605,0.09478837738192963
17886.507027768253,0.09722427065884606
17997.49141606176,0.10130522415010677
18104.765387235977,0.10174260317644807
18213.362375329587,0.0980075621003277
18321.17702469845,0.0944692977804474
18430.430979133227,0.09344561003795922
18541.628202195792,0.09285785589775207
18653.700230149596,0.0892015397397855
18763.81298671553,0.08622590549734876
18875.737207977207,0.08362470268212299
18987.29862385321,0.0892868928960957
19096.248390064397,0.08566868035449943
19201.575295332033,0.0862864327389034
19309.527099805204,0.08677383240153216
19418.04737926299,0.09222559845838765
19524.685295464955,0.09194993828669586
19635.309148984714,0.08873262813245653
19742.304652498566,0.08934934889931408
19847.44778680087,0.08868101089150272
19951.017063673844,0.08732150473361902
20054.65648243506,0.09320474718656575
20159.269701475467,0.09299932381692942
20263.04076491469,0.09853038828096446
20367.78144472652,0.09769035966461465
20471.5216098788,0.09843661710146179
20574.517885806006,0.09208214377649229
20679.43382184566,0.09335895558796076
20788.116117257898,0.08785880239648408
20897.345300708894,0.08913341407317041
21010.39612474203,0.08944432430461742
21124.662922636104,0.08691745708693722
21243.373879052655,0.08921385689406709
21365.256252141146,0.09253946941399857
21487.17561199862,0.08901882432905378
21608.694565466638,0.08917829034074956
21734.13894302419,0.09113195802183854
21863.70265628578,0.09531394454968438
21990.806927297668,0.09431576863981708
22117.954809996576,0.09503738175388952
22240.34025229358,0.09865041834257501
22363.619140625,0.09101137153961776
22487.893111366247,0.0871067178436525
22604.735341457806,0.08305456028641449
22713.746411483255,0.07896897117528696
22825.585413327226,0.08255943035777877
22936.9222489408,0.0792516491838914
23048.792563600782,0.0819902839572034
23164.347944893543,0.08771599891674625
23279.932066781806,0.09646824049958609
23393.383764679056,0.09536413389000975
23507.85296478954,0.0952018188521405
23624.124355891447,0.09648571958712844
23740.765029830196,0.09527416592836237
23858.238280802292,0.0925889476424352
23973.77277414919,0.09076826369607578
24087.59706791891,0.08989852755333541
24198.92921772993,0.08379808622679454
24311.12086149616,0.08604813376406635
24422.479739755734,0.08540358565322298
24532.89246693502,0.08484586130597409
24642.64372284473,0.08580411987399413
24753.111466788614,0.08527960936626568
24866.12031376168,0.08443985656705229
24979.514826642335,0.08196329703709586
25096.62103219913,0.08126262050446782
25210.489971346706,0.0810697546005133
25323.18170339761,0.08178560445788444
25429.803995866347,0.07987818669989948
25534.48827901658,0.0778123697022956
25638.518008717594,0.07571940974967577
25744.709055656935,0.07433361233827213
25853.78320469992,0.07846077980598326
25969.316601875144,0.08287760659784438
26088.347120658134,0.08083030309665867
26205.068937829776,0.08337806773657754
26320.441287661815,0.08383310561597342
26435.100679645202,0.08224047016384886
26546.77383946947,0.08482239021618945
26660.097936381255,0.08858319163555023
26774.249482401658,0.07806105616229105
26889.735972461272,0.07780603722715389
27011.297143507454,0.0805487641071855
27145.193433179724,0.08443564600421785
27276.968753576744,0.0846517761333025
27404.964665523155,0.08614977025182134
27530.001371115173,0.08484017664467573
27650.24655489205,0.0875081878061489
27767.197220307833,0.08837863192443242
27882.375485049077,0.08606820083430848
27998.884054643553,0.0858875535386918
28111.362731640358,0.08401346494968799
28221.9409200413,0.08566859632706451
28331.51369941534,0.0770888150082227
28441.76317590691,0.0811011362346837
28550.23625488843,0.08089426381378721
28661.57106918239,0.08133295932094226
28772.742915904935,0.08115267170663769
28887.362376917794,0.0829658729376909
29006.072609550236,0.08015738358392752
29125.004438374872,0.07901903222431073
29243.868532267275,0.07554045330764252
29364.29653828519,0.07542641407945098
29483.335715932673,0.07878036618155357
29600.051921317474,0.0783928126797481
29713.2824366181,0.07895723789741049
29828.015592988846,0.07902315675881648
29944.82713625866,0.08236989012694207
30058.255103204472,0.08114135110059832
30171.439177612792,0.08363382991336375
30287.4817952828,0.08413682195593442
30410.48225326311,0.08263587161582114
30537.222055773218,0.08121463918989968
30661.2406264289,0.07883556987487844
30786.42994615649,0.07933495418357725
30909.491482504603,0.0739464641422862
31035.67582981636,0.0740872089192082
31162.31803091013,0.07315419918135752
31284.454690709885,0.07358750663545785
31405.695727283197,0.06874897549404523
31527.558628571427,0.07169218414340892
31648.080889092576,0.07458543768654066
31772.468158347678,0.07541666740938117
31901.665025194685,0.07476757865965146
32027.881398537476,0.074330603869435
32155.56128515893,0.07683347532959958
32283.555350978135,0.07609660262101886
32408.251513420902,0.07810778277816977
32536.698425468338,0.07386906208434817
32666.35097524809,0.07487443072907587
32792.9774037353,0.07171259165463331
32918.15222616459,0.0677617820883582
33045.90395157606,0.07012772583025448
33172.363834923555,0.0707579009314347
33301.60677500572,0.07375164141562236
33431.80985030282,0.07541238139344641
33562.13996569468,0.07716671211784464
33694.26890467461,0.07392326704303505
33825.33095429953,0.07187999546941368
33956.807477487746,0.07142374737952699
34090.600895316806,0.07140231610803656
34222.842909675936,0.0712653077604871
34354.51269732327,0.07526392299936936
34485.50660236537,0.07816574427750896
34619.40466439135,0.07936985340865418
34753.276326389685,0.07541935629121815
34885.02592635081,0.07170639043397722
35018.03663003663,0.07163074157624473
35147.350542547116,0.06627615524911756
35284.07354794363,0.06732208972157966
35425.06131588012,0.07228325026731437
35567.95761453216,0.07076671179283445
35712.265252293575,0.0722909899393567
35854.26795357923,0.07479394128987088
35997.38927712224,0.07060456757369316
36144.700446581934,0.0746270892455763
36288.21031655659,0.07318791878810267
36433.53957329663,0.07846540480784008
36581.82784723019,0.07240439518350893
36732.50731261426,0.07222488427683452
36874.04786680541,0.07178649607560776
37007.534674852206,0.06916684024992414
37138.60670173833,0.07095686388762934
37269.85498906663,0.07204790408205974
37404.2453952637,0.07168231791548546
37540.87334399269,0.06883185886205767
37671.042460408535,0.07319411219498673
37797.851877447596,0.07314965525874932
37924.78901174057,0.07317520066552131
38053.50201450443,0.07505733659881503
38180.33535330437,0.0734145404330789
38306.45700582391,0.07162697272837265
38436.06741056022,0.06972099360598846
38570.577376186666,0.07154255561958311
38708.48309455587,0.07043306954038518
38846.43011979464,0.0705748143799908
38981.11955153872,0.07112639764449805
39110.780179351575,0.06972701983128654
39251.00640952272,0.07501989337010719
39392.89858571922,0.07501122307240547
39530.13354603464,0.07567442781268921
39664.56775968814,0.07117222273696355
39794.27122343481,0.07221944438745952
39926.191418764305,0.07468000986264058
40061.048811156834,0.0720234948552562
40198.042124542124,0.07096148669931573
40332.17490800368,0.0706975483990809
40465.60061636799,0.06959363833596773
40598.23084015213,0.06853937513692167
40729.59103322713,0.06605545295008539
40859.28200115009,0.058859542665251174
40987.13110628074,0.05918511257514801
41113.07291546866,0.05995154649327391
41242.39069079322,0.06296110275169939
41376.71842196332,0.06136041514701522
41510.107925220786,0.06164803495486377
41649.247885714285,0.06018278670688514
41786.43421957369,0.06560179038629506
41919.73076047359,0.06838875192115704
42057.2748853211,0.0637525091480264
42188.12920252438,0.06575884862586039
42313.70435482018,0.059473190703688755
42438.399496912876,0.06224332999717398
42568.94221765445,0.06388493553931292
42705.78198508319,0.06737605163832958
42838.126870826614,0.06636031322025328
42974.1401419739,0.06601989188216155
43107.99211698846,0.0652278910050064
43234.8387391503,0.06460137835071919
43364.897256342556,0.06530221836297373
43495.62642159678,0.0680319760732563
43626.85472625443,0.06737843793757871
43759.67790990167,0.06839130519938737
43893.779450637856,0.07042418606975294
44032.32283464567,0.0701608804014467
44176.871190339276,0.07289090859764685
44323.25306309401,0.07485662392684163
44466.275889689896,0.07647238608211578
44611.58371559633,0.07622834647428522
44757.12869246623,0.07575858792441721
44902.35356079689,0.07337041232331529
45048.34260849651,0.06893510570281719
45194.22883976635,0.07313927265781386
45338.2314994853,0.0702285417821538
45483.49368541906,0.0686629240819059
45627.53525971792,0.06772105836633716
45770.69158449897,0.06807557328185403
45911.11602652035,0.06748161067432994
46051.5034254396,0.06730419659289977
46191.33940643979,0.068539798837501
46333.1159770115,0.06961859697141941
46475.23093607306,0.06607320746924263
46622.07373377742,0.06701153071693199
46776.69435862227,0.06809490698440378
46931.58137938922,0.06471785919471808
47083.14534817024,0.06513212084114368
47229.68794326241,0.06915709053688363
47373.10213502597,0.07069951998843767
47509.546274107044,0.06333847704173379
47649.4701706172,0.06715784034120725
47788.48708571429,0.06496408959307622
47929.96771962186,0.06723991458331084
48077.160350517814,0.06888655056069069
48222.43733425574,0.06683470017417506
48366.703539319446,0.06518651592037528
48515.256916542305,0.06986721365395947
48668.893939393936,0.06941253084342457
48830.906761240134,0.07047299436223968
48999.55935313683,0.06858174918669421
49169.72185354691,0.06585232588864005
49336.29975909143,0.07039259951982603
49494.42634771661,0.07306189195169424
49653.16421316901,0.07102648913203183
49817.67778159734,0.06876214378144087
49992.5968075333,0.07135012379560456
50176.8805335173,0.07382592906206348
50355.23641954219,0.07030852311413024
50527.017306590256,0.06928365736548123
50693.238473036676,0.07264330460351519
50855.260427379726,0.0734959773207393
51020.613542621446,0.06894599180393787
51187.32725395733,0.06005885532482447
51352.63847031964,0.06100383178161058
51517.64112300081,0.06669805038380584
51681.72993368397,0.06652056861071647
51847.89614721104,0.06443093452843231
52011.36403157534,0.07035450706236572
52181.845001143905,0.07168669433161697
52352.73389130933,0.06456804965553742
52525.43963060084,0.06165857688580732
52695.03238073289,0.061601989844861656
52857.5477634138,0.06285451613496125
53018.84789311408,0.06478504576916774
53174.414866727944,0.06677384031967233
53334.06046776954,0.06913303762564726
53490.64593356243,0.0703780338957725
53644.31488725264,0.06875314135786231
53800.867937450064,0.06753380369305581
53968.278192038546,0.06808131305993048
54139.858653183175,0.0680937934266863
54310.69838912373,0.07033735590869968
54477.15650476518,0.07115408637482026
54641.44483863584,0.07280227261657453
54807.295514511876,0.07120357108423281
54974.26894026093,0.06800219175562652
55140.29273039496,0.06779655546963326
55316.18396334479,0.0689633586712522
55489.12940100594,0.06797052048068201
55669.10954508995,0.06702030587692363
55847.81125561054,0.07030150320333947
56027.27313279195,0.06609441262063832
56203.781791079,0.07000770906625332
56381.50896016436,0.06978121814087922
56555.23182914226,0.06637235917961026
56730.3941922945,0.06292290465029503
56904.07051428571,0.06186496653619263
57075.491727941175,0.06408170994545308
57240.99551724138,0.06588762888988421
57407.626766985864,0.06653191910429548
57574.89624267494,0.06878369333049604
57737.29769511639,0.07136350747226206
57887.703533731066,0.07204345540095751
58034.63785394933,0.07428903139225762
58183.79439788773,0.07672419992684656
58335.409837936546,0.07849475090838433
58493.28470076668,0.0796416187023341
58652.96251149954,0.0799006337994469
58817.53913939116,0.07861049633296391
58982.4686642269,0.0766087907603222
59138.77362385321,0.07557511328531581
59294.79917516325,0.07545800621479605
59449.362114436415,0.07593762260816478
59602.39913232104,0.07811554853186524
59756.55972031179,0.07550337821007129
59913.77837713761,0.07706625040109218
60075.5327445808,0.07423979554154216
60236.14153529815,0.07303093840469932
60399.22094625632,0.07324155942684496
60561.12626146789,0.07065716220399997
60725.02954987974,0.06662155133343065
60889.90893529613,0.064548014080253
61051.28861369109,0.0677777709383361
61207.484876260314,0.0688541603689534
61364.35022406067,0.07148046339713782
61524.81222005283,0.06964439452795018
61684.52630375115,0.07193384330095695
61843.566674264875,0.06589987132536525
62007.131292283,0.06638178467797458
62166.64693032881,0.06691639247402316
62328.36619879037,0.07569880858985775
62488.54075091575,0.08082727933815818
62649.15644383184,0.08237020961098007
62810.712322491985,0.08447469403747135
62960.715761680636,0.07970039447401167
63109.99988539996,0.0828792335190871
63259.729754530854,0.08165498908114274
63405.26373626374,0.07521606552453904
63549.16830551109,0.07120914411639985
63698.56995412844,0.07306748867689404
63850.02757752603,0.06881342335577792
64005.321739130435,0.07133410619824476
64157.05005740528,0.06847451843187785
64315.965217391305,0.07010418404840205
64481.27051150017,0.07118121641386405
64656.212722063035,0.06861080711477274
64832.80929965557,0.06909202398601517
65009.67499429615,0.06921147774858635
65192.907214130064,0.07125903112129187
65380.435688924525,0.07195679320017276
65572.87897870391,0.07216875945507527
65753.87934396147,0.069237057458474
65931.34910090482,0.06697829010504219
66116.89940353292,0.06891669293853099
66302.65778946165,0.06453134769121327
66479.33145938504,0.06749015231448947
66655.22208209126,0.0658941657595527
66822.27144978865,0.06617234574456088
66986.14455899197,0.06984609575713756
67152.47475094469,0.06827717782395766
67322.22309017806,0.06631732778196454
67488.50556767306,0.06446577233023752
67652.84561684597,0.06704966603200518
67811.34285714285,0.06611743981278127
67966.08361813625,0.06494347541390123
68121.79970207403,0.06299448283504086
68278.62598740698,0.0606853964490471
68435.09128440366,0.05927292481279444
68590.2169117647,0.05837102934251809
68751.66930126003,0.06040717749606038
68915.94181776451,0.06075082702405416
69085.5424270073,0.06254240692611793
69255.12655029858,0.0633340154743634
69424.95987618939,0.0642355594086554
69605.85848301109,0.06411534639601019
69788.83566674317,0.06412940541559625
69967.73508271534,0.06380202901662568
70148.92317423807,0.06776959111975822
70337.05126741265,0.06736172699884993
70528.89154832799,0.0655864308886823
70733.9414187643,0.06593341711937406
70943.98472493397,0.06888246392778609
71148.36012861737,0.06376868475462967
71351.86776953793,0.0669307348776084
71554.33520384792,0.061139375268801775
71757.14241486067,0.06112136848831618
71959.1817555147,0.060113133985900624
72170.14207400639,0.0639422558042774
