D,r2
197.5622458349731,0.11550481942286693
275.9135688953107,0.1038016739369181
357.29203899268884,0.10075848028095981
442.1204298257109,0.08723146461336695
530.557853997064,0.08039154051951693
619.391484803856,0.08031462318838149
709.3211571790428,0.07741906821965688
801.200584873056,0.07031855518422829
895.7023002260338,0.06444245132505655
993.6918846411804,0.06708502522685111
1090.5232401934443,0.06565955711932167
1188.6055239857276,0.06267311168134
1286.186525013448,0.0630491912036052
1382.7392908923157,0.06376677389562445
1479.5079872204474,0.059564802149892945
1576.6171573198349,0.05529264856981855
1675.3123580494323,0.05476039402792181
1776.1728428093645,0.053253661154223815
1876.8928906145402,0.04789867299102607
1980.6252321570707,0.044785874326834146
2085.0096153846152,0.041594057719103586
2188.7603360896237,0.03791119153278919
2293.9307324840765,0.03598496714068862
2399.690972222222,0.034875789358993714
2504.6843922651933,0.03605209403929951
2606.860198730334,0.03603117122480861
2709.948732237392,0.03414231658893486
2813.229476584022,0.03480516678665964
2920.0376441172384,0.03247330135092444
3025.0742020174107,0.03177970271001676
3131.945759911894,0.03072647203219257
3239.0510938798116,0.028864730719805085
3346.752297410192,0.028158416519557646
3455.6524255788313,0.028175507484508273
3566.1359757775945,0.02567046670925779
3675.5551871805496,0.02564437384994504
3786.993199167245,0.024527753783071978
3899.171087348979,0.025031834370143252
4013.47838099185,0.025238212732388625
4124.985847093104,0.02462944477099545
4233.628194558944,0.02549248840564476
4343.687049362175,0.02458617361122266
4454.694080309094,0.02575573883676347
4564.053085047249,0.02524695488253819
4668.904007712436,0.025589304696943097
4774.333517928839,0.02691642356174582
4881.738174273859,0.026243050978230674
4989.325963797153,0.02521137319587363
5097.403530547511,0.02276905411688635
5209.095469031454,0.023560202377892143
5320.312871560902,0.023469423377065677
5433.01042390549,0.023909079234955503
5543.816250517313,0.02253212089116889
5654.111556538568,0.023064435852896185
5766.496408839779,0.022026630859827395
5876.012381747357,0.022748762829402705
5985.324115044248,0.022483215070603607
6096.936853715704,0.022824567956062854
6210.036212854181,0.02254988370279436
6322.9958546358985,0.0220718305257708
6436.030660377359,0.021869062804234132
6547.217810862972,0.022425996039024856
6656.46438943438,0.02166685134623205
6764.777545909849,0.02158325336213728
6876.196612969848,0.021524446126853596
6988.868231046931,0.020337786668287894
7100.049944659657,0.020536633376383596
7211.6003596624705,0.020851945090108456
7323.161179225789,0.020619526104072403
7434.589832386757,0.020697184412794785
7547.42124137931,0.02031791178237999
7661.810473815462,0.01972673519265978
7774.2268768146,0.019373892318362396
7889.757164613042,0.01965100088181665
8007.708045341443,0.019530850625559877
8126.347310344828,0.019502425821675405
8241.260749343288,0.019202501287492603
8352.900083728719,0.01942494828205471
8466.74542452181,0.020082344073887436
8582.453055555556,0.019578520775376144
8698.6990197432,0.01962864672085423
8815.233893171806,0.01939172583670527
8932.959705432819,0.020746888763856487
9049.932285202041,0.01969872307029081
9166.725194013305,0.020276127135580822
9283.17045611134,0.019980144082238447
9399.62292358804,0.021214564740496572
9517.005119690051,0.020908982504612778
9631.726456779896,0.020238850748086824
9749.233504653424,0.019408839808931242
9866.351805900193,0.0196180851781274
9981.091814159292,0.020011692155502997
10095.798176543722,0.01937536793615087
10213.714623955431,0.019825716995753227
10331.881170271768,0.019897301321398275
10451.838563793339,0.020241347838314702
10570.871691838714,0.01953373033235102
10686.652312378843,0.01902271224797794
10800.786387579707,0.019123267164848173
10916.732892744045,0.019211089698814125
11032.659568545581,0.02025938238327231
11146.979842606655,0.01911716684062955
11265.375967920354,0.02006391493518676
11387.35994475138,0.02084455068877652
11505.121279554938,0.01948248638557549
11623.88039729618,0.01892912178508529
11743.857300123847,0.019837108556635702
11862.420191374289,0.020125033850994994
11980.806737834466,0.019472581147050638
12098.336038514442,0.018893012947199094
12216.588349514563,0.019695807700407488
12330.65468424705,0.01945924728093528
12446.028225251273,0.02003892982552692
12560.58611574847,0.019349867706378154
12676.19785064756,0.019794537962264717
12790.5225788523,0.019377633153233233
12906.891328210757,0.01927665216458349
13025.797443734371,0.01930391630198592
13145.532064542822,0.019313770140213647
13266.64529558701,0.01967409290754754
13384.91007045172,0.020261930178126213
13502.698835274543,0.019397171291437924
13621.133912563784,0.018946954553209733
13739.773469952921,0.020294988209463995
13856.377903761062,0.01947714355977018
13972.246688741721,0.019832784198419426
14086.118785684444,0.019258595886650094
14201.05952873088,0.020155734626138472
14317.704252666574,0.01933373059576681
14434.484764924859,0.019283692784440955
14552.335779562449,0.0197165741135053
14672.444521019986,0.019738593482848853
14793.04867195105,0.019199787810879065
14914.32638121547,0.02012429276795767
15035.569987563907,0.019469535361089203
15156.00041493776,0.019445453732701797
15272.31638182576,0.01986781315839894
15389.516900247321,0.01950732948848003
15507.109457579973,0.01966317506082391
15623.844951590594,0.01984599378322193
15740.936385008989,0.02012575905741128
15860.550718629076,0.01939114770796446
15978.383987831858,0.019937649683692063
16096.140102649466,0.019949064836247296
16218.397611858358,0.019817896396189777
16338.992083333333,0.019569405499702576
16458.626843048092,0.01994147231745149
16578.89910937935,0.01951446083556536
16697.61691267761,0.019722158050338855
16819.153282653766,0.01986578197920863
16940.47284566362,0.019713862957921803
17060.012808153147,0.01962612050725079
17180.250416204217,0.019173510764651833
17302.615299793248,0.018921317625539155
17423.572317477876,0.019320395188740794
17544.903816793892,0.018848490151678592
17664.305559387503,0.01921701075018711
17786.06286347272,0.018969790530900473
17907.212003872217,0.019465634975125868
18026.970682228708,0.019877433349025114
18149.31114186851,0.020104454465704125
18274.357083906463,0.01954398435490312
18400.353233830847,0.019439258026991937
18524.580272676685,0.01977875260746546
18646.73650048336,0.019614763521789435
18771.48187102131,0.02013642815605248
18895.900484429065,0.02051761085271877
19021.82300275482,0.01979341957408285
19146.67552895323,0.019423457678786202
19271.65772368967,0.0201538143005473
19396.328835031672,0.019687250179769127
19521.94472152951,0.018978974186044297
19650.201716738196,0.019504839868245933
19778.572418572418,0.01900575920890499
19906.302457205962,0.018890543431779646
20035.09614855571,0.019813638423085506
20161.253816264223,0.019734044274771195
20286.183988957902,0.020450491778245598
20411.40803880804,0.021418156944671828
20536.79460580913,0.018959162868902348
20660.538865836792,0.019309724161598023
20788.45103199889,0.01913140981597287
20917.32322953982,0.019480067922426538
21043.829790190357,0.020196741119743348
21168.771152518977,0.02034180071917792
21294.506416448185,0.01974414896202512
21419.117818484596,0.018819506937534453
21543.851662757002,0.019329345489855047
21670.402821967076,0.01906329113810489
21798.92102351314,0.019977646423985137
21927.071775649034,0.01954372696219749
22057.16634588947,0.01967278488011496
22186.96940194715,0.019243373710804618
22318.70310335273,0.01982870794945363
22450.46694214876,0.018606435516955774
22581.634612719965,0.01887233024507113
22711.218797512094,0.019624281697303587
22840.39764216366,0.019212008456409635
22969.572397563676,0.019731373621058233
23100.740214994486,0.019136587688685577
23228.569655172414,0.020014290152169937
23357.623297192105,0.019666189232350674
23484.484710114848,0.020097723353636816
23611.20182345628,0.019623170933786214
23739.123859552114,0.01949040002604776
23868.771737623076,0.019361696398386134
23997.504149377593,0.020625157242494353
24123.824696802647,0.02091405953269847
24252.51511804501,0.01918867448691579
24382.65744473794,0.019742326116047416
24514.830809471365,0.019791776816478226
24645.465100207326,0.019585468524431535
24776.399805312194,0.019341416700417627
24905.57871519162,0.020412882366643285
25035.35668877833,0.018944834672539358
25167.1981981982,0.019465807853047842
25298.183769561,0.019238758392554664
25432.61117241379,0.019432351515632586
25570.719017388903,0.019808061820077934
25710.363258520367,0.019002123654072604
25848.851908396948,0.019291661800315912
25984.860030248867,0.01946070557512423
26119.297380156077,0.019087792571966813
26251.59784411277,0.018962426948632535
26385.071723568282,0.020004019379078676
26519.485745917522,0.01979551900368961
26651.993503800968,0.019502414650965482
26784.80113557679,0.018742120579559592
26922.823349548296,0.019372191063980033
27061.737197136565,0.019553929190327834
27201.272953884505,0.01825015150770232
27339.204106945977,0.01928675178711159
27476.32249134948,0.01925725803621937
27611.570237599,0.01973659086960129
27748.262157321944,0.019714967542846316
27885.78213989494,0.020219808234276212
28022.220252112482,0.019560077110388666
28158.68564322233,0.019840157490964478
28294.54135546335,0.020874557509077678
28430.250103576855,0.02071870782586919
28562.94481419856,0.02148264872889738
28696.354731599335,0.020700450846855834
28830.653024417315,0.02016198706398288
28967.348862853203,0.02014784487831922
29107.809734513274,0.01961321671042925
29248.6476440514,0.02011246375050461
29386.34680321063,0.01999692432614473
29523.434536153738,0.01905362607767774
29662.385923672566,0.018327654949955502
29797.797093425605,0.019265023845304482
29934.009564735235,0.020003785785934387
30072.313465783664,0.019572630239427548
30211.359950179907,0.019891667024998123
30349.741836876477,0.02016066703238364
30488.878011840836,0.020549130853243374
30626.17370761534,0.020429926410183263
30765.1282369146,0.020343161480434642
30901.610342920354,0.020160355187485077
31038.296516450097,0.019516961430101232
31173.094624549736,0.019718586553746517
31305.166065982812,0.019893146867466748
31437.050415512465,0.02054293862681806
31571.613333333335,0.019444127948700173
31707.35588764356,0.019470609780805302
31845.52218996267,0.019203872205172327
31981.786111111112,0.019875836095516075
32120.25183441783,0.019957206780971327
32256.38055288131,0.019545191034518607
32392.945732130465,0.019648720168734427
32529.861725663715,0.019249279989333973
32663.17403314917,0.019307800935000452
32796.51902061143,0.019562439969676063
32931.27531206657,0.019331949224083676
33147.58767772512,0.019450738364398434
33451.28783438299,0.01883213476080271
33756.51625358077,0.01920951553475904
34057.12926189584,0.01953350175016781
34356.73703888335,0.018982135361704663
34662.45970410138,0.019286749195618264
34965.0550190043,0.01950774148674165
35268.260620048655,0.01947753994706424
35573.09808448244,0.019409281713777118
35882.78401445303,0.018996485964613962
36191.10027489691,0.01910068575941235
36500.97449806709,0.018530515727635
36813.2864274571,0.019314544353373198
37123.04486621033,0.01952964673709044
37433.923432714546,0.019493132808546122
37738.038430395514,0.019046793260355212
38044.00829073681,0.01925893863362191
38349.207955469385,0.018721078715564863
38655.502929078895,0.018697819319487555
38961.84168274317,0.019340146348972846
39272.67864283929,0.018897685287320987
39581.27368552361,0.019805403537843016
39895.40077215269,0.019724828508875445
40205.724946961185,0.019900438360258236
40517.49803554724,0.01910072324485182
40835.46233539287,0.01954536991435516
41155.804180967236,0.019721207860027845
41475.527900741945,0.019458767829061405
41790.76253117207,0.019552890440772432
42103.35305498346,0.02039502286399333
42421.52737123996,0.01959838632072114
42737.830794205795,0.019030393265246106
43049.732013489884,0.019220526964089414
43365.32206870799,0.019078907530162226
43675.13605187679,0.0200276764718667
43976.647691730264,0.019151524333334405
44280.09083551239,0.018425392065886975
44588.60751682872,0.019064187254076926
44902.1749516622,0.020051931649244317
45221.127748365,0.01937064648897828
45539.12778473091,0.01896460042378456
45865.10617928633,0.019879348194828967
46194.58593554834,0.01995457679691508
46517.69663341646,0.01951558681521341
46837.540112289455,0.019297185342786453
47162.541658877046,0.01954712200238396
47486.53444402845,0.01972433050447248
47811.367626886145,0.019166592012200504
48141.02366679156,0.01884579637382842
48472.37932326133,0.018494413570919598
48799.94127151824,0.018960554805052696
49131.201485086734,0.01867320509698289
49459.28406322234,0.019572217036976317
49783.346714873456,0.01980987365986172
50106.92989665048,0.020049788169625233
50423.30056899894,0.01959128851455877
50744.23303577003,0.019992036885917955
51058.88031319911,0.0198578592412319
51373.85073602795,0.019168620681957772
51692.7882514514,0.019849178297677534
52012.406306587574,0.019491780365309946
52340.812044136896,0.019284998798073077
52667.226071784644,0.019770526489918446
52994.13163799551,0.01949220862151566
53321.04718512046,0.01889316516312344
53654.573745944595,0.019616416228169134
53990.78594149566,0.0191346082755576
54324.69580136004,0.019821751587257373
54655.45534379671,0.020155515649091786
54991.42203781119,0.020135763890272326
55327.77684919546,0.01966326830423636
55659.381981756844,0.019172468833755306
56000.20526414271,0.019491296425361956
56340.524632993285,0.01985345557504427
56684.086452095806,0.019324228387543715
57021.57353308365,0.020704450015542317
57350.39729611862,0.020241900644598985
57683.21405830576,0.019804608022822495
58011.17813866334,0.019736261056991545
58347.1207154431,0.019198828045309816
58679.559970108356,0.01876271024984579
59013.29070710853,0.019442284673130892
59343.2873828857,0.019552890187835195
59673.68821955318,0.01952341624788234
60003.61642638707,0.019472420286369474
60333.53603547339,0.019291735563563003
60672.7263131597,0.01941699990437701
61009.301163586584,0.01946473032131612
61345.362706579355,0.019634349170231106
61685.424236760125,0.019807005890921863
62023.63050805143,0.020209713058683236
62362.331711576844,0.019897320246431215
62705.14426311199,0.019034416898962108
63041.7565472842,0.019107062895216166
63375.66756115826,0.01979255082763601
63710.18418430884,0.019713099244646724
64037.87646399203,0.019991217431771756
64370.801384816914,0.019510802925138494
64715.99831197249,0.01954501527483866
65057.11079970105,0.019123074064512635
65389.06732871151,0.0198478407517911
65715.76455570085,0.019932755092774573
66047.36278430393,0.02000529701649721
66388.59396953683,0.019316875012377104
66729.92437761278,0.01895062065678533
67064.0240783482,0.019739970414134705
67402.06339302428,0.019662958288950316
67746.51621351959,0.02032423588140391
68079.55086910473,0.01956636174830238
68416.8824337831,0.020015183305288054
68749.9068984857,0.019866339734877853
69089.35305880147,0.019149716420351966
69428.38156170027,0.019524317158613053
69773.01251089257,0.01921177628367528
70113.97258819857,0.020445948399246138
70448.27931013014,0.019743616756958054
70786.04956977179,0.02078681260181022
71129.21037175883,0.019527434603256403
71468.01721342148,0.01939892996873583
71795.09417124314,0.019582060292532164
72117.5681350863,0.020487808836807477
72445.43889684368,0.019764817689607053
72777.56183635228,0.019875527720702356
73111.85388639761,0.020375286346239984
73445.1024408515,0.019928498878413328
73775.08122428624,0.020309525435686548
74109.48182555022,0.020125946816314726
74434.18740639041,0.020752037044593292
74764.96728971963,0.0209990413642346
75096.88831948003,0.021558753234797626
75423.15396113602,0.020693112949918303
75757.07858926342,0.020837867228783166
76091.67621419676,0.019774596146451794
76422.75956795904,0.020324728092616897
76747.28372064047,0.020617909163181476
77074.82601361904,0.020780051146342737
77399.32432432432,0.020513991520933094
77718.60387949854,0.02043657271385444
78039.92973580664,0.01957375334111234
78359.76205025878,0.019949273804439668
78677.69636057182,0.019991717010430593
78994.79851814956,0.0206501262268219
79309.51376662296,0.02052071931060378
79635.94256020909,0.020292095029757186
79961.74035394909,0.020187482116484794
80279.65524118161,0.02067702802929627
80605.1626603562,0.01937524317284163
80928.13228867525,0.020073334388399883
81251.197171692,0.019703621032475287
81575.24942320884,0.020692207634414143
81885.44307270233,0.020469620059610935
82197.05458406196,0.02044708863498441
82510.50666832855,0.019634315978435336
82826.59062246363,0.02009502196407973
83143.20975092078,0.020292742912043582
83459.83314634755,0.019519140208049797
83776.79707974542,0.019324742537115216
84097.52312679218,0.019337503288833872
84417.57991010114,0.01949354470922872
84740.78775790065,0.020536942608924365
85061.82626011201,0.019759197559742883
85390.38886806597,0.019781780259989796
85720.74567592882,0.020557725344220266
86050.59866907146,0.020858733231032798
86375.77702239132,0.020641776029941966
86694.37211628634,0.020615951325953744
87010.92450009345,0.020160580589105855
87323.32218485301,0.020649606597282932
87630.99856285928,0.02155109810581096
87950.46550648703,0.020110341841263125
88269.24293714997,0.020989265471909442
88586.48021964308,0.020851480754844106
88906.91430356028,0.020661132948834017
89229.65458169812,0.021168748699202298
89551.2720124805,0.022595134040697514
89872.62590557082,0.022088233059458257
90202.48212837627,0.02045499825841845
90535.41500498504,0.021007776025989994
90867.30417160317,0.02026050495328021
91200.48608603624,0.02098080762590941
91533.44156656657,0.02039502999761388
91854.57585177817,0.020775543753831817
92179.3419983753,0.021287769093614812
92500.88860507133,0.021397920207415815
92818.19906542056,0.021016273796110208
93142.71996002998,0.021429175014467675
93466.72733507918,0.021242667084255835
93790.5601595115,0.02151206944619959
94117.06205950228,0.021655914275547132
94446.51626803222,0.020916398865629775
94774.29090909091,0.020386986144492344
95105.51720477112,0.021190116756874555
95427.63977824841,0.020422179409894367
95760.08357294662,0.02025250096642644
96092.53470661673,0.020600013381457043
96418.32852075425,0.021013894940256538
96746.5733616013,0.020642124450194154
97077.39618406285,0.020326665793477014
97411.21289074686,0.020233290486262524
97748.06022365215,0.020234670181904
98090.82677704468,0.020028352791749277
98431.2249781877,0.020470971041638985
98763.63573433115,0.02073310427158467
99090.1444270996,0.02036242520432659
99411.95744813407,0.020686868872797432
99741.97467406899,0.02068780094130442
100073.14078093812,0.020258292708928795
100400.52877361432,0.01974032852773328
100735.14632775419,0.019778618351487774
101072.21972534333,0.019865992236221208
101403.87039920285,0.020664411350624155
101723.70011245782,0.01984194927789817
102047.57575757576,0.020364988278069356
102383.3531025881,0.020128222451478862
102724.62641603386,0.022229921654178093
103062.86768923806,0.02139050701836964
103398.60011224044,0.020396391615792694
103733.94545909432,0.020615493975680712
104069.77213930349,0.019878250408634907
104401.57527753524,0.01982859570730694
104735.22443501062,0.02039705374317683
105061.70738565359,0.020790147746488484
105382.37090049163,0.02088650102812988
105702.27487974011,0.02040706182002981
106030.43248129675,0.019596024425224914
106361.83540508464,0.020145572732878946
106704.32247840408,0.020978815637194323
107045.65054670416,0.020903387964089578
107384.97780271854,0.020326114344502162
107726.3066408688,0.020061537666550916
108082.24,0.020225281178605448
108436.35384998754,0.020679697341510896
108786.49134104408,0.020699139649398696
109144.78750155609,0.02051636890979849
109503.22055794795,0.020307396860205204
109856.59610462576,0.020261353187567548
110211.76923076923,0.020249118775017276
110559.69152584649,0.020626244527580266
110916.22438052547,0.02098646777466731
111271.30623712306,0.02047292424488867
111622.16360122203,0.02071824423158716
111971.3684177689,0.020482426951096474
112331.08139100087,0.020378939029923684
112694.55461081587,0.019349364866365813
113050.09535970102,0.020159448335613932
113395.62737642585,0.019404134185367013
113753.19721389306,0.019761761124909002
114104.37462593516,0.02019281121343179
114451.23023197804,0.02028697143691649
114804.65545851528,0.019546667858994504
115153.59018947893,0.02015159865541306
115495.0065416485,0.019799128184001154
115846.30099875155,0.02010920149200615
116206.7433055175,0.01893549291680465
116563.63678921416,0.0190854182839134
116911.3322934864,0.019390963970762305
117254.3861083375,0.019746961764574335
117598.06888597968,0.018948674145159567
117950.76770449866,0.019059495737699897
118299.58095297492,0.019660953247121825
118643.72366450324,0.01903002855984988
118988.02305870623,0.01932789019742935
119328.82092253916,0.019716478476662296
119663.8689401954,0.01958134822757532
120008.28505431389,0.01903117425966824
120349.15560954339,0.019250447161174796
120691.84712342444,0.018948544500227496
121035.67330627536,0.019153368359252732
121374.9361967009,0.01961327760030919
121716.56005490734,0.019978380559896737
122049.26883935818,0.02019339034944988
122393.31472587788,0.019938370109710266
122740.19128752418,0.020294857996562353
123087.95342021575,0.0198643729769482
123439.80796852558,0.02008941392248395
123785.04798105684,0.019338678709099163
124138.62933183745,0.01925944439694979
124495.60536494074,0.02025774621681632
124845.67586078077,0.018597522400579533
125199.68821363949,0.018925433178157324
125550.35637701035,0.01902745189917532
125905.33102415278,0.019234612176997932
126264.61149196062,0.019149618365231987
126621.824881339,0.019108574671849617
126977.17242882951,0.019094397168741135
127334.16853652455,0.019706852059822724
127684.921757035,0.021058612727211518
128037.42584507921,0.022717268679219454
128404.74235698656,0.02085271626522492
128764.71042134131,0.019884063769219383
129128.48501837662,0.02027020929098466
129488.15968847352,0.01954114483629075
129848.18164208948,0.01900093240993733
130220.72353014449,0.020042009118000893
130598.54289996253,0.019849508401612394
130976.55586696562,0.0197195176194767
131347.76304442916,0.02130493870911391
131715.94382022473,0.01980379580892022
132081.1841188907,0.01891369106828858
132454.21725818544,0.01852771207482688
132829.84353571874,0.018445633877977548
133201.06114054224,0.018597712021026565
133579.47536376695,0.018629653614575546
133962.71715282972,0.019161271549196834
134350.71621705813,0.019599399031527125
134735.31812785103,0.01924572961581647
135115.0592154421,0.020043061432235932
135493.9398552533,0.01967622982569892
135872.92187402654,0.01894690615170242
136247.9083026636,0.019154367319449372
136618.03024445,0.01927473478750412
136993.63204247344,0.019010329602846043
137365.6922837392,0.019599696521984695
137731.6700953806,0.01974789710800758
138102.59816467945,0.020652847809810505
138472.8601246106,0.02004252220168166
138843.3353727057,0.020901583376339333
139219.365888667,0.02035183677570254
139594.6194127548,0.020265045608840567
139974.49943932222,0.020414223700488017
140362.41019402334,0.019795689197995552
140743.937183574,0.020269458181342532
141123.78922483514,0.020485677543631307
141499.6036969962,0.01997328231908618
141874.24571357315,0.02069782131913792
142247.54227987028,0.020193013378294496
142619.0323305455,0.02057982254421111
142984.4640363999,0.02172855674250719
143349.19768166522,0.020776011245051712
143725.13788370352,0.020827218896944475
144095.7109905866,0.021542254497052094
144468.5327213688,0.02143941661139548
144841.82539484362,0.021097994769093655
145218.7148639392,0.021308924831155953
145588.27936408977,0.02345360748412673
145954.15963291298,0.020261351438131858
146328.46211932102,0.020034104007313005
146714.55549330843,0.02029480539676614
147088.61693095267,0.022239860272607336
147465.43106674985,0.021016542278053246
147851.52204277608,0.02059851885115588
148240.1427858524,0.018941119921025484
148639.9256491687,0.019948504084596787
149028.62874625376,0.019775729977956586
149415.26808882237,0.019658702946077924
149808.29093065351,0.020196296510828018
150199.5548487683,0.01990343573806706
150584.85853414907,0.02005685991674929
150972.01991040318,0.018738355458996263
151365.00268464757,0.019556446531143884
151745.3070252059,0.018839323666174055
152132.52621419675,0.019515914228554514
152518.8632275793,0.01947276634860589
152909.94349154868,0.019257331808414407
153303.90717983907,0.01878981083162468
153692.87366127025,0.018400974672860983
154078.57026031587,0.01840867279321034
154470.6177514793,0.01870837129002732
154866.05560409385,0.018790290424079818
155253.75567190227,0.01850184484547499
155642.1077047952,0.01869109250372106
156036.03793835017,0.018953415378675686
156428.02043741042,0.019262788811503673
156808.01023464804,0.01979376483215577
157189.8337905237,0.019649001888413547
157575.9730251682,0.01963670693443346
157953.8358330209,0.02005108321811977
158326.9506441775,0.019873643794407637
158694.24987512486,0.019563644072370278
159055.3330422307,0.019582565393967962
159417.19752086708,0.01989178772106611
159774.69358165114,0.019579027763179917
160136.32903667726,0.019761685023438887
160501.36144578314,0.019560367281456586
160874.35483870967,0.019850301846489022
161253.66745547391,0.018795438906103218
161632.30695353914,0.01914585653646991
162012.1386669995,0.01953463744260772
162389.0797029085,0.019078648462038703
162768.0750046761,0.02031448583883988
163145.3195484032,0.01909591651798907
163516.25753886494,0.019937950155139047
163886.3112760384,0.019897033084349907
164258.80993278566,0.019768981508862228
164633.39915206685,0.019649362179388636
164998.45652038205,0.020217996279641676
165375.85013725978,0.019885385028089373
165756.77450491965,0.018911372615447047
166131.04780627848,0.019511386880943407
166501.43296071942,0.019401790099341138
166871.43237845597,0.0194873396248843
167250.17098058737,0.01859803554462808
167633.28519697822,0.019494597533023985
168012.94475275924,0.019244879320435046
168388.47194451388,0.019184936356350803
168763.9325772682,0.01924644266629844
169130.36472495945,0.019055019097787448
169492.81892414138,0.019421268142193734
169858.5269105894,0.01843021199342982
170226.5213057563,0.019208922756669973
170578.18809345327,0.019640703997843307
170936.61250155646,0.01955399809524989
171304.81264023934,0.020714576541986024
171668.0524739502,0.020408771079544717
172033.38832344676,0.01911367335640211
172391.75554448043,0.01963578241555947
172757.91172069826,0.01949322769770955
173127.90893771066,0.02001806423343043
173495.2565268864,0.019481322722314606
173855.62685635843,0.019423869869494598
174212.04799950065,0.019906484425698187
174569.38682127048,0.019496873921665436
174932.4172491263,0.019564913947964533
175288.570261336,0.019765252172615943
175642.0008724916,0.0212389256366997
176006.81166562694,0.020657118990382726
176379.04093348308,0.019796671436186967
176741.6111665005,0.018723446975378137
177105.67772305006,0.01961089401403009
177468.69080831984,0.020349721142053297
177836.60400424126,0.019737759816061
178202.3290016244,0.01914232595018792
178568.3225565315,0.019764634396092454
178930.81212196796,0.01950057628430973
179281.12082760344,0.019695655376164148
179640.58671241422,0.019551520971081763
179998.13739791783,0.01952809001864076
180349.31035127054,0.01945620854680117
180700.49931301523,0.02058296256512796
181071.86572086366,0.01958823971904066
181445.74322298562,0.02045228595445693
181821.19942664838,0.020466227133435426
182185.5097144999,0.021145641118442967
182550.66187184755,0.02094582211708053
182920.94032268113,0.02106028226922353
183282.19465267367,0.019947821646556643
183636.94571660322,0.020139829662237
183993.9542255714,0.019542489102108315
184344.04256115828,0.020164249572918912
184697.7725854754,0.020557101084742183
185050.40457157133,0.020151092349097323
185405.72375552924,0.02056592937680793
185769.7460713395,0.019666237021732487
186130.3523138331,0.01950801416058057
186494.81692250093,0.019712096782302506
186858.44196178502,0.019511999201658827
187226.85443196006,0.019049322023843233
187591.87851981062,0.019530589648719805
187959.1099381598,0.019184698493177145
188329.55579827738,0.019332402142208358
188692.07079149256,0.02050662909141666
189056.56896229356,0.0201019114969396
189425.61618554773,0.01956467681078977
189811.3969104273,0.019659611097566487
190200.45219235326,0.019937862268896288
190588.42210303107,0.01922081508429445
190969.4218535612,0.02000989720924141
191349.77309036444,0.020071249827188362
191731.98988132417,0.019714110514226665
192106.06116607555,0.019794716954398443
192478.58915067808,0.019627105324329572
192846.87956841712,0.019414749720872836
193221.8789654098,0.019836686846273828
193603.5262534298,0.019206682508882522
193983.40445442635,0.020048850404990073
194369.7264909329,0.01966511428473389
194766.7488926321,0.019676582976638494
195156.15796043188,0.020031489780143578
195541.87983313616,0.01918922699852545
195931.96445749266,0.019418203597005693
196323.60221820674,0.019841902779782674
196712.54641231842,0.02054244667006087
197093.6941477734,0.01970672356844714
197471.176690325,0.01959687366090097
197844.96031746033,0.020438968577428832
198211.44592231797,0.01994383515224104
198580.91734712958,0.02008951722616934
198955.659134765,0.019704206353092342
199329.12514846533,0.019299076824455023
199697.6840042307,0.0194492367763498
200071.1972823038,0.019397721007985976
200444.6126976192,0.01920915923973042
200807.60800547808,0.02143114386258085
201173.53850470786,0.02097339412985137
201541.1357762657,0.020303773887904546
201917.70835932627,0.020303364113924482
202297.37560002494,0.020108362967588292
202667.21728564307,0.02127634035033463
203040.78892150128,0.02031617510133932
203428.72458260652,0.01946067867846128
203810.20198675495,0.019363862997952702
204184.6300729381,0.019502649088210748
204569.1429642121,0.020263536375733804
204952.76141531178,0.01937385855756643
205343.5899975087,0.019739562553155756
205732.92990012484,0.020288899407755967
206125.96975177748,0.020116894596404356
206512.8970468877,0.0200689333128622
206892.4464574773,0.020278746011538087
