D,r2
1264.9973179562826,0.4493524145147437
1352.5928,0.4361091112870689
1441.1330726708911,0.43876927341818944
1532.4743931715125,0.42139644045838237
1624.06412152171,0.4228161370483061
1714.2631156316916,0.41165601857774053
1806.915734124309,0.41044886118335117
1901.8314247669773,0.3977893084382604
1996.7982763264206,0.3910348767972748
2093.643802647413,0.38644567040681044
2191.9276430389923,0.3851306795441044
2289.736001074258,0.38270262681361494
2387.6767351322324,0.3795279079765951
2487.909543680172,0.36229750520449255
2588.9115874079034,0.3588020784080618
2691.8109698996655,0.359454545555455
2794.6263530669517,0.35139659843145504
2899.4507023230685,0.33880107409087795
3005.247192513369,0.33496906658397646
3113.1827913823095,0.33591899860944224
3222.151089717877,0.3247243330364805
3330.3836206896553,0.32070666588104063
3441.6166756176153,0.3132694892264633
3554.713388562266,0.312767220280117
3667.1317107093187,0.3143378271491222
3775.5271382726387,0.30622954104408556
3887.8166666666666,0.30026349754311954
4001.373059866962,0.29266569263012465
4114.907700939823,0.28978390547227806
4224.8517490283175,0.2875764036090084
4338.764486239801,0.2844092503004547
4453.345340751043,0.2792126102377788
4568.969011725293,0.2785129276957541
4686.487590630229,0.2786690435802247
4803.734333750173,0.2739184704851354
4920.104970068217,0.26625292231530817
5037.526946107784,0.2706838479130646
5158.278146611342,0.2646136612384484
5281.4882975759265,0.2635362349319207
5402.587432074683,0.2662920498112895
5522.629825783972,0.2583359058139394
5641.93634840871,0.26128612821520264
5763.921441391689,0.2605118452338398
5888.202367688023,0.2536221238113224
6008.907161803713,0.2581607638693936
6131.190542227153,0.2551002181363285
6257.402001668057,0.25449904271761903
6382.539806911991,0.25656833775580895
6508.597972503819,0.25854604695638445
6634.648562300319,0.2507381816281322
6761.833635223631,0.2519952707300906
6889.767787659811,0.25202830070221366
7016.885150166852,0.2521008681134431
7144.3107636465165,0.24652152838116353
7271.720684378913,0.24863426731340366
7400.8826629681,0.2423397177593841
7529.555061796973,0.24016606799963372
7656.996082272282,0.23853621604985015
7783.210628555571,0.2351830921396389
7910.613427856547,0.2356533398237429
8037.921276299289,0.22853125000221589
8165.389229910715,0.22993697314879777
8293.297244912086,0.23636609277681317
8425.14002220372,0.22796754174241915
8553.836746064911,0.23322032968124778
8682.996662494785,0.23084520504901646
8814.228551532033,0.23231201720524502
8945.059176552686,0.22528317751555116
9074.382262996942,0.22881330837837863
9207.12897378695,0.22744509510518213
9339.65727310402,0.23136798824874677
9472.140596555104,0.22158384846844337
9604.517131363573,0.22495892455779856
9734.431653674834,0.2243557324225502
9866.580523822791,0.22331150945676687
9999.69516263553,0.21613886579853245
10133.877214839424,0.22544465828755256
10270.125453530562,0.22698151248212148
10406.178805180338,0.22125920515351305
10542.917682926829,0.22064168817451246
10681.045150501672,0.22072814601879157
10816.654568210262,0.21513621801223304
10952.884337683976,0.21421220917772968
11090.887386759581,0.21175879490354318
11229.720083682008,0.22162037572071544
11370.651449979187,0.21787921338437385
11511.723332867328,0.20926260953570427
11652.089382373351,0.21370456463751766
11791.014726312864,0.21055828207476787
11929.22101297614,0.21641033917596497
12068.97138093915,0.21494697864845805
12204.814685801866,0.20764808503299673
12342.884781097984,0.2032254586117084
12484.78787456446,0.20624771048741042
12622.944459833796,0.2025138359716952
12757.609677869195,0.210705993386629
12899.10853573907,0.2043495448246441
13040.242111142139,0.2046477359098377
13180.448189762796,0.2093498550001451
13322.50772657664,0.20461857630524272
13463.175842462904,0.20539916134177408
13605.61576971214,0.20865549468501632
13746.693234346547,0.20657824271307534
13886.86608623549,0.20002413745440675
14025.874232272474,0.20659338436917662
14167.672466592428,0.20423085325506055
14310.790111420612,0.20234618227875253
14451.139725267101,0.2048135547268387
14592.094058717128,0.21283079608831298
14730.035019455252,0.2089131050928438
14872.05282229965,0.2011627337261702
15016.781328146708,0.20777788690506654
15160.897468177367,0.20338706916377106
15303.629409323557,0.2050893129414558
15446.965493154512,0.19835930172599361
15589.513838915029,0.20356124674853826
15731.357952161141,0.19887793355958464
15870.587182688307,0.20039720971630332
16011.114982578398,0.19768998909818863
16150.069219031766,0.19523594350045728
16287.520285394516,0.19923274583831224
16425.82424577913,0.20222992131658754
16565.53450909596,0.19537383873829808
16703.089148906533,0.19979042869841473
16838.414217744194,0.19752075563047852
16974.90713101161,0.1978071349459915
17111.9556299707,0.19800523186748828
17249.819972067038,0.19851774761276725
17388.04946653734,0.19473429869217881
17527.063624947677,0.19939822659999676
17666.134925041642,0.20096941566534665
17805.319949986108,0.19765694036616907
17942.893886645314,0.19951586165276955
18079.882499653595,0.19820873289075577
18220.403178586366,0.20217270294014225
18359.561033189835,0.20086737340122496
18498.64039615009,0.20231344638575854
18637.768652561248,0.20749319885885015
18777.22531293463,0.2070441346969161
18919.100138696256,0.20257875788638605
19060.984007787512,0.1992907232164018
19203.110131542122,0.2058186958706214
19342.12292128603,0.2006428446833998
19480.913898967345,0.19664921547449277
19622.048418423972,0.20454181598812007
19761.740999162714,0.20252912561044228
19898.032607187455,0.19750563424280151
20036.84684809775,0.19955955635556974
20176.30365836695,0.20012989148817095
20314.026275545668,0.19798437312138478
20453.69409135354,0.19684735919199275
20593.259733036706,0.19950629657035326
20733.550500834725,0.19372250053252246
20872.800943265363,0.19668376695266732
21012.440975609756,0.19623916925038956
21151.958839123763,0.19104073404321642
21290.787694013303,0.19269085338954153
21432.12196483394,0.1951465333250764
21574.17120622568,0.1946126268960369
21718.020311630495,0.19195339651337465
21862.82634065018,0.1943889358026064
22007.356834331895,0.19049148512058095
22149.543556916225,0.19394374269908468
22292.23766629712,0.19178581350108528
22435.677185143813,0.1924954741928223
22576.832173671028,0.19385306196630006
22717.795807884508,0.1934160022446895
22858.84961672474,0.1953745743047588
23001.102596140496,0.18646422358459835
23143.774350423788,0.19205069374780837
23283.092142058165,0.18651016610336213
23423.812837931513,0.19337024861327598
23563.396424081577,0.1860317524618684
23703.430628634727,0.18479771170490802
23843.38940027894,0.188821499879221
23981.87736111111,0.18915256968973276
24121.005858557677,0.18585416600695845
24258.724993072872,0.1906981851258678
24397.300920758928,0.18846708729068734
24537.922191400834,0.18843958495119412
24677.189200502304,0.1871262690495784
24816.35617585485,0.18724451632996697
24957.176315057055,0.1915384958383395
25097.65120799778,0.18986081868089877
25241.734515726755,0.1844943337577637
25384.365468028544,0.1863061911305371
25527.88978122404,0.18664278939793041
25671.67436682438,0.18728293115517658
25815.37449645784,0.1895312120738701
25959.93100069979,0.18755543268529004
26104.897713097715,0.18829413111763307
26251.508835397246,0.18748785903197976
26397.52608936997,0.1880414850924537
26540.951908290226,0.18980430389363218
26684.505958980044,0.19048442919855432
26829.65568987078,0.1904848286149227
26976.168269901016,0.19150069771685369
27124.577975281212,0.1923756750761237
27271.557335934234,0.1892174753964113
27418.139214046823,0.18932458456735657
27563.829088378567,0.19227967561882026
27708.709515859766,0.18924967929232944
27853.289772727272,0.18382035006337574
28003.59972164231,0.18767027691061597
28152.428074568725,0.18021602269699108
28301.88437935844,0.18055805246330783
28452.007226236798,0.18206553771936465
28602.09963717555,0.1808655926828691
28749.068922479546,0.18233740940965062
28898.90642047839,0.17964841668311596
29048.581051175657,0.17924438014026112
29197.091768631813,0.17951007492586354
29344.266406031835,0.1764119362458372
29491.524100569524,0.1818800574969111
29637.309474268277,0.18377492944964116
29784.53084347461,0.18305805708633321
29931.207491992758,0.17961381254194314
30077.877358490565,0.18172908012273492
30224.670931849792,0.1811669353680873
30374.01695857659,0.1821751886484834
30523.52412738145,0.1856495393361678
30669.715003489182,0.17807934119607302
30818.819404019403,0.18193723131578962
30968.123053392657,0.17952710774810127
31113.946308724833,0.18385744965838477
31260.63015785101,0.183573296887736
31412.37104198633,0.18443052664774157
31562.76542523624,0.18725566975142874
31713.56954469739,0.18593626471093294
31867.479598941653,0.18405170585661706
32020.908405473332,0.1892359514517055
32173.47532323092,0.18446788128943073
32322.53056133056,0.18264883800965367
32472.187098575818,0.18833441611284962
32621.798411813877,0.18363271646275173
32768.7296883695,0.18439098813791496
32914.31639755011,0.18464145366460982
33060.89674819344,0.18846764322725248
33210.04858131488,0.18594395888032544
33356.64032280506,0.17908075346620864
33504.98463257893,0.18595938042845508
33657.743629021024,0.18415250922463938
33812.43996104077,0.19497824208564588
33962.15360066602,0.18799324958576658
34110.28525641026,0.18618988773448555
34257.71901516205,0.18633761238043453
34404.29558434322,0.18823544678220275
34553.77640527412,0.18395369622203278
34708.47843628269,0.1872708784456463
34859.31934990971,0.18267248032238462
35012.11457174639,0.1802716347148034
35164.20409020871,0.1826512291996856
35317.87605946922,0.18348496238002335
35475.767280786815,0.18043805115041184
35632.688839409966,0.18170208517696876
35787.953248921665,0.18020503667037982
35941.472654081066,0.18167579453702792
36094.755883581674,0.1804861642834108
36249.28768459181,0.18087542675197227
36403.12983770287,0.17743087579245584
36556.688362369336,0.1777572974893154
36707.991378111525,0.1740128037090481
36859.9107589658,0.18274208312430917
37012.12922132292,0.1837865888395465
37162.74305941144,0.1837728168681424
37315.04281132339,0.18792170059547364
37466.29031358885,0.18385357937221233
37619.842361111114,0.18427198956030033
37773.26298971937,0.1873612435401102
37924.08714445064,0.1854344373179346
38074.34162958843,0.18774957552876326
38226.535863801284,0.18419608276213317
38378.672649454646,0.1838895255285075
38625.50223088041,0.18351753692598866
38965.46659557117,0.18335552138019895
39311.74538953707,0.18705310866376407
39657.34892469747,0.1862247406649796
40002.58214755845,0.18692956374579053
40351.98254426724,0.18513188335928513
40700.60219504547,0.18560256947332585
41057.11579211335,0.1857348291261072
41412.721385542165,0.18621805992238918
41773.72844071196,0.18860947016857907
42136.6404543743,0.1846085620663595
42497.90524992141,0.19124690937414437
42862.49620618298,0.1888724394243011
43231.858977571734,0.18804812704766036
43596.37333500879,0.18269058047639872
43952.302754596225,0.1825877223480267
44310.94665664914,0.1787122145105161
44665.13709273183,0.18126356942003446
45017.63422439759,0.18646682752435895
45370.0688681022,0.18123300730492806
45728.661460293566,0.187806507457478
46091.853201229074,0.18991416381696857
46449.955580651236,0.18669108471034546
46814.02231301068,0.18923163663105447
47178.300225450905,0.1891409433074282
47534.65619710363,0.1864824532499138
47892.53645669786,0.19031207075661657
48255.584492917136,0.18413045175319373
48615.129287598946,0.18148170287511375
48968.08185008774,0.17985380915948118
49320.67432084824,0.17917251388250438
49668.96881666457,0.1816094893675671
50026.879038317056,0.18270024430799559
50388.26449343634,0.18437816569000526
50740.5966297062,0.18633175174304015
51091.46543489191,0.17678047338545191
51450.325722887785,0.17893521767954623
51808.81698609545,0.18001499356073128
52169.945020420986,0.17877340902882669
52537.5696639077,0.1803671083446548
52906.85145472787,0.17960457067689023
53272.02425571921,0.17836379234659047
53634.74492425671,0.1771822939022046
53996.17862958788,0.18020723590787094
54348.74735915493,0.1805995238694426
54690.51613711851,0.18019866759853134
55033.37520360857,0.1767779527639652
55384.00050197653,0.1801465340890877
55738.335572576594,0.18146159608096693
56086.659987476516,0.1853448614683698
56436.90432486799,0.18627693555918842
56783.21295252411,0.18744691246931025
57126.755251771494,0.18733799286195893
57460.16898757998,0.18505209165978712
57792.65099616617,0.18393392809236414
58129.9180338134,0.18036890052794824
58468.60120769908,0.18033409097371103
58809.11458137347,0.17958376465731635
59153.69095241081,0.18047549977632346
59501.25545112782,0.18240209872432983
59847.735838404114,0.18150952082670282
60192.5374396892,0.18295669883022897
60542.0758850113,0.17819167069178055
60892.571473393575,0.17807239619983073
61251.18189233279,0.1782163256579661
61600.50225790266,0.1798579250230803
61959.36413862381,0.18100527684727877
62311.22810973318,0.18674990139134393
62665.75303135013,0.186477821748916
63025.18682694716,0.19146688556832966
63382.27856379299,0.1868821779780446
63742.78513741939,0.1917370698553362
64101.31876961707,0.19384581863848932
64457.77273583129,0.18989393540721936
64811.175180194296,0.1883891083646266
65161.31240985765,0.18866072657118194
65517.737394034535,0.1857208830902218
65876.62726531636,0.18677521311959214
66234.91180342255,0.18770215175773802
66585.2766304689,0.1872380568877584
66929.69507599548,0.18452091534749768
67275.81940008767,0.1892358182943654
67633.16175639174,0.1891261939804587
67982.99367207568,0.18997400194728017
68334.55303791112,0.19057861570779658
68685.29184710977,0.18331587400591381
69041.03506135737,0.18436216749713885
69389.35249090225,0.1871252828554722
69742.33347987189,0.18795907002558387
70101.74940453804,0.18320888480732067
70472.84471075417,0.18285524444495835
70846.56994168913,0.18190392895592336
71211.14284817674,0.18174099131378763
71571.97539851889,0.18271252750215344
71926.41861922065,0.17833654885181177
72286.65253438854,0.1780945900470281
72653.5088512241,0.17698279050428284
73018.64750813924,0.17705579618493178
73389.05341208998,0.1849365435069905
73752.78825444527,0.18072914904533022
74109.92114672856,0.18191235685220217
74457.43753923415,0.18062071720246065
74799.4371268774,0.18010491804055961
75137.00068948226,0.18065427557359023
75473.33435794493,0.17673045930656425
75809.2808305106,0.17988630326047694
76142.54858540869,0.17835022559953687
76478.38024196075,0.18335850896318598
76807.30779359207,0.18051920201698193
77125.99118887281,0.1775448408804752
77440.06134853992,0.1790520536579247
77747.85919018713,0.1782883349009049
78063.31408645389,0.17622463505958416
78382.59054130339,0.1782843264894882
78704.04269705128,0.1748714147634546
79027.55003142677,0.17590337578713436
79359.62032387647,0.17983515693149182
79691.06561071808,0.17283568569063265
80022.77774292705,0.1714007533691504
80357.96899711309,0.16898783257539735
80693.14479382413,0.1699357000346003
81033.31111807078,0.17298743782350354
81375.01803783546,0.1699440178392551
81719.36464469232,0.1748376361003163
82057.10211776535,0.1781541165130407
82397.30483294679,0.17773731367268283
82750.73360476042,0.1793797456520522
83107.64487332621,0.1816377189422962
83463.1982585818,0.1841453276652892
83816.8312209813,0.18859285586972116
84173.16317177298,0.18364988308346658
84539.4244798195,0.1848283975445386
84902.44923269653,0.18796557344130418
85262.7057679031,0.18763286456246875
85623.95559324163,0.1916659835464129
85986.82107505325,0.19020043728960734
86344.56613024893,0.19295733024153547
86699.16808723992,0.19147519346078035
87048.16652037618,0.18775176132845076
87406.28755257046,0.19193635631971703
87765.15169735688,0.18832708749098306
88127.56200577381,0.1878220126586867
88495.43426419831,0.1867933124788822
88862.71211077001,0.18707734151992433
89229.10209210278,0.19183184176542015
89590.12490599147,0.18835527564947754
89948.67045740136,0.19090493051994478
90309.53592513503,0.18394898814995167
90674.39411396369,0.1827078695214885
91037.04154916338,0.1780424810316634
91399.79063343587,0.18080971534136975
91759.41884258097,0.1801482183090698
92110.8549761845,0.17622205451272147
92464.53654558002,0.17914642486357069
92817.25058077478,0.17809724765741294
93171.5781612802,0.18134251903368961
93526.85523259464,0.17999181670373107
93889.73112350398,0.1825615455444848
94251.74946628156,0.1827485009435534
94609.85694592394,0.18595843334599912
94973.16005763327,0.18533390646372053
95339.37487462387,0.18328853762803843
95709.95794039985,0.19164572748479514
96079.0549154665,0.19024390061139457
96446.94732221247,0.1879232726732204
96813.81510073433,0.19153431659468267
97177.8578782172,0.19165085774470983
97547.46121014311,0.18925888690012194
97919.48993162285,0.19351060699928563
98288.2250266174,0.190766493619435
98652.10144563168,0.19523464714991787
99014.1781713499,0.19606850480749663
99372.76409644606,0.19601110199484087
99725.9691206929,0.1970104945486444
100082.96210790465,0.1961255202530552
100444.59784312497,0.1971984283500639
100806.38155004707,0.19526547545786505
101169.48085719657,0.1974132742884961
101532.85012547052,0.19798336094556934
101910.87381683696,0.1971820372066931
102290.52679467872,0.19533816055460795
102663.38900395406,0.1981372642655221
103037.27882323423,0.19600115763523135
103415.71853245531,0.19504586385106581
103799.10682715818,0.19484738725747774
104187.57507064364,0.1936574809675509
104575.94158248101,0.19272271219884837
104959.6787239387,0.18676786094959796
105341.12012519562,0.18811270002875202
105736.50012548626,0.1855495482726378
106127.16990961587,0.19006565443071652
106511.32735032008,0.18439366722365155
106901.20705425386,0.1850617141253312
107291.99037554256,0.18928163188913305
107685.73843939678,0.19457426776271702
108070.17840994724,0.19545662435107286
108458.47815457908,0.1932868730854751
108843.03037148595,0.1874912494854434
109223.7353568293,0.18613643278850844
109612.4750125565,0.1859857936557502
109999.17531776345,0.18297120995162647
110390.38748193301,0.181985927667034
110782.23425455912,0.17710109410670433
111172.3769863702,0.1796042030870366
111563.5116235353,0.1776645737977872
111948.86411916284,0.18102391439307955
112330.56259776012,0.18407835378821524
112699.86262803996,0.1871925311659251
113068.33320792575,0.1870952589140084
113437.66161458007,0.1872484935981407
113818.04173738135,0.18896711200501498
114194.42269139206,0.19558045505977834
114569.41233358452,0.19083478453590189
114944.66024474427,0.18767895557630515
115324.5079325265,0.1914817258203733
115709.31332247148,0.19244006129168503
116092.8913820119,0.1909028526600202
116474.12696417347,0.19185532131003474
116853.83792259925,0.1908894312181682
117232.78745841442,0.18894133954711323
117598.52819678288,0.18953843964490208
117972.05675048598,0.1894505201547104
118350.21330404769,0.19163675378405873
118728.96306515332,0.19335363160062355
119107.54523181304,0.19454687358884276
119489.36473763495,0.18829903115542312
119871.51861835507,0.18724575341748206
120252.39429467084,0.1853481625358468
120643.05606070107,0.18740856048140456
121029.15854961352,0.1901323042895386
121417.71331870886,0.19532443073671074
121813.79277864992,0.19120882934880357
122204.64851671048,0.19368608767701692
122597.27108963093,0.19596348860998264
122996.18140148185,0.20302620513214187
123395.73176691729,0.20173964792956942
123792.41612255148,0.20674120402938811
124183.85025731141,0.20430242890162686
124573.23545619639,0.20384407265323054
124971.12400906002,0.20236338681448435
125364.79733616808,0.2011333427700542
125765.35468877583,0.19255098554500788
126163.18227959145,0.1897472788533477
126555.20012554928,0.18888606490985796
126945.22198546001,0.18771111203660798
127332.09592567016,0.18940758679898587
127717.99460476788,0.1855143056421293
128103.73653785737,0.18559485184447377
128489.16565416171,0.18513857389563385
128877.78021978022,0.1832545105533788
129260.45816633267,0.17974262597299934
129640.3740026387,0.1778631750209798
130027.33237175467,0.1766602889477349
130404.48470411234,0.1739979721903403
130785.27905956113,0.17553069311364894
131167.47067688056,0.17897008056761418
131543.94450018814,0.17492506543054853
131913.103877333,0.17656988731566084
132288.2302965703,0.17817840350223382
132666.27470045793,0.1834156343501731
133050.68763299537,0.18209637541868473
133435.37950294965,0.18390574024375972
133824.5917100395,0.1862772975833272
134208.92683692038,0.1933630046302557
134589.07710676806,0.19145149573754008
134970.29652621018,0.19135287587297312
135345.70172910663,0.18440898833736577
135716.67788944722,0.18449933457710288
136089.79080992978,0.1823168154628956
136474.6423820281,0.18134569402782252
136865.6379104665,0.1822176418914563
137248.55205067102,0.18045827038910542
137628.84627912805,0.1795799527844019
138013.24918300653,0.17818552143050434
138401.76413913915,0.1831462005561535
138788.94130968107,0.1786292419612395
139180.18219461697,0.18516968976604375
139574.7379491674,0.18961576017823434
139975.5084511467,0.19225444291251806
140374.14423377762,0.18931208619507128
140777.89015270534,0.18896638617178252
141180.80025086235,0.18850826837020074
141574.87109301597,0.18914692102308303
141973.97929476722,0.1894765605116885
142381.79108600126,0.18396073554322598
142793.00270032656,0.18837772077123963
143213.43953079914,0.18608034841275503
143632.77597239648,0.18905588337152712
144052.0033203859,0.1829833990212863
144462.110846395,0.18233041459104812
144868.01595276975,0.18251430442538602
145274.19656189223,0.1808480355764584
145671.98327486846,0.18125878950605148
146069.98644323103,0.1824839166126444
146463.53703355283,0.18334168019306787
146852.73695761224,0.18569227560673982
147238.57616476202,0.1830711623828694
147628.39040752352,0.17850233080803912
148018.15954576823,0.1840859221743702
148407.41519844503,0.17997646672275683
148794.595540201,0.18199655061434228
149173.61743872627,0.18576760423165778
149547.87456904657,0.18163376203108217
149916.7165191185,0.18204179029998074
150275.34497679668,0.18391824557766184
150635.65075676693,0.18082831932979368
150990.28797289668,0.1787136865806058
151350.60119196988,0.17830840056961786
151716.3567980944,0.17802531635531924
152085.62874176342,0.17646348205400045
152450.67719298246,0.17484784400087436
152817.37671232875,0.17197079360428114
153184.82577041362,0.17178823355347572
153557.69413827657,0.17064337026504253
153931.62975040762,0.17174213500704644
154308.7219012935,0.17689354920228045
154685.83743965896,0.17649337368546233
155066.85250829835,0.17599468084015224
155450.19157881525,0.17700886287797268
155828.16643602969,0.17861637691532026
156197.0266574672,0.17796155094248903
156567.31954887218,0.17720858994306793
156936.20849783794,0.17575376952102148
157303.9657775541,0.17821324373007683
157668.72667501564,0.17749897328186665
158042.77766624844,0.1772069165572893
158417.8158570981,0.17855179021410802
158784.656563755,0.17914109772457643
159149.15207980425,0.18027469351907266
159520.55582007268,0.179485592258895
159908.53051731724,0.18156084658820953
160299.56156494524,0.18088873395905974
160696.48026604755,0.17626779579345184
161097.52930104153,0.17681230887311425
161491.59737404197,0.1758564641217836
161878.25831346467,0.17555019885222353
162261.14957720012,0.18123624512673867
162646.7380728481,0.1844675211135617
163029.5893877551,0.1805297947978533
163421.44975205575,0.17836461586382316
163808.89971742543,0.18014515705566442
164191.54521526603,0.17670360626513668
164574.68359032218,0.1772457973255202
164957.05000313697,0.1799936477049481
165342.97410658307,0.1790380813969869
165733.74467817898,0.1800735011561495
166125.38345675913,0.18023760392329882
166509.13233544186,0.17656608562729792
166890.02849253168,0.1803190349914174
167266.50635925066,0.1781004356674826
167640.96089630932,0.17592935872261983
168019.3308865048,0.1802116055607478
168400.9382723794,0.18147819545396526
168779.39514154792,0.17894517436309892
169156.51681304895,0.18361765559893245
169541.41989469726,0.17800532497720364
169927.69985569984,0.18287166063129212
170312.7666268919,0.18079485384494534
170690.48701095462,0.18623259040996706
171070.02862895615,0.18325014063777925
171447.6664369832,0.18368850593957148
171828.60197945376,0.1891486258152804
172210.48585231195,0.18751552517059655
172594.23367007592,0.18235035530952368
172980.38317229264,0.18391264244026045
173375.9492439927,0.18504906562052217
173776.51141352064,0.18424384123552195
174170.56475317173,0.18455555440964905
174571.21025866398,0.18630252079047643
174967.9641314554,0.1832023516464783
175366.595608532,0.18576707706421625
175762.95955605718,0.18717898166398833
176165.12035120727,0.1805257667550289
176573.39717514123,0.17840910177114597
176976.37316522395,0.18036189995240806
177376.4887689798,0.18312448506156648
177782.1575149043,0.1815455531281082
178188.70250626566,0.1848220637054589
178600.25087939698,0.18357810277593903
179015.7303666562,0.1822010595378959
179419.59737980316,0.17806199761236757
179818.1722361809,0.17714065419753564
180213.35347261434,0.1749576186436206
180614.62424736578,0.1748086115141401
181014.14918444166,0.17641256554245613
181416.04761009835,0.17783144677092394
181814.793172817,0.1797895738900502
182210.45093120963,0.175428016744125
182602.87142857144,0.17554531987551245
182994.72102519003,0.1756548870875327
183393.83053291537,0.17680293057953145
183791.99862120833,0.1774272081286789
184185.10055830877,0.1772261954042616
184576.12457616476,0.18222052560023455
184965.82805543364,0.1779174253650214
185351.51907775202,0.1746938094862779
185732.03914054157,0.17138916388033884
186117.4869510665,0.17197242114556327
186498.62333584527,0.17123580564664714
186887.24752413188,0.17278501022192097
187285.70577549486,0.17433065091253178
187678.3721660491,0.17209412478459565
188066.37242243811,0.1747444361797487
188455.26345804348,0.1744496891456703
188841.42432042188,0.17513742218207518
189230.6448715533,0.17810221188644954
189622.97914056628,0.1765338768917932
190016.23965127947,0.17979884135466803
190408.58480964944,0.1751044789851258
190811.5298465393,0.17119982809159356
191226.00966244197,0.17623519477806918
191635.63293202908,0.17448017150778922
192040.28279279845,0.17432415805993878
192451.74441095203,0.18218872572704664
192859.66426106056,0.1800910597111699
193272.3663639211,0.1803718460202746
193683.7417816813,0.18041941930055497
194085.17828190787,0.18493006085007105
194484.9893390192,0.1813367084354694
194884.75438155662,0.17937016697274416
195273.18305976695,0.17765600641189572
195669.00582487785,0.180102756783254
196060.0630540014,0.17950279175787207
196450.2861973948,0.1767429992150023
196844.83592964825,0.17457826565174403
197238.22394039942,0.1749815234519616
197639.7788588287,0.17469909821652754
198039.20045243183,0.17089583514602735
198439.80898102335,0.17294916359953186
198850.2068166155,0.17245406553697673
199258.055593901,0.17466076827464228
199657.74369273253,0.17667056128658204
200059.6566601771,0.17766981807684137
200469.66850690087,0.17553595755656967
200874.5217037269,0.17579189127648945
201275.6688629518,0.17565358710429144
201675.812209813,0.17906472407471066
202082.79541169075,0.1771843070243372
202490.0854384755,0.18346267479414646
202890.05332748464,0.18436694005901613
203302.17955143464,0.1897199606756056
203718.59287195926,0.19052054786917108
204136.1194235589,0.1875033938433188
204540.76836158193,0.18559685672019982
204948.01554761457,0.18457350233629768
205357.82017049016,0.18131568737499265
205769.5701919458,0.18015574476749852
206173.62092818515,0.1803411602555248
206572.30588972432,0.18187740056390614
206970.26489775436,0.1841917371567101
207367.27728669049,0.1836467270190575
207763.54050831503,0.18490842416727524
208160.75546919074,0.1854335807513641
208550.55514452315,0.18691789979283707
208952.49575818513,0.18718219589982205
209362.03291742428,0.1853551056491135
209771.60461326313,0.1820753065182053
210179.17211110416,0.1844976648679658
210577.82587689025,0.17896184396610554
210982.60878018188,0.18099441402359756
211388.09865695995,0.1830815366942274
211796.35115797402,0.17968079714262555
212210.97400477208,0.18159802908635386
212616.05548937237,0.17898965036804695
213025.9423558897,0.18124828284320085
213435.07269759558,0.17935469192350856
213844.10339854527,0.18188610056583243
214245.95408003015,0.18335460252892033
214645.76147767185,0.18473513672437086
215056.83264359168,0.18172812671728455
215464.04448208795,0.18198502129055968
215866.28549934173,0.18760666354361333
216271.10527306967,0.18796809652973892
216673.4748918563,0.18624964936647626
217073.94672182525,0.18238487241596854
217476.80311108322,0.18256299244670882
217881.74378920955,0.18096375551089766
218282.80202185106,0.18660686623255668
218687.0199198196,0.18653018367628796
219087.28418937587,0.18297496155141138
219488.48281485197,0.1837311983661978
219894.92657386506,0.18207260438964157
220313.04711351215,0.18241211135630697
220721.86558836437,0.18432036891054177
221132.31452927165,0.18223190017173507
221548.38046207937,0.18185108452374898
221958.39873139485,0.18305247910385247
222363.8327384307,0.1831143877468532
222770.63309081786,0.18344700085845841
223187.25357590965,0.17984123779318753
223602.6387477257,0.18656506159130068
224020.28476447344,0.18319603459528214
224425.5985332832,0.17993522965477374
224826.2971514619,0.17778442823118237
225227.16138346618,0.17620583816248553
225620.61023646742,0.1736247547881205
226012.82511913718,0.17368178058964642
226399.40278911992,0.17690972565083887
226789.83760255526,0.1770004023863637
