D,r2
115.43316144387148,0.6883183454234002
158.76811214463513,0.6675319168733724
203.71710984268412,0.6455254769746397
251.9766223811957,0.6294936447525539
302.75831456207766,0.6076414772857753
354.0676399678543,0.5947167317187151
404.82089552238807,0.5828701757124884
457.2075773745998,0.5584245497201505
511.03539705687393,0.5548959977996568
563.7462147520489,0.5448874688979192
618.5605252892992,0.5245933268612036
675.3117906262519,0.5144363533029361
732.4826337669303,0.5007655459548916
790.4478607876488,0.4869134860000944
850.3329330130771,0.46879278908437116
910.3448875802998,0.4591755088894862
970.3911063487811,0.4442486829501232
1030.3656546743346,0.4371500962232871
1092.522209041782,0.4280181024292601
1156.666178623719,0.42411118430493905
1220.7337810611148,0.41675169329674
1283.9909054433597,0.406431726421679
1348.3062334217507,0.4072045566067446
1413.8437251260282,0.3898278411264455
1479.510957004161,0.387516633682888
1544.2296604296605,0.3808681054979639
1609.8753820505697,0.37131565356641105
1675.571173153624,0.3658522001726305
1741.7437360801782,0.36338842410817124
1808.9602438010804,0.364744114553902
1876.2829849093175,0.3537607389438547
1943.8491140642304,0.3574152823678808
2010.5118326912493,0.3535380453027251
2077.216335540839,0.3451651957670626
2144.555277430121,0.33970340235802243
2212.492485867917,0.33021896102859266
2281.795423214778,0.3193772478065
2353.512372431148,0.31921976420262177
2424.809779614325,0.3208717372272333
2495.5681973954765,0.31029795095611346
2567.05631040762,0.30231446866200673
2638.7561279601164,0.2991798425902743
2711.5999173667537,0.3011681446100109
2784.0788020977093,0.28999558213992144
2857.9698436851572,0.2866636354060337
2934.0659507090736,0.2834448677153668
3008.478636047321,0.28504773899744523
3082.600994749931,0.28222380315768125
3159.6281553398057,0.2826546866040084
3236.296183206107,0.274367389896419
3313.3377538334025,0.27697578126680117
3389.4452282157677,0.26596142204450546
3466.905148678414,0.2705068282690602
3544.936595451413,0.26471172578863844
3622.3776818055167,0.2657786879185119
3699.8204986912797,0.2591891298577755
3777.5574089519046,0.2615727961269014
3855.242683600221,0.2574532472056348
3932.832708072808,0.25765694278946816
4010.55876659292,0.25257619150579663
4090.020340846619,0.2518520732518518
4170.084929225645,0.24940558937030322
4248.6005513439,0.24783548421630636
4329.101910828025,0.24847096954858366
4409.032574189096,0.24630813362433662
4488.420899250625,0.24462136484807046
4568.655612598862,0.23616896662979533
4650.63822478703,0.23803308787062438
4732.431168470719,0.24262481311280035
4814.865598885794,0.24038126286912953
4897.474392420706,0.24026759816189378
4981.556874654887,0.23423529609459087
5065.027376320178,0.23119272875494778
5147.343888274337,0.2285012088571762
5231.127151582455,0.2347433127775512
5313.973326000275,0.22989786822162214
5394.569599109132,0.22731429370497716
5476.19566707802,0.22525190932144262
5560.024302180253,0.22433838018890465
5642.87723183391,0.22529700119968601
5728.617283950617,0.22872623565329916
5813.850637772596,0.21861796208477108
5898.719135374809,0.22075673571193213
5982.320519911505,0.22461814237154265
6065.551383674037,0.22268275994444564
6149.184123025769,0.21866607249664025
6234.089734780816,0.2221485051684151
6317.134359692092,0.22161817768234052
6397.859426681367,0.21628097825593384
6478.66192121631,0.2166806379899229
6562.243045992839,0.2147721609427476
6645.636540871745,0.21088012389552252
6729.206596743031,0.21162684706554755
6812.646464646465,0.20820692751160388
6896.671440374553,0.21785252739329772
6981.46961017186,0.21710385108493313
7067.183983572895,0.2159334928141152
7154.69297640403,0.21267209558109174
7240.841354224958,0.21447999887063668
7325.325741890959,0.21307178185917738
7412.776688302721,0.20963184143864352
7497.875225537821,0.21627874169061065
7581.824464409122,0.21950859478327206
7668.283180936547,0.21615900215770337
7753.060240963855,0.21758057332610356
7838.860131255127,0.21728278409647894
7924.446258126988,0.2140714865658771
8009.945590474872,0.21342489833311656
8097.700431935349,0.2160288917945326
8184.501929437707,0.21635430591224222
8270.594971681172,0.22174525081129925
8358.375918990152,0.21676028638949843
8446.822050290135,0.22460099160391303
8535.15122426266,0.22084899080775025
8625.097045831033,0.22445371790452576
8714.77292273547,0.22038841601074635
8801.824174318213,0.22509166356494528
8890.337134909596,0.22560706262013588
8978.607329842933,0.21822752365409018
9066.089426399447,0.2252210939085774
9152.63161540593,0.22622225182075767
9240.642768338168,0.22128252793325248
9330.495360753359,0.23077144731772037
9417.272222222222,0.2220026593275474
9506.359161726183,0.22573720668387792
9594.37723554693,0.22224206110959513
9683.579325594252,0.22790658166956912
9771.514103982301,0.22514186379392168
9859.388115262649,0.23386163033576568
9947.827629208812,0.23295637323300722
10037.802269268022,0.23200679281447373
10128.211285179537,0.2325586616843632
10217.176764869371,0.23584314560792397
10304.915717227179,0.24071782068620656
10393.306295063783,0.2338546459412604
10480.806339496732,0.23337467384200386
10568.660935350757,0.23148614440567117
10656.449335548174,0.23569231769482504
10743.271574303832,0.23500860513637795
10831.854294478528,0.23830668748082326
10922.086567575006,0.23535728055871546
11011.149521032903,0.233165729012433
11100.955607799751,0.24064579092979427
11190.913578539823,0.23453623402560836
11279.90657583762,0.23395768507071527
11369.131596984236,0.22984174660247822
11459.803444922905,0.2338858316367688
11549.820758649437,0.22459145730187402
11640.812336500068,0.23353709274937576
11731.019321656937,0.23223084987661993
11820.99081310846,0.2258078906327483
11910.716915353507,0.23799088749886219
11998.513014736262,0.2333281826300768
12088.810780772437,0.23847736892300514
12180.339484919432,0.24086854474106514
12272.341158494235,0.23150422635270496
12362.286562629472,0.23624581689364735
12453.250934773578,0.24170420447731888
12544.135727159295,0.23518918985163215
12634.290149006623,0.23990392117915352
12725.091897097262,0.2333140247140621
12814.864981247396,0.2329196992393014
12903.32874617737,0.22990226200048572
12991.845573095401,0.23274148429571045
13080.409235448638,0.23214088134028382
13169.209857793732,0.23442551443093995
13260.942251765684,0.23241215049315314
13352.800916921367,0.2329008718574039
13443.033356401384,0.23537359483083237
13534.112319339298,0.22959275245935945
13624.854691392195,0.2322189349236881
13713.917844278194,0.23279128196896398
13803.35004153974,0.2372884660661237
13893.368596418159,0.231632327997812
13986.24909797391,0.23490540345653266
14078.855802400993,0.22956201170932
14170.84152554041,0.23791214751156284
14262.508078994613,0.24064422562315996
14353.519888734354,0.23616914734848468
14446.031596452329,0.23426569896535834
14538.8,0.2344660083153236
14631.130756349428,0.2344583447380637
14725.400164338538,0.22993060243981656
14821.285635282731,0.22724646302386176
14914.90504740658,0.22312423423711922
15008.125635040506,0.22840617270920577
15101.146574394465,0.22761773155120132
15191.84399722415,0.22722395396577982
15282.379201101929,0.2212908293189005
15372.585990809079,0.2250127127446852
15465.587402007977,0.2252575483312209
15559.487104825292,0.23089982642232465
15653.342956280361,0.2276048495309066
15747.176879255245,0.22037447042116437
15840.5121850475,0.22456427306006638
15934.60876216968,0.2255138610989417
16028.71805133867,0.21907124604509481
16123.140353298371,0.2203311451699213
16215.940948693127,0.2236237076208755
16310.809074510893,0.21853738203280657
16405.467455621303,0.21944892062931792
16501.66108497094,0.21695305962708034
16597.33961479839,0.21910699572073178
16692.97337563802,0.21975101006564546
16787.45873347251,0.21860556659548158
16884.817415342088,0.21851757294614663
16981.873068432673,0.2242276782456957
17080.60737377906,0.21668466688649848
17179.207738177785,0.21831456850559763
17274.866137345034,0.22242971686309415
17372.042620689655,0.22942033990082927
17470.862928778068,0.21383846878463528
17570.86676791385,0.2185481767811404
17669.465969316596,0.21611745733255408
17768.21175501236,0.21881123858177842
17869.88795247306,0.21046599549834688
17969.41736111111,0.2153317393592589
18070.130079045903,0.21346336062542434
18170.08898128898,0.21447626880873416
18268.066611615744,0.21714892313378426
18367.045757997217,0.21674168403547248
18464.072018727624,0.209380090392584
18562.691352916838,0.20594723600909737
18661.479247910862,0.20810373051521858
18761.633622470054,0.20989470104306562
18862.229780174202,0.21526151286450457
18962.00415454923,0.21195224043447958
19060.65696150131,0.20830866338548862
19159.483602001113,0.21136544645698985
19257.236636971047,0.20543417521007387
19354.6507565337,0.21758982242457625
19453.753383043357,0.21365660582853271
19552.68351800554,0.2171270648876326
19651.12316023327,0.2148899380947129
19748.011587805213,0.2136495561910088
19849.646181466647,0.217807993271725
19952.21611570248,0.21856569197814468
20051.166689934384,0.21874511337606847
20149.74989693555,0.21673852891225537
20250.743327340617,0.2163441393011074
20348.33801836905,0.21678562129167053
20448.276557782046,0.21967637287326366
20546.31068903369,0.210738009247628
20644.581450159436,0.21393266593820326
20742.500485369575,0.21672535064044324
20841.17006334343,0.2196339851572698
20940.742118362832,0.22168326189320625
21038.126441572877,0.22094399385828603
21134.48451173774,0.21540743727584302
21230.44917942353,0.21996743552652756
21327.309701492537,0.2238536323279145
21424.581762749447,0.21667839789998433
21521.348401323045,0.21723429650381929
21618.463984515416,0.2181015080317146
21715.164077669902,0.21845641249845127
21809.82629624536,0.2221799983556595
21904.707398634528,0.2241052378077451
21999.345733646798,0.22352646889946293
22095.61176470588,0.22298836119131737
22192.10948703806,0.2246518512659076
22288.024245763878,0.22022167491457378
22385.581401804302,0.21998116345383864
22482.787204450626,0.21646282549659115
22580.802740863786,0.22114483711944724
22679.233479572253,0.22114829550951381
22779.30083102493,0.22296196526468434
22876.448256779193,0.22581369175695065
22974.863869270182,0.22468787921170513
23073.721751216122,0.21975146816832444
23172.206753390536,0.2192204705846559
23270.61175985712,0.2233211021500445
23368.057542983915,0.2242170847783114
23465.465450525153,0.22114954497609557
23623.70408290673,0.22528866806910147
23844.055472170105,0.22562999680461637
24066.15688101895,0.22836551868229338
24287.985733058005,0.22800118364881614
24511.15168539326,0.2305148672182834
24735.095819575105,0.22569835599936716
24958.407989032217,0.2225989853010533
25186.143810831047,0.22375265449133805
25411.301315215358,0.22667158343072227
25634.029613466333,0.22771033029116158
25863.13243546577,0.22641797642198744
26090.479396292587,0.22594403434827887
26318.33819223821,0.22404355636998124
26544.76795270691,0.22376642264716548
26767.06140460691,0.22509468457697526
26992.341023882273,0.22641552390306488
27218.230070321737,0.22630292009621908
27444.31175074925,0.22576771576410665
27675.88886113886,0.227431251321054
27904.272557211447,0.2285905463425305
28135.746231468795,0.22546010885546763
28371.955348779116,0.22614853355552822
28604.265419395073,0.22292583447108077
28835.666853582556,0.22873184285012757
29066.051393999875,0.2246645768390629
29296.57024173902,0.23131687648685084
29533.51023073574,0.22764922020214398
29775.479792616654,0.23034644674738616
30017.491910800174,0.23312882594093232
30267.002681801172,0.22814274654190367
30515.340890637686,0.22315461719597782
30762.368253968252,0.2177905218482623
31007.956150731858,0.2175632078416936
31255.825902069915,0.21797387357241335
31502.03890445067,0.21309578146746996
31747.908535063638,0.21807679394038612
31992.077417342483,0.2128551499205378
32240.35125872383,0.21496892104805734
32484.909227306827,0.21456652255225003
32729.79725429017,0.21208736061104325
32975.310463014896,0.21269644259545156
33218.8751952027,0.21408794694417058
33459.2020447603,0.21250126248613332
33702.05863985512,0.21067099679874818
33943.17691060965,0.2125025608546383
34183.299538019724,0.21465981317968655
34426.65691026597,0.21164920789489727
34670.70468622912,0.2142156148654281
34914.96853974582,0.2155321352809938
35155.61421541145,0.21319949317593298
35399.68757794961,0.2160159692243354
35641.232407118325,0.21265059414097995
35882.3677278402,0.21990177013742387
36126.10038706455,0.2205534756285097
36365.84603411779,0.22230364760167703
36604.61554307116,0.2214514828057937
36845.74355130848,0.22236528112158913
37086.94532562045,0.22226757049338824
37326.90959040959,0.22104031892170498
37567.09797424034,0.22034609021150547
37813.42529880478,0.22256217953638724
38057.17466758224,0.22278032434922077
38302.237393909134,0.2217172808513522
38547.54917265064,0.224072904861254
38794.24306464684,0.22134751364192762
39041.112560054906,0.22316235790243288
39287.19673865687,0.22096327942441402
39531.549122478296,0.21961204737021842
39778.78178758414,0.2170847192713805
40031.401424287855,0.2121152268264671
40285.9195810735,0.21456294643536844
40530.210555832506,0.21888952933959185
40771.9976292969,0.2150032977860431
41020.93745717312,0.21165070592366952
41275.7601824088,0.2133698583983923
41526.1283809049,0.2145098330594582
41780.422456885775,0.21903396105915143
42035.63640891545,0.21195907944925896
42294.180797304885,0.21025975536453162
42554.8490058772,0.21397141185516305
42809.880793877936,0.20713267201061172
43067.87547570029,0.2116387061114415
43325.41740652745,0.20186793048595958
43583.762103557856,0.20448864721784574
43844.56406093906,0.204225670471076
44106.112212455584,0.20354566455244022
44366.55984772841,0.2073780326843245
44627.12102544957,0.2058518607532091
44886.79541898742,0.20725212519741734
45142.85908921239,0.207528467199217
45401.579604318795,0.20994215044345246
45660.2160882298,0.20993902617192725
45913.59890006875,0.2102478757081031
46168.93418259023,0.21381773889016603
46428.37926745849,0.21186912732391525
46686.13813776307,0.21365635148685816
46944.84319730017,0.21409011595162541
47206.776381284224,0.21478070594534185
47466.59251637044,0.21652114779493675
47723.499843896345,0.2142347802683683
47982.12389988141,0.21515838663350634
48240.180460485375,0.22088626711916476
48505.93637724551,0.21991677718442906
48764.859221785024,0.21694850290861875
49023.998502340095,0.21713381961940373
49287.53847114664,0.21730988986542216
49549.15139243661,0.21733692131591734
49813.715917602996,0.21680057937182096
50079.66327231836,0.21969222499521834
50345.61652450034,0.21444796222313667
50607.6378125,0.21336804670579743
50869.65750015554,0.2142327024261894
51136.49650436954,0.214798766850948
51403.692863370285,0.22156510124075357
51675.76553407171,0.2181567451139413
51943.53430547766,0.2204637757655417
52216.18023400548,0.2201042816853496
52485.26611239607,0.21940216362147888
52755.1337115073,0.21690221692888859
53022.729696063776,0.21405526544631448
53294.60226278285,0.21395383787709327
53566.0047310757,0.20968416193981568
53837.461259911346,0.21702687220408032
54110.872710280375,0.21410339220044144
54384.26857464226,0.2112594472279558
54657.29509424541,0.21001829017055026
54933.97385783643,0.20646071974431948
55211.08784965035,0.212684256474177
55486.376734591824,0.2123485226564951
55766.11296446132,0.20674875664820924
56046.77698739548,0.20621403295633112
56329.94813057862,0.20447714075086934
56618.33742752042,0.2093267453376812
56897.80295290307,0.20868927001174123
57175.46021626351,0.20473143859464413
57454.478046957716,0.2086258838650709
57735.70990271888,0.20465127710640776
58014.44345163709,0.20565644896849153
58293.66953324609,0.20437653000509495
58576.19563046192,0.21117095360205834
58860.96698436429,0.20968828914077994
59149.176463255004,0.21056957351268318
59437.9131764559,0.21048154667350666
59724.272505778725,0.2073471939253813
60010.02141034418,0.20926312362761723
60294.44819171568,0.2130547913246124
60577.90116315233,0.21070183552642305
60865.601234644884,0.21081799710235985
61144.93778471139,0.20882583718433606
61424.70791986519,0.2150999531180665
61707.381461341334,0.21365279656787525
61989.78316708229,0.2121623518835022
62268.5545846077,0.213858250289328
62547.71318311963,0.21259654112318221
62824.103192418006,0.21217685930925825
63097.76789276808,0.2093379951459934
63372.382336396025,0.2115482406136422
63647.346002621234,0.21656717613094328
63927.264575944246,0.2166527699660142
64206.96816280667,0.2117051661577848
64491.02784889167,0.2112083040053018
64782.05380495703,0.21211674646633005
65079.19419475656,0.21069840200207135
65378.40368404621,0.20952448591912182
65675.47794622247,0.20908832397807822
65967.14043190613,0.21082295182497718
66256.85157514631,0.21097423305630916
66546.07898025494,0.21294138792784992
66835.20194162673,0.21785541667856723
67125.77097661623,0.21874429146480046
67415.53208722742,0.2194709431692931
67707.68129402232,0.22270485962005135
68003.78729505642,0.2175830646641852
68300.4118383181,0.21913653617457463
68605.80727091634,0.21901431587232054
68915.70900592084,0.2135204639680793
69227.62742157231,0.2135858228194731
69536.16167590114,0.2167180530889365
69845.64952250171,0.2107127713982483
70153.90640977678,0.206240030360831
70462.15907104507,0.20877574799274726
70769.3871531026,0.20943550520104243
71076.41278670084,0.21726416750255595
71388.2984674807,0.2148759539636537
71706.87426791278,0.20946096270662945
72026.19109670179,0.21267963696666636
72344.93765227713,0.21266009482975218
72654.23699782,0.214409987191878
72973.3074474062,0.2161886774926495
73291.11792982894,0.21270895385018204
73604.9664320857,0.21732843333944657
73918.40601973273,0.21652510706574804
74231.96760097385,0.2138749376701808
74552.44915782908,0.21900227430105496
74869.53932023699,0.2162157050176627
75188.31782800921,0.21139546726046157
75501.5831408055,0.21388618170570925
75816.30852655198,0.21448294561779682
76123.19646978108,0.20948445374790872
76425.47320424735,0.21624508518982374
76737.09559144478,0.20537649306369862
77043.14032570038,0.2044609722565238
77345.6290081098,0.20787298830962245
77657.09700561447,0.20848524275839173
77966.60074719801,0.2111483988471466
78275.38992572248,0.20800500179024234
78583.37370587501,0.20867142250704643
78895.33177453547,0.20949651404469177
79207.14556803995,0.2123492835893753
79516.95388546145,0.21439890917028492
79832.76944669703,0.21420664977441564
80155.10410429141,0.21252531220842602
80487.86479225243,0.21267512846779765
80818.08429070929,0.21004274858925961
81151.73365270952,0.2165648531581352
81484.15353345842,0.20971650335577366
81816.50865827831,0.20877642087861453
82148.93898856036,0.2086903348286748
82474.47532516025,0.21175765540109107
82800.89177705573,0.20973071949093666
83125.41667185845,0.20594750015590246
83449.46694524137,0.2128204000919477
83769.3202369816,0.21421519833702357
84088.99388341031,0.21199794393651328
84407.71143035602,0.20654550815201844
84728.75598830337,0.2121643081848428
85051.05140858267,0.2127232971176939
85372.12537387837,0.21058915267969622
85689.46580637117,0.2075619199157694
86008.8634487933,0.21175971283658707
86328.05475020221,0.20910812964191378
86644.06222305435,0.20787807274135223
86961.80678981528,0.21097740015030364
87286.87739965096,0.2083627485585414
87610.55207683673,0.2114137788477746
87933.06938291634,0.21215576862948174
88254.57763897564,0.21059678374044172
88586.68578196099,0.2094952370690477
88917.11697548194,0.20959837878257945
89239.6668745323,0.19918262040220877
89561.89363693075,0.19928062208384148
89883.2644107933,0.20009231910086037
90197.8049512378,0.20705825204010492
90512.26964541659,0.20431735938754028
90825.6098702271,0.20974518031421405
91139.92534148319,0.20757467913197467
91461.13888542575,0.2036336600496686
91782.99662394499,0.20544704836442876
92109.4732315363,0.20690059788334103
92429.36914840637,0.21039825426843833
92750.82336413587,0.2096671239767827
93080.35997502341,0.2092904480951823
93408.10758586299,0.21036149126121337
93741.6257098284,0.21222356684658208
94077.47804665087,0.2103574797472146
94415.71202946501,0.20884277992070266
94751.15969795307,0.20827150254863452
95083.77403098364,0.20406935438644438
95407.14410808106,0.2035642479582073
95727.52561622465,0.2039679986935775
96050.98696926242,0.20279475812228778
96365.97822028624,0.20383548874800395
96675.0861282868,0.20587385668224312
96983.818147825,0.20869239257199754
97297.07530910453,0.20679597936493294
97604.61671236291,0.2050816447505055
97914.26798201798,0.20601466840163776
98223.69586374697,0.20693052788220453
98525.67168185792,0.2007271743840374
98828.34547152194,0.20230190617282656
99127.12470397606,0.1967648090621381
99426.5007176287,0.19583058524049235
99725.78461346478,0.19831285139448437
100026.74180072328,0.2017403738784134
100323.73051461404,0.1931286654470386
100613.15550971936,0.1907799585265148
100908.41049613562,0.20035652877759824
101207.51203732504,0.201925007172679
101513.28040941147,0.19680897398084662
101814.95679012345,0.19565526717461773
102122.8752811797,0.19422885157198816
102437.14611786716,0.19155423834682653
102753.00106031311,0.19782441890828073
103070.16814546363,0.19353839291937283
103384.33677531725,0.1917953517838057
103703.66745650682,0.19307390174351055
104026.1355963991,0.19316097206910096
104347.82887367766,0.19639717414131438
104670.90451193601,0.19551742530070787
104994.6559106229,0.20062435458751812
105317.98026766263,0.19340841231457798
105639.87549221827,0.19581643661669276
105961.13439621349,0.19657641923234304
106284.05264142706,0.19861552189412826
106602.19148138896,0.19995740079858917
106921.61632551173,0.20118168764770528
107247.23723105706,0.2016395566343312
107574.05793482333,0.20036070754209606
107898.14732643649,0.20721981048428376
108218.15560954339,0.20341621403370053
108547.50221445948,0.20852062773210195
108876.41952193722,0.20777293696858848
109200.56085710727,0.2075180795467096
109524.491651554,0.21136290306278613
109839.16551337199,0.20930064146335828
110163.51706708268,0.2073792869162526
110488.53146067416,0.20609650109327082
110808.14709179226,0.2046042726796597
111126.31419845425,0.2089921095119737
111448.12204871955,0.21078015000923844
111773.13114447698,0.2093743676790896
112097.39953810624,0.20707371511912978
112427.14244658253,0.20297991436973514
112757.05821981713,0.20199290558215272
113090.15008431704,0.19360318595239254
113421.59682856787,0.19352085918999137
113757.0765965416,0.19459775559461
114098.69932032176,0.2009364413639023
114432.19857935073,0.19499047966298916
114762.95668185507,0.1948116565917479
115093.8940244511,0.19590119984661156
115430.57203442685,0.19337834107399138
115763.83630358923,0.1951464327718685
116095.23744149767,0.19324815487431046
116434.20671157684,0.1970561016095832
116766.69808027924,0.19836051305656383
117104.62184087363,0.19589516332827803
117443.32464129757,0.19158096284672776
117781.38937722087,0.19574768357196684
118119.86957607542,0.1942170444103505
118459.48731217657,0.19240703597032738
118804.10015581179,0.19262167163398847
119154.59113607991,0.19640916096920027
119512.31104325065,0.19456866886260266
119862.77074085652,0.19182562887191382
120211.84163601222,0.19318551390351701
120563.18509510446,0.18514552806412732
120911.82105919003,0.18986141535557566
121260.19659239842,0.19161217645237424
121604.65191611534,0.1964498863414018
121957.70558913329,0.19465565038673247
122311.15528765069,0.20054263518050383
122662.8069529397,0.19978878874247982
123011.64636125328,0.19607906263377728
123360.6950876974,0.19715908601105672
123711.67483060856,0.19657569603575337
124061.04630843163,0.195546339362086
124415.21425,0.19423716984007813
124767.27923048189,0.19398838946949318
125121.57035097563,0.19585660995332682
125477.5504054897,0.19209970854697117
125829.63232449298,0.19659006042455432
126182.73298004987,0.19565135946188011
126536.50942454126,0.19169266307418634
126888.27491580392,0.19089312053504034
127235.3071312804,0.1935482636520351
127584.94167550371,0.19065557942625028
127936.16105243422,0.19095054769238864
128289.79230337428,0.19452609311089444
128645.23878923767,0.19670702567514142
129003.89716179045,0.1987657369291124
129367.33165266106,0.19817419740482567
129731.49666438057,0.1906045616240513
130089.35663462739,0.19645288205759448
130442.30055496664,0.1905510729380542
130791.84175673143,0.193202777584105
131144.00517359597,0.1933644251712076
131494.0529793069,0.18972638478980572
131844.71867981032,0.1948437504164471
132199.84512666916,0.19084319901472876
132560.5968798752,0.19012294639086674
132922.90927218346,0.19239264648398524
133277.0268598913,0.19397447321210226
133619.5493554213,0.1909429462183581
133953.66189791966,0.19369639012197673
134289.09567496725,0.19401190358345136
134623.28274181456,0.193404869335952
134959.72307404637,0.19461022277620169
135310.30075328395,0.19514271483352272
135668.7746162486,0.19468011087652648
136018.24621330175,0.18848080058940486
136356.26694096377,0.19510866952232353
136700.3008739076,0.1901337186636716
137042.56110036804,0.19212069430289058
137376.48563577316,0.1885911568414616
137710.12053070887,0.19075131166062817
138038.72988505746,0.19246176927892425
138367.28340611354,0.18858764311551604
138695.8453228425,0.18871941639573395
139020.97289719628,0.19217182342806763
139344.93048195026,0.1937382139098933
139662.36046947184,0.18902411032611932
139977.3824502278,0.19372323958408055
140288.0298693217,0.19637418949063465
140596.81405655076,0.19527492079043735
140909.7183186559,0.19545569513030484
141222.53289678827,0.19878148614375157
141537.27049946997,0.20632163624485386
141856.06446776612,0.19895345199477996
142169.09864326613,0.20255014373108832
142479.29427180832,0.1997699732082903
142786.42491254373,0.20519130298478797
143091.4717016375,0.20736641096586397
143394.49919003114,0.20412149141121974
143706.7623043206,0.20060608362222698
144023.60169385976,0.20147329961924423
144344.72860437573,0.1988077211061846
144668.05049307202,0.20167607020605094
144997.90641161444,0.1998066781296864
145323.47345381777,0.19686915963123358
145647.30092910145,0.193166075616717
145976.28190298507,0.1970785584884541
146299.37939651404,0.19399198542390816
146620.8035636409,0.19589351467533522
146938.28144722866,0.19686031516432334
147254.0219547184,0.1993380720382722
147577.37438515658,0.19553189681158545
147899.82830365511,0.19567057172882785
148222.26911792246,0.193105152107217
148537.70197520094,0.19320338560722053
148850.47903818602,0.19311984967869028
149163.24628728317,0.19776987051169262
149468.64519548544,0.19557179091516597
149778.0098682156,0.2008212116615643
150081.99495295656,0.19807605581013868
150388.05880145126,0.20288574658054787
150698.66255220995,0.20318281618482215
151009.2191200299,0.20592066493532815
151322.832573534,0.20766852257424556
151631.49337727754,0.19897098365229923
151931.48170159524,0.20435209068624116
152234.36098138115,0.20716210280273983
152535.91648995885,0.20157528503033423
152834.79475193218,0.20483100531640566
153135.10457557195,0.20520363617463672
153440.41497319535,0.20267698139682974
153748.84384740057,0.1999300495888097
154055.15735028355,0.19786224389964757
154364.8231985501,0.20269729306926682
154670.40434565436,0.20397377801370734
154975.3085351429,0.20399649532234895
155290.04064532268,0.2068562502816054
155598.8259190031,0.20215011496556623
155910.587930927,0.20184041771424763
156225.33098195892,0.2031619075677055
156539.19233406044,0.19984310808807693
156855.09865134864,0.20355869064187732
157172.05255610973,0.20557661417869308
157485.61018957346,0.20547295013014852
157799.91302990573,0.209121719716902
158115.36172332213,0.21376018617472167
158423.96037935984,0.21427692139494658
158730.76398252184,0.20874568925510797
159039.9627895361,0.20797514983696858
159351.47351034655,0.2071668764733402
159660.62373579724,0.20474138305895373
159965.42979014883,0.20449716955581448
160275.51792729314,0.20700256149454282
160593.4620573356,0.2088027706935637
160910.67782974744,0.20729301770492162
161224.2166926191,0.20659815315554414
161533.87020520176,0.2088114246982903
161839.20742821472,0.2064157948688254
162148.88134747348,0.2047295965648998
162460.67556775644,0.2081404719926172
162772.69129320583,0.2048271504058391
163088.11287708802,0.20953203459101397
163405.3844426424,0.20936060515527735
163716.52971560147,0.20642616294062885
164033.16031201248,0.20126672703988585
164351.71125836094,0.20072414427546803
164671.71352801696,0.201937357174631
164993.1098524927,0.19612935400321846
165311.72069094537,0.19827650938740232
165629.97967074084,0.19895548357510204
165951.05506883605,0.19453845991693658
166266.649707311,0.1965530054764588
166585.3414923509,0.19588495960715843
166904.15859745446,0.19798527576263047
167223.917201021,0.20127177762874682
167540.88795955307,0.19749318563952206
167859.1024809874,0.19775043754557292
168175.31865042174,0.19641780205744208
168496.6225111996,0.1962643577648822
168812.66766467065,0.19580654286332091
169125.11925574427,0.1977717372577546
169441.35270641057,0.19870537296175547
169757.60582984833,0.20337674200765035
170067.12222637745,0.20263886868799133
170380.25942571784,0.19805581148320772
170695.55256754227,0.20372521315463368
171011.99813200498,0.20213622327078937
171322.9345040935,0.19676955354694936
171629.96394710577,0.1991113838248601
171937.95307534118,0.19988364692681176
172242.25257893093,0.19521756999376313
172545.30462957194,0.1981717145850998
172852.42310572963,0.20078435907542555
173154.99856885071,0.20212366285889816
