D,r2
200.794391263314,0.14052337588988387
279.30060120240483,0.1322291006215815
361.83170667370086,0.13348235874126158
447.32768964138114,0.12003941409784072
537.2029709478112,0.11049271792658609
628.0652463382157,0.1018185213385538
720.497786720322,0.0961249579249477
813.8300279515506,0.09207242693331165
907.468162278345,0.08917850497249998
1005.4367695338149,0.09045253314235793
1104.4782608695652,0.09471132955087197
1200.4508547008547,0.08711606651699588
1299.469368646335,0.08531629350560128
1397.7100678281686,0.08412502332540944
1497.2857713296953,0.08262347038255724
1595.1480280929227,0.07460048856238916
1693.9871096345514,0.06886605560195425
1796.0172368072128,0.06966246686173008
1900.7483382079233,0.06515092305515546
2009.1539077087223,0.06036876589086468
2115.561541538872,0.05781627884349175
2221.389392324094,0.056687937528771604
2328.418174507439,0.054807254417041935
2434.9710202991455,0.05545920320580934
2540.0807137954703,0.05390511634491429
2641.5282493737823,0.057132297133434005
2745.5625776183247,0.05515149433125311
2853.1414742082698,0.054714395623716286
2960.7662983425416,0.04870073292372853
3067.1269113149847,0.05163645986608216
3173.565938623168,0.04747873554966547
3281.3263736263734,0.04849924044124987
3389.6293463143256,0.04578904810189063
3500.8966515088878,0.045422051896720474
3612.9777839105836,0.0432949494526832
3724.488543257881,0.04414762174832667
3837.245976692564,0.044847143072703564
3949.437033968517,0.04609099951255798
4063.9979316050744,0.04313324739870699
4175.795337865964,0.04463357709951375
4287.234491315136,0.044137909227139976
4401.101598332175,0.048560629964001456
4513.487204182718,0.045246134065907
4623.84625,0.048432668024675565
4732.821636615811,0.048798384416932065
4841.024249104436,0.04416253643421461
4948.2176373171405,0.04349956698059582
5058.642778238056,0.04034240617903158
5173.652173913043,0.039868496317113
5288.562903891104,0.04028569204199128
5403.816899460656,0.04033114777893252
5516.978705752213,0.038125965405765926
5631.200333425952,0.039026538735209164
5742.811057360055,0.04104780466429035
5856.704734219269,0.04071458315911239
5970.5117117117115,0.04072668253460935
6084.829547019138,0.04143495240170361
6203.150062180462,0.03979661242318084
6319.009986130374,0.03870916174258944
6434.1087529477045,0.03947578929347918
6548.949598449183,0.03846001362097987
6663.614431286147,0.03888793110462694
6778.012430939227,0.038832732054500926
6892.620780298837,0.03806522844623261
7006.181943677526,0.0385027782143784
7121.084920083391,0.03815119592254452
7234.560631229236,0.03800202217164171
7348.05362338922,0.03914461882464157
7461.847333517546,0.039254523861876216
7575.9093668092155,0.038855367960361945
7693.553640375069,0.036534962251454306
7811.592674805771,0.03656050895904777
7932.810664819945,0.036021150241195815
8056.113630080177,0.03568326047050122
8176.266335129161,0.0371245991722825
8294.997366232326,0.0365855671282962
8412.347832090583,0.035589371301394376
8531.276053215077,0.03488012084812782
8645.848241484353,0.036054035041656544
8761.648727172109,0.03541667719083231
8880.707333980314,0.03589023366183897
8999.22315297995,0.03672552197781636
9117.04705554782,0.03459703566347986
9234.332782596723,0.03630926492093721
9353.587663239789,0.035052723249482165
9474.068206820682,0.034215910323307855
9593.360637560638,0.03402689991305743
9714.844908688434,0.0370535003105039
9835.300152714148,0.03597373780567369
9952.285319325409,0.03630207333419035
10070.465386209755,0.03513135657308165
10194.504847645429,0.03537823967978041
10318.13831106213,0.0351483035629392
10442.001523545707,0.03597323830567844
10563.407703990059,0.034913575681930945
10684.250138657793,0.03601830343664603
10804.290425384508,0.035407950065265696
10925.099076753479,0.034498815521170706
11045.205763608521,0.03474486816450478
11165.663950276243,0.03568599593059933
11289.67130267144,0.034139276021264535
11412.677679067185,0.03539321668918728
11532.386511563496,0.03594961801553714
11653.30236090018,0.03543835578458601
11776.855255839822,0.03492272243786584
11899.158743282349,0.0347280413830892
12023.431448275862,0.0341906530346967
12145.81462538015,0.03445655304704885
12267.04080499653,0.034738331095488746
12386.680827586208,0.03587715408703962
12504.25738045738,0.034890115391423324
12620.956305309735,0.03566571903578623
12739.094659859253,0.035698515203156846
12856.990739460955,0.03581014750867644
12975.285674778761,0.03584906293746103
13095.3846046964,0.035065218667536445
13216.089864303516,0.035518971683690774
13334.29802513465,0.034443563970781986
13453.961874393457,0.03478430777233656
13575.689441847677,0.03591720972973439
13698.816284213437,0.03676241206162816
13819.079623997788,0.03529251011091486
13939.386060100167,0.0361905674097034
14056.21188309898,0.03587518802778601
14171.877015008338,0.035927703647984165
14290.473240215737,0.035654114711351596
14410.300400165586,0.03635412487154985
14530.502359800112,0.03646071648812101
14651.680856945404,0.037429645204793485
14773.115766262403,0.03600643468098456
14896.19127656619,0.03483184650332389
15015.024265821039,0.03627405680547935
15133.988641086024,0.03555816977283071
15254.103991161443,0.03500335763745857
15371.999305941144,0.03541372352702345
15491.601650618983,0.03606948285291959
15612.582559267988,0.03476806178519868
15733.073880082702,0.03564716184048597
15854.20908964944,0.035527281544026734
15976.095824115044,0.03667827246899297
16097.782602644398,0.03562536780191239
16218.857973421927,0.03501664237394679
16339.169556840077,0.03421318572037489
16457.587034980566,0.035724342668743025
16575.634501718214,0.03567936975426248
16695.533065298765,0.03727868308450922
16818.768133997786,0.035691542135680744
16940.87925524524,0.036195371265723704
17059.97347808163,0.03504852121047933
17181.15112584611,0.034450951238907714
17301.825544307307,0.03642591364979788
17422.52875155882,0.035452389345568665
17543.550762829404,0.03636004915731947
17665.187008688456,0.03657646548992226
17787.275995575223,0.03499207003734005
17908.32109710486,0.03514627394389485
18027.53147432358,0.0361071100857714
18149.587169915663,0.034758827331308736
18272.2250968456,0.034357054503462305
18396.989931034484,0.03601130437281339
18523.94859359845,0.0367497562916291
18648.857460405667,0.0354920467239901
18772.772123893807,0.0363347259704569
18898.310831373634,0.03559846639337039
19025.804642166346,0.034419810187154246
19154.938713255684,0.034440741169354944
19284.199475065616,0.034748766381113926
19414.0215976741,0.03604148800843715
19545.964644380245,0.035160912509510076
19677.114570361147,0.035599510351045666
19807.3107093185,0.03551762450840546
19939.01609132169,0.03705623248082762
20068.67084028937,0.03608110688956573
20196.98217247098,0.036383618567493586
20323.210598761183,0.03653065362932671
20454.602386237515,0.035866914707874724
20582.36959534368,0.036964095865344306
20706.42967350875,0.03630954520820912
20835.88299944352,0.03518323832769951
20965.118573797678,0.03739303085098077
21095.163205980065,0.03512800267353939
21225.4536025446,0.034237941739805725
21352.839226519336,0.03497096636885633
21480.8394552208,0.0360120233712221
21608.992366412214,0.03670889317223671
21741.161032151234,0.035686392805321626
21874.444336209297,0.03620309407163651
22006.27022160665,0.03619041869612002
22140.614206896553,0.03653386707492416
22274.895217030687,0.035144719860893264
22408.212326869805,0.035361730779748135
22545.403586206896,0.03463591438329864
22678.862975778546,0.036047994013917825
22810.19058856191,0.03586199720562348
22942.317905498756,0.03650550469430025
23075.505363036304,0.036474570026694256
23206.97923923645,0.036516788466031944
23338.038264953724,0.03695615808978345
23469.499655884378,0.035518143063025746
23601.891921851184,0.036057235387219375
23730.452052887962,0.036599493629826126
23862.50468319559,0.036554779072447786
23993.211421460175,0.036418465267780004
24121.64215346191,0.03596085578763528
24248.382648150695,0.03709493190277838
24377.888611803824,0.03642951357657878
24509.62177452739,0.03627600201232757
24639.12013301926,0.03608223719213984
24769.788424259208,0.035773238566242274
24899.299806843268,0.03624967152879719
25029.14410419842,0.036465528633260115
25159.899681748997,0.037355540592511005
25291.28189499931,0.037302512986789126
25427.761101120486,0.0363017862726856
25567.254220869083,0.03629459875756563
25708.096907785755,0.03672883829059537
25846.220641061067,0.03557836422238803
25984.554134815844,0.036090501041957206
26123.224858601185,0.0360911544858373
26257.07997227997,0.03612824486363707
26392.84201796821,0.03709696792445901
26527.878288562726,0.03620226210977585
26660.92238516879,0.03665226730185124
26794.770787444933,0.03713043929455614
26932.864223240318,0.03692775852353396
27071.37479270315,0.03606344388670183
27211.021459227468,0.03487040805888024
27346.962172647916,0.03633088618194156
27482.05663497313,0.035715959178417134
27615.231077348068,0.03591229022808612
27750.40236604036,0.03596734443718115
27885.093788905797,0.036964653888430676
28020.16440818584,0.03699063478615584
28156.497386519946,0.035648918482662696
28292.45080946451,0.03479538029978085
28427.714424680376,0.03631082910441884
28559.829699144357,0.03492424074470963
28693.921674264402,0.035773749644147396
28828.28486193978,0.035085008260381904
28961.57765780731,0.035507864300492326
29098.20295253863,0.035885406693344814
29239.93276961464,0.03662263779882797
29382.119889119887,0.035257900280159
29524.67564580743,0.03818587773564654
29662.90282001659,0.03526971395857921
29798.30338631652,0.03534447048411038
29938.24365904366,0.03631651488276929
30079.806749311294,0.036585544089331845
30222.156176511275,0.0351358805846645
30361.67502076987,0.034905925179973915
30501.521361631752,0.036133737232405524
30639.98764918124,0.03511408687260132
30780.48702732542,0.0357030884471365
30917.153224683105,0.03546899109992892
31057.80879120879,0.03636852806235414
31194.656933296428,0.03618159200523034
31328.684531228362,0.03620674502244926
31462.123821408764,0.03615370287207621
31599.048442906573,0.036644118499953145
31738.041913690886,0.03627416664764075
31879.14669621831,0.036939583269059655
32017.060997637906,0.035769995692765
32156.78250720857,0.035201656365462915
32292.051196438508,0.03437143884377971
32430.943137797454,0.03636124153902584
32570.759142150124,0.036401570154976484
32706.03106282212,0.03584859667845474
32841.12037037037,0.03589980352418613
32981.78862012095,0.035718290975508486
33119.05860244989,0.03538630699436945
33255.37733241189,0.03499022924552604
33392.19497989183,0.034892560977744964
33531.005904160374,0.03547004054386174
33751.491724439446,0.0358662439591575
34045.36613657624,0.03673626312804265
34348.8951743968,0.037385091633271944
34648.62735702284,0.036566827828738865
34947.480644355644,0.03545594571353014
35249.91448310201,0.036209008498522134
35555.69223561746,0.03515887581995591
35869.72672241637,0.03543433341536069
36181.79952639122,0.03483899538636771
36483.26751950078,0.03539226649067032
36789.31013644009,0.03524492486644307
37094.463859561445,0.03597732937968358
37400.06938291633,0.03544712043512649
37705.17548885291,0.03490250400334455
38007.81333832429,0.03477935096795454
38305.24348584964,0.034895443710959435
38609.187086712416,0.03518195425835775
38918.38712494542,0.034682830661501414
39233.10385311934,0.035089928453570694
39550.89469748894,0.033207637653238815
39867.27880831928,0.03394158854997425
40181.19841911994,0.035987936287856626
40493.18235660848,0.035318835839045326
40809.418885139356,0.035170962323963044
41128.87884447765,0.03572909471436537
41445.197662792154,0.03653394576178034
41759.60327338353,0.03550517111549438
42078.01935081148,0.034023634945621134
42398.330482017984,0.03448072801909807
42715.54829669303,0.03531065417025147
43028.027363028676,0.0356950573597739
43344.942278953924,0.03495546303823943
43665.019285981776,0.03539579489808499
43975.48631290141,0.03584072961074667
44288.07478325953,0.03574871018284946
44604.80878036595,0.03619382457084425
44920.31246879681,0.03612517468251202
45237.67275105906,0.03499125506948621
45561.31808265287,0.03498219546119895
45891.120209384935,0.03485461537694506
46224.45284314337,0.035392029927238965
46549.67424147834,0.034959070069490394
46872.88684063026,0.0351672749396187
47197.13264733396,0.035396779971160294
47520.47666000998,0.03546508808271845
47838.88842355295,0.03431049524354905
48165.27105542048,0.03520786151304369
48491.75590894918,0.03616737148108145
48814.550408379575,0.035222011270010685
49147.11977802718,0.03678790955488943
49482.88072251635,0.03570792745911494
49813.663330414114,0.034560983847514735
50131.93347853143,0.03571927852181928
50444.55762383659,0.03565919597274046
50766.42813493795,0.03575577973109417
51083.19904121529,0.03569421894733757
51394.60103853854,0.03630503078974101
51708.675549467654,0.03680175388660469
52023.24547835849,0.036974310746315964
52348.20841645885,0.03796224808311476
52668.141368118835,0.0366517764084235
52993.897456676226,0.03646863396103691
53326.02186406797,0.035287342787064656
53657.928900797604,0.035263242595429595
53990.93189472371,0.0366394289470786
54320.80392034459,0.036773009711511644
54654.08651748426,0.03582873081915302
54995.59913927525,0.03566641329967952
55341.04867559987,0.035048708471492634
55678.94306049822,0.03562168529716634
56017.33493300094,0.03537482955816223
56353.398078842314,0.035699788452102824
56696.72369242292,0.03464606270075642
57043.43109364277,0.033276800256074546
57386.57779023418,0.03493954263094308
57733.29841071985,0.03504650833187606
58073.302358961555,0.03430103864109861
58414.92901696607,0.03483027994454397
58748.19712769279,0.03546042655614327
59078.47680009992,0.03613633043602225
59407.09686272064,0.0352324822329553
59733.62898911353,0.034690977361487844
60070.83573612932,0.03480028091748783
60410.882800798805,0.03581864726809504
60756.68726615116,0.03520623108989659
61099.012648763164,0.03575409463269025
61437.6815600624,0.03560576906007776
61779.56865066999,0.036378947605109534
62124.07358443502,0.035877430057353006
62467.75098492902,0.0352458507187343
62811.746868573566,0.03587090940346763
63150.47183800623,0.03459414541890212
63491.03147049641,0.03508204714111109
63834.475662200064,0.03528754964476777
64172.5898508208,0.03463427929934659
64519.2090110301,0.03466405392421391
64866.69073646074,0.03441553288373789
65198.74352911896,0.03718162926728839
65529.776516096834,0.03741870590807815
65860.54459830339,0.035543651332208145
66193.4435780675,0.035108826698077536
66541.85905452726,0.03539511307862624
66884.68211220301,0.03480637472387859
67229.86169614398,0.035895575535727094
67570.1272568796,0.036616125714001205
67904.36274570983,0.03665408277813168
68238.77382512638,0.03541448854361288
68570.04098666999,0.03615862745908229
68902.52395508422,0.036015786632330626
69245.62052625016,0.03605345173687199
69593.14201885261,0.03547322508777814
69940.64507885059,0.03529191027138806
70281.29333915975,0.03528481995422187
70620.39907598177,0.035448002307804774
70971.75121404558,0.0357068583018396
71322.17369572009,0.03510085293388947
71664.5323655847,0.035489846452389666
71998.16831992015,0.035604928787424744
72339.27612919347,0.03552815892662553
72679.55095422227,0.034961061392774065
73023.52226518648,0.036025991755394775
73367.28970451011,0.036149825678437116
73710.1257032129,0.03601707921989934
74058.86007485964,0.035630401105371794
74403.86552947768,0.03493492066632932
74749.63398488727,0.03527346020203561
75098.14501435168,0.035126699713403244
75442.96110695587,0.034443143343269256
75790.03075291622,0.03532377597425059
76131.65107734462,0.03490825176398779
76469.15652934925,0.035470864602415005
76799.29296826385,0.03595008106769302
77128.8627352886,0.03615985370656388
77460.9416604338,0.0352986589946794
77792.46991029155,0.03409951557821274
78127.1299106864,0.03371865865638787
78461.6586340367,0.035088709418583046
78797.59977592432,0.03587555605956482
79127.10220115981,0.03492232866942435
79447.58765586035,0.03563267039830539
79775.8419867384,0.03565166075996946
80102.84454148472,0.035808714155818475
80432.21900672144,0.03441224789639898
80760.60355694228,0.03549470735722818
81088.84196406289,0.03548297589117664
81422.19076731129,0.03549027981072011
81744.38283684407,0.03430532662857338
82071.26236760124,0.03483868533900205
82390.11825273011,0.03445752022161536
82716.11643450559,0.034342588561445966
83046.4322319202,0.033861996250129
83372.07928006478,0.034312909252347444
83704.29310021855,0.034898910490932036
84035.4933258483,0.03450567742664653
84358.3610540086,0.03534553922512769
84684.89396868958,0.03472190939509597
85013.73961910709,0.03413764056348799
85350.88577129318,0.03452070150902131
85693.11485642946,0.03395154608940513
86033.4651438557,0.03419260603245281
86373.9312320917,0.03532693302988046
86703.8070898084,0.03444469281243899
87035.75944309171,0.035159919826975264
87367.51115125841,0.03527098036954046
87702.25339394694,0.03446974940309263
88049.78925645676,0.035188297247113316
88390.22924851887,0.03474285316841478
88734.93591180867,0.035162519939566386
89082.97483294822,0.03550860925565735
89425.02171478348,0.03633393103657243
89769.4468722687,0.03655976008702843
90111.85884555383,0.035314055837499185
90459.39628173935,0.035021870476230996
90797.07871465936,0.034860096202355896
91141.00662086197,0.03510459899930854
91486.33254334539,0.03497355461761607
91819.93665045517,0.03517417041769084
92154.8493919551,0.03410542762603087
92493.93402756126,0.03412387263802344
92832.50084274923,0.03425824709062455
93170.20490935144,0.03500797413615681
93506.80636902903,0.03449586172351374
93847.65256722191,0.03644060125792341
94183.51437301241,0.03615180787233051
94516.79855262337,0.035712998845019085
94847.87460991138,0.03583121028991386
95184.8837990913,0.03563481240908139
95519.45958775765,0.0362077698536242
95858.66714445967,0.03517299703942512
96195.59223240447,0.03474740248864536
96530.27199500469,0.0359895093303225
96865.44384125796,0.03632212323590315
97207.15626949469,0.03592427669504769
97555.18511141541,0.03519699682958786
97911.26968048522,0.035384020021177263
98258.91029714073,0.03487550324773964
98599.54277874781,0.03490161252642534
98938.13011477047,0.034355857388411515
99269.88003240683,0.03463431590606942
99606.15752355989,0.0349596663281733
99941.24120477411,0.03443012837069926
100275.111201046,0.03489552024975466
100608.2022051953,0.03551448784152142
100946.80783162628,0.03558434615848997
101276.9049102692,0.03744565711555934
101600.99912685543,0.03809343942176143
101926.24447082344,0.036661370629241616
102262.79748176775,0.03583121130885992
102618.70743420233,0.03752910348315664
102965.88370933566,0.03701343327656296
103312.48319590205,0.036750575404653575
103653.01308085212,0.036643674370938344
103988.3119266055,0.03606494292271284
104326.3242282507,0.035924732158051566
104663.04197068911,0.03580157166555789
104992.31201199326,0.03657168416565463
105321.02737850788,0.038389515032949885
105654.87183327094,0.03695886588802818
105983.5772449107,0.03628368783909985
106324.64790486271,0.035527469917587734
106673.7592627304,0.036995853058932444
107018.76758238336,0.03582439616326157
107360.28218254464,0.03839481655506167
107705.66319206043,0.037271442543857954
108057.2707605985,0.03663701857626446
108411.55488261738,0.035971350446626776
108766.70242473354,0.035776492763615296
109125.60439492032,0.03606856600781268
109488.81129012114,0.035357290858197006
109854.14436137072,0.035461943043630546
110215.96996940751,0.035844753468634666
110565.81218463839,0.03607037356935695
110919.48462692164,0.034587565777754396
111284.34767985051,0.03602857312750749
111642.36663754369,0.0353999230414343
111993.47773683882,0.03565210964106261
112350.59284200025,0.03539547381089925
112708.3002868188,0.035706791423651775
113067.194801147,0.03634991681008624
113420.89257897688,0.03428397472899307
113780.66152308365,0.03585628017810743
114135.98323883108,0.03542095457870756
114484.5618768694,0.03592733555727736
114833.07259777584,0.03551560152653531
115177.28923766816,0.035015920364027564
115517.40398053407,0.03505970873020549
115865.68927119175,0.03618089477059837
116215.61199502797,0.03525557234665867
116565.0221416062,0.03475548744211605
116912.12286922982,0.03503921661095968
117254.08469808726,0.03545367312943629
117599.21705474748,0.03563615936150226
117948.0285696502,0.035584483112458355
118296.02495788356,0.03489284950443217
118642.00973175296,0.034417622681338335
118980.34798077523,0.034895845639118385
119322.55872817955,0.03498169782593078
119668.32423505951,0.03489261335090824
120021.5238125,0.035225026660921865
120367.326105919,0.03533399102909109
120711.64396207585,0.034965697627526326
121053.69563593352,0.0346809835983859
121394.46753975678,0.03460940008873749
121736.67323522075,0.03511491585421961
122075.74790494058,0.03614983542168118
122425.99607525542,0.03527419233899559
122782.93302986844,0.03524492375018198
123138.86399650633,0.03552370727925765
123502.1634207241,0.03448942001620451
123855.04282068837,0.03505965976190983
124218.5795092714,0.03434466399641243
124580.87406296852,0.0352895604118267
124938.4055852718,0.03511010415558255
125295.09680039994,0.03562768987871195
125651.53999127237,0.03518388394117573
126011.75883601849,0.03564796756823058
126377.19263597284,0.03514910058140567
126742.41034267913,0.03534317800185435
127108.57332083724,0.03432217590571893
127473.83721220441,0.03461547814500019
127831.31469708303,0.03480777295247437
128186.29574918973,0.03567673795381948
128549.1992638343,0.03627526434177523
128917.18925655886,0.03595154776568676
129284.95426753182,0.03587513436293477
129651.48542901716,0.03585288692633571
130008.67383579578,0.03549799010180589
130379.85277413718,0.035156321250287094
130756.4016449623,0.03609678705058759
131133.1174599214,0.035892260180616545
131500.8713322512,0.03504374873846644
131863.63690810406,0.03452290986926914
132237.18158009602,0.03598707233681698
132608.58000124758,0.03364709205723483
132972.15135640785,0.034710308308737316
133338.54953212728,0.036391523019314545
133716.33978038433,0.03586406201560881
134102.1175298805,0.03482915023257524
134492.34033927904,0.034406112236900224
134868.22678158767,0.03543317364734376
135234.90142428785,0.03662662181886117
135605.5537282751,0.03762322428238738
135970.91871490955,0.0363625725078374
136333.92640368917,0.03575999167792981
136695.2632236308,0.03690183581542934
137065.56972111555,0.03659902381349354
137431.40468603562,0.03631379247552452
137796.12614578786,0.03672919566158444
138166.60765252073,0.03592434404824914
138529.54542046733,0.03653865822675982
138896.91145152252,0.03611320561369224
139267.688002493,0.035513434812491536
139639.0309375,0.03694035681763449
140009.3859179481,0.035965058354040645
140378.0500374345,0.037574862095715394
140755.03446338265,0.03631003581759522
141140.04308841843,0.03589785987189751
141522.2283661356,0.0348653191190976
141893.80857694944,0.03600295252160609
142265.09144745045,0.03587128598137906
142631.17336824388,0.03617028309623151
142997.94098155675,0.03561940638996398
143362.9727459399,0.035538449830553855
143741.51318255655,0.035815490119739016
144113.48707245654,0.035353565960852935
144489.6678114268,0.03557479165813253
144864.94656011986,0.03495235205012042
145233.80368939298,0.03578606716138805
145598.48680845756,0.035998817080463985
145967.01408538484,0.03647046211100952
146338.77445296428,0.03622259627433377
146722.58805168862,0.036075172325012166
147107.75419133686,0.03648869300030982
147493.0004990954,0.03579462698703489
147878.31139666896,0.03523206237746046
148263.66914196569,0.03604804453666025
148655.3127415534,0.036091948306071375
149035.80472411422,0.03624060333687572
149415.41770891668,0.03571200344654119
149797.350409196,0.03570552464422235
150180.64867223537,0.03510994999405043
150564.4836821126,0.03617040720462734
150947.0918915542,0.03490178239805614
151329.1844684437,0.035735159638497466
151700.51892498598,0.034663186618745324
152081.1208434712,0.03551946621644766
152454.93187772925,0.03526727254488089
152838.3819314642,0.03640629983512736
153224.5001558312,0.034103721422886674
153606.990521327,0.034544394498729605
153980.22045624533,0.03538534817640309
154358.13781051055,0.034559072576166396
154739.4056227403,0.03515269423494162
155117.85876481596,0.034980667860891934
155496.87975551953,0.03575027170734099
155872.93677370987,0.036096604866854044
156251.97618453865,0.03561104497060845
156628.82984832407,0.035401723300834805
157010.84598590233,0.03526959551112515
157400.82310087173,0.03582909675270475
157785.0870758483,0.03516429543238647
158162.49298846992,0.03580332432999135
158535.1221674262,0.03555576664756767
158913.78881677485,0.03447834721703159
159279.64805446257,0.03561375709285308
159648.2587055379,0.03456850290153681
160017.70201484623,0.035232954897863517
160386.50563687325,0.03574949542976791
160760.49156777014,0.035978106107835216
161132.186751497,0.035403611100914105
161498.03243108394,0.03571579264055532
161872.63792029888,0.03651306401991327
162257.6337386966,0.03525721682773966
162645.05396132253,0.03388005617135517
163022.56302678405,0.03478234178777836
163394.61326173827,0.03536003951559332
163770.1575666916,0.035373210288741845
164144.54078323772,0.034439474778893676
164523.45173576425,0.03491396520040378
164897.0029936385,0.03480981626815888
165280.84027431422,0.034720999403634434
165662.6675191816,0.03471751767482598
166037.0594139651,0.03412514736741586
166411.7460683974,0.03446675363308537
166777.27153884462,0.03551840487820044
167147.819005373,0.035741005617614674
167526.4709327684,0.03476906223108661
167912.91629185408,0.035167501584669865
168294.24931472715,0.035133332006228625
168676.18011608312,0.035389326064421855
169045.99153333748,0.035120747984148236
169404.93822610867,0.03473323120235247
169769.08936700967,0.03428232409332016
170135.7515434986,0.03549093550493362
170492.93547984524,0.034604929141201925
170859.96716101695,0.03529720910989698
171227.71546185992,0.03460900114336415
171599.6653769346,0.03520513125120181
171970.06941932265,0.03571536013363292
172333.4557971466,0.036164758978619906
172698.2626224802,0.03550236515871882
173065.9688786329,0.03553570859131515
173431.72792601387,0.035460334614762896
173791.66471722766,0.03534462751020983
174154.05007814942,0.035035311541324186
174507.77714143426,0.03604515797916631
174878.0880550344,0.03633109305148433
175246.05999875523,0.035196011276535426
175604.12598179778,0.037091256071945564
175964.92587281796,0.036407384451172115
176333.34117426843,0.03602082651972126
176693.30703012913,0.034641796734418646
177056.38265274218,0.03460858398154555
177429.58160218934,0.0341252144444631
177806.39120124804,0.03521400322039503
178171.02063719684,0.03638275230461356
178541.2851082413,0.03492917591604997
178920.11908473098,0.03451573380950824
179280.16402446636,0.034008651062633274
179644.26889498628,0.03524647686431261
180003.81614713217,0.03622284415099062
180360.9812285625,0.03701248158830331
180720.10794424653,0.036295611031542344
181089.50795929832,0.03565591687183507
181466.0468254462,0.036483479341565636
181835.42282214723,0.03782793701043194
182198.67967631496,0.03532009267720044
182566.3984404242,0.03687467773481528
182927.45146600125,0.037283102231409355
183281.10616929698,0.036063539314864466
183640.81582724833,0.03529237150559035
183992.9903978052,0.03589607242443652
184346.95738707262,0.03623748574881759
184708.5275890018,0.03541548305653102
185075.25188743995,0.03567244667239489
185438.3356035991,0.03668386459016132
185810.274103139,0.03540469164294802
186180.91521088095,0.03407945676401133
186550.67814445827,0.03419454657522492
186922.07164700743,0.03557792313695109
187293.6943351446,0.035319846618666405
187660.8504084305,0.035708366091546165
188027.48088894424,0.0368061346638221
188397.0078037208,0.03455925257586744
188768.32946606787,0.0349455526363864
189139.6331168831,0.03429368862029504
189524.39167602645,0.03572986408293326
189917.29998754204,0.03399158072991074
190304.42914171657,0.03471489483355092
190682.61139896372,0.03562531411045441
191065.25007781858,0.0349588029757743
191450.03545789374,0.03574097455516851
191834.63809464354,0.03483130312662359
192216.0155178861,0.03542858018192081
192595.78251931223,0.0389833259298036
192975.4365396627,0.03732343585631318
193358.35241245865,0.03652417891796751
193744.40414119995,0.03815602179356476
194142.50741895262,0.03770369495880871
194538.59916427592,0.036686653181393705
194934.1148614924,0.035750974971608916
195321.52733741107,0.03642575719411229
195712.82621419677,0.03579126102542458
196103.29476377708,0.03675833338079656
196494.3342892768,0.03980736728721494
196872.74915656628,0.04001444358360642
197251.04234385703,0.03662856038381581
197628.9724959461,0.03587205522736301
197993.62858926342,0.03671478290804708
198358.15581424301,0.037371004969096476
198722.70908068246,0.03553511705373899
199094.05592924764,0.036227021276106774
199464.3341876602,0.03549986726778134
199829.50569915914,0.037144885043217495
200210.1872465215,0.034709674620460436
200584.81948513372,0.03575511758334172
200943.4866063066,0.036702712791818345
201304.3416048382,0.03777124106006801
201670.79350536026,0.03501480421091436
202045.8415959041,0.03569595755473265
202430.0609368178,0.03541355198609596
202805.33472542543,0.0349519819240844
203187.73063029398,0.035184967241310386
203567.4271347367,0.035582304377536185
203946.74080767794,0.038290461734256986
204319.70533208607,0.038363802512558866
204700.92792849106,0.03628563764199665
205085.93235422243,0.03593725533384342
205475.0153538884,0.036032352557128215
205861.9286783976,0.03616703396063318
206255.65882866588,0.035950073961907004
206652.009529148,0.03554356124018252
207049.0216428616,0.0368576588816298
207446.249703773,0.03636755154070756
207846.16383510307,0.03543295669946939
208246.14076154807,0.03591369434424264
208636.5606126642,0.03676291533734795
209034.17539267015,0.03542235613070585
209423.42627965045,0.03530425709200214
