D,r2
73.40533980582525,0.47546173571868616
103.33760683760684,0.46180599651739246
133.83726606997558,0.4076656061583262
164.9632,0.3660430395724445
197.03027604630455,0.3433666009541229
228.09205350118017,0.3020516325916023
261.3333333333333,0.3017057663013431
294.0713058419244,0.28264352818180566
328.5211492418196,0.26539049748786475
365.0447635135135,0.24534385422676144
402.55619834710745,0.22897818955240776
441.1430921052632,0.1953086618054771
478.08578856152513,0.18179836669535762
516.5529411764705,0.17295150395275255
556.5743134087237,0.1588047245160526
598.4122586062133,0.14888714890739854
642.1354515050167,0.13944693992015372
683.6731748726655,0.14014705057576535
727.1862745098039,0.1292053076754639
772.8192371475953,0.11780838208430788
815.25,0.11496292370041973
858.2337228714524,0.11167469179922153
904.7004149377593,0.10804653159111571
952.1020920502092,0.10329040261529786
998.3595113438046,0.1044887380789133
1046.7347114556417,0.09350262818288907
1096.0980735551664,0.08531597043953358
1145.830008673027,0.0836517159011844
1197.4969591659426,0.08120378553134679
1252.2994836488813,0.07236576796297442
1310.5602049530316,0.07117885687921373
1368.0981754995655,0.05879329233920689
1425.8356643356644,0.0661591063196785
1485.5673575129533,0.05358478894315889
1547.2480141218005,0.05691768717781083
1608.218909710392,0.058460258297192584
1670.1931330472103,0.056520825924255086
1736.074365704287,0.052228406430183665
1800.6456896551724,0.05398958289546129
1863.8872377622379,0.051850114874911
1928.5871794871796,0.05489398440692848
1997.7154046997389,0.051359012255922376
2064.598253275109,0.0526360062344098
2128.3951890034364,0.05554902418797138
2197.7822299651566,0.054423820357198914
2267.116623150566,0.05152582454144144
2335.8509154315607,0.05109742166424885
2404.9957337883957,0.046872186210890045
2476.3720524017467,0.04883877171481856
2544.387982832618,0.054222866673458464
2616.006044905009,0.04940749691877078
2689.332158590308,0.04707423227361969
2758.0154639175257,0.047411926103485796
2829.0721112076453,0.04477065082375669
2900.5361445783133,0.0450461738928649
2972.324394463668,0.04388044631043421
3039.547038327526,0.0457102994812988
3110.0872193436962,0.0466435626787694
3177.0957354221064,0.05026677880750972
3246.507308684437,0.05091836307822813
3314.571179039301,0.04825862593037119
3383.3730703259007,0.04491800846191281
3454.871704745167,0.04623922464026139
3525.7358974358976,0.04191746332624497
3598.121633362294,0.04433503263113638
3669.4299307958477,0.04849328046886708
3741.389081455806,0.04739093538203047
3814.0008673026887,0.04389339699297114
3886.6450216450216,0.04560008336563548
3961.3562717770033,0.0442765840410968
4031.2209802235598,0.04309703496677487
4102.762859633827,0.04588210714494867
4174.015665796344,0.043531329056298154
4245.514655172414,0.04027953026428366
4315.215652173913,0.0376412877809441
4384.956784788245,0.04001002150520269
4456.114088159032,0.043496525414557126
4528.557858376511,0.04298343620404842
4600.062335381914,0.04545917438348204
4667.103773584906,0.04390619095169673
4731.346956521739,0.040147107331326246
4793.224826388889,0.03503755990105372
4861.5490533562825,0.039960777194097054
4935.675461741424,0.04342585117465407
5007.075993091537,0.0405177924560558
5077.236457437662,0.04250250315646684
5150.593453919036,0.041991585216511966
5224.38301559792,0.04554993131887328
5293.203993055556,0.04938655176394155
5360.868189806678,0.04652993956428404
5430.067869415808,0.04391492726176776
5498.101916376307,0.045437818575007685
5570.595380667237,0.04483735647972623
5638.498685363716,0.041496039457162
5708.533847472151,0.0401818324021585
5777.066489361702,0.04178423849681307
5848.203767123287,0.03951630588212031
5916.8422413793105,0.037905754946684654
5985.514629948365,0.0360890779510529
6052.361233480176,0.03780084941541349
6120.43616109683,0.04136215055496127
6192.775668679897,0.04345783505614026
6258.895561357703,0.04615531220471951
6324.1270815074495,0.044916612444103186
6394.098891730605,0.04442459784264737
6468.082322357019,0.04379508638779466
6539.967937608319,0.0449727905985547
6613.848167539267,0.04203081149549298
6688.558340535868,0.04141335119505018
6767.702164502164,0.03876123521609516
6847.54,0.03696209690235104
6930.895008605852,0.04024895802512153
7018.705831157528,0.03558327993007511
7100.493067590988,0.040985754357691556
7179.902670111973,0.037574486662904624
7263.427454387489,0.04108144692454304
7349.245858761988,0.04030969884752609
7430.864888123924,0.041074788592204245
7512.520140105079,0.03711771192829022
7592.758859118409,0.03682365562176345
7669.325,0.03700911144867032
7746.469018932874,0.03923634279905153
7822.481611208406,0.0366955482129142
7902.178756476684,0.035922364326440206
7982.981818181818,0.03854347139849171
8063.678170836928,0.035566747311034874
8142.151304347826,0.03360813666171625
8223.476231633535,0.03884083896790192
8300.727192982456,0.03796887767184379
8379.973229706391,0.03826492226845451
8458.727979274612,0.03556419394278103
8533.156981786644,0.039101976369201936
8605.867811158798,0.039555970821552495
8679.476733977173,0.03914889170260993
8754.556228373702,0.04114054708232728
8831.430292598967,0.039265610095514054
8907.508210890233,0.039264841084740695
8984.53593073593,0.038297410526266236
9060.936244541484,0.03970323343899148
9138.618432385874,0.04171113342645087
9220.110917030568,0.03874368521072977
9301.110824742267,0.03903844252174971
9383.628372497824,0.03936850552764901
9464.71379011275,0.03946293331745414
9547.688581314878,0.036851961794242286
9628.674678111587,0.03867033275063523
9705.523144104804,0.03746099669583535
9785.063148788928,0.03785445230145242
9867.273757628596,0.03800167179848942
9950.786391042206,0.03673511151290474
10031.60068846816,0.033073224444696195
10111.738488271068,0.04042962518374438
10193.446568201563,0.03962076590873474
10272.993955094991,0.037661432470328465
10350.940611353712,0.037681589062212716
10433.07204116638,0.035888443445742844
10513.607111882047,0.03761954347065311
10593.612565445026,0.0380221944960865
10673.492214532873,0.03590799655409295
10755.330749354005,0.03664913331911188
10837.516550522649,0.03710034561188898
10917.198433420366,0.043186598490161036
10999.107573149742,0.0375915241159378
11083.451388888889,0.04102144207946871
11166.440999138673,0.04025181323397356
11248.330427201396,0.04069845631143753
11334.591145833334,0.03732228012316657
11418.018916595012,0.041428711727335955
11497.598953792502,0.03712985130089265
11583.1815008726,0.04059813970381738
11666.053938356165,0.04291143430256946
11748.782006920415,0.03771042664568281
11829.549604916594,0.0381941403724089
11908.573504273505,0.04099284346273992
11989.710320901995,0.03799317823643889
12071.88558951965,0.03642039991994311
12156.665807560137,0.03675346577118624
12242.662008733625,0.03730817323737557
12328.516971279374,0.037254686833735444
12411.138698630137,0.041088942308136825
12497.267248908296,0.04079813457407934
12583.205349439171,0.038765457978828036
12667.088927637315,0.03768826794110827
12756.304909560724,0.038118030397229045
12845.192541196877,0.03669476783412499
12937.073913043478,0.03311519796722757
13030.165946413137,0.04024040506867536
13119.781599312124,0.04197455224389958
13204.532986111111,0.042680819611471084
13296.508650519032,0.0399543201507826
13385.108013937283,0.04051259202122187
13473.486626402071,0.04066850597939517
13563.434554973823,0.039460859511612975
13654.68275862069,0.03710905892408641
13746.736796536796,0.038951930015143126
13838.381739130435,0.03843451466754285
13926.593587521664,0.03817187638221125
14014.504347826087,0.0410998023358949
14102.539530842745,0.036297354863181815
14190.905217391304,0.040012316894750204
14277.3676092545,0.03975839736981603
14364.106863596873,0.03699272153102926
14451.688468158347,0.03826097477318229
14538.97458369851,0.04028310674625087
14625.712574850299,0.04431236606947821
14717.824978012313,0.04341521134330022
14803.67067927773,0.04429404235456896
14892.334488734836,0.044949843111619245
14976.464316423044,0.0425372049670335
15058.633998265395,0.043058971330549624
15143.606585788562,0.04127759490533837
15227.59721011334,0.04280868176223152
15314.499569336778,0.04354208215233724
15412.104895104894,0.04103947954411715
15507.535283993115,0.04049031197788413
15603.309895833334,0.0405505988297741
15702.10553633218,0.0379637422686708
15795.417316017316,0.034243197018257836
15883.344376634699,0.0379211689999545
15970.738980121003,0.039831211896888916
16056.806086956522,0.04130030001405311
16146.092082616178,0.0403399718248259
16233.232034632034,0.037281997579452004
16322.761245674741,0.04263452318369009
16411.592850915433,0.03978826425148035
16498.153184165232,0.03820493613092384
16589.33711790393,0.03592286489859284
16676.809114359414,0.03672205747470515
16767.11013986014,0.03525309568543464
16859.67616580311,0.03939631235427745
16950.35172413793,0.03801006665777954
17047.124459809853,0.03363667646079824
17142.457465277777,0.03583614492870302
17234.21875,0.03641947061663789
17329.013986013986,0.039956491929862316
17421.353293413173,0.04130782701476084
17513.534662045062,0.0371790067883846
17608.678787878787,0.03698395652393925
17704.691703056767,0.041808122283446034
17796.701815038894,0.038732941405249466
17891.385146804834,0.037979657112859125
17985.743055555555,0.04034051513193308
18079.359825327512,0.042467998262752354
18171.914310197088,0.045295592032109075
18262.54847161572,0.04651699070612865
18360.1660929432,0.04270295312081068
18456.301656495205,0.03943262553604429
18551.428694158076,0.035490297202829986
18647.59548611111,0.03896054168381249
18745.914986853637,0.03747613668408067
18841.636363636364,0.03758595360855637
18938.85627705628,0.036532555334855527
19033.116681071737,0.04030089043652392
19127.976480836238,0.03624961534335392
19221.667534722223,0.03947284342300447
19314.489214840378,0.037932851342147855
19405.229238754324,0.038490273367651665
19496.870242214532,0.03669862906367695
19588.37925021796,0.038215972661276305
19685.773321708806,0.03882625789518656
19782.65467009426,0.03821287818993612
19885.072111207646,0.03873872380764945
19987.455094991365,0.03778947621962173
20087.798960138647,0.03995778779997183
20189.411042944786,0.04297087648257507
20286.60787671233,0.03999294532920498
20385.911072362684,0.04425060182064243
20483.98101811907,0.03756805587544398
20581.702443280978,0.04221555180857055
20686.097329888027,0.049247999500431135
20788.01818181818,0.043787638621606104
20889.798617113225,0.041503944766201055
20994.646086956524,0.04017449692492321
21170.972265625,0.04174629715001793
21411.416081186573,0.04479732776663773
21645.694411879642,0.04355530796112017
21874.778342455043,0.03841059128216598
22110.279532163742,0.03856453348637919
22345.320172009382,0.03549856910972565
22563.516393442624,0.03940970643904989
22785.1161971831,0.03878924633014735
23009.303362001563,0.04081390159196399
23240.85831702544,0.044633810230036895
23468.01051811453,0.039615813857401025
23701.358793576186,0.04140559742563195
23930.1052014079,0.03996186428708182
24155.919688109163,0.04278929181590043
24380.464090554255,0.04294831227263524
24595.14307992203,0.043170680413295096
24810.27133907596,0.04236347213925202
25023.086632693063,0.04426844889909394
25244.31786271451,0.04378795430693662
25468.23449083106,0.04687953643826033
25695.99921813917,0.04375462202193268
25927.467213114753,0.04211643718170263
26158.46893317702,0.04291769776493188
26374.66000783392,0.0493109524424434
26593.05516705517,0.04268730666363172
26827.249217527387,0.04428385651069179
27067.2484375,0.04359682763581492
27298.45529090199,0.04701474160806196
27535.38123282293,0.043927136033536984
27770.87766990291,0.041831803060439765
28006.82654659358,0.04257657788038386
28244.663799843627,0.043792268318641615
28502.859649122805,0.042370184457681245
28753.71020727415,0.04116868824020763
29007.274180967237,0.038015561452449775
29273.824059561128,0.04042352618227574
29531.90799220273,0.03727614084759398
29793.975352112677,0.03943344958430325
30052.445266848463,0.03909321379318979
30303.1210815047,0.03626704603532601
30547.93442622951,0.036563131030592284
30787.273330730182,0.038672842924517004
31015.671618451917,0.040359450344654595
31245.10989440751,0.04583875413342651
31487.097932110806,0.04439389113371683
31730.58671875,0.041415300810159164
31953.7099921936,0.042742309484418116
32164.908343125735,0.04288349723404705
32370.017127286883,0.04070428925560168
32567.33997655334,0.04054269547507241
32765.18960125098,0.03997115052461288
32968.03757338552,0.039837646087677245
33187.673946957875,0.04036609254404009
33414.71545988258,0.04242585093032675
33644.690689520845,0.04003834787214548
33879.49529042386,0.042593147825168584
34108.11940879036,0.04513071300406199
34340.40422204848,0.0410248827408099
34580.93901485536,0.03765395279256713
34825.98166211471,0.03551039011372308
35070.1217221135,0.03740284142131012
35311.01018409714,0.03826304020460625
35541.330475448165,0.03936775494402976
35771.294851794075,0.04179416710629301
35998.254595228784,0.036883040189191786
36227.97609717868,0.036473994188988244
36454.09652207894,0.03923557571127023
36678.72695449241,0.03984784165024166
36906.25331772053,0.03902131070252224
37141.52674736431,0.04178278349066025
37364.85898942421,0.044677481506474846
37595.74863174355,0.046263796224401584
37841.37543996872,0.046070416355727326
38087.48619214314,0.040575367933560404
38325.90634796238,0.038570669358625624
38561.35310183379,0.03879147187689826
38805.8193523215,0.03891656684029688
39052.59976571651,0.041364942034557615
39298.91261755486,0.03888647365766752
39556.63728549142,0.038087874299331
39819.97095761381,0.03948667882342748
40058.51438569207,0.041895395157713185
40285.36146932396,0.04304468014854592
40497.47454972592,0.04175260740056635
40717.77907884465,0.04522826533625854
40931.872115760656,0.04897198585732335
41136.688620420886,0.04333787322510855
41350.49160484186,0.045207582089488885
41578.316796875,0.044826448097076046
41803.77530285268,0.04432604693179193
42039.369633099144,0.04054495539976434
42294.11996873779,0.03719291226778032
42545.121970289285,0.03998616230554732
42804.96954314721,0.04117152698672417
43062.067915690866,0.04234520190522661
43322.99647749511,0.04693810727926526
43576.2261208577,0.04446596035558058
43839.29773082942,0.04319941526467551
44104.43984375,0.04521651796368107
44369.69651935862,0.04107511778048908
44629.253125,0.04215191075913101
44881.09625876851,0.044144832792873887
45146.98549019608,0.04304460171673536
45418.84696261682,0.0430061559323764
45685.11831315892,0.04313225357688714
45946.920579029735,0.04262029785085517
46221.43671875,0.042751466963217286
46504.56056448451,0.0411463616240544
46782.873052959505,0.041233872573353376
47072.36370746969,0.04692209958910772
47363.94021101993,0.03927482829181973
47649.603044496485,0.037867948843218875
47924.53843152556,0.03886692699710774
48195.76330203443,0.04050173718262814
48459.6453125,0.040541697709366206
48723.78588143526,0.03814792401380229
48970.46773562769,0.04128442511707745
49220.67512690355,0.04470405239212885
49473.584440969506,0.03902952336577426
49742.45066562255,0.0377253336153078
50003.116360796565,0.03894201659292947
50277.00701754386,0.03802132370270193
50556.40561622465,0.04062541210128564
50834.72392156863,0.03936489334095808
51120.49200156067,0.04080058615282527
51423.29696024941,0.03792277170333256
51715.58466953461,0.03752874198065119
52012.60352250489,0.03825627259545703
52304.43013270882,0.03753237246515396
52589.16282702069,0.03921787102095908
52879.18288393904,0.03677680381609573
53172.57533177205,0.03710458945157713
53461.819460726845,0.04020792695291434
53739.86427457098,0.04111721964367533
54019.19194683347,0.03866365512228354
54301.337377690805,0.03944729399340961
54585.90554254489,0.03822739905310918
54872.708692247455,0.04151955328780082
55155.93864790934,0.04039908176166121
55432.667056074766,0.03871815153338952
55706.1881342701,0.043816120941992366
55988.98826750098,0.0417544456527703
56273.45433255269,0.04134198318041076
56555.258722069775,0.03807745151769756
56844.13239875389,0.03867296668544493
57124.324208056314,0.04135127229421242
57392.95592823713,0.03740881459099609
57657.24148727984,0.03894396355276818
57930.47971918877,0.03249149200596105
58210.452296819785,0.040430799608393436
58474.90112884391,0.036921187004525756
58737.6317844592,0.039559640172425345
59005.709525676204,0.03810626815455704
59290.17711171662,0.038054359586691934
59565.273046875,0.03858409066888928
59842.35510363708,0.03820172295097368
60134.1109375,0.03923796462072038
60425.971885982035,0.03964134280973833
60709.244921875,0.0393315698684077
60994.39796716184,0.03905958021430236
61270.950762016415,0.04122432264411664
61554.14403131115,0.04117085357618469
61837.69353582554,0.04241340757386976
62132.83098591549,0.042802479932442114
62404.8548513302,0.04276805019322875
62682.18854694196,0.04249016764042201
62953.25761124122,0.03964325088917039
63236.19475948377,0.03928660571030106
63524.91253416634,0.041267503254717425
63809.3232994527,0.03705804177189725
64100.50704225352,0.040442748906549156
64395.533931357255,0.04207437409891197
64685.71843137255,0.04510748562353614
64978.11886204209,0.04184644907100751
65276.89154267815,0.0418581924487237
65566.61670569867,0.040982230660055095
65858.94394706111,0.04093572182263366
66140.89761625635,0.04088635156949071
66422.62241311987,0.04053381848361869
66694.06843957763,0.03796083194641738
66969.21892103205,0.038901916961944255
67239.63412729402,0.03979416765666247
67511.75205318733,0.036847437271344305
67784.63285212641,0.0403296058465603
68058.30880626223,0.039929538063101615
68318.2001560671,0.03986425700444378
68587.22962962963,0.03793543062061417
68845.87377881985,0.0398567122817829
69114.01055099648,0.04149792212941263
69393.13732394367,0.039211167769207814
69687.665625,0.04077271836645171
69978.92979719189,0.04104715552896149
70269.17637856863,0.038752957389234045
70555.28884540117,0.03947071716901907
70851.23451499805,0.03841057024801591
71143.46971473232,0.04611911524918835
71421.63799843627,0.0437671260264468
71706.2017167382,0.04496264623751258
71988.65713166144,0.048728142023988764
72258.94346978558,0.04302233205183927
72536.048103246,0.04160105868123087
72802.40272904483,0.037714982613295533
73069.81423543215,0.04476045909345029
73350.97454972591,0.041101623156202034
73638.40132347216,0.04047954129068253
73922.59882583171,0.03678657963451646
74225.35179407176,0.03852120086543426
74535.45447440406,0.03898573902546175
74840.105859375,0.039825850882896946
75156.65885111372,0.040833787578394384
75470.60625,0.03929752003702477
75800.07836990595,0.03951305507546073
76123.25136399065,0.03520239405385475
76446.6674473068,0.037285732920353774
76769.47090980086,0.034926676372882874
77079.85072293865,0.03738605762102028
77401.47374608151,0.03803965659758224
77711.42222222222,0.03773685190658002
78022.10394685424,0.04022278390650588
78324.68336594912,0.04151133071695413
78637.88434579439,0.03907518592081558
78963.72570532915,0.03778143283073699
79297.85630613042,0.04163401787849121
79615.06596409055,0.036182648468650706
79920.95355191256,0.03800789707193377
80239.03609258533,0.03803353019962262
80542.92912772586,0.03988689095175738
80847.88333983613,0.04021003766313184
81144.5410476935,0.04190382607395516
81430.16608050019,0.04191495234938864
81716.54293520687,0.04013366470753267
82017.40484564283,0.04252915028339216
82308.2538071066,0.04005400640863318
82612.77166276347,0.042700384210555616
82914.59537798668,0.04034814939913719
83218.82943013271,0.03908281119031803
83534.480859375,0.04312802911626555
83841.13806552262,0.04188470126350823
84153.76156862745,0.04122690202952374
84471.66199376946,0.03906248905542018
84794.82251759186,0.04085200795220797
85105.75809598128,0.04458301848930246
85424.790234375,0.04239016471018635
85739.34466588512,0.04044397918650957
86041.13091051191,0.04497628461500924
86349.47049628761,0.04105409494940095
86664.7544065805,0.03986346294416615
86984.69290724864,0.040696445203539926
87299.63100351425,0.04295339938180205
87614.58871915394,0.040798001594715846
87920.574941452,0.04087699686989521
88240.07059282371,0.037706476631610183
88552.633984375,0.04050073370172717
88848.74011741683,0.04024563788210367
89157.53257900897,0.04196835703572371
89465.48708920188,0.03990641150980471
89772.76231430806,0.04051047394450484
90084.70904836194,0.038264086903383225
90384.02888368462,0.04169245419074936
90667.97528442527,0.03910307454365355
90960.99260124611,0.044287946069050996
91246.2140625,0.04013359141027669
91540.1807887544,0.03662501283133376
91834.18976962124,0.0405795468563958
92133.48282591725,0.03925871909011625
92433.20453656629,0.03958161473293327
92725.03832616347,0.03680869881150993
93032.50526726492,0.03743005494311003
93343.24326434986,0.03674424301989668
93660.07626124365,0.039331755622476774
93967.73776908024,0.04141666699130528
94279.08683800623,0.042473340642611705
94580.6059421423,0.05003281745794301
94872.3953033268,0.04064555587733787
95156.13206077133,0.039256936891807266
95436.4299687011,0.037911191138258755
95709.65846994535,0.038942870871077
96019.118359375,0.04185272336887451
96343.1803599374,0.039442352518231395
96658.36640625,0.03923842883571287
96987.05082095387,0.04007433320767432
97320.52598671356,0.03727575355974521
97660.1890101325,0.04240621519232114
97970.68727984345,0.04280229496621706
98258.47563352826,0.042831878990927136
98536.61204536566,0.0431884924439681
98808.87026182102,0.05218183953965601
99076.86294416244,0.04573526739019021
99354.69840031213,0.03897930518628524
99650.88793103448,0.039290623657182534
99932.97498045348,0.043308390496546896
100211.79976626413,0.03908663281139751
100490.55990602975,0.038055602871533534
100780.81196247067,0.03397219558065348
101064.90706755174,0.036129861142841335
101355.34064212999,0.0370511326966551
101647.5732708089,0.03492438908618015
101944.76764132554,0.037500766142246476
102256.15543435917,0.041454103719323385
102579.32396565184,0.03959256491131817
102889.05007824727,0.03976173141405137
103213.08998435055,0.03995673778729485
103514.32786244627,0.0386944519974569
103813.59719516945,0.038610766029523
104118.76772424599,0.035915151775186976
104416.26921576278,0.0390248302147434
104698.49219359875,0.04047146078150917
105007.5833658727,0.039728941012132854
105308.91888714733,0.036956269828831115
105600.60233918129,0.03862818379347252
105915.17452830188,0.041706623933666774
106232.5275621118,0.04127576721934087
106539.41588419405,0.037306438608444896
106848.79093395857,0.03481588215547271
107173.49413604378,0.03853477246494879
107511.09618380062,0.03554868830259934
107848.93505477309,0.03745765455385591
108189.16543113539,0.0381297907652336
108531.12846544318,0.03422600011025507
108872.01955416503,0.037295155086404824
109219.67733125245,0.04469835462173103
109524.09479044261,0.037110981669913765
109817.94108466641,0.0428666501730523
110107.55029354208,0.03800480245436969
110405.33476060723,0.03971047902912761
110697.32017200938,0.03688801603006332
111025.33098315707,0.037677540284390174
111355.68056096611,0.04000820900259657
111681.7034428795,0.038869695783356924
112006.19507427678,0.03775538169400798
112334.78682774746,0.040276754398361835
112666.64593114241,0.03702580755477655
112997.07923497268,0.0412829695515943
113312.32004689332,0.041658115459475266
113653.53948397185,0.03869370849886121
113981.38056206089,0.03947769142693561
114311.78077373974,0.03663366868730691
114655.94494338149,0.03897067987897408
115000.169140625,0.03504927101026055
115335.0215348473,0.03798566940587576
115661.9797349961,0.038815901395596875
115971.94913928013,0.03397289558275469
116272.72085769981,0.035767327905871456
116593.58101216164,0.03291606589541452
116916.71851851852,0.03692401948584392
117247.34128225176,0.03859333484873398
117582.87451133698,0.03752675811386841
117898.71445266849,0.03801137115340064
118211.49276495894,0.03729752311601707
118507.60023400935,0.04013803949462691
118799.27318982387,0.03619984324092655
119108.72911787666,0.037068583889211075
119422.3692848769,0.03587010492542372
119719.0062597809,0.03341784843692023
120039.43415396639,0.037713800492578234
120357.00665362035,0.037863544654785496
120643.65565487757,0.04258611485094392
120949.69514106584,0.03800505190302548
121254.81325536063,0.04367235909361547
121544.44753328113,0.04691075420508788
121822.67719298246,0.048376608359439
122092.7294440094,0.04130997764904962
122356.40804373291,0.03837352084381944
122617.43459586099,0.03582109991326158
122885.52165431135,0.043814098342382375
123169.49902229175,0.044379503020618806
123448.38758782201,0.03771345146050212
123741.07848496681,0.03576197631767499
124056.73419203747,0.037722647381422156
124354.11171875,0.038264400447907417
124645.03403755868,0.039113476475171695
124951.2674736431,0.04430380554316863
125266.80281690141,0.038626877126588424
125587.29122807017,0.04104782190010015
125905.39507620165,0.038300312007411345
126229.20978473581,0.043481666483744436
126536.32995319813,0.04125983656791758
126836.23485736616,0.038684663994772404
127155.09546165884,0.03911906306971325
127465.33138401559,0.03901648193735462
127778.17985893416,0.03804430247091445
128074.82401251467,0.0367925184820634
128357.41682898325,0.037007486423178214
128644.70480281141,0.034583916202532795
128926.70167903163,0.034828673080685844
129199.52071931196,0.03490250689109617
129466.45852895148,0.03821760294397991
129731.71723868955,0.0401664852256788
130025.39266198283,0.03938935803784025
130316.97926447574,0.037793918142138914
130604.89820592824,0.04209581667590371
130885.61863743149,0.043790484804902906
131172.71439749608,0.04485985114479048
131462.28393621158,0.04458449873307389
131758.214257736,0.042211394938255924
132046.21484375,0.04014849629521337
132352.1193913383,0.04040715526687839
132656.18532969177,0.03965584364417178
132951.19294117647,0.036531358582442004
133257.63040935673,0.03470684147475285
133576.08212749317,0.03533954152384993
133884.33515411627,0.03245020321440178
134196.89527159047,0.04027864319156032
134493.99375731565,0.04129898167168542
134791.72727272726,0.04262756127055305
135080.0566185084,0.03757497030337631
135367.78350918327,0.04136495243116532
135638.3044834308,0.04076233372977372
135918.29347401328,0.039969567344685486
136218.368009386,0.040474636709440515
136497.14307992204,0.04487346505019237
136754.0680218921,0.04519380594602038
137022.17992943944,0.03868688444369838
137286.4052897705,0.03866208712144076
137544.60258418167,0.038663917730711726
137809.20904836192,0.03844198000430724
138075.421875,0.040386682129422764
138336.23770491802,0.038130002332985344
138598.50293312475,0.035269087388302804
138869.87558685447,0.04098733305168268
139153.18274111676,0.03955230726060019
139412.19594067134,0.03786897601349678
139679.86416861825,0.04015721173800184
139970.7145646232,0.03768220228900206
140253.5287446226,0.03436285900235595
140527.17584994138,0.03408398212883269
140803.7368833203,0.03556336907266896
141071.11675126903,0.03704339227129222
141334.04802811402,0.03791374694445444
141596.09211553473,0.03505886029962503
141878.735546875,0.033812933814187526
142172.52734375,0.03522713772596428
142471.878125,0.03681561352415995
142772.73309886674,0.04041914583605537
143069.4882629108,0.03875197943478018
143375.7418224299,0.04101591647156359
143690.84181675804,0.044825679716817904
143995.58014073494,0.04360589150849686
144306.3517724971,0.0438552295645136
144628.2825745683,0.04158949229266085
144946.29583495524,0.0399529918349422
145268.37235708692,0.03640374238063962
145575.253125,0.038966497717468254
145879.6547294667,0.04114551688920191
146181.5015673981,0.04230693860255874
146475.43108160875,0.05310784707421502
146753.4375,0.04522206020372137
147026.11847233048,0.0428851132126896
147322.38401253917,0.04566817099321565
147631.54155286774,0.04582164377907205
147948.45074276777,0.044676795200785324
148262.80779727094,0.04205995908867077
148609.39796716184,0.04068144721602436
148962.96484375,0.040763985473346684
149295.460546875,0.03828958642411891
149618.26948687818,0.038252771986379205
149947.89601250977,0.03739536981228327
150278.6625097428,0.03646986512899219
150605.71138845553,0.03643242870793155
150938.18021892104,0.035957380987270235
151264.12064238152,0.03707964193378912
151591.397265625,0.03724750215210757
151921.6933281311,0.035892629357938514
152256.70347249316,0.03719587725425306
152593.9976535002,0.03949075560023579
152923.83937621833,0.03614801129255413
153245.30246189918,0.03472222384046349
153551.96985121377,0.03781548052154959
153854.04957064794,0.04139915980563471
154138.55377395384,0.03871154231310066
154424.7349961029,0.04363233745282262
154713.96709753232,0.04212272512333342
155008.32709551658,0.03892993185446056
155310.50137201097,0.045179333956772795
155601.17269544923,0.04376125339834031
155901.8191780822,0.046981523377108425
156208.8138899727,0.048250835900138206
156526.38032018743,0.041623035407419844
156832.0938967136,0.04022962895923274
157131.6703125,0.039533493105978944
157443.56106125633,0.04376700722571125
157771.49120750293,0.039335152035710315
158128.3925636008,0.04093593964904135
158485.9695669138,0.03893021325715099
158830.384375,0.04808679432439114
159151.49784398274,0.04977827618350031
159452.86892259822,0.055525850872366694
159740.16484375,0.05182793550451283
160031.0661448141,0.040262206259738614
160329.74024960998,0.03716990139218085
160631.37568412823,0.040207156010804344
160927.12392494135,0.04087511551369147
161236.79780993352,0.04164724233283492
161558.77847113885,0.038721683214754256
161869.82251759188,0.0422413395605066
162185.03325508608,0.04368265836762506
162524.61433580055,0.03920907655163699
162862.29292139225,0.039440108932560725
163202.16145426114,0.03733315125675222
