D,r2
42.12149944873208,0.1521744338940572
58.64604344453064,0.13457056555423408
76.5754927860191,0.12170689727019135
94.71283929340801,0.10556393115709653
112.80753320269976,0.10220829469217348
131.88674463937622,0.09272108228047647
151.45701454234387,0.09083848613869776
169.7055160142349,0.08949672884505383
189.13460416261427,0.08444017960773051
210.4409609120521,0.07986258647160063
230.91978160436793,0.07831168159950481
251.6085431283533,0.07860248485592641
272.72474747474746,0.07644685427523676
293.99538300104933,0.08042281498323021
315.4318859088974,0.07752313670318853
336.37698242606086,0.07701446452711708
358.5441434418242,0.07389534139816334
381.2447805709416,0.07094474497285326
402.4260303687636,0.0708127133684142
424.7776683733753,0.06895826659705874
447.32908434246866,0.06777341370595967
469.5136915791641,0.06332926221878328
491.9594399835289,0.06773401730725119
513.3765182186235,0.0644280932314719
536.0181041497152,0.06558415262967036
559.4052966101694,0.061211047382412384
582.1318897637796,0.06421418678471445
603.6713520749665,0.0610998263478358
625.5608023401588,0.061865457632369086
647.8770828824929,0.06023220526672116
670.571185358587,0.06028182008599396
693.1032842582107,0.06146627901285864
715.7561702127659,0.059204143305701
738.3293615107914,0.057919562268304144
761.0199015182602,0.05732840911711371
784.5735709628342,0.058563883943854575
806.9604255319149,0.05442284118437255
828.8695155393053,0.05447111502011037
851.3262599469496,0.05475375862393719
874.5944881889764,0.053307018746363066
897.0133333333333,0.05112616958655015
919.8327601031814,0.052534897422506395
943.2181933842239,0.05228842030762439
965.4295212765958,0.052863627312635816
987.5440518783543,0.05107749752541985
1010.2706135629709,0.04952667608198358
1034.3040152963672,0.048479593854461524
1058.2154081187255,0.0518309418138079
1082.3588820664831,0.04995208233488657
1107.0222502099077,0.04820406259336236
1130.9453762466003,0.04592149280010726
1155.1340932642488,0.04609755329444769
1179.7801126516465,0.04825540261939594
1203.5852260198455,0.04510136852458044
1227.8442136498516,0.045598644180488306
1252.5384782608696,0.04838324521108903
1276.552783109405,0.04544382568001956
1301.0422169300714,0.04568710977283239
1325.4094488188975,0.044521495604963546
1348.7983503364446,0.04654170520373546
1372.4100257069408,0.04571793443370153
1396.4679261862918,0.046348918410538884
1420.6016330038676,0.044235084445386916
1444.3372465314835,0.04570970614225734
1468.8856096510126,0.0457908119997012
1493.4814652336038,0.04397049764259527
1517.5424307036246,0.044335258589584696
1541.470297029703,0.0459165540428174
1564.8845219695297,0.0435215294881079
1588.8808158062461,0.04537345831624164
1613.5298667812635,0.04452195415638754
1637.044908848377,0.044307968053768104
1660.5271367521368,0.046741418460797414
1684.9445865302644,0.04329913886855866
1709.3283813747228,0.042965358097152434
1733.871528513886,0.04307638186400476
1758.7077357670578,0.04607459670680421
1783.1056928034373,0.041616539414735323
1807.41298192115,0.045352363697871614
1831.2801302931596,0.04329885131186941
1855.995383969786,0.04294038379186272
1880.5065107040389,0.04289749751837208
1904.5450765864332,0.041875913727870605
1929.0855207451311,0.04235048151053953
1953.5990913024664,0.03998423010275974
1978.1399474375821,0.04093609643205827
2002.6747168198333,0.04254665806638435
2028.437049597287,0.04205004703367496
2054.455098934551,0.0425771071365953
2079.8736935734933,0.039916331688997796
2105.138302364865,0.04207936480773168
2129.53068511493,0.03937354826325981
2154.466956701885,0.04064826390007196
2179.4966562639324,0.04164273561627439
2204.0075349838535,0.042849192382494336
2229.308743169399,0.04135821889035037
2254.9157155399475,0.040935965756752214
2280.4105771340796,0.038300381481347616
2305.5261659732864,0.04106677972538732
2329.951565143824,0.04158448519091929
2354.940527681661,0.03830640121816985
2380.016548463357,0.040192163863571044
2405.030665506742,0.038845268831336384
2430.3040017211706,0.03779835816679906
2456.5313368983957,0.03979108087336446
2482.0361951004193,0.03853963564831639
2507.3547844374343,0.0386710618898526
2532.978462201163,0.03866604596330558
2558.1411637931033,0.03953995627770821
2582.4736253911487,0.039654239141462565
2607.3096936634493,0.03766093019056563
2633.0621556094334,0.03665087350717962
2658.6565420560746,0.03577113579245717
2683.8137749506473,0.03674522929473397
2709.2084329493587,0.037148936687005335
2734.236423118866,0.03714739833873167
2760.51241247613,0.03707925574284333
2785.957823426573,0.03775091424679588
2811.438365051903,0.03779546728269054
2837.549100368524,0.035570829896514146
2863.432216216216,0.035968968065282735
2889.5646287285804,0.036508673963201614
2915.479965532098,0.036342476285003526
2941.5282073622307,0.03582014930574969
2967.5175288584865,0.03509892309678442
2993.2835559448217,0.0336196487040008
3019.521767810026,0.03527855580463972
3045.2843642611683,0.03456420271304942
3072.0105285323225,0.03415327102737456
3098.91161888338,0.034257915566125764
3125.8819969742813,0.034555833670017515
3152.9384581690756,0.03470748683971368
3179.968615649183,0.032966908638890374
3206.542130025663,0.03272367504605074
3232.931877729258,0.033666282212641195
3260.028107158542,0.03385474442647938
3287.0215217391305,0.03465580266546416
3313.9528099528097,0.034316069687582225
3340.6633642041784,0.03442597417153
3367.0277953253317,0.03280187778774041
3393.1310572687225,0.03242679817970344
3418.415548455804,0.032420748973754486
3444.947757945146,0.032642235513269544
3471.386283961437,0.033967312382464594
3498.3571580063626,0.03330414443750278
3525.897764992255,0.0332886113380142
3553.680464625132,0.03316408439806462
3581.1679389312976,0.03216826045652899
3607.9786598378146,0.033016832853661165
3634.6060673656034,0.032985711836258966
3660.7644957983193,0.032292056555598934
3687.561797752809,0.0328518266898539
3713.9487396737977,0.03165912804742486
3740.8300583027426,0.03253753598977348
3768.093069306931,0.033091066603196176
3794.9495834223458,0.032299630798455006
3822.0762823323103,0.03359675069151221
3848.793868232224,0.032293893923942246
3876.442041159177,0.034031157038331664
3903.9542669584243,0.032864482300523044
3930.552232241038,0.03230634501948453
3957.5587181109004,0.03171401475761935
3985.374678663239,0.03203251357129292
4013.5559196155527,0.03122243721691445
4041.1900393184796,0.031518555240390156
4069.6523880916684,0.03181492592228334
4097.443820224719,0.030767781461804443
4125.616902616903,0.030243346846899406
4152.9770363951475,0.03165414014161705
4180.487667676331,0.031110458796365478
4208.080113512334,0.029926040129321627
4235.0891131629805,0.031051036625858706
4261.868376068376,0.030142172376868743
4288.5234409553295,0.030786870920344732
4314.848182011482,0.030433016291166525
4342.270335452751,0.02992200278082996
4369.147334754797,0.03221114544537158
4395.973356628085,0.030745420349583573
4423.086882453152,0.02983679689250114
4450.143201226188,0.030192880416982953
4477.466624419096,0.02960965817033583
4505.005648490115,0.03155457816116049
4532.041438281079,0.03154635014534502
4560.132243684992,0.029783554835301575
4588.710037174721,0.030037988868658168
4616.374193548387,0.031137030160296446
4643.844380403458,0.03127307419273985
4670.763805004314,0.02854576731889177
4698.586733626282,0.0319382053955446
4726.081259634442,0.030083734536530557
4752.978227737862,0.030561218682931098
4780.439317319849,0.03045207888158583
4808.258309797958,0.030320405677514557
4835.521272024065,0.03046289248701613
4863.0264712316775,0.030627097966456174
4890.488759187203,0.031962250189608056
4918.146116717859,0.030564031965375466
4945.671888230313,0.028889632378422438
4973.383853606028,0.031295467364753526
5000.273226444103,0.03037599174100958
5027.4985119047615,0.02974438474806068
5055.750214776633,0.029258570219029185
5083.028341887972,0.03033496200975102
5110.11575562701,0.029104655813850414
5137.030141085934,0.03005062754462641
5163.956540355384,0.02961167635626906
5191.113447218572,0.0319466413976221
5217.966731898238,0.029015870780215974
5244.977594083098,0.030187287602931295
5271.788717288718,0.030466486449229065
5298.987857762359,0.03024507026955788
5326.331160639193,0.029965642338939075
5353.893959435626,0.029187975932272427
5380.888700804063,0.029613162591151005
5408.126135871917,0.02967073889662104
5434.781682407204,0.029263234461714836
5461.9738789725725,0.03033564135898096
5489.9865064305295,0.029037534377099567
5518.037489102006,0.02922072217438649
5544.904257666005,0.028873888272731255
5572.471549893843,0.029591866172401053
5600.0722124670765,0.029424399889745628
5627.612704482685,0.030266398896713863
5655.4875133404485,0.030607334773948704
5682.966570091375,0.030330402440091435
5710.453568357696,0.029732860015053767
5738.709188034188,0.028874802906951918
5766.449275362319,0.028949840516278663
5793.899126637554,0.030751058237457267
5821.354921724212,0.03012147201355764
5849.518827556697,0.028210423912855224
5876.525839222615,0.029981772366962527
5903.042675159236,0.03034387271878376
5929.495335213713,0.029173027643762433
5956.01133932392,0.029482903113100895
5982.974069148936,0.028999775760043787
6010.712761416987,0.028257104215480708
6038.464680851064,0.028569407670836464
6066.084640171858,0.029679246821370703
6093.62380538662,0.03004841427293442
6121.433491175205,0.028956282712805786
6149.45670995671,0.029460049764180183
6177.033802816902,0.029697705257190034
6203.985481742191,0.02981494053970077
6231.648711449092,0.028750068412199074
6259.052344601963,0.029165502342586514
6286.505179110919,0.029263435044992372
6314.549989156365,0.03125825727947642
6342.0225481611205,0.027977242122457335
6369.252475247525,0.03043769657386786
6398.153894870171,0.02896999832495666
6426.405847698014,0.029946501655696216
6455.098479982873,0.028984997088639008
6483.246581289342,0.028207801152499226
6512.126672421235,0.029423033109913555
6540.421166775103,0.028352530320409793
6568.448342660353,0.02782523247819532
6596.475877192983,0.028188827093170856
6624.42030544203,0.027356844760892427
6652.282589865743,0.029727588901657956
6680.507030067056,0.02850762698057125
6708.400480139677,0.029311660207021018
6736.359135135135,0.028754428488979248
6764.947571981092,0.02816329289925721
6794.190373871938,0.028177869686769812
6823.011059123777,0.027713841851800678
6851.680540181536,0.029078171811271054
6879.713176622817,0.027968758946881004
6907.991730279899,0.028057993180216054
6936.571864111498,0.028123038408516446
6965.244406562966,0.026678765539074646
6993.455192350456,0.0274389129310767
7022.292122773128,0.028116035109534726
7067.048320968372,0.02755041570863304
7128.497723970944,0.028066188560477632
7190.633252309188,0.02789222274004601
7252.344985841227,0.02707773886592017
7314.317287078542,0.027458230465198543
7377.123763830412,0.0271916163548981
7440.7500969367975,0.027611380325712143
7503.4864391951005,0.0275949218499693
7565.280183791182,0.028337113473950376
7627.784903463666,0.028816441517893976
7691.121734024856,0.027824581917211644
7753.771277108433,0.028604380307464317
7816.924834991626,0.02840361370885878
7880.233604967016,0.02835642307077718
7942.841801272638,0.027684754026410067
8005.66585175044,0.028440385258569106
8068.513035921205,0.027157968051930687
8132.163786407767,0.026998010083541094
8194.423312883435,0.02694271747194209
8256.98298492951,0.02720654933826517
8320.644498539436,0.027760238466496397
8385.656457925636,0.026526550136622484
8449.12125073515,0.028100468108793023
8512.281553398057,0.026868359511213455
8575.825282430853,0.027141658212429247
8639.135884420148,0.027575957540007086
8701.865091610414,0.02719110652135551
8764.82705078125,0.027558817482551068
8826.538740327162,0.02747132171401647
8888.84196185286,0.028077492621444305
8951.79491921355,0.02688309571223384
9013.236032150558,0.027853444440833167
9075.09031262061,0.027516256032712114
9137.914221876821,0.02695628115458953
9200.93974005514,0.026498538361235377
9264.491956712489,0.027657560633463942
9328.323038073038,0.026346667425395112
9392.937233630375,0.02749325912188317
9456.986068870794,0.02747580448406173
9520.901097833479,0.027230454389255192
9586.3183685446,0.02733276605336248
9650.448024847132,0.028508578079719987
9714.94165442976,0.027529899475163853
9780.42110884552,0.026776164881313156
9843.406791138628,0.027274740689951935
9906.220470889568,0.027275493253621597
9969.393994979726,0.027018951187940603
10033.331796330815,0.026866120343370773
10097.75889212828,0.02664747116725923
10163.634593023256,0.026678246799662957
10228.871326059176,0.027210812252628773
10294.867283950618,0.027734744665159006
10361.300226623312,0.02808790785717174
10425.336677054927,0.027852575345703588
10491.419494376622,0.02784019088712373
10557.15819041987,0.02838169747852496
10623.038117239388,0.02751319396186322
10688.769747735463,0.027806128035163552
10753.362205494182,0.027425195835750957
10817.743228602383,0.027745547394149906
10882.6726317837,0.028424489015275656
10948.417552413457,0.027599285091427374
11014.074052478134,0.026970114869141984
11080.046829552066,0.028568188018242156
11146.46496939073,0.027222489720176657
11212.95839394821,0.02737111107218373
11279.844176233932,0.027746426116843054
11346.714896511516,0.028022843906114234
11412.133496571989,0.028825379828299635
11479.358146748085,0.027945458263337688
11547.440023405501,0.02803711599571856
11613.913216328905,0.026422673333013503
11680.127914985733,0.026538024057592004
11748.267600155581,0.026934261780506216
11816.639203436158,0.02720043729875377
11883.92934467427,0.02661057462037902
11949.85112855741,0.026785350651837403
12015.859268624781,0.026938259858211647
12084.148245871202,0.027334496241161094
12152.669427123928,0.027768373863555924
12220.870608729314,0.028543488964012664
12289.967149002738,0.029647347824084222
12358.405719305094,0.028715880977148063
12427.71541309431,0.027624623319548715
12496.375230515383,0.02755352683043639
12565.059720334046,0.027366727618913816
12634.944666341939,0.026953853061576823
12703.74858591769,0.027261776106872318
12772.758113540543,0.026876031589943585
12842.665444369391,0.027064397609239985
12913.873983341498,0.028118066834438304
12984.825300615896,0.0274161832866743
13054.984269446053,0.02768578402578686
13125.967512887852,0.02712486512342842
13197.321278467403,0.027668610756523812
13267.233942711897,0.02741249697537652
13336.35601018011,0.027568204080714673
13406.105559875583,0.027542161503129065
13477.121469198883,0.026950137563008177
13546.500877706261,0.02625156541569192
13615.831209261602,0.02664862366219079
13686.02853792025,0.026997536040349497
13756.796755076266,0.026526751512956696
13828.471889129152,0.026972704034113563
13900.709711640468,0.02673003405048094
13971.712597261892,0.02686265875723256
14043.085203094777,0.02636355092446536
14114.354898516784,0.027563583319878196
14187.070401877383,0.02707702226191816
14258.282786088985,0.026888762719967426
14330.355388078693,0.02670729322549343
14401.475438426509,0.028116190157337084
14473.005421628424,0.02739165734135542
14543.310607540536,0.027263915975869815
14614.597701149425,0.02678728347004301
14685.5432771882,0.02643316484431774
14758.403623258984,0.02656169561230602
14829.804220398593,0.02684810891326544
14901.479445414001,0.02628232586288761
14973.00470634376,0.026084801591688942
15044.433446767136,0.02581849001859314
15116.872573757764,0.027097366710414825
15187.835188439758,0.026013682496125692
15259.102054727822,0.026402069972022848
15330.447154471545,0.026100498190936343
15401.735710796287,0.027207208880079787
15474.892860611948,0.0263518075314048
15547.191974286548,0.026100241486574846
15617.120655993753,0.02576402127875904
15687.024806949807,0.025979473100441953
15756.721202003338,0.026230489591128007
15826.112175102598,0.027020132121783072
15894.61971008853,0.02624745509754521
15965.361011876026,0.02691724490451918
16036.568800156587,0.0256248226443923
16107.386696402598,0.026762862471798196
16180.061212477929,0.027284214201113648
16249.807087767256,0.026695196589385066
16322.515342785007,0.026565993072398406
16393.842223524814,0.026866008011460045
16464.62999121351,0.027552147992290787
16535.521044427125,0.027137842470771098
16607.22755298651,0.026299180146924013
16679.525138012617,0.027354549132146234
16751.666149520024,0.026198957737721993
16824.70112928349,0.02667781527752908
16894.894594070916,0.02783947946739641
16965.434023349357,0.02706893728629649
17035.4806699776,0.028088920985648937
17107.362328700554,0.02632906337959333
17179.257674690576,0.02655880026993474
17250.06326769351,0.026779712008915036
17321.324439288477,0.02752001791146949
17393.562981754316,0.027343486222281253
17466.5399513382,0.026744926132648283
17540.83040250098,0.026595980860339298
17615.20001962901,0.025968097713119784
17689.714134207483,0.02674297611491288
17762.910700236036,0.02675753260039785
17835.502322880373,0.026491900033979235
17906.916699066875,0.02744158370448284
17977.9012989569,0.027498078556201733
18048.412895707905,0.027955685146908566
18120.46580245719,0.027771523567492327
18192.13354889281,0.027738413214332576
18263.672163137868,0.02812665735304602
18335.193426410704,0.02762417776533254
18407.756533566502,0.02747003330281571
18479.75844988345,0.027623019764246384
18551.410529429162,0.0274748820113003
18624.055668703328,0.02785926688895274
18696.31715619529,0.02777474165665247
18766.98634945398,0.028087291183470843
18838.73283407897,0.02945014792531415
18908.831158714704,0.029504775270575073
18980.75855643817,0.02856979174929821
19052.667120887676,0.027351898681516492
19125.43082277869,0.02807943023805805
19196.647374585205,0.027683663437163893
19267.382688150912,0.027241144156976083
19339.100966183574,0.02727512586123433
19411.99561659848,0.028122246050796485
19486.926651790047,0.02877198605585874
19559.213902177096,0.02752949967862024
19631.469592599882,0.02791588191136524
19704.318572117703,0.027389235538645643
19777.10086088828,0.027325689110460107
19850.334591925646,0.028627446636354706
19924.436943547596,0.02713706444002845
19998.547477310432,0.02647356614863099
20072.13162227603,0.026916729233924446
20144.630757220923,0.02663641984918558
20218.49617271835,0.027774747249139406
20292.905968849762,0.027249680259077345
20366.83481228669,0.027047435587582616
20441.771587471947,0.027368949480352414
20516.83044881197,0.025897457248904084
20591.86343355965,0.027372564965496154
20666.932825619995,0.028455391214769244
20740.381443298967,0.027406196476483187
20814.731927710844,0.02764786348024572
20890.21755762629,0.026780272959301667
20964.781953434453,0.02743482020484124
21038.39278380757,0.026493504465286696
21111.70583081865,0.027053570547873752
21184.30470887065,0.02737720975814431
21258.466647190573,0.027574954267722173
21334.948530842576,0.027225235201643896
21413.496422355445,0.025816878941392184
21488.997142012417,0.026950435476453444
21562.428115942028,0.02636813111651326
21638.170587656266,0.025254275592433113
21713.906564678542,0.02622665624574783
21793.105003387205,0.02637422305198804
21870.975780250075,0.026979559342820477
21947.747918683446,0.02719859952864318
22022.79344519674,0.02661022356830601
22098.73656070769,0.027274681338882518
22176.169309611294,0.026310896336031384
22252.863231987485,0.026733435546902592
22328.630292363352,0.025664738963882484
22404.46627080697,0.026694353723183323
22481.084112149532,0.025987213246704766
22557.680003884627,0.02684940642708987
22634.02502667572,0.02581013285133082
22710.486206896552,0.026700019237301253
22786.43663060278,0.027306032704898526
22862.71522078937,0.02652087108260514
22936.981003409644,0.026939926116460657
23010.88186356073,0.026624356763741468
23086.430551544905,0.026480163505698366
23162.47112758486,0.02812584787575363
23238.51967276977,0.027028504175052273
23314.65758792985,0.0278773433501109
23390.675932269747,0.0275639784552124
23466.42160648774,0.027418328286763813
23542.710709046456,0.027416949830864
23618.86147859922,0.027184932954169506
23694.72085048011,0.027807944697874485
23773.12652586708,0.02717879283797793
23849.937786445636,0.026295604471584202
23928.062427184464,0.027309193554978902
24006.38798986157,0.026762529258459008
24086.359972810253,0.027583761593521022
24166.06336575302,0.027932227742558234
24245.53154913069,0.027018381772069586
24325.51937457512,0.02735455780461573
24404.54417612259,0.027621315949131062
24481.851764705883,0.0262891167328352
24559.576528637772,0.02767737941037232
24637.26680323871,0.027658762164888825
24715.181508846978,0.02799624928463114
24793.250536166895,0.02782651806824019
24869.84983869391,0.027454932315358376
24948.087784035735,0.028008582603594016
25025.777162831342,0.028112525254178053
25103.58179315769,0.027341999514071614
25181.43832276938,0.027563146912622048
25261.140071435468,0.028320077076292662
25340.944098775035,0.027191276796715274
25420.39516208011,0.026646105674944492
25497.853143466047,0.026991683314419684
25577.435588235294,0.02760652543427021
25656.557113442494,0.02709577155696682
25734.754044366946,0.026312822399162602
25812.96699349578,0.026485101069807535
25890.614727540502,0.02624022094860067
25969.183771803026,0.02719932602070773
26045.95491682252,0.02690705311715202
26123.846749975783,0.02650143485514264
26202.5303813518,0.026243055985168576
26280.460861056752,0.026765235006432807
26359.553423336547,0.02668876329551594
26438.722669283612,0.027231609430491147
26517.464192266692,0.02648439812736262
26596.515367352913,0.026895763482458684
26674.05913348946,0.02715854092085384
26753.305215022378,0.02798974515456343
26832.638390693166,0.027799294071002973
26909.956300713657,0.027176585565521712
26989.06697301525,0.027348572363589743
27067.42136412147,0.026586295966588
27146.36818851252,0.026903151864333945
27224.11929379633,0.02802603177534341
27301.745321242524,0.027786492126286193
27379.023860958365,0.027400614574501433
27456.464261533998,0.028012638614234735
27535.494562050884,0.028480574359056106
27613.057928613223,0.027655693196185337
27690.017127670046,0.027356619529073624
27770.28193191737,0.027776569183539608
27848.838304093566,0.027805890893914147
27927.617644207465,0.027186116159035704
28008.442421882606,0.028064446767850377
28088.870553650173,0.026789371777146367
28167.33206812652,0.027064543327640328
28246.825034173013,0.026885588306224614
28327.012853967335,0.02696006898311814
28407.941827440995,0.026889242408786197
28490.02161004575,0.02745187105835946
28569.798052580332,0.027841051631925275
28647.563608026496,0.027045598598282067
28727.671962797907,0.026425151829318684
28808.449941451992,0.02723598948607925
28888.69435248296,0.027757300580739965
28967.95269807071,0.028149665450400468
29046.437983357806,0.02780847005839313
29127.034816247582,0.026993154091104653
29207.33469626168,0.02742770411631951
29287.031913852177,0.02878874066122639
29368.734753146175,0.0278520420488356
29450.90325417766,0.028853121349341954
29533.133656644033,0.02794434625121136
29615.729877216916,0.02764120546726177
29697.961100846056,0.028789673251947943
29779.04964816263,0.02773267773426501
29859.766669920922,0.02771088552057378
29944.010301263363,0.027522444626121106
30026.76005479988,0.027658414173327775
30111.017552366175,0.027816614677523784
30194.869204489994,0.026732044758717266
30277.16369863014,0.026676927548962247
30360.810499854975,0.027026946140696825
30444.41432350348,0.02742031380857103
30526.51877865574,0.026629504428968286
30611.422774487914,0.027796630316246258
30695.63701032937,0.027564777468129863
30781.492566320085,0.027881075296084242
30865.37939846668,0.02735635039341739
30949.068992323388,0.027874595615473945
31031.387077884054,0.027953930155591923
31115.130938586328,0.0275798318780568
31199.921067961164,0.02730450475305723
31284.628064992616,0.0271345643946601
31369.924971031287,0.027594629514128072
31454.21356661128,0.02833530304550164
31539.50595703125,0.027420920872743837
31624.73077671793,0.027763208133973805
31709.337344720498,0.027672975913085
31793.49143635656,0.02720641082324226
31876.852386995997,0.02742144202366266
31960.910653256517,0.027443297109858666
32046.645370819195,0.027942536633404975
32132.508010941776,0.027909938114780212
32217.762903697923,0.028066185389429624
32302.90803814714,0.029058716937906036
32387.474243902438,0.027536864682901858
32471.88192561023,0.026895512327176248
32556.75747540664,0.02840431400354859
32639.85722661976,0.02857388493173357
32725.441878593003,0.027957525869277716
32811.28829974565,0.028019522456631932
32896.83422459893,0.02782586453417054
32983.01340115426,0.027603055505511787
33068.63004091175,0.027242250544101593
33153.13599301106,0.027285897050270177
33238.8600154679,0.027477605301869386
33324.128283026264,0.027561656902909678
33410.68466019417,0.027174901532827752
33497.71408988544,0.027788888417276433
33584.5598053528,0.028548965317251117
33671.24464442923,0.02672199526461604
33759.69054524362,0.026364108982341716
33847.769869977514,0.026754165644107614
33936.95135240319,0.02807780462379277
34024.329653150955,0.029064813597612406
34110.86459446333,0.028144643133922776
34197.389341875365,0.028585347613855866
34283.72656786731,0.028091465287691356
34369.23698296837,0.027873106583743337
34454.932359202634,0.02797735459989228
34540.42791380999,0.028728322330232262
34627.52375389408,0.02793035803999223
34715.82225026697,0.027651429060249248
34804.136328125,0.028081912372115426
34892.02349026133,0.02815849659576625
34979.95567030398,0.028863182550074192
35066.98906416336,0.029117236587412464
35153.24665373424,0.028687060083614248
35241.61854665887,0.02865506339201619
35330.86394690611,0.027833252846977657
35418.125676606636,0.027469550017213067
35507.30069592113,0.02755311992071153
35599.226314255175,0.027862858345629883
35688.865378987415,0.027976148086615645
35776.78118013026,0.028664870399042572
35866.24529227148,0.02808884197966252
35955.85669781931,0.0275650040505375
36046.557794787324,0.02712136921217142
36138.05198598131,0.02804199147738972
36228.03143246399,0.027934785472412217
36317.53124692452,0.027977639697603907
36406.08181374939,0.02832935428332982
36494.74919988362,0.02717641067989385
36583.01270151441,0.027432135656736665
36671.197457212715,0.02752391584505612
36759.568442346594,0.02637015471588805
36848.49664037394,0.027835996129446112
36938.1203287028,0.028091890111630897
37026.656179994156,0.02921398192565494
37115.4536282499,0.028665697531605968
37205.47217059571,0.02886885151168424
37295.05140141596,0.028271018962631293
37383.939900807156,0.02787143130883403
37471.23249682648,0.02854986402599998
37559.008673618555,0.02844986877562957
37648.13550082741,0.027895373849830235
37736.75759357241,0.02792996817083463
37822.40795344326,0.02819152098976345
37910.89212544907,0.02846077017841854
38002.88967482071,0.028104995742717385
38094.02365423927,0.027548781607059633
38187.43224367058,0.02635427836951674
38278.4515625,0.02699126917283179
38370.14196323817,0.027182805793564583
38459.73575781023,0.027752439669217217
38548.49896805897,0.02714277507257652
38637.4236481895,0.027348914262623314
38728.92666276575,0.026972600500897653
38820.11251090222,0.027715590478629593
38911.06560753163,0.028154099685612305
39000.153883448074,0.02807359630854553
39091.29780380674,0.028360114376208657
39183.56304957001,0.028402004971692978
39275.88811531673,0.02902331850691175
39368.66385577203,0.028653870562792522
39461.74719594265,0.028159342720309927
39554.91232503888,0.027784286435100794
39646.687316212505,0.027982402485001195
39740.78761061947,0.027579731623036136
39834.42594584026,0.027782219424956612
39927.261748211175,0.027019876861411718
40020.956878850106,0.027371130096167918
40114.44680019541,0.027369097106003007
40207.838068457284,0.027248614873572205
40299.5666699324,0.02768301246129295
40390.71035614323,0.028306161802391632
40483.82605723215,0.027303493244347027
40578.68769561815,0.027306819944116423
40675.16694086906,0.02749417923785877
40770.868059642926,0.02818739036826158
40865.4673892007,0.02715056629430996
40961.57133105802,0.027632615115377956
41058.85701771462,0.027821586164876944
41153.252393980845,0.02786532253096099
41246.87965224187,0.028993982326931775
41343.30536062378,0.027519340709337207
41440.3706679574,0.028733908822720082
41539.1188273108,0.02831813420746484
41638.22965429439,0.028623930327149348
41735.36982850499,0.0274675989961841
41833.23708117613,0.028187452048142412
41929.270349404644,0.02710448715661948
42025.007729941295,0.026845698311313653
42123.79326364692,0.02776385235577467
42223.36776090152,0.027763024878761956
42322.03840155945,0.02761273784941264
42420.94755719271,0.02722724343536619
42520.117612809314,0.026775515668470418
42619.02906520032,0.0278735825241446
42716.1379243453,0.027115967862838247
42815.28570041744,0.027114127231139977
42913.17779298211,0.0268188488239597
43011.4438147352,0.027408991614920563
43109.37063005161,0.029188280256550837
43205.73485802888,0.027547341273269386
43303.308171812605,0.02794427538069931
43400.433365853656,0.027975472205687055
43496.77006022926,0.028560184559908854
43593.78212674122,0.027862073342543495
43693.79969019266,0.02670417863732286
43794.47565725414,0.027671374152767454
43896.45998438415,0.026949725959669966
43998.631691857634,0.028132925323820668
44099.2657858947,0.02661336325981083
44199.58863725107,0.025784146958877093
44299.10010732755,0.02579469643806904
44397.27931873479,0.026479834417259117
44498.00174978128,0.026471520357101173
44599.025014714534,0.026627221059064666
44700.037040647236,0.026657554985769116
44801.241888478726,0.026768288602065027
44902.146729063075,0.027398612581180155
45002.28427575523,0.02702874924396683
45105.01286584168,0.02696859349287712
45207.55347619509,0.02687939570294502
45311.21352244026,0.027583588765156344
45412.533451223106,0.02757935143712927
45513.15631650222,0.027764461802226227
45613.41642314436,0.028433927861743022
45714.69146139616,0.027705122593175986
45817.54155313352,0.026328291803253658
45922.85790910864,0.02745623696116394
46025.17048222114,0.027239482669850268
46126.895812952454,0.02693407038931439
46230.5177222545,0.028289509067104122
46332.33271284412,0.029929554518573268
46436.05954228084,0.028815121206355557
46541.50741174176,0.0284577712572153
