D,r2
6.16546762589928,0.7328543361064809
9.044534412955466,0.6238405362782653
12.010526315789473,0.6059109580536819
14.0,0.7479757205664591
15.08108108108108,0.5664720204258036
18.0935960591133,0.5378241947814351
21.10599078341014,0.5185534043323863
25.36085626911315,0.47736618048608126
30.023255813953487,0.469677097653926
33.15897435897436,0.45287353829012855
36.16477272727273,0.44452865662494206
39.08465608465608,0.4393843500682903
42.14705882352941,0.4182215773793775
45.166666666666664,0.4086487253224302
48.13812154696133,0.4297354304799199
52.6327868852459,0.4118861439715676
57.130434782608695,0.40788418743582344
60.17218543046358,0.3600572852217505
63.17333333333333,0.3443268586718245
67.58361774744027,0.36295591990186943
72.1948051948052,0.33055040636303784
75.16455696202532,0.3160231814067512
79.73202614379085,0.3404123665602095
84.20253164556962,0.32857783073325053
87.22085889570552,0.3547272503851069
90.14074074074074,0.2984212069607826
94.55932203389831,0.3057175251205935
99.00613496932516,0.3495914210811115
102.09722222222223,0.3253924219914603
105.1970802919708,0.3107504869201925
109.56293706293707,0.3146701847058422
114.23571428571428,0.29789147115556863
117.16556291390728,0.27870720151334694
121.68888888888888,0.3136161158097559
126.27433628318585,0.3069369079768213
130.64948453608247,0.329435530415339
135.18120805369128,0.30421967941841205
138.19727891156464,0.29292225766257246
141.11510791366908,0.28786465566769764
145.6472602739726,0.3000692278359616
150.1679389312977,0.30849388530233596
153.2,0.3048675030576871
157.4671052631579,0.26669360749311793
162.1032258064516,0.2813182296167519
165.16233766233765,0.2799063032307249
169.5,0.27322208581601193
173.98684210526315,0.2606157581172375
177.23741007194243,0.25043297465769093
181.66420664206643,0.29325383534236593
186.15555555555557,0.24018758024009346
190.5,0.26096572857952516
194.99285714285713,0.25345209450625833
199.71063829787235,0.28485959165484415
204.10714285714286,0.2826630155350037
207.27464788732394,0.26569784585089246
211.73977695167287,0.26748374493997923
216.24615384615385,0.2795749394032075
220.5136186770428,0.27607518694120203
225.1448275862069,0.2922189430248977
228.25,0.2433927700894362
232.58007117437722,0.24622385743940517
237.2,0.25825383192448775
241.4795081967213,0.2479346557517434
245.9754601226994,0.2488928359637234
249.2608695652174,0.23048739572242832
253.68627450980392,0.25965031089803947
258.3032786885246,0.263144588040587
262.5338345864662,0.25100886350142737
267.2074074074074,0.23665186367968086
271.478813559322,0.2537106726567765
275.97350993377484,0.2485718718884716
280.6943231441048,0.23083391232375672
285.1788617886179,0.23664003632587063
289.79352226720647,0.24452894515912094
294.2368421052632,0.24595493156644277
298.84150943396224,0.25733712951272525
303.24460431654677,0.2503318087091886
307.61570247933884,0.23792638026929522
312.3181818181818,0.25372244204853084
316.87336244541484,0.23502974429013737
322.54545454545456,0.2499392013400447
326.95541401273886,0.22394884784066194
331.5753424657534,0.2322012957467701
335.96774193548384,0.21998380217476665
339.45652173913044,0.2080345991115502
343.8525179856115,0.23790252085902178
348.12587412587413,0.20142526672530003
352.7918552036199,0.22453415048931435
357.35593220338984,0.20791348830903356
361.7628458498024,0.24182928150896443
366.327868852459,0.1846471683725094
370.64285714285717,0.20593265162276933
375.2635135135135,0.18563987911525887
379.4887892376682,0.19274405822555768
384.00581395348837,0.23346007274205655
388.4593301435407,0.2109943332982888
392.953216374269,0.2009009638226092
396.3150684931507,0.21443224880822087
400.4599156118143,0.20845421505939263
405.02597402597405,0.2060979983769995
409.6697674418605,0.23219151571396804
414.17931034482757,0.19647155041971384
419.0416666666667,0.2144212229871247
423.2897196261682,0.21794389312061924
427.81333333333333,0.2224886717559779
433.6969696969697,0.1982829967720013
438.23846153846154,0.24525363634377162
442.85645933014354,0.17864626243605433
448.5112107623318,0.20319496166239803
453.2042253521127,0.20034744873868301
457.4504132231405,0.21426077763265375
462.13496932515335,0.19276123813622836
465.42446043165467,0.22465591364271767
469.88671875,0.20718780792299782
474.3333333333333,0.20316005558530065
478.83534136546183,0.2091533375322374
484.4587628865979,0.18285927017571973
488.9642857142857,0.21180422183406952
493.9791666666667,0.1797323446364308
498.50961538461536,0.18681800652291952
502.83261802575106,0.20212555497165585
509.0135135135135,0.22425245036895197
513.396694214876,0.20887578871095724
517.797520661157,0.21249246356201124
523.4522613065327,0.19580074085788018
528.06993006993,0.1839667877943702
532.9915966386554,0.19865463873087416
537.3660714285714,0.24177964207749117
541.8849557522124,0.2045315039703714
548.0046296296297,0.23720952735567025
552.4180327868852,0.22436755215128787
556.65234375,0.19878291904134243
561.2237762237762,0.18957386290213524
565.8874458874459,0.21680267903027206
571.6296296296297,0.19407696743035271
575.8880597014926,0.21649077747246234
580.8155737704918,0.20445407646765948
585.3863636363636,0.21272589245953646
589.9809523809524,0.20887581063133395
595.896860986547,0.18910105997206164
601.4277456647399,0.21152628608076013
605.9085714285715,0.19311530237452507
610.5410628019324,0.17531735729566472
614.9285714285714,0.1809504306184953
619.8009049773756,0.18050734395491913
624.3255813953489,0.22315974960068322
628.8995433789954,0.1762775556344792
634.688995215311,0.18052180711361412
639.3185185185185,0.2100965872701102
643.9646017699115,0.17456205070363548
649.6805555555555,0.1492326564249965
654.3888888888889,0.17786243002649332
658.7142857142857,0.18824367521229202
663.4557823129252,0.15679080087024116
668.1570247933885,0.18368386643128257
672.5769230769231,0.1712104566770462
677.1491228070175,0.18822518545659378
682.455,0.18231633667836789
687.0355029585799,0.20409044820715924
691.6453201970444,0.1964536612168441
696.3286713286714,0.20361826688544044
700.7324561403509,0.18317056299843715
706.2447916666666,0.17535913844226483
711.936170212766,0.16631920904140665
716.9937106918239,0.19939096347308322
721.8932038834952,0.16575340259488694
728.0528846153846,0.18254041774435834
732.5258620689655,0.18154399534369037
736.9022222222222,0.1921143856290802
742.947619047619,0.17828756780530763
748.4632768361582,0.15968388292089178
752.7852760736197,0.17765343317351154
758.1179245283018,0.18168312848734447
763.8358974358974,0.18749431382844778
769.0656565656566,0.15532805224065532
774.0064102564103,0.16661597356748262
779.046511627907,0.17319322993526365
783.6241134751773,0.16234320307290118
787.7612612612612,0.18187202695499577
793.8040201005025,0.1594117154871817
799.2525773195877,0.18021155381377102
803.9875776397515,0.1739277417508341
808.7942583732057,0.18549658070808472
814.6113989637306,0.16661707788658892
820.3295454545455,0.15851726796239338
824.987012987013,0.16568663911345197
829.8878923766816,0.17424144180872933
835.9027027027028,0.1752271921138169
841.4341463414634,0.16263666379469652
846.2573529411765,0.19236463458286118
851.0144230769231,0.17788459006033927
857.2175925925926,0.15887352083396172
862.4583333333334,0.17449774504653068
866.8961038961039,0.15602927401680788
872.0145631067961,0.17876946343897407
878.3564814814815,0.1617291383964345
883.8911917098445,0.17065077912780155
889.1576086956521,0.1580434566753816
894.1586206896552,0.15039139479328206
898.890625,0.1863988402623522
905.1887755102041,0.16695079564842508
911.2171945701358,0.17327254950905238
917.2916666666666,0.15747994907145962
922.3583815028902,0.17627718177527235
927.0785714285714,0.17307055505529323
932.068493150685,0.15116964744502426
938.0412844036697,0.15253922554634253
943.4850299401197,0.16094823089109644
947.9683544303797,0.16380566622873052
953.1415525114155,0.15261768480809013
958.6947368421053,0.15603681754610063
964.4207920792079,0.18067552743245813
970.1010638297872,0.16100713672752603
975.0205479452055,0.17172548447975816
980.1034482758621,0.16693673760620306
985.9479768786127,0.1643148686902702
991.0904255319149,0.16306937830711876
997.2871794871795,0.13917695505057542
1003.3967391304348,0.14291403670944075
1007.9593023255813,0.1659331413122754
1012.3948717948718,0.16825508922455695
1017.062893081761,0.18012810902973417
1022.0493273542601,0.14630219625277918
1027.543956043956,0.15513847227416822
1031.9074074074074,0.15342848418761693
1036.959090909091,0.13269785897817732
1042.5,0.16343997085762535
1046.9833333333333,0.13242502656399843
1051.9528795811518,0.15811921150495778
1057.027027027027,0.17021024366021673
1061.9673202614379,0.15166517293311635
1067.2618025751074,0.1749525257159229
1072.8934010152284,0.15972118005729102
1077.4488188976377,0.17751916121916692
1082.2345132743362,0.16315958236690525
1087.824120603015,0.17179371443173036
1092.2535211267605,0.1486972995241805
1097.2194092827003,0.16560700043720133
1102.51871657754,0.1672461449318209
1106.8506493506493,0.18413256129025637
1111.7953488372093,0.1579726602358509
1116.9392265193371,0.1617146229471062
1122.06432748538,0.13838580302944792
1127.25,0.13730544886568832
1133.116402116402,0.15518761341917714
1138.8804347826087,0.13584563419262388
1144.2826086956522,0.16585461758753917
1149.7389162561576,0.1644909207423076
1154.9933333333333,0.21843303686183185
1160.158371040724,0.15901643547117325
1165.445652173913,0.15186082405795798
1170.75,0.15418920036435826
1176.070512820513,0.17228919736817927
1180.9018691588785,0.14698497155332496
1186.1675675675676,0.17177090033835385
1190.9512195121952,0.15957220619666942
1196.2378640776699,0.15197000433966243
1201.8375634517768,0.16660162551323968
1207.3897435897436,0.1551645860605665
1213.04,0.1584881187075487
1218.806282722513,0.1381773460685875
1223.9791666666667,0.13046482739503518
1229.1517857142858,0.13499326780605234
1234.8011049723757,0.14339568838125227
1240.0384615384614,0.16591808232264316
1246.0599078341013,0.14755562377181605
1252.251572327044,0.1540546390919824
1256.9657142857143,0.1581577902323848
1261.9754901960785,0.1517685701051896
1268.2511848341233,0.13458484286438085
1273.9759036144578,0.13749822314795143
1279.0942408376964,0.10669267895901971
1285.0518134715026,0.12295733700552805
1294.9635922330096,0.1507102970240438
1306.782110091743,0.1533557238477973
1319.1773399014778,0.13418126106567763
1331.2570694087403,0.14630770332858378
1344.0226244343892,0.132030285290186
1357.3791469194314,0.1543899281438631
1369.512077294686,0.1518264472895935
1381.110831234257,0.14272152670042768
1392.447488584475,0.13087347220405315
1405.039119804401,0.12659116935070827
1416.8904761904762,0.12320425338880023
1429.6094117647058,0.1417198828168502
1442.0,0.14815179707266488
1453.8387096774193,0.1407795855924089
1465.181598062954,0.1488704797595344
1476.5693430656934,0.1456109318067896
1488.6470588235295,0.1554037375222856
1500.759900990099,0.14266815369945082
1513.0616438356165,0.15435172320240703
1525.2531017369727,0.14899381857310134
1537.9634146341464,0.14579170686048432
1550.935866983373,0.13985612933218927
1564.6674473067915,0.13704673443309592
1578.6866028708134,0.1368436988696869
1594.0935251798562,0.128810366037466
1608.090909090909,0.12454688139288096
1621.8213399503722,0.13894188338745678
1634.5328467153286,0.14523772967047605
1646.9976525821596,0.13822602382025628
1660.153110047847,0.1408847589422263
1673.5391705069123,0.12958570969307384
1686.8771498771498,0.1290475840175892
1700.5,0.12475127998289168
1714.149877149877,0.14171291943218847
1727.0399002493766,0.14005195953322044
1740.191943127962,0.134834991715815
1754.7142857142858,0.13040658742658753
1768.4023529411766,0.1519481860596965
1781.950495049505,0.1501308418129041
1795.3910891089108,0.13852854081479468
1809.1182033096927,0.12773598404175432
1823.6558139534884,0.13369715969939644
1837.0673076923076,0.12864158554776287
1851.2123456790123,0.14026280753468898
1865.672093023256,0.14075395988553507
1880.1979949874687,0.13317003316816522
1895.1638554216868,0.1564161977068382
1910.2124711316396,0.13447905407043073
1923.2549504950496,0.14771136538661914
1936.5371287128712,0.12431801777398745
1951.0279069767441,0.14077116659668393
1965.5268065268065,0.15240661669434227
1980.0853658536585,0.13207012851013605
1994.8009478672986,0.1389770027917165
2008.4358974358975,0.1338654604006414
2023.532731376975,0.1300780395580472
2038.4096385542168,0.13602231964621506
2052.5285359801487,0.1255339727970238
2066.565947242206,0.12459715396525381
2080.238213399504,0.1333510593346865
2094.2785388127854,0.12921671331691678
2108.5643564356437,0.13005012274482466
2123.5023364485983,0.13027436652489405
2137.509478672986,0.13238816982924634
2152.150246305419,0.11685180221463702
2166.48463356974,0.11832694545987578
2180.5643564356437,0.12551689501638105
2195.342857142857,0.12498476730023024
2210.1763285024153,0.12641287990808509
2224.7710843373493,0.14392916193154895
2240.2399049881237,0.1239744538434633
2255.313397129187,0.1236752742845681
2270.883495145631,0.128503670627588
2286.4344660194174,0.11856534057751178
2300.5174129353236,0.1237864938931697
2315.239808153477,0.11860984452385785
2330.3333333333335,0.12866154091319107
2346.2053789731053,0.11762036070941898
2362.833740831296,0.12363027799050763
2378.724465558195,0.1333329283356692
2394.2901678657076,0.11212347976774338
2410.916067146283,0.12494289503495126
2427.13216957606,0.1185119162373455
2442.4813084112147,0.12946389704605862
2458.129268292683,0.11899663956216049
2472.483412322275,0.12180721174984038
2487.0384615384614,0.10796893182861259
2501.4106280193237,0.11805568831495422
2516.2570093457944,0.11438741392022976
2529.7651515151515,0.12040002626582046
2544.311059907834,0.14019698623388055
2558.9640287769785,0.13326345955463248
2574.233415233415,0.12996880813635317
2589.4129930394433,0.13047195219490318
2604.9039408866997,0.1209204984695078
2619.8612440191387,0.12471484376691659
2634.5408653846152,0.1509524151155387
2649.1785714285716,0.13115124660042893
2663.898190045249,0.1311197820598888
2680.2052505966585,0.122658995184846
2695.906698564593,0.12353875965791684
2711.322033898305,0.11333829530320001
2725.732673267327,0.13263719952888783
2741.186602870813,0.11475854291381506
2756.095238095238,0.11854145924590755
2772.6413301662706,0.12652825544252108
2788.6666666666665,0.1175382734476327
2805.7117794486217,0.11312934334788916
2821.3096926713947,0.11500566517799693
2837.775,0.10594899858565852
2853.8239608801955,0.11963772142591314
2869.6763285024153,0.1257303890744715
2884.9600938967137,0.13021701693011087
2900.670025188917,0.11991476926003593
2916.5091743119265,0.10964134578121236
2931.9949874686718,0.117021476330873
2948.0207852193994,0.11599824097511828
2964.3604938271606,0.10939059102415692
2981.014319809069,0.12715278848550812
2997.6077481840193,0.12115709268118668
3014.230952380952,0.12809562338904215
3031.0868486352356,0.11904441944513043
3046.242924528302,0.10848398201470397
3062.980815347722,0.10929387606152371
3079.028776978417,0.10258421379843088
3096.040380047506,0.10627190518966842
3112.8131067961167,0.11765955689830279
3128.131707317073,0.12464822239454969
3144.591687041565,0.11728182037685135
3162.5774647887324,0.11750695985920678
3180.214797136038,0.11674430312145524
3198.3088235294117,0.11921093299492996
3214.959232613909,0.12381027354184115
3231.5568720379147,0.11868150471010283
3249.442857142857,0.11735209273737518
3266.915458937198,0.12405526831687111
3284.648379052369,0.12465051753024906
3302.117924528302,0.1115109922403594
3320.440758293839,0.12232324606647327
3339.76112412178,0.11741633818544307
3358.634382566586,0.12239163972548074
3377.019512195122,0.12964936827553744
3394.75,0.11476602574051055
3412.063882063882,0.11023794337563492
3430.078703703704,0.12685406561910495
3448.01269035533,0.12236439877790213
3465.169451073986,0.11367743916617772
3482.1065375302665,0.1070908279614626
3499.881548974943,0.12231595828720364
3516.064837905237,0.12242098849967596
3531.8429951690823,0.11636614725310884
3550.0024691358026,0.1076490943519105
3568.3276699029125,0.10172703426356955
3585.908256880734,0.10153039898552402
3603.699763593381,0.10427420613903922
3622.5463414634146,0.11365512121776496
3639.6231527093596,0.11371224421584941
3657.287081339713,0.11892721899038036
3675.841121495327,0.1287782451352435
3694.366666666667,0.1068390235064692
3711.745238095238,0.11604765086779481
3729.246376811594,0.12718409295009134
3746.9158653846152,0.09849986459139612
3765.3076923076924,0.1109872542392072
3784.2760290556903,0.10272647732782254
3802.1076555023924,0.10982270839324976
3820.048309178744,0.12460862956140159
3838.4137931034484,0.10274902714758107
3856.7156177156176,0.09684001715399097
3874.039119804401,0.09990844288349747
3892.255980861244,0.10645116935749264
3909.9440389294405,0.10316110865894693
3928.3790697674417,0.12350426415147148
3947.2581453634084,0.11967842392664697
3964.5406032482597,0.11081955382091133
3982.122891566265,0.10860926183384297
3999.5384615384614,0.12632376081575672
4016.7511848341233,0.11951166299186672
4034.9718969555033,0.11720395340900977
4052.5671641791046,0.10865298898130066
4070.0663507109007,0.11064635878028638
4088.9658536585366,0.10855877019787982
4106.9647887323945,0.10628621642330104
4125.333333333333,0.11218144377074778
4142.643410852713,0.10438084555189799
4158.422169811321,0.10677459654160969
4176.401425178147,0.10789306131005272
4194.221686746988,0.11653806753951858
4212.747641509434,0.11117409909446446
4230.653465346535,0.10412198797370731
4248.0859188544155,0.10853411350687868
4266.880952380952,0.10605998554569379
4286.718604651162,0.11363779724320966
4305.14463840399,0.10964677423439649
4321.7096018735365,0.10689638318967618
4340.1425178147265,0.10651817618604066
4359.045563549161,0.10524119644688648
4377.504950495049,0.10460474029969967
4395.867298578199,0.10899570903065703
4413.655256723717,0.11229275044719912
4430.90465116279,0.09588719739159261
4450.433414043584,0.1057600052335914
4468.79376498801,0.10726702852298974
4486.351219512195,0.10794609587248023
4503.806763285024,0.10443572371495032
4520.707196029776,0.10978886251077657
4538.842482100239,0.09990251605812453
4557.6392694063925,0.09369824228918519
4576.248743718593,0.11019251701612681
4595.338983050848,0.10380300872406195
4614.092807424594,0.09932566676101177
4632.659949622166,0.098241288256913
4652.365339578454,0.10527652134785638
4671.713580246914,0.10236660034395799
4691.751141552511,0.10735334334063867
4712.65,0.09937434464608345
4732.881355932203,0.1061846325605059
4752.81173594132,0.10231592109808164
4770.186567164179,0.1138799355260635
4788.807142857143,0.11778154915498568
4807.16037735849,0.11308784571968393
4825.7558139534885,0.10103184067620191
4845.809178743962,0.11000008373007887
4864.2625,0.09913614912663515
4882.937649880096,0.11178867119489251
4901.880184331797,0.10532649300158957
4919.882352941177,0.09739908412065339
4937.46682464455,0.10088587807924593
4956.450839328537,0.10210919966903485
4974.085213032581,0.10574989071527606
4992.740566037736,0.11813028742622407
5009.945497630331,0.10610236421059348
5029.349168646081,0.10737663717670738
5046.5084745762715,0.09387965418617511
5063.220843672457,0.10678203638356067
5081.219114219114,0.09494912171636376
5097.343825665859,0.10224157155827904
5114.995157384988,0.09778986527865449
5132.899297423887,0.09906473454831856
5151.760975609756,0.11051822508934171
5170.004819277108,0.10503647700709788
5188.086419753086,0.10601384143134199
5205.933823529412,0.11255403086962944
5225.077625570776,0.10898564622971903
5244.043165467626,0.11761400254896266
5263.519323671498,0.11564099511207361
5282.503614457832,0.10365162562425079
5301.759523809524,0.10819944101372031
5320.958333333333,0.09839314387846138
5339.728606356968,0.08900792172624113
5357.284009546539,0.09350673750986373
5376.672897196262,0.10852178401506782
5396.545893719806,0.10096199870391676
5416.177615571776,0.10053690484620859
5434.021686746988,0.10214763250305987
5452.091334894613,0.10272401975034963
5470.652278177458,0.08868270899088429
5490.593908629442,0.10385187440617148
5510.044600938967,0.10397881183599067
5530.997607655502,0.0897704006315311
5548.518337408313,0.0964170907971147
5566.449648711944,0.0919982387546086
5584.232057416268,0.10204291893866062
5601.563855421687,0.1066173714769897
5618.685579196217,0.10767359566057381
5636.57946210269,0.09880280449111387
5654.114285714286,0.10322345272830799
5673.20487804878,0.10157659021488982
5692.141509433963,0.09413806155794148
5710.564676616916,0.09939282573333173
5728.828571428571,0.09658735331317653
5747.66270783848,0.10187047476094771
5765.612195121951,0.10036844628087342
5783.566265060241,0.0969910177569603
5801.515151515152,0.09817860429116233
5819.1518072289155,0.11216552636173398
5837.351219512195,0.09986719145568268
5855.516826923077,0.09541718280608437
5872.858513189449,0.10733327071672998
5889.584507042254,0.08792148908705955
5907.479418886199,0.10174852336306751
5927.119047619048,0.10754101269027265
5946.815724815725,0.09146763870448908
5964.955082742316,0.10045283056707693
5983.7975,0.11001720329050159
6004.105011933174,0.09690032773971663
6023.925301204819,0.09923630976740128
6045.113163972286,0.1013209049825608
6065.277641277641,0.11384604954727587
6086.494033412888,0.0982819798716957
6106.661938534279,0.09551205659803758
6126.176322418136,0.10182454418285039
6145.367058823529,0.09617894967386911
6166.656324582339,0.10011522105945225
6187.523696682464,0.09434567193245476
6208.806763285024,0.1058982160418076
6229.792771084338,0.09968946171460023
6250.131264916467,0.09671391262222477
6268.3861386138615,0.09517265582241262
6287.4647887323945,0.09769242623279566
6307.652068126521,0.08302791151831154
6328.627403846154,0.09998380534282349
6348.5120192307695,0.09735797865061041
6368.4182692307695,0.10194547651793506
6389.082926829268,0.09349618300462761
6408.523696682464,0.10161842219364332
6430.620192307692,0.09984097563539293
6451.43062200957,0.09654665737738495
6472.42654028436,0.08666672639996062
6491.907090464548,0.08449549981195772
6512.643705463183,0.09642528739102367
6534.694510739857,0.09244757300940516
6556.918072289157,0.09466636963064175
6578.524154589372,0.11143022985000467
6599.9782082324455,0.11488258203245498
6621.903147699758,0.11800495144155634
6642.760663507109,0.10669897935184397
6662.5394088669955,0.09905666082835245
6682.56091954023,0.08360865886090417
6703.960880195599,0.1016050100696238
6725.586288416076,0.07905276323601985
6746.8847117794485,0.0839819157173795
6768.2056737588655,0.08735634559044468
6789.336470588235,0.08256489091911379
6809.679611650486,0.08446438166429629
6828.338199513382,0.08833165984665192
6847.928057553957,0.0933462603514673
6868.672330097087,0.09253032053229451
6888.877314814815,0.0898441311134686
6908.536159600997,0.08862419282696254
6928.403381642512,0.09065925396068981
6949.328571428571,0.09147847599699226
6970.771428571428,0.09552576608168042
6993.382566585957,0.0866429812255411
7013.26368159204,0.09005318700428817
7032.981351981352,0.09510786903324256
7054.708530805688,0.10035627359642679
7075.731132075472,0.08089170809158999
7096.990338164252,0.09619786357671421
7118.568527918782,0.08693382415312599
7140.082352941176,0.1025324798670678
7161.44262295082,0.09726551624635224
7181.275689223057,0.09629953914248554
7201.323462414579,0.08292095752312581
7223.933333333333,0.08958412972986186
7246.31294117647,0.09727355704658243
7266.805418719212,0.0983837338996061
7287.130536130536,0.08628287420820535
7309.3399503722085,0.1006462171814657
7332.245901639344,0.10629686592893
7353.6334164588525,0.09738852917217568
7374.6129807692305,0.09627713784839967
7399.396751740139,0.10218530043107926
7421.806372549019,0.09896413522638714
7441.442822384428,0.10423814693466855
7462.127314814815,0.08414003110464423
7483.864406779661,0.09651323227372904
7505.56157635468,0.09919929246203171
7526.469047619048,0.1051180805812915
7549.207058823529,0.10584718772932025
7572.564476885645,0.09483775451411339
7594.3,0.09193621057819752
7616.803357314148,0.1043856134003182
7639.884615384615,0.10086439267145417
7661.830508474576,0.10125042941830525
7682.885572139304,0.10242909515223214
7705.751789976133,0.10598659664939347
7730.575057736721,0.10426366728686494
7754.16,0.0954865790577146
7779.227166276347,0.09639332609253452
7805.27923627685,0.09904869298173272
7830.311274509804,0.09792452098100661
7857.766666666666,0.08989322063738588
7885.635491606715,0.08140390352985341
7910.297029702971,0.09914997048834702
7933.983050847458,0.0885605997811845
7958.556872037915,0.07902891418066028
7984.602803738318,0.07577366537321231
8011.490338164252,0.08960967925068879
8036.559322033899,0.08712303448820224
8061.741007194245,0.09416178557281196
8085.823095823096,0.08697510968832192
8108.458525345623,0.07848275696623522
8132.518427518427,0.08892984184756404
8158.3190476190475,0.09121258147090142
8185.137349397591,0.08883374084913771
8210.539007092199,0.08806752496788212
8236.553398058253,0.09143012695249333
8264.030878859858,0.09148997353636291
8291.861985472155,0.0836870588348895
8317.249382716049,0.07247884688766329
8343.896882494006,0.09359185246423639
8370.744680851063,0.0849755666809718
8399.026252983294,0.08600947811916128
8427.574209245742,0.08696787755812804
8454.04914004914,0.09333938694729689
8482.070921985816,0.08634514977327928
8510.868235294118,0.0946663316195596
8537.748148148148,0.1013939950967967
8562.35141509434,0.08967570409385718
8588.261904761905,0.0875530537111107
8615.163855421686,0.07970600445848035
8642.92270531401,0.09087830080617791
8671.321167883212,0.08630644905378017
8699.871121718377,0.09832059659531625
8729.578571428572,0.0919410609620458
8756.94403892944,0.08499651232926014
8783.278571428571,0.09300982146655093
8811.530266343825,0.0847465932977366
8838.49268292683,0.07855450035878916
8866.45411764706,0.08998546401678263
8895.931279620852,0.09254653607207226
8922.231707317073,0.0828820534675146
8948.451923076924,0.08676483254225173
8976.038095238095,0.08932723139434959
9003.325980392157,0.092586935562522
9032.411347517731,0.09382131442819845
9062.419902912621,0.08984887517869426
9093.009546539379,0.09134453676768949
9121.92857142857,0.10406031326405578
9150.612195121952,0.08587215496753403
9180.413301662707,0.09273473736325545
9212.205811138014,0.0851934092881307
9242.258536585367,0.09116340347521125
9271.981395348837,0.0860705468624238
9301.79512195122,0.09746379255269524
9333.184538653366,0.08309786198963057
9363.606481481482,0.09605853653306219
9392.926365795725,0.09474528330059917
9420.708737864077,0.08593890551769079
9449.078947368422,0.09939588088224541
9478.230958230959,0.09373430696508744
9508.725961538461,0.08911219549122264
9538.34278959811,0.08808216089090883
9571.019370460048,0.07982513092393431
9600.708830548925,0.09642136405329452
9631.439903846154,0.09804222942223187
9660.476997578693,0.08442736644321153
9689.72463768116,0.08572884340005785
9718.971563981042,0.08380929661270525
9747.647482014389,0.08109383445193617
9775.036945812808,0.07984606986145894
9802.549295774648,0.07912186706485828
9831.952380952382,0.08454727698643118
9860.695652173914,0.08872161135283134
9888.199017199016,0.07798616299502523
9918.150357995226,0.08120631385510567
9948.665036674816,0.08669160064014528
9977.800469483567,0.09265576702196628
10006.18138424821,0.07912018026669267
10036.296650717703,0.08586232732376824
10065.595693779904,0.08788549686816148
10094.924574209246,0.08544508288019567
10124.421307506052,0.09804470761613693
10153.080097087379,0.09341514667104238
10179.845794392524,0.10708048526482035
10206.694711538461,0.08839021567499214
10233.535626535626,0.0764747960770927
10261.855072463768,0.07865947757442929
10288.956834532373,0.08119610652734559
10317.55791962175,0.07715476505380227
10346.200483091787,0.07589227025802854
10373.410194174758,0.08352789468948964
10402.541176470588,0.09052948772763164
10434.023980815347,0.08331584114558771
10464.35696821516,0.08632016095275945
10494.551068883611,0.09281606660533036
10525.216867469879,0.10945392335291206
10554.529976019185,0.09450841241247447
10584.957142857143,0.08809770091078739
10617.928921568628,0.09520562171946358
10647.280193236715,0.09054115330393143
10679.51201923077,0.07946780211687023
10709.703349282297,0.06884711576252649
10738.8432304038,0.08076315700092583
10769.773170731707,0.08584032026974649
10798.502358490567,0.08634924540025708
10828.640476190476,0.08805197881886191
10859.498795180723,0.08946181614155131
10887.356097560976,0.09062505364235317
10917.567632850241,0.08703922469266798
10947.664319248826,0.08539940672710145
10978.611246943765,0.09358499907829657
11009.955,0.08830062458233379
11040.223255813953,0.07871442713552954
11072.919047619047,0.09238698862408085
11105.693779904306,0.09014336991064154
11138.294258373206,0.07461234499554362
11168.350364963504,0.09378344721097213
11199.66985645933,0.07726372719542368
11232.58837772397,0.08655294171451537
11266.39243498818,0.08385006404718151
11297.919799498746,0.08532836020298971
11331.623831775702,0.08284660871805202
11365.838942307691,0.08540435646007692
11398.562200956938,0.0695548649429481
11433.156398104265,0.0854737460253404
11464.813432835821,0.09233802059433827
11496.952718676122,0.08819242640200695
