D,r2
194.65801324503312,0.10285644584459973
272.90929555084745,0.09741714787711117
355.4856091470627,0.09898468476495023
439.8902141501762,0.08362859605058304
527.695948603645,0.07619586458101499
619.1849579943993,0.07682750088952392
710.1603506405934,0.07256812670206426
800.652409240924,0.06601007301686503
894.4110503136261,0.06132057604797913
991.5507169410515,0.06428708318277239
1088.5076510067115,0.06781830506031014
1184.134633490249,0.060728814558159705
1281.5422721268164,0.06055747060695207
1378.5527229044314,0.06110048325017479
1476.086962276638,0.058621993385614767
1573.4609437483339,0.05431787038257178
1671.1686085442614,0.05196626773122945
1771.1627597229622,0.0529194295755871
1872.6557705136759,0.04286666646248152
1976.602190756078,0.04076959511065984
2080.035571542766,0.037301717809503115
2184.10345287295,0.03296138326275195
2290.8741482965934,0.03237573438677964
2398.2643937383923,0.03156523637183904
2503.428611111111,0.030932201468710983
2607.1567790777704,0.033114239809555156
2711.7654133259607,0.030808142584716577
2816.5886190145734,0.030122038232871053
2922.5317174515235,0.027794876224119046
3027.2775318206973,0.02588070671364235
3135.443665842264,0.02715912320350229
3243.2483987747146,0.027294561369464777
3350.4484132435773,0.024373676319078438
3460.6284916201116,0.023633361739864193
3569.2050612020353,0.022587193076358335
3677.4851169874014,0.021515252378179875
3788.7244487588405,0.020822775091492666
3902.044827586207,0.022262104024543136
4015.165122389711,0.02397080904519979
4126.761786600497,0.02410506381423233
4234.690711600056,0.023612249692184565
4345.646450723639,0.025404523579064274
4458.674303063759,0.024074330127153473
4569.977959523149,0.024562112194535052
4677.21056260342,0.02437245008784065
4784.978435167266,0.02535138747505021
4892.96613462873,0.023282353140240585
5000.014117647059,0.022100873728544697
5109.425908023753,0.021372196352971277
5222.052325581395,0.020764673658175865
5335.349730551334,0.02456925271681672
5447.997634288895,0.021415336830896883
5558.720734400884,0.021073404661859994
5671.974889624724,0.021863597994989513
5785.687551752691,0.022388935779115004
5899.346732974168,0.022454823727721798
6012.456944444444,0.021344534341307123
6126.15223715196,0.01968974379552904
6241.735489220564,0.019334217584101605
6355.714008859358,0.01948459117838512
6471.71522905489,0.02041690509065876
6585.559661064037,0.019465999228967967
6695.689393939394,0.019603073487690807
6808.217505895408,0.02037707223251813
6921.960575459953,0.019570761078013203
7035.325304540421,0.019139044538757023
7149.162658927585,0.018702679628323875
7262.022394249378,0.020048446714084754
7375.169475138122,0.020294106079723408
7488.604962364093,0.019264486802225624
7603.401288730463,0.017464916694318745
7717.7982249341285,0.017183095592331186
7831.657146818245,0.01722118676862838
7949.813145928069,0.01750910138055637
8070.166229100456,0.017242465260759184
8188.981207682741,0.016995218721914347
8302.80228507733,0.01689656516269822
8417.046879296124,0.017587155441245134
8532.890616324265,0.01712744245235341
8646.001517241379,0.017867333413274674
8759.810825738747,0.01734048969747863
8874.45099126577,0.017733228499200553
8988.99377851514,0.017193704863840142
9105.80057963014,0.016721597064908982
9221.393560921455,0.01696215465657069
9337.108208955224,0.017127554717613763
9456.150982562967,0.01704753232907973
9574.775335268907,0.016777180235947743
9694.732732316228,0.017112473306642107
9815.786688714345,0.017361168398103522
9930.66814958988,0.017434971953143176
10045.574889258029,0.017318300956776004
10163.389217439142,0.016845380717863807
10283.33771444383,0.016650350874583893
10405.564909847433,0.016114738615898377
10528.379975038137,0.016819514763874704
10646.475418917047,0.016499325204879754
10761.957740643558,0.016605659854029457
10878.876768786922,0.017528074570843294
10997.992120541885,0.0171510600528854
11115.564589981963,0.017111261760227738
11233.520243194695,0.01661882718235524
11351.971301816166,0.01734618425431893
11470.77260160354,0.016981856537994226
11589.89819534371,0.017520977227183133
11709.72289991683,0.016836556057891694
11828.946848476417,0.017609136037966277
11950.670024841293,0.017281539722728143
12072.249655931737,0.017048174380206952
12193.605590921672,0.016751179191015306
12312.215710723192,0.01737325310908025
12432.90203122841,0.017072592319072405
12551.349026646418,0.017417695115121822
12668.987855946398,0.017701984856168678
12785.930691702333,0.017080332032061444
12906.223445239406,0.017681314282899804
13025.421751764217,0.01745406370573652
13145.669341449917,0.01710723999492521
13265.485011741954,0.01687607366634275
13385.856649634028,0.017047415078230283
13506.31491020465,0.01736837804078735
13624.211211072665,0.01739362171597054
13744.368044077135,0.01690557313146381
13864.399310344828,0.017828516386396855
13984.109998609372,0.01800898753297689
14101.014855570838,0.017734370429042738
14214.899399189604,0.017872937922451166
14330.996298834818,0.01846797050030538
14449.259767248544,0.017847113282362513
14566.747818861653,0.017948089341910944
14687.019018743109,0.017887371920751065
14808.385159500693,0.01795657759114682
14928.754659671407,0.017099723101048826
15048.34842819554,0.017222691724748093
15168.090267201993,0.017109013759533127
15287.691164212281,0.017741411173296414
15407.336856554564,0.01714745182382527
15526.171206225681,0.017766156743059484
15641.633752244164,0.01711436219944772
15758.435396759452,0.016998191315380457
15878.25468836183,0.017004907330479865
15996.794535823808,0.017310022012774116
16115.67591442374,0.01754975763788439
16236.988725422796,0.017497677516391707
16356.505836575876,0.01821436197042631
16474.569477024976,0.017810631357884778
16593.617077221144,0.017304983467454328
16714.97459616181,0.017230628805202847
16839.528001108956,0.01744227010796539
16963.555217691777,0.01719014582233444
17087.262691935262,0.017027592930179535
17209.97701149425,0.016595614177980285
17330.929447430066,0.01715090102759565
17451.210898502497,0.017436607937315142
17571.039961148883,0.017169917189159837
17689.90203632361,0.016650347238824234
17810.920221606648,0.0172519469445481
17930.69653259362,0.01703636541583654
18051.764250138353,0.01760088012829695
18175.32396307014,0.017361125814323565
18300.526722828337,0.01771303815325512
18426.791341870823,0.017237519409504957
18551.5776980403,0.017734291784050765
18677.6932320442,0.01737038598613456
18804.883923630325,0.017046114196729956
18932.257285595337,0.01712217221287899
19056.265828034284,0.017461851196898387
19182.381463146314,0.01741267648954963
19306.612746459316,0.017426229348655925
19433.283755712506,0.017467241861467784
19561.998619356622,0.01665937863899486
19693.03376695267,0.016958767988495955
19823.361414169314,0.01822837560394516
19951.6608033241,0.017044336355225675
20081.852400055333,0.01702777945681041
20210.41480562448,0.016791111430588337
20336.302752293577,0.016751800549227636
20462.840880935993,0.016871028504705725
20587.078309078308,0.01765862634194313
20711.402987138707,0.01790776659157776
20841.246814404432,0.01686916151948492
20968.49356401384,0.01718400790103204
21098.941647123742,0.017189191884670257
21229.016752042087,0.01704006368468742
21357.344262295082,0.016927800330110928
21484.276724374828,0.01657692779365234
21610.109859546654,0.01705328006645461
21737.14023717595,0.01688867625059411
21867.839933536416,0.016718140670418474
21997.146875433005,0.017004385131102997
22128.46859036311,0.01675214707222046
22262.012871972318,0.017162643067659314
22395.813261351053,0.017223680882235578
22529.339928057554,0.016685842769318115
22662.43344803854,0.017496008956187945
22792.97444089457,0.017123603596963095
22923.03430152144,0.01708388684241293
23055.73919068736,0.0167768031942352
23188.575724137932,0.01755996705921281
23320.48657625242,0.01710548218487401
23449.217174515237,0.016955077018423997
23578.80503666805,0.01672096404697714
23707.608095040752,0.01663970015378782
23838.785694597573,0.017068445216557253
23967.59025946996,0.0167416193606367
24094.5229244114,0.017448999974301948
24221.41987179487,0.017374657505463683
24349.844004978564,0.01737941733923165
24481.115606936415,0.017674505938747438
24610.25965397924,0.017001138705619485
24738.93544356518,0.016985000460835006
24868.320187534475,0.017003189155626354
24998.749654600717,0.017315873393473392
25128.709444444445,0.016881263216318516
25258.39859271523,0.016313694743275438
25389.827400662252,0.01696390039741749
25523.601271069358,0.01726524169409313
25659.353194444444,0.017079812312346954
25798.045950048298,0.0174390066377694
25936.143212263498,0.016782281164026885
26074.236627505183,0.017052777031893437
26205.72999583969,0.016527797969125697
26338.15085428532,0.016551289097701587
26473.489152963935,0.016956649836762854
26608.851101928376,0.016381236148152397
26742.860610263524,0.01727038130775558
26880.825895316804,0.0169130605325376
27017.65464419997,0.017117191290646292
27154.30956329464,0.016838772715410684
27293.33718689788,0.016317529818683656
27430.208137282036,0.01708785100211542
27563.890727095786,0.016986584927989705
27698.297301019003,0.017592442242660798
27835.392625327993,0.01708905463391565
27967.446166620535,0.016715235602185505
28105.043093922653,0.017043693995639278
28242.788186240447,0.01699512015865938
28379.860013860012,0.017557465270048898
28513.50421328913,0.017355545247689282
28647.275676421865,0.01777996483042135
28783.60292494481,0.017327049605777755
28920.816636727926,0.017089351812749384
29056.797220291868,0.0169206662449763
29196.0871610404,0.017231960890865136
29335.553030303032,0.017014531587284675
29473.500486178636,0.017210367799610833
29608.95082872928,0.01701934205275583
29746.0750137893,0.016738016253971953
29880.634623387432,0.0168385749331988
30020.07357627823,0.0174215296456567
30159.68779342723,0.016795271067051715
30300.002072109408,0.016649147393316507
30442.819400303993,0.017278169847902328
30585.319483046136,0.016581405813326375
30727.278384732403,0.016648361565103388
30865.759623373026,0.016643396014138463
31005.05342145119,0.017356413284020027
31144.777178423235,0.016763093635485025
31279.571666204603,0.016806584130166162
31412.778790389395,0.016678715878311663
31548.361708027172,0.017231378813233122
31685.24519164245,0.016164328400098016
31823.894889103183,0.017112770737249143
31961.35618521078,0.017253009934010268
32096.92389649924,0.017240494805537167
32230.29596350567,0.017116023327519686
32364.35329175329,0.01724461611843967
32501.575686490964,0.017535570186390476
32637.1056797667,0.016738723188682594
32769.61205350986,0.018034138901903616
32902.2837576093,0.017158189180105386
33038.09307479225,0.016970655890767874
33174.41297446515,0.017180626989266007
33392.73468240585,0.017051148981785145
33695.50680824485,0.017130691369089273
33996.450034244444,0.017444634174836816
34296.80422456228,0.01747451283126263
34600.43689926351,0.017313878341527367
34899.758252730106,0.017303320334194794
35204.386195307154,0.017926450942498003
35508.93533674872,0.017674316937516706
35821.23994010856,0.017520794810507962
36135.9995635366,0.01763183969323285
36445.63306703283,0.0175961628965682
36757.7424713788,0.017353113174241562
37063.40213323353,0.017405619004836517
37370.31887675507,0.01729169400568446
37675.29053969837,0.0171462744151561
37981.319338739864,0.017514528103586488
38285.272784058965,0.016911031450181625
38591.57352665458,0.017361249861181916
38897.203210552514,0.016955082500366914
39212.858703796206,0.017007681889560908
39522.95034267913,0.0167429926412038
39838.396285215655,0.01644905861577979
40151.45907162466,0.01683846465656182
40460.750327449634,0.017052082789823165
40775.50236730625,0.017065284132639396
41090.73873142715,0.018040361516808417
41402.86617123587,0.01732841811152237
41714.63879536102,0.01702971365380988
42026.54934846312,0.017018083035943515
42349.685650196276,0.018215595810369363
42668.70859355483,0.017453804327113222
42984.497417066035,0.01749920708709993
43302.60077422577,0.017645419144449743
43616.904346199415,0.017122947162395766
43924.881659388644,0.01774474857584804
44234.836080929184,0.017384989430832158
44555.61138120169,0.017045074872479804
44875.78157698057,0.017334286473499095
45198.7727301092,0.01698277726682502
45521.00311332503,0.017829981925014532
45845.51257724237,0.017728022197862063
46173.18507406713,0.01702777728503462
46502.207713841366,0.017226910628041735
46828.07369671209,0.01733733437369083
47155.06375567581,0.017316001140357692
47479.11144465291,0.017254381967061853
47801.55502213355,0.017075678991772966
48125.284539678585,0.01688804737276341
48455.94657440309,0.016980949000667128
48783.28546453547,0.016130209867838557
49114.85854053717,0.0163545324504678
49448.33202467751,0.017017545183819177
49770.61996508293,0.01726256809676534
50087.33934139953,0.017257546423591202
50403.8431201248,0.017479322211351393
50730.10632848129,0.017240572871529657
51050.508135403026,0.017774401269116183
51367.376021458425,0.0171507634507216
51686.29092947919,0.01737779285738883
52008.21671652955,0.01684294715604857
52335.573409105105,0.017259659329739316
52656.48706439748,0.017619284574811014
52979.6618279235,0.017274203673136448
53307.03466583385,0.016998624279216158
53646.30575831306,0.016845433016853924
53980.4356830942,0.016666323602086055
54310.9189610066,0.016977229214372613
54641.76761441576,0.01703694888427063
54976.05361276196,0.017180319092519925
55313.40038540436,0.01769756974281436
55643.39522414115,0.017068225425545685
55975.11049965605,0.01659449541235875
56309.62465719272,0.017069287021631754
56647.470401493934,0.017078668552071123
56986.641630767306,0.01719580207259468
57323.44579666729,0.01694791257038825
57661.468901907014,0.01681360216249779
57992.948770747535,0.01700143210700781
58326.2305631697,0.016797639580325416
58651.913227777084,0.01684002099357229
58975.03067905469,0.016568359808894328
59304.18769519051,0.016625426007949865
59634.22611246334,0.016469525634140277
59964.91920323685,0.01687278737652963
60304.02618780397,0.01654744674630438
60648.54232424677,0.016936584108625266
60991.161165533165,0.01618635419157827
61327.0059846643,0.016764808052086237
61664.90707826629,0.0170079154439159
62002.934069361276,0.017115616564457634
62342.425569067665,0.01697482112181952
62684.528485757124,0.017319817077521414
63025.26654629226,0.01665500713272925
63367.28022697512,0.01653901866751637
63701.1506875,0.017860005865025282
64031.85382888501,0.016894764280614857
64370.77759093174,0.016691333270937792
64719.48401199101,0.017162680997040825
65063.33731938216,0.017344833483539185
65396.91166011604,0.01681898593432365
65723.90367229877,0.016866131934100158
66057.14438202247,0.016881526944813638
66395.0784130543,0.016900288169679836
66732.16787364215,0.01734252113685662
67071.22682470368,0.0172003698858902
67410.02798425885,0.017790031516214933
67753.1146734732,0.01711043022660018
68090.5880740233,0.017641233515210995
68431.33485378655,0.017606164754411284
68767.36656909759,0.017700217638708413
69105.93998124414,0.018214824748084897
69444.31196607844,0.01738318307777548
69786.57795246116,0.016791569767586712
70129.36296849708,0.017512677510016582
70468.6033676333,0.017448660073716885
70808.8216290383,0.017713852742154906
71149.42924881457,0.01724061420460832
71485.33167113383,0.01699941846875806
71815.50886834874,0.017554667012215495
72146.81480559875,0.01717385388191099
72481.07075559993,0.016972497365356734
72816.43749218652,0.01729366741007999
73157.22158595793,0.01715337893175022
73496.27985539766,0.017505534060825202
73830.55507734531,0.017645230643123223
74160.43990264603,0.01751888324458374
74491.64469252838,0.017282670803081324
74833.65389902524,0.01718512309679463
75175.44696356275,0.017100441635227403
75513.8239880247,0.017296052967487284
75857.05460218409,0.017167914533789224
76199.9934563131,0.017734142160290043
76535.83587214384,0.017558191032589494
76869.3212483648,0.017355337545768405
77202.38250717943,0.017447102801196768
77533.1985431453,0.017075963123894235
77857.90935215843,0.016991220385698332
78184.86618929016,0.01778923463621632
78511.28997002248,0.017314705061678266
78842.92402540789,0.016803966922629376
79167.0078597717,0.01713301035355205
79491.09693527245,0.017793096943765734
79821.59325842696,0.017979161687321818
80144.22310856289,0.01737436139213661
80466.56869966914,0.017133823439385524
80792.21127814859,0.0173679194149299
81117.12308267863,0.017105385155916794
81442.39488264956,0.017372913527370193
81759.85169465077,0.017292142137437436
82079.64744789716,0.01668823298859643
82395.89078562084,0.016630489378424464
82715.92493448147,0.01721970745425778
83039.02111576186,0.016934814467616202
83360.17990406777,0.017140100147535847
83688.62507790103,0.016486886408768414
84014.79965058963,0.016892391218349487
84339.16171432131,0.017046364787743948
84663.20239655495,0.017417605205560762
84984.55188120047,0.016871439877257737
85315.89523631142,0.01698725991319159
85648.43511069535,0.017018150469393617
85985.12303762771,0.01687920122064854
86322.93160951846,0.017276202156654964
86649.98209160115,0.017145827390211074
86974.94001367564,0.017468920915544625
87294.7176536802,0.017597533218215188
87616.66065206571,0.017663079911389955
87943.9537893947,0.01796259171237058
88271.04627954843,0.017816474771633974
88598.53551198257,0.017715718760098555
88932.20778166375,0.017135024930563243
89261.95763503831,0.018470682862297503
89592.01702950534,0.01844581851097536
89924.12114606042,0.01814090968636346
90260.7597353969,0.01685488817556543
90593.92411382926,0.017617450277431616
90922.30475953153,0.0178815754636487
91255.46253584341,0.01703906601499805
91586.74759765381,0.017912330141749814
91907.93919720332,0.017431410502875708
92236.70504495504,0.017715370366218983
92563.21087037728,0.01803019585853856
92894.09649451097,0.017672033133278777
93229.59210280083,0.018038287308265604
93563.3053149729,0.01772686729046878
93897.50596986935,0.018125213520656255
94225.44768492553,0.018019773040961175
94551.15479682916,0.017994561884181588
94881.284833001,0.016992831872942052
95218.20396954188,0.017625293847680256
95542.32681163936,0.0173888740036312
95878.55211320284,0.01739911581067579
96209.9163545568,0.017687512512853627
96537.22312196337,0.017470412306770808
96867.07390054973,0.017734467420437296
97205.18184649888,0.017708563095157386
97546.10862241079,0.01676876884790477
97893.93863806436,0.01699481462883226
98230.22848590671,0.01728108355657024
98565.04025172908,0.01758778823344309
98898.29021175588,0.01703319938956421
99228.40234107466,0.017880839046338314
99556.93037064816,0.017316890240468705
99881.83693822852,0.017486964164502235
100213.34669163545,0.016963364520045827
100542.79109866169,0.017496602261422686
100882.27230222555,0.017372222248628305
101216.1472223958,0.017931161335788356
101543.90123303026,0.017308511676527978
101864.9162450815,0.017511577779110676
102191.55776544672,0.01688869521121377
102533.0228760207,0.017274849027474972
102872.46571321509,0.01767471031084064
103209.27442555576,0.017883296480534064
103544.91694248423,0.017141444108566967
103872.93094852299,0.01741974194815969
104207.20885562831,0.017235993815208166
104537.92456829375,0.01730823736013422
104868.64955078613,0.017834174569472068
105190.76582318026,0.017175943382070704
105509.88435416536,0.017677322040094434
105833.54652393104,0.017101620554031017
106160.82639670042,0.016911750207150723
106495.86418906279,0.017170401322551262
106837.91860537641,0.017743812062007817
107171.64831194718,0.01789699000239403
107502.38014829584,0.01833675965212584
107845.42035674192,0.018389739692524498
108192.35884778805,0.018065057521995366
108541.42334993773,0.017822760777769574
108892.10586766542,0.017735187090898455
109248.82716510903,0.01710968756232417
109603.46080878683,0.01723301881458967
109956.5848891664,0.017527719690375237
110310.63981573706,0.0167277427303311
110662.7254241517,0.01721362453643073
111013.62904434728,0.01744104953610739
111370.02102832896,0.01722069146806905
111716.54895126657,0.017511508356112603
112066.9193085372,0.01771948849003807
112420.58140114685,0.017888719230538513
112772.67575322812,0.017873049876159477
113122.46301609081,0.01723698207974695
113463.1208447888,0.017132172542480794
113812.22322709412,0.016612711321101186
114159.44355190235,0.01770232872854175
114500.65615259943,0.017350556812123535
114845.02299137824,0.016772190738793394
115185.56994205246,0.017088847637336122
115524.19044058079,0.017049117446196055
115870.69188548619,0.016734665888239873
116223.29354011631,0.017123630105389392
116569.7272387595,0.017422346955515308
116912.27721290001,0.016822815251892328
117255.35762828107,0.01700255400704297
117596.53159665961,0.016986721701911595
117947.43181393029,0.01719106266882667
118292.68197151425,0.016909429793688934
118634.0783507723,0.017094345504563308
118968.0592055958,0.017057818019053005
119300.13575252086,0.017265974507449454
119629.3867789211,0.017295863965009577
119969.00099781727,0.01712821428274848
120310.51451945295,0.01684778067958884
120647.59880127365,0.017143607785308
120987.82214201258,0.016882336360523994
121322.53753359585,0.017350996500676678
121658.75423623224,0.01768700070207767
121991.46489421457,0.017192966710764777
122337.18265579281,0.017230222729943487
122685.5314296426,0.01674610788842423
123027.81056693011,0.01717186502646892
123375.91972218746,0.01748675526399894
123716.36953139586,0.017213931301389863
124064.80127205836,0.01700160593824343
124419.50976233548,0.017378625569838373
124768.04259963824,0.017222745050666944
125119.35309149839,0.01699207240282555
125468.84911076444,0.016999607147800463
125820.17688944409,0.01690854577852827
126171.90473815461,0.016778401868857918
126530.95273430193,0.017075542754509683
126883.08802443738,0.017127152543525048
127243.96596858639,0.017136417037071024
127602.87406296852,0.01733725929649664
127959.45243287022,0.017030308195856724
128317.2024597328,0.01717723872904049
128676.58071553228,0.017336400039073267
129036.14518038507,0.01725760696048388
129396.89031614392,0.017547029420239585
129754.53521302476,0.017438073046199272
130119.09317429588,0.017032863056056648
130490.58339044296,0.017813931822359217
130869.40350112136,0.01798007836794257
131243.71172974663,0.0174346246913566
131607.97503890446,0.017439776689379256
131974.8577304169,0.017439633261839338
132349.26756874728,0.017512785895157625
132722.2288690662,0.017603553179676792
133092.39731752963,0.0168020018134503
133472.82543640898,0.016526646877030197
133858.44018989318,0.016572798205922834
134242.82504052875,0.01709309548208805
134622.86046947184,0.016841771692393325
134995.6312511677,0.017129428375657903
135376.14408628966,0.017002086865574927
135749.25918074694,0.017212999672606095
136117.6589746788,0.017728364570724818
136483.63172680733,0.01691874773264128
136851.72099395902,0.017220275315961854
137219.1633162692,0.01684891592465146
137583.63781931464,0.017122855036111304
137949.32869185138,0.017650566020458346
138319.14898785425,0.016902196199289083
138689.45602646525,0.017063182591464252
139059.8803098451,0.017592016212475622
139428.94796140678,0.01767586490085111
139791.26652918386,0.01793463748946766
140164.97170458088,0.017056867544986427
140539.93558645633,0.01732227458715275
140916.85427449024,0.017516510697599637
141287.91636999563,0.016917475212720696
141658.28128109453,0.017142105540177623
142025.06549181353,0.01762622416470951
142386.8292394015,0.017484527919267655
142747.3054620277,0.017537962929525575
143101.4565800137,0.016849432999474254
143461.54442921237,0.017129230221346207
143830.4373321676,0.016651191439788552
144197.6199701009,0.0175456524488544
144566.28480419712,0.017290503952442454
144930.81286986856,0.017552473896926282
145294.67403383905,0.017494652274668256
145661.08102889886,0.017998390965614442
146027.68425004694,0.017429859695409635
146395.67849596022,0.017751002918917163
146772.26437570163,0.017151731605668557
147151.35533374923,0.017567100113720653
147532.81419741525,0.01753770539394671
147921.61362642853,0.017207370292820663
148314.27859054971,0.01718016650674054
148705.86401595414,0.017500532340036453
149092.75905423157,0.01703287114359072
149474.7303936812,0.017125470504754926
149854.48984945967,0.016855180734315793
150235.71384884228,0.016958430700377808
150618.9528525162,0.01689179259072102
151000.32906969488,0.017107025080426313
151380.95378858747,0.016897179129066887
151758.91393621668,0.016917344907054942
152141.22027776047,0.016900839356135938
152523.27701607876,0.01700554186577913
152908.051510989,0.017147651538747914
153296.82337889285,0.01704610925651481
153681.63972099396,0.01713605762092283
154059.7308916204,0.017279629131006103
154442.34163390126,0.01658788339501607
154829.03732600962,0.016737434615716747
155213.70924505952,0.016344196581295354
155594.1608156139,0.016962091173190655
155975.572906926,0.017250566322028604
156361.75188767552,0.016941660111646377
156750.56584939797,0.017096798918786175
157138.22283218964,0.016770633853624456
157525.67668845315,0.017041066235174412
157906.05961670517,0.017038010241165483
158284.75767407037,0.016663159743737534
158659.9042002122,0.017108139981555207
159027.88050040454,0.01703474250903509
159393.11366475144,0.01701042496434368
159760.53929217902,0.01706257405303609
160128.13992025916,0.016581800995099975
160494.41832917705,0.01699766286843496
160870.84273941815,0.017376995812945138
161255.0274622394,0.017031552043507554
161636.0870863399,0.017005450663492867
162020.53009866367,0.017078565953057033
162397.97572694373,0.017509807346030998
162777.03153040877,0.01747017769898788
163150.6487260948,0.018015587745188064
163527.8617087816,0.01728572332414272
163905.989354417,0.017232305864565246
164277.31877456792,0.017325619521690577
164647.3625818522,0.017369776814128463
165014.80302273296,0.016783583187804974
165396.2201120797,0.016851538334704375
165771.23258861707,0.016822439914390697
166144.23441396508,0.01653694899159991
166517.17898735753,0.016321620081055466
166883.90817665064,0.017065354042660158
167249.96413870525,0.016647652510315834
167625.27978046652,0.016610374334507946
168001.36334184787,0.01700454394500264
168377.63021385373,0.016663425421028718
168752.12153211696,0.016976829899566344
169115.27860572425,0.01718954250463134
169475.40470705435,0.016921671990577394
169836.72302315422,0.01642072847453239
170199.4126359205,0.016802473513223254
170554.17445482867,0.0168541042077385
170918.12515574382,0.016527928947617346
171286.07124109488,0.01704604664594192
171651.20421131322,0.01714370876751687
172014.77514977535,0.016777508332978926
172375.85325782563,0.016529335693979068
172738.8730704331,0.01606400597196957
173104.82316616765,0.016913607594918834
173468.99215686275,0.01696371090911299
173831.32676232065,0.016746347220250164
174190.34136295557,0.016948241115454496
174551.3937710648,0.017068982991330063
174919.79194714536,0.017415531682898396
175279.91007306564,0.01669164743188616
175633.15286346356,0.0165313098590408
175996.074147922,0.017137885172018395
176366.86116838487,0.017346777094375803
176727.80712147668,0.017005210371043782
177091.84322640923,0.01718677124610049
177452.781586985,0.0170636114608591
177816.03639428178,0.01684517553132965
178178.1241667186,0.016724193101082314
178542.18026849828,0.016671410603690102
178907.14653180997,0.01680717528866141
179257.30944219383,0.016673436846817248
179613.0909090909,0.016707238399859443
179964.96655852257,0.016747916452259738
180316.65959432552,0.01720481111865085
180677.1288872237,0.01687822502014136
181049.76102987127,0.017415470547380074
181430.30964972315,0.01712824751507006
181807.1470679878,0.016894989840986672
182176.51815738482,0.016797904340075432
182549.68079940233,0.016790710399285983
182920.57390437005,0.01677525452556173
183280.92328339576,0.01692752612672234
183641.2836277386,0.016644237644056887
183996.16694709292,0.016954296927472218
184345.24012214883,0.016767421706301994
184699.14639780248,0.017026131288417214
185058.2760234648,0.01735995560273445
185419.8634493079,0.017465191251347975
185791.3445226381,0.01714149693710275
186160.535725429,0.017207079868035532
186527.19497719748,0.01713096367277991
186889.01562402738,0.017058368623137622
187253.7554557925,0.017054089963306665
187622.9650712322,0.016998180064380385
187988.16633441317,0.017422593363497742
188351.83012620267,0.01731703808417242
188706.8572230189,0.017341178624073764
189070.50876426924,0.016650015380348476
189437.34724987557,0.016956635368727768
189810.96230889237,0.017228719394773218
190188.33624617688,0.01750192221973147
190563.22063501965,0.016885436468013656
190928.07219518282,0.0171911162175502
191300.41326943424,0.017495979987169185
191678.18239150796,0.016595298513760084
192051.22256135542,0.016861947731975302
192426.41640102505,0.01626354197670085
192797.578888335,0.017310236484069808
193170.4949236998,0.017473736223184176
193548.23799412977,0.01723017105088928
193931.88355566637,0.016666180954084186
194325.29460555036,0.017231655021529475
194720.17046871103,0.01702956930810571
195106.69702648677,0.016976569886609148
195480.477339318,0.016863289971583508
195860.77974336615,0.01709761128647919
196249.2905599202,0.016876372669836173
196636.49434834198,0.016636590027718702
197017.67325559643,0.01663485145610049
197392.88573389917,0.016606821441297756
197765.37055964104,0.017294096447793013
198134.28985688396,0.01832571401221926
198500.79915248955,0.01735775046055753
198871.35265127887,0.017662633512776204
199242.48901338314,0.0170867389818392
199608.72062777466,0.016830235155699914
199976.83337485985,0.016704362972305754
200346.79874252988,0.016358610103112136
200706.1401472607,0.016742995738244962
201066.68658764815,0.017304460130218118
201429.191817614,0.016589228016269855
201798.31751370203,0.016922048103204614
202177.49491673423,0.016506406516402446
202556.65811325467,0.01659303653789586
202928.23606005855,0.016952822698431944
203317.2429889069,0.016563933486031815
203700.41877459246,0.01673033017869575
204075.36385181488,0.017089378060132533
204452.03110584716,0.01733949070985011
204841.6818748442,0.017045894157798096
205229.98840471293,0.017182155401138006
205623.87164440006,0.01697436366825205
206018.32980181978,0.016521997657691176
206408.37267274773,0.01680307745798865
206800.05369839093,0.016726943046034507
207197.82898839965,0.016773725048459375
