D,r2
6.081188118811881,0.648491315333034
9.081264108352144,0.615828339586801
12.107055961070559,0.5361457625902439
15.106481481481481,0.5126245153928453
18.09046454767726,0.4975103004344853
21.10958904109589,0.49678078536757475
24.11413043478261,0.4444412498137529
27.066481994459835,0.4940619194861315
30.137724550898202,0.432411323200777
33.11671087533156,0.410867852879008
37.57228017883756,0.417612609714063
42.07098765432099,0.37391697773639193
45.08522727272727,0.356028862190989
48.10344827586207,0.36748325724936315
51.11184210526316,0.38204333030933646
55.66183574879227,0.34913873514069566
60.10932475884244,0.3013186372811548
63.11888111888112,0.31398561418326987
67.609375,0.3583741408770184
72.0859375,0.34335655202724696
76.53776978417267,0.31499067265432523
81.12350597609561,0.3007267208656348
85.59927140255009,0.30609786429079006
90.0958904109589,0.30327872340011897
93.09473684210526,0.28537747433369676
97.6043557168784,0.28828246360243054
102.10424710424711,0.2698455654926596
106.62977099236642,0.27077281158091626
111.05614035087719,0.26231083085544377
114.10984848484848,0.2580752606196162
118.69494584837545,0.25868748158445065
123.13725490196079,0.23629032077825346
127.72047244094489,0.23848576422080303
132.0952380952381,0.24129970489511915
136.46861924686192,0.2356715387578669
141.156,0.24673880217286348
145.58648111332008,0.24055522689662384
150.13178294573643,0.23135994542432023
154.61676646706587,0.232098650818104
159.11153846153846,0.2361131424189378
163.5688622754491,0.23142524811300608
169.46593406593408,0.21559302423557314
174.06425702811245,0.21820879994711823
178.68244575936885,0.21193275786803623
183.09615384615384,0.21756785907171022
187.68584070796462,0.20272507663468076
193.38967136150234,0.21137535992293072
197.9437751004016,0.2146505623671296
202.54504504504504,0.22399500521217655
208.64473684210526,0.1947180606546074
213.11165048543688,0.17562575423399496
217.56807511737088,0.21412551103285654
223.6541019955654,0.1961287260122768
229.46135831381733,0.20327882251625184
233.98046875,0.19468362038732853
238.50851063829788,0.2102045653030682
244.6761658031088,0.215063188487111
250.64354066985646,0.2032905665226857
255.13409961685824,0.22318248483306674
259.60283687943263,0.20193098973041737
265.86136363636365,0.20238387053030166
270.17333333333335,0.199003228533687
274.7220956719818,0.20924421905092166
280.7894736842105,0.1877023644770773
286.6986301369863,0.20636772905849327
292.52564102564105,0.2004330575048348
296.9616858237548,0.181096918375373
301.6491646778043,0.19359948254420659
307.6758793969849,0.18592363942656356
313.69651741293535,0.19779500695952426
319.6930693069307,0.19434495121629172
325.78987341772154,0.18977606856949158
330.1937172774869,0.192948841303609
334.5850815850816,0.19468330744038326
340.70952380952383,0.1837924893298438
346.80102040816325,0.18112625737935556
352.76555023923447,0.1809868981714396
358.8019093078759,0.15273538330203593
364.69423558897245,0.15371673916376852
370.3783783783784,0.16755651772828611
374.90763052208837,0.1723048135017137
379.7660668380463,0.15302890203537192
385.65656565656565,0.16438344907940536
391.90501319261216,0.1643793801014546
397.7170731707317,0.15112796211637017
403.7233502538071,0.15821315893701615
409.82262210796915,0.16445897392550693
415.70360824742266,0.14207984447481273
421.79487179487177,0.1542743710735064
427.7257281553398,0.14720785624995142
433.8463476070529,0.15209653367287626
439.75068493150684,0.16128247216551805
445.64032697547685,0.12826289326181262
451.67810026385223,0.1311412546904075
457.8306451612903,0.1381800198733286
463.7188328912467,0.14671185678856485
469.6830601092896,0.14425139970638734
475.8113695090439,0.1494478792410824
481.74725274725273,0.1485608116849538
487.7771883289125,0.13761491949980617
494.07909604519773,0.15682061319020174
499.87257617728534,0.13064185652031698
506.95953757225436,0.13367122911895607
514.3298153034301,0.14928041100710268
520.6666666666666,0.14517520603793876
526.7629179331307,0.12414666339706805
532.8603351955308,0.15878645368163496
539.9400826446281,0.13112075964772152
547.4867021276596,0.1278721138379095
553.9311224489796,0.13859978883937496
559.84375,0.13938917688740626
565.9052924791087,0.13770910106406142
571.7314285714285,0.14190301074741507
578.0078328981723,0.13189965693165628
585.0501043841336,0.13820393558042715
592.5675675675676,0.14152419134311633
598.7919075144508,0.13808006885018964
604.8267477203648,0.14322976737568952
611.9164926931106,0.14971602866497452
619.2389610389611,0.13732520252328553
625.7013333333333,0.11761354136091408
631.8201219512196,0.12418646263057237
637.9085545722714,0.1265847007990335
645.0,0.1199991389031798
652.0842105263158,0.13282388504973813
658.1126373626373,0.12338716659062637
664.5862068965517,0.1382360317485259
670.9973190348526,0.11963373946135586
676.8153846153846,0.12419561021895659
682.8904109589041,0.10807469428187236
690.2832618025751,0.10545869812710656
697.8351063829788,0.11605091072010215
703.7801204819277,0.13087427187128822
710.1107954545455,0.10688999617238305
717.2091503267974,0.10539023987323909
724.7659574468086,0.11015018304400198
731.9474885844749,0.11198331033360504
739.560773480663,0.10878171930767741
745.9873015873015,0.10172794308223099
753.4902386117137,0.11071327712271513
761.8925831202046,0.108821476481111
769.5582655826558,0.10937601401872
775.9463722397477,0.10605832338715489
783.268018018018,0.09889943656878386
790.6987577639752,0.10312742297115832
798.4200913242009,0.1027621662619287
805.8567073170732,0.09357930164725695
813.4769585253456,0.10203359464626349
821.1344827586207,0.1106107791628263
828.5023041474655,0.0970764207703373
837.0751879699249,0.10260229657163489
846.1836228287841,0.11177563023873144
853.8674698795181,0.09795538153779229
861.3109452736319,0.10545446300642831
869.5225,0.10995903437006467
877.7060606060606,0.10925583626683114
885.5965770171149,0.09680922823128352
894.2644836272041,0.09109271299007574
901.7898089171974,0.10836198150455169
909.568720379147,0.10544787109320124
917.2164634146342,0.11032488504817381
924.5590200445434,0.0964398099771496
933.7176165803108,0.1037531841781257
942.1983695652174,0.09244405935384531
950.7405541561712,0.10612689105393593
958.4426751592357,0.09836244557390837
966.558352402746,0.10316566031908375
975.0873015873016,0.10010828016170932
983.2575757575758,0.10127610559120298
991.4153846153846,0.09814093642041309
1000.295871559633,0.11230168704436898
1009.5512048192771,0.09493823367474621
1017.8725961538462,0.09864653828684154
1026.8829787234042,0.10281272915800924
1035.589420654912,0.11029489928754117
1044.4831460674156,0.1005292047934801
1052.987714987715,0.09518784939915306
1062.03081232493,0.09422540130337444
1071.0678391959798,0.0972136406538329
1080.0805194805196,0.10620401292971872
1088.5356200527704,0.10429584007434275
1096.462643678161,0.09079272123442703
1104.3622448979593,0.09568947381870203
1112.5295629820052,0.0881270330890622
1120.4910714285713,0.09165985488320821
1128.7578947368422,0.09936058094550877
1138.2933025404157,0.09158772772002106
1148.4016172506738,0.09293883250999109
1156.4985422740524,0.09464335723879638
1164.7270270270271,0.09879000396019037
1173.4481865284974,0.10407277546679101
1183.5866050808313,0.08885782685905665
1193.2486187845304,0.09416983353705906
1202.4335839598998,0.10010929667518974
1211.2459893048128,0.08740520491253852
1219.6646341463415,0.10058730287515158
1227.8120649651971,0.10118717344850398
1236.7082152974504,0.09184907629352086
1245.8401015228426,0.09218258411776098
1254.7120822622107,0.09035688752174251
1263.4530831099196,0.091467589607486
1271.8976982097188,0.0966427747840482
1280.6495956873316,0.10062082207844518
1288.5239436619718,0.09849684712949787
1297.0761421319796,0.0916311237943448
1305.8413098236776,0.10312503983631434
1314.4444444444443,0.09471418247631964
1322.8346666666666,0.10262068293609347
1330.4486803519062,0.09326659710805595
1339.5757575757575,0.10093150652864931
1348.40395480226,0.08287356362034937
1356.4378109452737,0.09818897532617217
1364.7389033942559,0.08088342480225086
1373.8176943699732,0.09499678763275131
1383.457894736842,0.08334636081460538
1392.8397790055249,0.1067951728364766
1401.9340101522844,0.09190424943284797
1410.8155844155845,0.10177905810102753
1419.9005102040817,0.08820370066434448
1428.4765840220387,0.08457061361210243
1436.9095607235142,0.09580157732261228
1446.1572164948454,0.08338341690072436
1455.2114882506528,0.08698363478575684
1463.5920679886685,0.08618653363910889
1472.4975247524753,0.08815520727266049
1481.8855585831063,0.07515913304533722
1491.4421593830334,0.0868923158748923
1500.3957219251338,0.07645739152503396
1508.9541984732825,0.08459191898803665
1517.9002624671916,0.0815761784804328
1526.9668508287293,0.0786666389523467
1536.51871657754,0.07551851671979413
1546.0,0.06658116909096803
1555.6385542168675,0.0826998381405165
1566.4817927170868,0.09344302926822912
1576.7903614457832,0.08111696080868205
1586.2727272727273,0.0658241856794259
1595.016713091922,0.09680291010723868
1604.5049261083743,0.08107683203225555
1614.0384615384614,0.09008216732082579
1623.1778350515465,0.08146754546450115
1632.0134048257373,0.09169076739391875
1640.8218829516538,0.08044246174183425
1650.4132231404958,0.08290846133158944
1659.9083333333333,0.07488069502434984
1669.4678663239074,0.08323878196250512
1679.4617283950618,0.08431835113742525
1689.3269754768392,0.08041516132888411
1698.9217877094973,0.08755979452027064
1708.361596009975,0.07747773690602074
1719.1645569620252,0.09515858802723297
1728.9601139601139,0.07926267433898582
1738.4489795918366,0.09571281289827933
1748.478494623656,0.08558448969676387
1758.395778364116,0.08281423681866681
1768.6051282051283,0.08265036032725807
1778.939240506329,0.08009700939745452
1789.9662337662337,0.08731386583378555
1800.4651810584958,0.08667603652183346
1810.5839793281655,0.08048837509906157
1820.6220472440946,0.0814467412736018
1830.2514450867052,0.07962272201314233
1841.109557109557,0.08544539319896377
1851.4241573033707,0.08823114783366513
1861.819095477387,0.09058968936054591
1872.2486486486487,0.0822644648381241
1882.6932989690722,0.0903597987332243
1891.7146666666667,0.07812610804946261
1901.123287671233,0.07315438110996211
1910.4035532994924,0.07997370592809
1919.9150684931508,0.08364918513488297
1929.5983379501386,0.07333013141083342
1939.9044289044289,0.07523648879788569
1956.8711656441717,0.0775132891514952
1978.4182242990655,0.08079071339830157
2000.396694214876,0.08223506917269531
2022.1708482676224,0.08467834307510756
2044.05041031653,0.08261720188784472
2067.166273584906,0.07667804353192108
2089.3828220858895,0.07678928591557334
2113.6305361305363,0.08668656544324363
2138.105882352941,0.08143629545216696
2161.378545006165,0.08251678177524346
2182.9461358313815,0.08289306915640486
2205.6913294797687,0.07841603557772263
2229.3612750885477,0.07527390204480344
2253.050724637681,0.07509141275947614
2275.6949352179035,0.07210473496676538
2298.109090909091,0.07242198629107868
2320.0805687203792,0.07275385777784606
2343.141826923077,0.07869607452957626
2365.916091954023,0.07114628911195757
2391.580985915493,0.07681169645651367
2415.1847826086955,0.07831394573310463
2437.624852071006,0.07974080615884344
2461.749116607774,0.07589211499747577
2486.272506082725,0.07241097946050223
2510.3728222996515,0.07253379837700265
2534.8009650180943,0.07574720476893938
2559.551724137931,0.07280483709905894
2582.797604790419,0.07797409994641054
2606.537757437071,0.07434740427375887
2632.2066508313537,0.0725337102545681
2657.2060606060604,0.07363737462211886
2679.9451728247914,0.07170258755140227
2704.2601156069363,0.07454107422212693
2730.093107617896,0.06336047846212473
2755.017502917153,0.06936818760098956
2778.961813842482,0.06733181934711581
2802.874551971326,0.06709901960020419
2826.9772182254196,0.07324274130336927
2851.245017584994,0.06390294999688369
2875.2391559202815,0.06223326376919066
2898.7132262051914,0.07420823147607092
2921.4869169510807,0.06528990234165435
2943.989349112426,0.0643081320139723
2966.836784409257,0.06478589432849124
2989.954381752701,0.06808384756499355
3014.216247139588,0.06463752315659697
3038.2490931076177,0.06723528236668842
3062.8627906976744,0.07496230469113811
3087.6919315403425,0.06565023736399099
3111.1529548088065,0.0710025091778782
3135.990338164251,0.06972885772670226
3160.9234393404004,0.062251198326340206
3186.040047114252,0.06826745144829112
3211.347087378641,0.06553351357976245
3235.8021077283374,0.06426566690264568
3261.4018691588785,0.08131827130443606
3286.23199023199,0.07084727901726594
3310.738425925926,0.0722013182745567
3335.225,0.07368155618435926
3362.7270560190705,0.07666790735811059
3389.8104265402844,0.07767811779295736
3415.9774078478004,0.07812874685571594
3443.2396204033216,0.07395386901132191
3469.5386473429953,0.06594504325405187
3495.454117647059,0.0734290409145922
3521.377672209026,0.0798749743095415
3548.1251461988304,0.06556293689005495
3575.926650366748,0.07245963471240548
3601.503488372093,0.0679969931671578
3629.236276849642,0.06710804451526006
3657.1904205607475,0.07239258519018353
3685.0977620730273,0.07189869480346792
3712.2038369304555,0.06634698908524055
3740.256169212691,0.06666010586621192
3769.1393643031784,0.06628059352440725
3798.3047508690615,0.06643041654653879
3827.248492159228,0.07033298313877516
3856.4703143189754,0.06951285687501405
3885.5355450236966,0.07293305495004215
3912.823529411765,0.07191377153966358
3940.8432563791007,0.06313278665382055
3969.349827387802,0.06531034811568713
3998.297362110312,0.07475979372996598
4027.4586728754366,0.07076516389188364
4056.1871921182264,0.06799502126470765
4083.7910271546634,0.06902701066154403
4111.484061393152,0.06965769444144641
4140.013017751479,0.06791494918712516
4169.889791183295,0.06569792915846585
4199.539099526066,0.06229715311158649
4229.638118214716,0.060279191227448445
4258.088622754491,0.07063934294490948
4288.118329466357,0.06668173360202755
4319.801909307876,0.06308160782458863
4349.974087161367,0.06983293906684492
4378.230487804878,0.06760279285339812
4406.906175771972,0.07153507281277068
4438.066433566433,0.06760468474567236
4468.3179611650485,0.07211337699798033
4497.347980997624,0.06780585690188037
4528.847477064221,0.07198380702966908
4558.724637681159,0.06827317736845334
4588.55980861244,0.06950674277949619
4620.400468384075,0.08377970101605597
4652.347417840376,0.07556245683831501
4683.5687960687965,0.07270062144562285
4713.911971830986,0.07460150948834933
4745.114386792453,0.0707416898522263
4775.997621878716,0.07241440856658583
4807.572928821471,0.07531999889780247
4837.928057553957,0.08418790476481906
4869.2760233918125,0.07123762494427001
4900.444444444444,0.07144456650386306
4930.552220888355,0.07364914129102001
4961.454009433963,0.07463066048431019
4993.304093567252,0.06237657986109116
5024.754761904762,0.06397087607626006
5055.860492379836,0.07221411042072835
5087.295261239368,0.06693226714425038
5119.430232558139,0.0671173557061133
5150.749699157642,0.06161624062266308
5182.179122182681,0.0652031659356021
5215.51179245283,0.0623639504273467
5248.533727810651,0.06305427219958339
5280.210526315789,0.0695506510621462
5311.410046728972,0.06384505898778646
5343.45584725537,0.06640363162657621
5373.442857142857,0.05624336162566239
5405.697619047619,0.0688663039405314
5436.608440797187,0.06308124548866714
5467.767356881852,0.061318946668195505
5497.822754491018,0.06020406082185212
5527.810285714286,0.06767298861731234
5558.699386503067,0.06603578015250258
5588.380459770115,0.05807926203559685
5619.328162291169,0.06400394844724841
5649.328484848485,0.06512640077514947
5682.037514654162,0.062274530768957455
5714.873222748815,0.06819261882946853
5746.151764705883,0.0681655416666067
5776.899764150943,0.06005157396005318
5808.652794292509,0.06100720512708981
5839.291917973462,0.06422631047971629
5872.213286713287,0.059750816243680456
5906.228944246738,0.06501568037424887
5937.959854014599,0.06624349806825942
5970.4358974358975,0.06515315524776367
6003.346793349168,0.06708802424320418
6033.944640753828,0.07026917960390797
6065.9390243902435,0.07273419293336143
6097.097447795823,0.06421417441937581
6128.266746411483,0.06326607265406757
6160.678866587958,0.05884056583929152
6193.769596199525,0.05372091610912931
6224.666272189349,0.057794003073426116
6254.778698224852,0.07347357505010593
6287.403592814371,0.06401098377504165
6320.209964412811,0.062048431256433646
6352.961950059453,0.06688689307504136
6385.943728018758,0.07038781116175152
6417.424673784104,0.06928611483235982
6448.698663426489,0.06196749047662708
6479.877049180328,0.06424696267324666
6511.403073286052,0.071329309455999
6542.794188861985,0.07274467699021928
6574.087006960557,0.07400556014647285
6604.31790499391,0.07074748501586098
6634.4509345794395,0.06449094236480081
6665.015457788347,0.06737105427104048
6696.352112676056,0.06526175401556046
6727.384341637011,0.06651999997161882
6759.974148061105,0.06269535631634922
6792.548736462094,0.0724561468558706
6825.948356807512,0.0688566807285327
6858.388221153846,0.07591049602062905
6890.5969084423305,0.06702220756999741
6922.489795918367,0.06362730205736111
6957.86839012926,0.07128221433030765
6993.299185098952,0.07192188535851034
7028.981662591687,0.06991509579746723
7060.819861431871,0.07044884705544895
7094.513095238095,0.07561759909820136
7128.342925659473,0.07005567127857477
7162.084309133489,0.06736488372497816
7195.149521531101,0.07068679643663336
7228.514792899408,0.07332545109300746
7263.162352941176,0.05810001998619453
7296.943279901357,0.06818373470335838
7331.833333333333,0.07008950169271377
7367.193586698338,0.06763584617249285
7400.407720144753,0.061895363122084206
7433.760429082241,0.05958278228495649
7467.602352941177,0.07555735380121491
7501.74500587544,0.06740761156748848
7536.575178997613,0.06067110157397732
7573.107947805457,0.07256803985581273
7608.746973365617,0.07380499631839291
7643.795053003533,0.06319368941134812
7677.436904761905,0.07017525024182612
7709.90692124105,0.06316574101231248
7744.2025462962965,0.058379201534077135
7780.117924528302,0.06214138992190854
7815.422116527943,0.06787891659930904
7849.2478736330495,0.07111738470386471
7881.953216374269,0.07250108982408367
7916.30980861244,0.06423246717969654
7949.820359281437,0.06040291803907167
7983.430424528302,0.05943836014275532
8018.536439665472,0.06274230117575216
8051.253873659118,0.0674843895975676
8083.657309941521,0.062479200385879625
8118.547257876313,0.06557915644047206
8153.742586002372,0.06482308591058213
8188.67942583732,0.0679726495676527
8222.741007194245,0.06321041058627704
8257.83488372093,0.06369174354491913
8292.845873786408,0.06785674889888378
8326.152941176471,0.06740444973682828
8360.307966706301,0.06813260480181361
8394.6357226792,0.06674702058623361
8428.355342136854,0.06922869005937003
8463.132784958872,0.06507805623282235
8499.35119047619,0.06929064166418207
8535.32338902148,0.07215303432531243
8569.972060535507,0.07540427745453274
8603.283454987835,0.07287745570327579
8637.831971995332,0.08076830166107378
8673.713780918728,0.08243266897877145
8708.688018979834,0.07554443563422
8742.95232419547,0.07418826307160556
8779.171394799054,0.07212515917963086
8816.787182587666,0.07123249100811554
8853.609318996416,0.06884489364386528
8890.109175377467,0.07241300339176597
8925.800472255018,0.06656014158116914
8960.290865384615,0.06329521441290215
8997.347670250896,0.06781479213071658
9032.755608028336,0.06434551350669164
9067.44976076555,0.05986545516869983
9102.9686774942,0.06659970075319199
9138.013173652695,0.06552645385253245
9173.647268408551,0.06512964923269789
9208.1004784689,0.06032285526388804
9243.712952158694,0.06080385146882181
9279.870238095238,0.0660094113268761
9317.084848484848,0.06907641397456073
9353.884345794393,0.0673174432792409
9392.176258992806,0.06713403671240316
9431.138011695906,0.0628572218357779
9468.96462264151,0.07008397724214019
9504.930952380952,0.06727574210112862
9539.762130177514,0.06676114688631941
9575.706443914081,0.06977956098027571
9612.217073170732,0.0713785221720217
9649.059907834102,0.066973070994166
9686.476646706587,0.06609905333930229
9723.463560334529,0.06567313436681545
9760.763855421686,0.07040683290823589
9797.295823665892,0.06953698344800105
9837.336917562725,0.0692669070482003
9875.519343493552,0.06899302431425115
9915.444444444445,0.0674793676472654
9954.361803084223,0.07227733315917258
9992.249698431846,0.07352368507131878
10031.97435897436,0.06660614422033855
10068.189384800966,0.06841910550192981
10103.820665083136,0.07384397907479087
10142.214452214452,0.07696898044150735
10183.194510739857,0.07141291577945408
10222.736276849642,0.0742031746349001
10264.53223915592,0.061418456480846484
10305.661818181818,0.06308147562555996
10345.648998822144,0.06159357751239834
10385.575294117647,0.06321842607851068
10425.518518518518,0.06929695973505537
10466.952606635072,0.06576792420996273
10508.57494145199,0.06773919282011302
10548.646080760094,0.06503912799475255
10590.399758454107,0.06262031531426097
10632.410778443114,0.05915252354838753
10671.988235294117,0.06048922059223876
10711.843023255815,0.06299301112167154
10753.800711743772,0.061566534087174184
10793.596658711218,0.057666879609098394
10832.737588652482,0.06011826348047685
10873.941034897714,0.0644872415540868
10912.72261904762,0.06623458436590045
10951.32276995305,0.0706842513720751
10989.1212484994,0.06711952567812343
11028.502364066193,0.07075274856303383
11068.6487747958,0.07443220936156658
11110.122128174124,0.06948298533302237
11149.333722287049,0.062272894210132795
11191.27797833935,0.06450469420203994
11232.611241217799,0.06499845193927899
11270.320665083136,0.061924566209772755
11310.711352657005,0.06685605737459102
11353.271878646441,0.06213105291323405
11394.785800240674,0.0693959499093807
11435.320512820514,0.06412436527994156
11476.919082125603,0.0672367315910064
11518.02358490566,0.06670135425318861
11557.37411764706,0.07175012300055267
11594.244311377246,0.06383750881308661
11631.609988109394,0.06858641140673415
11671.090694935217,0.06922116098212543
11709.744578313253,0.07527101278528771
11747.288235294118,0.07126581948001358
11786.840047393365,0.06873578875604765
11825.933333333332,0.06539188891872279
11866.503562945369,0.07051495710996777
11908.609813084113,0.06503083387402914
11949.38313253012,0.06850865470497673
11989.51438848921,0.06339392966261746
12029.714953271028,0.0685426669531702
12070.194244604316,0.06179070176225688
12110.629239766082,0.060701737576010155
12153.149764150943,0.07903838140412697
12195.360285374554,0.0717067853212652
12234.9243697479,0.07356864820958645
12275.750298685782,0.07337372661885017
12315.771126760563,0.08311781745778367
12356.852245862885,0.07886279805844819
12398.639187574672,0.07148192016352983
12440.843274853802,0.07390633642613263
12484.869147659063,0.07111896052447503
12528.581450653983,0.07032681738370136
12573.235849056604,0.06963379667485373
12617.185798816568,0.07233039944974734
12658.456367924528,0.07215520162105173
12699.555421686748,0.07840551622470343
12741.381176470588,0.06731365467796133
12784.230215827338,0.07166460019729662
12825.234169653524,0.07270385256798696
12865.527485380117,0.0642840264064605
12906.404790419161,0.06570144617204685
12945.678147268409,0.07480360004225727
12982.579505300353,0.07469378136013805
13019.558858501783,0.06532904713773303
13057.645508982036,0.07208658608301591
13095.251179245282,0.06275886127510011
13133.695136417557,0.05674017677099597
13172.258333333333,0.059748491476506176
13210.67878077374,0.05942961788396393
13248.558504221954,0.064573669497944
13289.90415704388,0.06349809768359693
13332.586826347306,0.06692377735718695
13374.804502369669,0.06284354803378607
13416.410438908659,0.06074620590092918
13457.792565947242,0.07001864457947873
13498.204009433963,0.06103042867625731
13538.705811138014,0.06958782002588819
13576.614401858304,0.0628317314794451
13616.146226415094,0.06203289467235079
13658.33096926714,0.07154553927743247
13700.62754491018,0.06792958407176984
13740.937799043062,0.06923176903561716
13780.677946324387,0.06745313588346323
13822.871515151515,0.058692333119563206
13865.609756097561,0.0619966736293343
13909.256348246674,0.06415694802532014
13954.713947990544,0.06497661370987659
14001.015330188678,0.06583305310896982
14048.4709371293,0.06728003236922125
14094.186320754718,0.0659923607575257
14138.964071856288,0.07252539831367022
14181.82075471698,0.07297720182999005
14222.278375149343,0.06658105777464542
14266.312426035503,0.06494716618539141
14310.639714625446,0.07290798650127732
14353.438679245282,0.07161853182639828
14395.053128689493,0.07111139312532418
14438.46218487395,0.06837246420078831
14482.125443786983,0.062478719186148016
14525.824582338902,0.06809718013839239
14571.907168037604,0.06365522392658371
14620.519666269369,0.06844396136467971
14665.420494699647,0.06548623922998771
14707.88502994012,0.06542714758804523
14751.404255319148,0.06746759948903541
14798.628706998814,0.07070745873426737
14843.800235017627,0.07162548806332042
14889.433333333332,0.07291482964530702
14933.24033816425,0.07242073874605982
14976.748531139836,0.07288382962037221
15023.140476190476,0.0657313441240547
15070.952885747938,0.06554219846793786
15117.607142857143,0.06884093373584046
15163.31212484994,0.06978074448366431
15210.715617715618,0.060356942118802985
15260.247324613556,0.06226326178272159
15306.971223021583,0.0668687685697296
15353.42203985932,0.06717162313963268
15400.730083234244,0.0722985004026921
15447.381406436234,0.06349424071551538
15495.700236966824,0.0628880869216071
15545.904255319148,0.06103706444217817
15593.684769775678,0.058790897488733306
15643.05035971223,0.06476313796777221
15690.139120095126,0.0561670071263449
15738.42671394799,0.06479016228121884
15786.131609870741,0.06533289242096262
15832.44964028777,0.0716585857861692
15877.004750593824,0.06554035821415563
15921.656324582338,0.06012937508160367
15966.968309859154,0.07114870859254593
16011.365997638724,0.07092111136664547
16057.288622754491,0.07462144569981105
16102.008353221958,0.06735937583103373
16148.80325960419,0.06530951057484786
16196.624096385542,0.061305973703596174
16241.407710280373,0.06440254173652712
16289.846618357487,0.07269571934577412
16336.799299883314,0.07055086618799353
16383.896551724138,0.07676411073350631
16427.8,0.0679002465488033
16472.794569067297,0.06402340752894975
16516.89774078478,0.061806120850634055
16564.197183098593,0.06942795570025491
16614.132387706857,0.06768318685159565
16662.24817518248,0.06431057872960083
16710.803066037737,0.06667531740179607
16758.984560570072,0.06406896003059034
16806.639479905436,0.06082511772052777
16856.05548996458,0.06282984619481627
16904.28537735849,0.06291518974487885
16956.17122473246,0.06964048988375908
17007.263157894737,0.06604333131707901
17059.060141509435,0.06815472377965963
17113.992924528302,0.06871883297197821
17165.262782401904,0.07470803583334061
17217.734449760766,0.07108899562650917
17268.160714285714,0.06845448237694843
17315.09294117647,0.0738683864087505
17368.228028503563,0.07082235433313139
17417.191211401427,0.08054318395981451
17465.91843971631,0.07115315615044923
17515.214709371292,0.0634400384231369
17565.68023952096,0.06381711036712803
17616.11757719715,0.06590957000823544
17663.099648300118,0.06871368855947733
17708.571938168847,0.06785465379011138
17755.152482269503,0.06333263642434342
17803.448979591838,0.07014459093413167
17853.43075117371,0.08116491905445468
17899.90249702735,0.06929109764734606
17947.910607866506,0.06927543511187945
17994.830769230768,0.05818081962403716
18043.538190364277,0.06795414264749175
18093.233812949642,0.06966633775542112
18143.479387514722,0.07391082462867639
18193.853717026377,0.06797815347546156
18242.310924369747,0.06705932350741886
18291.002341920375,0.07399610023642754
18340.32855436081,0.07853422757797807
18390.98463356974,0.07556068393934667
18440.357476635512,0.0745069935096245
18487.579201934703,0.07627832856188627
18534.218457943924,0.07242133861521981
18583.27218934911,0.06668773312300809
18635.046483909417,0.07077272190664895
18686.019115890085,0.06106364432724664
18737.468263473053,0.07219741149283526
18788.92216981132,0.06576608982833533
18844.923798358734,0.06774666522071619
18901.05508982036,0.06466023177532233
18954.603795966785,0.07205527593265795
19014.42671394799,0.07062079228046696
19078.208972845336,0.05910177617615861
19136.208085612365,0.06450045624217554
19188.271648873073,0.06473120943251928
19242.03546099291,0.06704222732765874
19294.654306220094,0.0616299190487671
19343.8,0.06562259342279793
19392.496437054633,0.061579595648964605
19443.21194379391,0.06414502678133284
19495.52449223417,0.062330182640503065
19545.5871886121,0.06846646561364653
19596.240282685514,0.06905057980641598
19646.871428571427,0.06395651652210076
19701.552009456263,0.06787517257084401
19753.797330097088,0.06748015522483936
19803.614485981307,0.06873131012695334
19853.233966745844,0.06931602085245575
19905.889281507658,0.07176048028645941
19960.43236714976,0.06990084582437077
20016.961176470588,0.06644180791363939
20073.79146919431,0.06879350158849822
20129.648325358852,0.06769670002238765
20187.501179245282,0.06044382039429961
20245.461995249407,0.0667494104020812
20301.002355712604,0.06395481902703241
20362.301418439718,0.06386945215420205
20419.733173076922,0.06934623278816751
20477.421545667446,0.06222961081566901
20539.16866028708,0.06318061448366609
20599.85868263473,0.07153287098050044
20661.099531615924,0.08064551727507067
20724.721233689204,0.07010377007061036
