D,r2
9.11456102783726,0.37051281527299373
12.103211009174313,0.32144626523130726
15.079306071871128,0.28584545150170165
19.501643655489808,0.25127841486307706
24.092741935483872,0.2173708245307501
28.437814521926672,0.21159845220111292
32.98158640226629,0.19467419003179845
36.08250355618777,0.19850423879841925
40.51116243264049,0.18877383715867432
46.55952380952381,0.19088849082287349
51.11180124223603,0.16621854116555362
55.59699129057799,0.17129939479624995
60.11363636363637,0.16237563077484188
64.6062015503876,0.16221722208578612
70.52658227848102,0.1668248672388842
75.06528662420382,0.16313518419833906
79.7034188034188,0.1622324421356663
84.11003236245955,0.16227593765236853
88.54507160909857,0.147762513658934
94.49575551782682,0.15579206718966906
100.55258620689655,0.15053387191967713
105.10554561717352,0.15440889229338572
109.61948529411765,0.16200852627660878
115.66818181818182,0.15393846806574063
121.59513074842201,0.15279810562970575
127.59150943396226,0.15429038753882177
132.1240740740741,0.14711930948721774
136.62476547842402,0.14078606795938778
142.68243858052776,0.14892256065369797
148.6485740570377,0.13840988355323489
153.17383177570093,0.12744013798002693
157.60093023255814,0.1341828732741165
163.60428305400373,0.12908311994805766
169.64953271028037,0.1428674031495207
175.70260223048328,0.1361868493190649
180.17241379310346,0.14898224650393266
184.6216457960644,0.14173545745306096
190.62296650717704,0.1310472435061312
196.6090373280943,0.12663604200012968
202.68436873747495,0.12938784255140473
208.6111645813282,0.1326536450175525
214.60830860534125,0.13759714971620302
220.540206185567,0.12819289230393013
226.43815513626834,0.13783784008409314
231.01470588235293,0.13424296062341404
235.60696517412936,0.1273862229099984
241.7030303030303,0.13285007059661114
247.65687303252886,0.13189248906021317
253.68571428571428,0.13132105916385714
259.7584097859327,0.12822084544449056
265.73269435569756,0.1299603096691346
273.02446483180427,0.12770550702167477
280.32112970711296,0.1298207372615098
286.5596330275229,0.11827446662906715
292.76955161626694,0.1312316476737483
298.80480167014616,0.12983726490019035
304.5377358490566,0.12218834299786271
310.6621480709072,0.1360674191306797
316.721875,0.13056379678695362
322.7938689217759,0.11571154875125048
328.8491978609626,0.12599240702061903
334.8056179775281,0.11958020135038668
340.7694013303769,0.1217988919164921
346.7949002217295,0.13429614539318283
352.72183908045974,0.12189355148914113
358.7944325481799,0.11704107449858414
364.7714581178904,0.11621957576359754
372.188326848249,0.1269023440284684
379.54733405875953,0.1296561804004723
385.705329153605,0.11326142643856635
391.82250580046406,0.12097812725813033
397.872009569378,0.12437359019807095
405.0622406639004,0.11827715534529129
412.47599591419817,0.11524531872245761
418.87692307692305,0.11478649959776724
424.91525423728814,0.12342832123960505
430.9337822671156,0.11498409174811472
436.8623188405797,0.1116368166527745
442.8031674208145,0.11210286371368948
448.902004454343,0.10957419095492872
454.8240635641317,0.11124416972782632
462.0824345146379,0.10767225009069455
469.76060935799785,0.10863742890599327
475.93300852618756,0.1138773205843917
481.81515499425944,0.10724565064099183
489.04631927212574,0.11731834839035038
496.60020554984584,0.11112504243028533
502.90561529271207,0.0978252278287918
508.90293453724604,0.10826163851103968
514.9607390300231,0.11144463531557519
522.0364372469636,0.11339994616726404
529.3194154488518,0.09843651799558402
535.615894039735,0.10305214453828301
541.9942329873126,0.1044362955150295
548.9132379248658,0.10952880168517361
556.5763239875389,0.10964820046559241
562.9452554744526,0.10957371012638333
568.934611048478,0.11535409737135631
576.1444444444444,0.10495093112023
583.7797752808989,0.10014710181484296
590.0539568345324,0.10673310262684925
596.0150462962963,0.10402548990421952
603.165302782324,0.09841648593351307
610.826859045505,0.1035947758222789
617.1454965357967,0.09777881852721387
624.0370036101083,0.10617600537612414
631.2575431034483,0.1027546962134053
637.7748633879781,0.10236318986155325
644.0471584038694,0.10619468795044201
651.2362685265911,0.10284325443285448
658.3805970149253,0.09909269496837525
664.7323008849557,0.10389150167813124
671.0,0.10021750644482147
677.8659517426273,0.10063817920201205
685.4891416752844,0.10579698512161453
692.0232018561485,0.09774556318381508
698.9147141518275,0.09830230989184792
706.489224137931,0.10186607212321062
713.1283018867924,0.1011548674472772
720.5678906917165,0.09887668705427356
728.1164215686274,0.10024182845032995
734.9418181818182,0.1033883260375261
742.4773195876288,0.09213922402852483
749.0554926387316,0.09813469783107791
755.1506524317912,0.0966409335684177
762.412032816773,0.09389075812783891
769.7780104712042,0.0863950049506515
776.06,0.0956933310751949
783.3007846556234,0.0908520164408858
790.8288100208769,0.09850356134511712
797.1482889733841,0.09907401360270378
804.2365217391305,0.09762905229135395
811.7888127853881,0.0982261091630313
818.1252983293556,0.0920899636120424
825.024567788899,0.09414024522214921
832.4764453961457,0.10100701307871723
840.0422396856582,0.09110098497692863
847.5726405090138,0.09369509036672985
853.9937733499378,0.09659642037001552
861.3175853018373,0.09978849659659474
868.9404761904761,0.0938928636744215
875.0620437956204,0.0943138808425083
881.9245960502693,0.09206631184824668
889.433962264151,0.09384661030915467
896.9960159362549,0.09154509500272145
904.0594594594595,0.08959879996585109
910.837655016911,0.08918639192360486
917.2098914354644,0.091016515347443
924.5505430242272,0.09369745062230612
932.1235813366961,0.09227128649908058
939.2601102941177,0.08816387459655314
946.8263214670982,0.0821510976246277
953.9476744186046,0.09211426347875255
961.0581005586592,0.08562530335634616
967.8965517241379,0.08377996097031046
975.3469194312796,0.0864943806900213
982.8391203703703,0.09081263815257941
990.3998136067102,0.08637203664780191
997.8175438596492,0.0830763738323858
1005.212389380531,0.08455294174585407
1012.8757062146892,0.08507985594227278
1019.9572564612326,0.09447056951483489
1027.596837944664,0.08625436681834223
1035.1051546391752,0.08661338102189725
1042.1104910714287,0.09042748447339478
1048.9419134396355,0.08875885260052883
1056.3431734317344,0.09461425172061869
1064.0184182015169,0.08308416728415285
1070.9656964656965,0.09227384924734262
1078.4500525762355,0.08104431492265955
1085.9989658738366,0.09099401116742337
1093.498474059003,0.09220160520968632
1100.9192734611504,0.08533627719396888
1108.10199556541,0.08949993518718302
1115.018244013683,0.08459547591898456
1122.4896421845574,0.08868113621603319
1129.8185699039489,0.08032993552741402
1136.9916666666666,0.08610010894632604
1144.5622406639004,0.08706692749527878
1151.9567510548522,0.08005712499504575
1159.436137071651,0.09320902260589665
1166.944502617801,0.08671373192937562
1174.4933469805528,0.08172315522362138
1181.8921078921078,0.0819251658729881
1189.1258426966292,0.08389941076416245
1196.6643286573146,0.08413673498706287
1204.471677559913,0.08727501941112854
1211.9118257261412,0.08867943700505412
1219.4004192872117,0.08818420437698261
1227.2905472636817,0.08922778655655461
1234.9792865362485,0.08984805699784192
1242.3466172381834,0.09180002596302078
1249.904761904762,0.09182173986650885
1257.1096033402923,0.08885475341780072
1264.4361593462718,0.09311053282956416
1272.0251572327045,0.08760274942471825
1279.5132653061225,0.08969276123507723
1287.0260145681582,0.08388317914905236
1294.5368536853684,0.08584518917658376
1302.0192102454641,0.08910215007136797
1309.5519607843137,0.08537784509163862
1317.0807319698602,0.08904502635824363
1324.418864097363,0.08901204347874316
1331.889237199582,0.08890207618487984
1339.5055837563452,0.08321418317446021
1347.0614583333333,0.07949633146841302
1354.0559360730595,0.08529620623222385
1361.5989795918367,0.08614363798339068
1369.4761904761904,0.0871014138744872
1377.4248302618817,0.08377049164872385
1385.6016511867906,0.0792170841767765
1393.0407488986784,0.08194371272195808
1400.002355712603,0.07895219581955529
1407.7391696750904,0.07882102821237684
1416.5386996904024,0.08703426624256466
1423.9278106508875,0.08365730974894714
1431.394523326572,0.0812048238839276
1439.531914893617,0.08499107893866413
1447.577915376677,0.08539716011878072
1455.3120638085743,0.07621236179659883
1462.9375764993881,0.08749083408205216
1470.4102316602316,0.0820173341430671
1478.5079365079366,0.08136751346128925
1485.9623287671234,0.08249737848960921
1493.678535096643,0.07282990050666857
1501.5781094527363,0.08322398761581822
1508.8885172798216,0.07824547064941038
1516.4309978768576,0.08560559489035457
1524.81520692974,0.08855850432743795
1533.056583242655,0.08583821389257738
1540.443113772455,0.08586773885833249
1547.9622437971952,0.08516132470270316
1555.511017838405,0.07387802839758999
1563.4110787172012,0.07835331457440627
1570.8719101123595,0.07535877469848341
1577.987951807229,0.07482856047684125
1585.5,0.07279101584268381
1593.4325396825398,0.08592563020034362
1601.6863136863137,0.0831622058793576
1609.0528169014085,0.07444403364865451
1616.5095669687814,0.07860060908192686
1624.555666003976,0.07326900808629482
1632.5128205128206,0.07636886840261362
1639.9652777777778,0.07132184375992993
1647.3934272300469,0.07415113250658571
1655.0,0.08253143003039895
1661.9337539432177,0.0716521857115486
1669.4356540084389,0.07316237209457686
1677.3217477656406,0.0792407058312475
1684.9498289623716,0.07360763006938154
1692.5004945598419,0.07936460321246025
1700.557142857143,0.07389710308093331
1708.5446153846153,0.07771267080058594
1716.4824824824825,0.08011406353898662
1724.5844559585491,0.07638108863878476
1732.1181102362204,0.07532179773524646
1739.6319018404909,0.06885499324588507
1747.373231773667,0.07426769867413532
1755.5304518664047,0.07336418953996232
1762.8418657565414,0.0730277345666463
1770.3808110781404,0.07400178177310036
1778.6202158979393,0.07771012235885248
1785.987194412107,0.07116554464799273
1793.5283018867924,0.07313155906125055
1801.1598272138228,0.07909871338724056
1808.6456852791878,0.07338744307181923
1816.5256544502618,0.07537892320715454
1824.0192102454641,0.0710956018683065
1831.473,0.07494864955478724
1838.927293064877,0.07471042414149029
1846.4953464322648,0.07546501220018412
1854.8022813688212,0.07536797748653486
1863.042873696408,0.07880693893257835
1875.6546762589928,0.07708143840352663
1892.908467939305,0.07285741454803188
1910.5784936479129,0.07106154715625215
1927.870843373494,0.07111062328389757
1945.3664367816093,0.07238047161407948
1963.7505949547835,0.07001554728394105
1981.1513157894738,0.07539359117300168
1998.4992921189241,0.07227391259350621
2016.3940397350993,0.07292348565383988
2034.0106024096385,0.07236563917577678
2051.289213377296,0.06860444165583388
2069.6031379787723,0.07179238576589304
2087.3604436229207,0.06850580192048425
2105.2180929095352,0.06600555749188265
2123.3198113207545,0.06603609203406338
2141.3758604864615,0.07254094351989357
2160.18010133579,0.06885323028970117
2178.5870936438623,0.07279763901451057
2196.9671981776764,0.06923196395561282
2215.8869241507678,0.06742848038708611
2234.28007518797,0.06776830096695872
2252.4833984375,0.06545711733133314
2271.0146923783286,0.06727827777864356
2289.462081959491,0.06616139296786294
2307.5923476617854,0.06539062740622316
2326.014292300599,0.06655698416315181
2344.5530516431927,0.06796814071307865
2362.5865060240963,0.06257971083169986
2380.860849056604,0.0701132699756323
2399.9476102941176,0.06593582007533139
2418.6416747809153,0.06426250667210262
2436.5279736718385,0.06817878236633762
2455.3166891587944,0.06792009775301529
2474.476401179941,0.06515858488931628
2493.1490428441202,0.06421452666440339
2511.3848780487806,0.06315953728650976
2529.5922646784716,0.06587763924883588
2547.9472487494318,0.06475834239016749
2566.4823473282445,0.06339231332676394
2584.7335870599427,0.06323942834021688
2603.490566037736,0.06280197030636717
2621.9521619135235,0.06405387168505976
2640.4296614210775,0.0657401978438506
2659.023030861354,0.064480207767499
2677.3017114914423,0.06507622380753691
2696.0,0.059864839375358324
2715.4872483221475,0.06124785048350992
2734.5994166261544,0.059119130217821565
2753.051598173516,0.05905593990619789
2771.442486539403,0.06084077120695149
2789.5619047619048,0.06217980348887506
2808.099863822061,0.05958225714739128
2826.962037037037,0.060030463034447465
2845.479391560353,0.06088229698831008
2864.0884476534297,0.06225628204159267
2882.0637779941576,0.05864975248261175
2899.8344125809435,0.06092271921540709
2918.792801107522,0.06023835258566937
2937.5848235862736,0.05915835102875722
2956.048076923077,0.06172628969164388
2974.87617260788,0.06159889122058698
2993.7259820160907,0.059257253496305944
3012.9119195787457,0.058429419631418636
3032.0374819798176,0.05736572508641735
3051.4783808647653,0.056095538727304904
3071.0876777251183,0.06291367496498299
3089.9626078619367,0.06447343353909961
3109.1830065359477,0.06011019516806277
3128.2309479553905,0.058768537052150974
3147.9416590701912,0.061751737500895174
3167.9845143125294,0.05704946933508004
3187.288535645472,0.05928607504617106
3206.450371057514,0.05805322109774519
3226.0923076923077,0.05773550312592677
3244.844476744186,0.058457170218149807
3264.6694444444443,0.05533223671258835
3284.565196775723,0.05424629663836804
3304.4881340158213,0.05601810653647507
3324.093417231365,0.05241656871506192
3343.709328526363,0.055608394255246725
3363.0197044334977,0.05631925087479155
3382.5045829514206,0.05579871899291246
3402.396103896104,0.05740057009470665
3422.159201557936,0.057630769833888415
3441.5463529411763,0.05405898311202945
3461.546230440967,0.05617526879029729
3481.413351623228,0.05568846726513639
3501.5092285849505,0.05315333560113864
3521.5837634913187,0.05567454551551944
3541.539818788746,0.052930265778758576
3560.929924242424,0.05292907457192578
3580.627133872417,0.05078162437140434
3600.1780619773735,0.053921957729900154
3619.811655011655,0.053769883183351824
3639.4141090242783,0.053240741784345784
3659.115698511762,0.05782806039164781
3677.904716981132,0.05503724716905698
3697.495529411765,0.05381614205238394
3717.58241252302,0.05642445792748527
3737.5043062200957,0.05149533168783858
3757.456066945607,0.05031747256415384
3776.726126999515,0.05383568216752904
3795.9654398563735,0.052968491727089166
3815.4763285024155,0.054590264099780426
3835.124941506785,0.051626548962188816
3854.5615420343706,0.051225319494228844
3874.1234162365085,0.05123627698402651
3892.9236966824647,0.0533032697985446
3912.6558567279767,0.051060045898755256
3932.6279500231376,0.0532540996064673
3951.980867942137,0.052382949654703234
3971.3056708160443,0.05109951522755496
3991.680169571361,0.04843797309026535
4011.1826215022093,0.047455869371695145
4030.3486449242077,0.05370292844440266
4050.4898632720415,0.049091434272205324
4070.3806791009088,0.054947877123309626
4090.368636363636,0.05092810276786169
4110.7692307692305,0.05063018555498349
4130.659525979945,0.0516221425557459
4150.517029328287,0.04908807318423254
4171.064976958525,0.04939166807537374
4191.068881289692,0.05098843272960445
4210.811813186813,0.04990755106866485
4229.7619507484305,0.05192284229365643
4249.231235431235,0.049203976105879975
4269.513679245283,0.047848010899629465
4289.393995381062,0.04873070415452866
4309.007677543186,0.045569471030955364
4328.616874135546,0.049686087479040804
4348.366666666667,0.05131940860404174
4368.505130597015,0.04761622582407286
4389.044851258581,0.04699268616556888
4409.447204968944,0.046003094407436405
4429.449485500468,0.04708001864069255
4449.38590760616,0.04990158420234458
4469.989772198977,0.05202710109113783
4491.135095447871,0.049234611949246276
4511.796178343949,0.0489597718454298
4532.675324675325,0.04670762831267081
4553.11168224299,0.049655390514899554
4573.439885496183,0.047405022500152334
4593.900646950093,0.04956696704660083
4614.455344747802,0.0470747998533515
4634.620706337688,0.04578053164203696
4654.519644527596,0.04844014542783415
4675.018340210912,0.04675974765292193
4694.860520094563,0.04649392116742588
4714.741583688952,0.04732208676854851
4735.986829727187,0.05126788347087946
4756.217991432651,0.04946336959695217
4776.739914570479,0.04727544568804388
4797.853831598864,0.048362924678088684
4818.935016362786,0.0465617477246758
4840.391001855288,0.04706030478361582
4861.94768242313,0.04957941140020693
4882.910150558523,0.04751761669258827
4904.026823529412,0.048407085603590284
4925.3875114784205,0.04798601637188327
4947.092278719398,0.048808158743149026
4967.931486880467,0.04862311177386597
4988.945287356321,0.045038152561164446
5010.117289719627,0.045280808192865014
5030.988533205925,0.04754191365137069
5051.875526438933,0.04697421447965211
5073.026353617633,0.049429460922810704
5094.474761255116,0.04587732856377316
5115.487607244995,0.04667967887531723
5136.426955702168,0.044069579744961944
5157.898918664786,0.04411070713224911
5179.041237113402,0.044477969320677206
5199.944392082941,0.04430804346544563
5220.957122439257,0.04711178494206141
5242.476635514019,0.04397235027733788
5264.3962177121775,0.04637565893405479
5285.97171145686,0.044139957212582126
5307.509692671395,0.04593867605955538
5329.3623462630085,0.044238795464460724
5351.47741034001,0.04552196516379957
5373.6611919286715,0.0412854714497433
5395.904384328358,0.04641034089287575
5418.400476190476,0.04067050591758491
5440.102030947775,0.0399557005870582
5463.050569476082,0.042829493479873366
5485.989533777355,0.046343010356310665
5508.484067478913,0.04472573717103586
5530.440263405456,0.04191559520080615
5552.40234741784,0.04185854512070321
5574.989583333333,0.040844789555915445
5597.585768143261,0.04160407391548788
5619.94708029197,0.03960068827430677
5641.823869104908,0.04210543511124454
5663.422935779817,0.03977107902291916
5685.156899810964,0.04351660552764824
5705.973925639788,0.04388388251255824
5728.06448553817,0.04181982299089805
5750.973684210527,0.041859119167696336
5773.776958525345,0.04272881885877653
5795.394949976179,0.04141925763328568
5817.368770764119,0.04178275334793411
5839.589523809524,0.04189272220689877
5861.898774398547,0.04162098732276679
5884.017467248908,0.04180977629277843
5906.134774609016,0.04018366327411501
5928.302928468555,0.04058322952520204
5949.768149882904,0.043923574982628485
5971.288718929254,0.042147108379857176
5993.474964904071,0.041471168636521054
6015.959276018099,0.04148721380178037
6037.725490196079,0.03733336523894306
6060.228325011348,0.038822247510493256
6082.325289575289,0.04139127118140495
6105.101655933762,0.038945516557972404
6126.96111901375,0.042991340083204925
6148.433381433381,0.04108118172757674
6171.041453190498,0.04394474558783791
6194.071659731854,0.042390490677688485
6216.826458036984,0.039362344975831506
6239.939714680166,0.04053496822813101
6262.739172749391,0.042751243746316975
6285.380009212345,0.041553433224783706
6308.808662541647,0.04219280007009403
6332.524930747923,0.042600804806719794
6356.391507232851,0.04298839505377754
6378.9232227488155,0.042774526096365895
6401.833173076923,0.04267249131178542
6425.056497175141,0.04070301118428726
6448.727992547741,0.039174737659570746
6472.594930875576,0.04376067838007803
6496.27178030303,0.03971626579779342
6518.430562229697,0.04191306137017447
6540.55117370892,0.040591193346721816
6563.153525046382,0.040832486072964705
6585.452540747843,0.04106299552090455
6608.470671046457,0.041419999170690384
6632.242937853107,0.04249745166175206
6656.007716749887,0.041950660144323325
6678.7141495950455,0.042251121075256935
6702.483657034581,0.04217502485271677
6726.01567695962,0.040318730065725276
6749.530192131748,0.042546733370215375
6773.159766195811,0.042807108990380704
6796.654142145768,0.039178552739054275
6820.014975845411,0.04017221181734642
6843.6285317276515,0.03871537892357859
6867.284586815227,0.03862342533559433
6890.960746768789,0.03942552475221362
6914.258773982218,0.03878573364506508
6938.300943396226,0.035690641888074214
6961.081951219512,0.03725436769127731
6984.989140271493,0.03960139525110046
7008.993448759944,0.03866592918997851
7031.852927400469,0.04137309198232808
7054.483543078412,0.03924404265421043
7077.541374474054,0.04175936051361539
7101.119360902256,0.040601334366870925
7123.974845752255,0.03989823707268577
7147.712761020882,0.04090743551575135
7171.8597138901705,0.03937355415850872
7195.12351543943,0.0377713260710273
7218.67327667611,0.03951438121990069
7241.930243669374,0.03926899511936187
7265.953445065177,0.039030834407229986
7290.542694497154,0.03874407464453604
7315.213747645951,0.039207271335903286
7339.017461066541,0.037850226148918344
7362.91689373297,0.03929837570727327
7387.128488931665,0.037944394299718215
7410.52527161077,0.04002803112339939
7434.619915848527,0.040241875653632055
7458.435639028859,0.03776813586562839
7482.035137701804,0.037943038859980044
7505.073310972688,0.03738816568205346
7528.662104766399,0.035735502882632476
7551.93339587242,0.0352930152186121
7575.590073529412,0.03691355463271834
7598.981339712918,0.03499350996830929
7622.277936962751,0.03604887105193457
7646.416589002796,0.039052569646261734
7670.825114155251,0.03598304597267318
7695.658131816027,0.03849357697016146
7719.529411764706,0.03720569590553202
7743.992636907501,0.038454630291327056
7768.594930655189,0.03680348416898806
7793.128470588235,0.03807102999284311
7817.989772198977,0.03646679485035759
7842.957635009311,0.03859309432028392
7867.472701149425,0.03749585925284602
7891.687084520418,0.0375069066614949
7915.934222631095,0.03864759846113788
7940.525568181818,0.03907078986982011
7964.7402234636875,0.03869507246853627
7988.038759689923,0.03727498119558796
8011.357176250584,0.037050597258571294
8036.154422087038,0.038020415165323077
8060.407389635317,0.03769802988247187
8084.051662174304,0.03618964526191837
8108.021834061135,0.03664100393907589
8131.646893974778,0.040096550548947237
8156.45630174793,0.04176355498252541
8181.882492863939,0.03725385713634436
8206.532530120481,0.035489276499918496
8230.762057877813,0.037310176220345
8255.178689297501,0.03563353058408492
8280.047438330172,0.03694421187216578
8305.350210970464,0.039476295648624295
8330.731856738925,0.03923337865245202
8356.369172216937,0.038055196054214556
8381.59211136891,0.03893521313399573
8407.092644320299,0.037334496776332625
8431.40234375,0.036400524409320324
8455.96844003607,0.03871637567050003
8481.793508936971,0.04024077372582701
8505.247663551401,0.03684075059451619
8529.48839458414,0.03972698953541171
8554.441107461285,0.03686932313480827
8579.928504233301,0.03873476953912689
8605.905330882353,0.039156231056468656
8632.010849056604,0.038820426445441106
8657.456238361267,0.038885969722326705
8682.275678294574,0.04230967350397112
8707.159143787809,0.03975558785941659
8731.947867298579,0.041385937025645934
8756.559540889526,0.03927847362148097
8781.522171945702,0.039991520460061755
8807.888733052829,0.03862845012302321
8834.696360153257,0.039265658086799146
8859.937150837988,0.04040955542104333
8885.774615025664,0.03866746924982724
8910.813799621928,0.03882777846581514
8936.024285714286,0.03802492812009518
8961.014650283554,0.03812985269414819
8986.084125475285,0.03662468355643824
9010.467833491013,0.038470871264541705
9035.44578313253,0.038145899505613014
9061.478199718706,0.03722114241603867
9087.180083759888,0.03773981235251617
9112.962735849056,0.03791046790691576
9138.130832130832,0.03828122482281486
9163.608214120904,0.03687290691160771
9188.824651162791,0.03728013459929194
9214.030057251908,0.037984772277225604
9239.453913849004,0.038573422410804824
9265.340648854963,0.03932997201490957
9293.09393799167,0.03945762059140446
9320.520228462638,0.039202251074433335
9347.272261072261,0.037952764130103886
9372.9417989418,0.03921246449947987
9398.852466574459,0.038553119001542874
9425.384871550905,0.035461516776957386
9451.49074074074,0.037019793523181375
9477.413953488372,0.03721151904939272
9503.504326923077,0.03858739777827717
9530.005655042412,0.03804967706186106
9556.462160875773,0.037584108156216746
9583.171745152355,0.039534963498163773
9610.41308411215,0.039757232649794194
9637.52169766333,0.03798840383004712
9662.95179584121,0.03862726034344596
9688.69863657734,0.03827572453605312
9715.885014137606,0.03634969124614263
9743.003181818181,0.03813804369948743
9769.732219570406,0.03899863092189074
9795.744853997128,0.03901444243109497
9822.85868544601,0.037123999513360074
9849.381554307116,0.03702918614184848
9876.264988558352,0.03754171092644889
9903.794062205467,0.037987810719733575
9931.160132262636,0.03926301335439868
9957.697041984733,0.037834232040992496
9984.731442080378,0.037361585307084826
10012.324450677886,0.03789264973130167
10040.568859441551,0.03884343791092606
10068.056200650255,0.038739948233686185
10094.709213051823,0.03813912678585242
10121.48909090909,0.03762186839236499
10148.8937175248,0.03922676175377757
10175.868658131816,0.04119687442018983
10202.925623800384,0.04294735646721346
10230.753636363637,0.03997273182487146
10257.888571428572,0.03886491598760359
10285.331788693235,0.03790807385670931
10313.46572104019,0.04095274817468535
10341.552902621723,0.0375516045375318
10368.57983984927,0.037751064322210856
10394.825471698114,0.03807731277349145
10421.436416184972,0.03705612113369313
10447.854156769596,0.037604919778689884
10473.806289881495,0.03829968834757204
10500.638559924206,0.04089826281728442
10527.302735280482,0.0383152569121295
10555.56168987038,0.03953467753225607
10583.603123564539,0.03999886996344869
10610.609337779895,0.038765851812492536
10636.994301994302,0.03827645680478596
10664.078813166434,0.037107080400306455
10691.110579224509,0.03974626402685815
10718.372467771638,0.03998395281711568
10745.869709938184,0.03915192633580681
10773.353355232286,0.03942904131332436
10801.954460966543,0.04062464386126774
10830.216618635926,0.0381919997742374
10856.884543761638,0.039801367345179695
10884.201117318436,0.037600811279791
10911.252539912917,0.03568424006228023
10939.217693376564,0.04034137138259645
10967.715162966462,0.0387634922841304
10995.369939506747,0.04003413085290667
11024.017428167686,0.03868651890191213
11051.445817490494,0.04060049001571886
11079.486307837582,0.04008459537277805
11108.121491026232,0.037547050400465465
11136.284280936456,0.03767137844900749
11163.812854442343,0.03822907883279931
11191.088041431261,0.040484270850740134
11218.999063670411,0.039528816385020024
11246.825984990619,0.038848466968257986
11273.657756563245,0.03933108025763125
11300.663849765258,0.04048536234899434
11328.354290959156,0.04086174312141909
11356.51712810887,0.04161525157751359
11384.31280076997,0.0388303094958171
11412.73305670816,0.040092313838809415
11441.698487712665,0.039689998455715116
11469.452991452992,0.039377856486652596
11497.991256327658,0.0375384354096173
11527.354156655454,0.040113758302362766
11558.023116042534,0.038876339171766625
11588.621219171708,0.04004291327334085
11618.003323836658,0.039552890993209404
11646.867577756833,0.0393415621882862
11676.432394366197,0.03807959508396586
11707.265816808309,0.03956822687265794
11737.449785816278,0.03946740953139535
11767.0625875759,0.03966712167098857
11796.01547116737,0.03945219334073672
11824.925176470588,0.040403508432564295
11854.462016244624,0.039852414674953915
11885.06184629377,0.036636490372059766
11915.568192543653,0.03702212272755066
11946.132394366197,0.03820055488610661
11977.201821668265,0.03761702363716169
12008.079268292682,0.036077638034485035
12039.072497661366,0.03688205592303363
12069.383638928068,0.03445563710124884
12099.476432532347,0.03909992421871665
12129.222650602409,0.0413860305797583
12159.093252108716,0.03772681199698814
12189.70317533364,0.03742955821489613
12219.34889203206,0.03845990825657888
12249.853472882969,0.03725533148742107
12279.943929564412,0.036878961147702075
12308.916505791505,0.038272208840969775
12338.850257370144,0.04189550374985545
12369.712114233072,0.04237083430436677
12401.682502351834,0.03759873037085096
12431.950989632422,0.03770761093978385
12462.14135122185,0.03991030296662609
12491.575310916629,0.039477443317385244
12521.646421845575,0.03588562208304044
12552.343915343916,0.0371236886015206
12583.37647614549,0.03536573315241992
12615.050352941176,0.03914870829778336
12646.079760258184,0.037450463077243826
12676.612283169245,0.03458604396820461
12706.822688274548,0.035261781238986
12737.075827205883,0.03623632421947692
12767.415804327375,0.03880009617717027
12797.728949858089,0.03805106416837851
12827.338870431893,0.03838706720556824
12857.78409090909,0.03722004560822635
12888.02721402214,0.038211160379846204
12917.879885605338,0.03597504237402252
12947.876851851852,0.03509389519834524
12978.640173410404,0.03688312442988101
13009.660368663595,0.03881113972360783
13041.082699619772,0.038230564558009196
13071.905800464037,0.036572493618711954
13102.662679425837,0.038566467296677426
13133.021850302184,0.039069815245741234
13165.45112781955,0.03749904418034163
13197.482983682983,0.03724139846925055
13229.218974604695,0.035905213337761914
13260.18376068376,0.03858638910354221
13290.777521879318,0.03706242203397883
13322.059047619048,0.03975766760108279
13352.942737430167,0.038147854866141764
13385.196087564043,0.03890739281493639
13417.577231931979,0.03816278878043638
13448.592149353757,0.03759764974024299
13479.533458118858,0.040479205408027526
13511.426429240862,0.03684256136216448
13543.463103122043,0.03726630371634588
13574.869360902256,0.0359181775333643
13605.993998153277,0.037579411832690306
13637.468972051161,0.03625612827491518
13668.925394548063,0.03590866165513984
13700.429976580795,0.03899520821143119
13733.008833100883,0.037919143864714365
