D,r2
8.994753160028619,0.34952836652754754
12.067340067340067,0.2787840305824476
15.094594594594595,0.23344522154714262
18.10205882352941,0.20291430647881611
21.095802627363025,0.18841178818805754
25.589622641509433,0.17431069566942936
30.089669280600067,0.15460060195604514
34.541934299871535,0.1421118694838435
39.00844430009744,0.13059630074617798
42.11775987725355,0.1420535582425914
46.5497277676951,0.13338429873409874
52.541593609974676,0.12560526872873062
57.03693931398417,0.12773187716053128
61.653738055087125,0.11974679496309383
66.11811621724269,0.11984191768996497
70.57210682492581,0.11210014578864719
76.4910790144435,0.11277714501234622
81.03947368421052,0.11937358343893757
85.56906634402097,0.11410649199115012
90.07337953526294,0.10535510361904722
94.53284671532846,0.11048866340330045
100.54662313813508,0.11049270043706479
106.52377792523778,0.11390047752808861
111.07405724670605,0.11657585905795485
115.67503217503217,0.10905035899540168
121.62859036676977,0.10965341102996097
127.57254361799816,0.10749796776029495
132.114401076716,0.10071079988475254
136.6646679991117,0.10313041068174988
142.6539661319073,0.10462088134084417
148.5890441339543,0.09675406361236424
153.16876355748374,0.09645191287235748
157.59054760281754,0.1022468956793028
163.60812397276356,0.09432710564682457
169.66682430834712,0.09361205513723002
175.67024680073126,0.09220214163469569
180.1755980861244,0.09583455206825141
184.65547178432718,0.0953711264713388
190.594504973946,0.08903504957675641
196.6450697564436,0.08912868857280822
202.6881745659315,0.09455925588162888
208.6699864191942,0.09246962618884487
214.56631196470283,0.0980062363394735
220.38862440491104,0.09414230525079567
226.33204134366926,0.09522292948419826
232.4578433825369,0.09457180775844623
238.5143222506394,0.08847032366084119
244.37935517420698,0.09113807345592076
250.40357953113184,0.09858152300500506
256.65518121490555,0.09154221198411844
262.7176620076239,0.0947789090708335
268.7234818868908,0.08991408050493975
274.77017498041266,0.08976961287992875
280.68692929819986,0.08783684849885325
286.685084306096,0.08541424713612045
292.7684529828109,0.0905354940491933
298.80801633903496,0.09125622979437067
304.739052496799,0.09098436735989587
310.77512869141157,0.08999972707772622
316.76429636996517,0.08789356774000845
322.79031413612563,0.08274663901533937
328.87787656903765,0.08726845816963028
334.7746170678337,0.08353780002711933
340.7923752057049,0.08841650506598742
348.04379706698376,0.09062007488944475
355.4937903626428,0.08577476315657111
361.8096620908131,0.08773094821842159
367.7531191929918,0.08444189128767307
373.79334451901565,0.08617560071302383
379.8754636989931,0.0898207021241264
385.8940981798125,0.07876960188166476
393.0842651757188,0.08666332306393872
400.6621216253068,0.08632220717803372
406.9045020463847,0.08370622273650329
412.8841397849462,0.08456421338113808
418.8982777179763,0.08202000307919473
425.9613009468917,0.08537072462572183
433.353623936033,0.07784087812466554
439.66185775752973,0.07874870019709866
445.81960104076325,0.0782979800064514
451.87119003445537,0.07761250774478709
457.9522851394079,0.08291938498211611
465.1782913743293,0.07887133493742919
472.5914386345164,0.07834185913516922
478.9214899713467,0.07835631819336321
484.9674589700057,0.07988252435493783
492.1518262586377,0.07768385050103369
499.6968816067653,0.0779422163865818
505.9211809317443,0.07518816781840534
511.95899772209566,0.08227067393002176
517.9572745043284,0.08014999385881592
524.9720465211182,0.07991858822781853
532.211695607763,0.07623399423635539
538.8510164299638,0.07823522233712005
544.8933782267115,0.07708900982939462
552.0658499234303,0.07580622869633658
559.5082532643509,0.0756700004800163
565.9226703755215,0.07557293632756716
571.9319476082004,0.07721660238943573
578.9660833873406,0.07710382656577419
586.4123139036084,0.07539282044124469
592.9944367176635,0.07699252278702572
599.003400396713,0.0738747092222574
605.9636209813875,0.07216894047833228
613.5463128349069,0.07283890249903217
619.8495968862941,0.07269041583474413
625.9603794642857,0.0761264732545959
632.1015603613469,0.07263956382673761
639.2737104825292,0.07528933969183552
646.7332793959008,0.0741267636314544
653.0485137408862,0.07579179398662234
659.0044725072349,0.07429147179122769
665.0399886557005,0.07507904749096687
671.981589958159,0.07235594248170556
679.4739382239383,0.07180248766975572
685.967484312607,0.07455747568071183
692.0079817559863,0.07322722986514851
698.9354909731396,0.07267233946512147
706.4584569732938,0.07282804387111032
713.1336544250452,0.07526376011411777
720.2208588957055,0.07328719839033436
727.8334228909189,0.07671423298859946
734.9035747883349,0.07638765688208066
742.2463454250135,0.07409418540902094
748.8286092715232,0.07122453547770344
755.1824284880327,0.07107578189825305
762.4237925987874,0.0699037068492204
769.8467227748024,0.0684615908839163
776.1227528089887,0.07070912001455466
782.17006406523,0.0679471743884078
789.058434399118,0.07046781051775416
796.554588410843,0.07204098419450368
803.0795748348175,0.07195113658253871
809.9613384580601,0.07055490669323049
817.5445012787724,0.07030400222327231
824.1568682871679,0.07310347646986859
831.2870118074478,0.07381402749207576
838.8691827468786,0.06957809995775116
846.0032733224223,0.07391896541158978
853.4919232710752,0.07315055565476211
860.0695465686274,0.07144647977831042
867.3092466505601,0.0720161152319092
874.8080428954423,0.06869944753999285
881.0917804240488,0.0717297701197283
888.3243833224187,0.07060355891517835
895.769899103139,0.0690024215887765
903.0259250530286,0.06810141685147802
910.5374650749302,0.0729911952259058
917.1780618311534,0.06905271494026496
924.2582318448353,0.07178938380358467
931.7161415146489,0.07540902195518542
939.2960829493088,0.06712831505745044
946.8601455133387,0.06842903526077182
953.202881152461,0.0681057740976715
960.3268566493955,0.06703387326166459
967.9096705632306,0.06648577319891899
975.0311383358857,0.06623135431263595
982.5410801126184,0.071034758160959
990.1616650532429,0.06717008319206616
997.5455962587685,0.06753633195263609
1004.9538383065544,0.06744506347838429
1012.5698056046452,0.06897235083199495
1019.1373743527262,0.06812086927944498
1025.9954890788224,0.06843564361993157
1033.3837555886737,0.06821664395958932
1040.2800227660784,0.06981155638632444
1047.3487903225807,0.07093678488336902
1054.8366457936293,0.06881475546631954
1062.0093850333415,0.06788134236821909
1069.4031984492367,0.06736205574766388
1076.9699267121557,0.06974237197617339
1084.1132855567805,0.06839466197153132
1091.6501665873393,0.06936613263320862
1099.4391840846135,0.06502547412740883
1107.0352702359808,0.06971706196244236
1114.4994982438534,0.06669464848251552
1121.3942838583955,0.06975191723372196
1128.281451266638,0.06585790721606631
1135.8963601000278,0.06873676374772383
1143.4219339622641,0.06975938458410816
1150.85999429712,0.06579963580402923
1158.3589682350132,0.06698578151294188
1166.5971291866028,0.0687154900726651
1174.5733299206552,0.06548132032694642
1181.2738564071494,0.06781550617125941
1188.2726638772665,0.06680859012915442
1195.8514938488577,0.0676800518319307
1203.7182246133154,0.06997172754955426
1211.959067357513,0.06756660550652452
1219.4957219251337,0.06899507302598253
1227.3845582776542,0.06882130551724619
1235.6207149853085,0.06877897071143672
1243.541605839416,0.06511373119632194
1250.852064819655,0.06665418960337054
1258.5336866010598,0.06361910143961831
1265.9432027346832,0.06716287494839536
1273.5462206332993,0.06621075275631193
1281.043198282801,0.06741635214684877
1288.492181491925,0.06511726001617156
1296.4591068740592,0.06662482600903799
1304.5105982100802,0.06613366368307502
1311.989898989899,0.06808590670920867
1319.5662679425836,0.06866009414690263
1327.010045924225,0.06648096688716348
1334.5745175540571,0.0662451328679707
1342.063623789765,0.06306206739436536
1349.6341405508072,0.06467580381665311
1357.3319261213721,0.06414556813825842
1365.508631795929,0.0649133257583595
1373.6121555498326,0.06650054846160314
1381.3999480923956,0.06404515265435087
1389.4824582057922,0.06615732663012987
1396.8779504893494,0.06426543599965036
1404.3678555098309,0.06572492454605752
1412.5284987277353,0.06251480052539116
1420.5728696575525,0.06729376669172248
1428.0545645330535,0.06301693110654409
1435.5237354085602,0.06686077920280606
1443.290168468695,0.07311022460132105
1451.5724254090471,0.06201374788641414
1459.426168224299,0.06287209613897202
1466.945635128071,0.0664822573363477
1474.5723378212974,0.06492223850552642
1482.0451343595096,0.06275191382534517
1489.3753877973113,0.06313126201299508
1497.4638030888032,0.06472385816178927
1504.8789353176874,0.06418245568751556
1512.8524074522138,0.06387755505982357
1521.3908794788274,0.06755253958916421
1529.6368542791056,0.06799905237297732
1537.4545689878332,0.06590175504896151
1545.4553314121038,0.06681312704284063
1552.9128820337046,0.06372328486963218
1560.5133876600698,0.06318058085029059
1568.6221016280217,0.06455722864395773
1576.4728682170542,0.06458741120420972
1584.4456467035732,0.06298398556483806
1592.4569755600814,0.06485118482531345
1600.4850707176531,0.06780897366752174
1608.4366616989569,0.06406193056632535
1615.8603448275862,0.0618269884198639
1623.5169942196533,0.0596253566563349
1631.6149799599198,0.060125654744142984
1639.458734177215,0.06064648331233526
1646.9818181818182,0.06070559607230443
1654.4665973485833,0.0661170877189919
1661.9733333333334,0.062137338227042864
1669.4451844262296,0.060843890565433496
1677.8120697567692,0.062229221348062067
1685.9884635553226,0.06310087874419597
1693.5307651150347,0.0639260419303414
1701.3832752613241,0.0621864212410484
1709.651319064211,0.06271600666354211
1717.475774424146,0.06374230731405921
1725.4066471163246,0.06496604630906613
1732.9921281979196,0.06359305644456702
1740.9299450549452,0.058976579181253416
1749.5390749601277,0.0597104444295173
1756.9856862194779,0.06194518199799523
1764.3844317096466,0.06121086650202069
1772.574419778002,0.06254845660049659
1780.5019305019305,0.06314345844313282
1788.4228057379041,0.0587907181625295
1795.9255654165474,0.06088188763712235
1803.3849243856332,0.06124074728621863
1811.5549923973645,0.06289578056635185
1819.5599696356276,0.061224018528187214
1826.9684320375684,0.05993909342520499
1834.447501261989,0.06108343566685526
1842.5143209876544,0.06289078249443356
1849.9556650246304,0.06103546531732392
1857.835883171071,0.061983714194824305
1866.507781124498,0.06203946329865036
1879.1167374881963,0.062106069445398364
1896.5819887859022,0.060611891266272894
1914.7626832018038,0.05967419738451549
1932.0125178826895,0.05930345940817586
1949.202093764224,0.06059634047612993
1967.4942421775038,0.059479244297306166
1984.9398894518656,0.06016191668742354
2003.0437382349685,0.05934569018006514
2021.3193187232016,0.0597002898621716
2039.2418233618234,0.059158157311018346
2057.974607417307,0.06108231688099639
2076.6764638346726,0.05873210449356934
2094.532340073312,0.058927091703591686
2112.635747126437,0.05747522505876797
2130.7387345318703,0.05807162965191126
2148.860999553771,0.059032071964740696
2167.5604408488684,0.06069563149445069
2185.9018558579073,0.05927055413269079
2204.8641273450826,0.05686373418156134
2224.157394529439,0.060148182811398956
2242.9354986276303,0.058018937223194095
2261.3856960408684,0.058859511143950126
2279.6249135745566,0.05544634186822927
2297.3802053293343,0.057143121374007594
2316.020700636943,0.058956269390466644
2335.1575668328046,0.05697029411526732
2353.371987425777,0.05716583879753445
2371.9363021420518,0.0573990666826996
2391.011249259917,0.05776360349847794
2410.109294022803,0.05722126918880429
2428.930740782248,0.056245326207929436
2447.4666345458927,0.057235413795983715
2466.6074380165287,0.05883170656291817
2485.814393939394,0.056998307233344335
2505.0041774867336,0.05685600867917918
2523.669549970777,0.05631222775287009
2541.6451170759565,0.05545772555004313
2560.2089500860584,0.056219203741484564
2578.8970170454545,0.05596840678024324
2598.0646680450263,0.055380977226578844
2616.9226224292693,0.05613843631994782
2635.5315420560746,0.05552367450110415
2653.960954202768,0.05761038902007715
2672.367826904986,0.05858932450170659
2691.0440755580994,0.05533314094854901
2710.4932356257045,0.05689780776948123
2729.484163977531,0.054975455137756354
2748.1246427786327,0.05470659875913576
2766.92414194299,0.056304173156420334
2785.5581587977754,0.05635570663128015
2803.850005703205,0.05454659499433567
2822.949594959496,0.05489123031983672
2842.078233223572,0.055748264268220396
2860.988240666743,0.05468355464340085
2879.5134059243646,0.05669460815898841
2897.4332868433285,0.05561919117080625
2915.847823590215,0.053963785239181626
2935.0111085396898,0.056121886143185154
2953.8564125866183,0.05661539747600825
2973.0262740656854,0.05556522702120922
2991.7778297474274,0.054990428167082515
3011.5159103963238,0.056486005390972566
3031.571396672993,0.05343315843861642
3051.028446130141,0.053947193636268695
3069.9732441471574,0.05701259268135815
3089.6347708894878,0.05632514561625549
3108.565984140135,0.05662124509916368
3127.2549552610712,0.05350024879146377
3146.462830013895,0.055856701059176714
3166.5349258462584,0.05502044037367754
3186.1908898802535,0.05407183866027829
3205.3591822750113,0.0548013433185162
3225.034146900424,0.05380085117067495
3244.336127789736,0.0554359262278602
3264.600023020258,0.05428156011440313
3284.4409761634506,0.05401916424700291
3304.475796251581,0.0530891150405141
3324.163404748118,0.05272762520386614
3343.0693265092473,0.0540058254905755
3362.3484057971013,0.05444532676613471
3381.9821900494085,0.05270267363455219
3401.383251561106,0.05209216405065183
3421.593407873282,0.05412948252382393
3441.0946364719903,0.053179868497306486
3461.069863626202,0.05405356763137893
3481.3686730506156,0.05347275658606626
3501.457510227937,0.05165727145715722
3521.3487316732603,0.0529874204117194
3542.286866232188,0.054066734085933835
3561.773629489603,0.05256309031135188
3581.559377100605,0.052342128407008214
3601.0683037310764,0.052833973686936694
3620.59870774201,0.05134509677673734
3639.8077410436586,0.051759225162229194
3659.5761480787255,0.05346332383637855
3679.303389272787,0.05270628172499531
3699.423054887132,0.05336364067371418
3719.504412447747,0.05320080337376817
3739.5631269456935,0.05139167934949264
3758.9308938212357,0.05176111458143503
3778.4359492533963,0.05241331945299505
3797.909986257444,0.05296357371513796
3818.0049960258884,0.05216572802030005
3838.0138746730354,0.050811426386699055
3857.52018507808,0.051342377436456366
3877.4599769319493,0.05177236859613337
3897.3279031882707,0.05033163835742126
3918.0774316450024,0.04996698431341986
3938.509499136442,0.051618870310947744
3957.940584684578,0.04972472983535659
3978.343464707192,0.05082359571025482
3999.5668006892593,0.05050527776181647
4019.5625144709425,0.050755544037588994
4039.487448438421,0.0525170435573533
4059.65455174801,0.05084175429382903
4080.1685685233306,0.05169108964327837
4100.821099311472,0.05169347921995584
4122.1564088085825,0.05059688178705357
4142.359114058983,0.05089395741492301
4162.857824210765,0.04915740496253152
4183.981398975273,0.05028687043338813
4204.500774270399,0.050936267674369935
4224.291284916201,0.050279235941852525
4244.993369155139,0.05064994958589766
4265.5392156862745,0.04947289502064604
4285.281171067738,0.050906290111155494
4305.961504028648,0.04898840804157657
4326.626381215469,0.05061293696893121
4347.01978273299,0.04958081757379587
4367.360061772392,0.049706245865105594
4388.007329724854,0.04995008348294191
4408.514406184118,0.047960307402853175
4428.6009362868235,0.04863515442193292
4448.3697663659495,0.04873570837847502
4468.981701841042,0.05043406388462408
4490.0598471487365,0.04872743491206442
4510.602502513686,0.0497838231529263
4531.459176300578,0.04940417840839223
4552.302671626649,0.050573995376489336
4573.944053483462,0.0483937706240967
4595.575087950748,0.04940241689293888
4616.470677926343,0.04839684418035956
4636.9933774834435,0.04994821774268518
4657.395826046403,0.05111315163860543
4677.6490004649,0.04785979971127747
4697.854400538841,0.047924605011508144
4719.5163174166955,0.049294927107888464
4740.9885985748215,0.05066959937526893
4762.0352656448085,0.04967718243557379
4783.415155585404,0.04955206007877472
4805.643269557342,0.049135490639616905
4826.56388822546,0.04699472601184121
4847.604777538775,0.049276665720934545
4868.942536630037,0.04935143783278166
4889.991446075598,0.048562319114988275
4911.456827078056,0.04887481331715405
4933.455282721334,0.05004202239933423
4954.960460518665,0.049469173306931506
4976.0157243611975,0.05109545307434955
4996.906141768644,0.04836213183474378
5018.073311082979,0.04977098066296638
5039.145394133822,0.04853226700125222
5059.859198006344,0.04917279615526077
5081.496195343555,0.04798926154892043
5102.631232023011,0.04949706882862663
5123.285809091914,0.048861553660476675
5144.585209003216,0.04688021586038613
5164.979144698301,0.04901403011274359
5186.450038389821,0.04771808589128083
5208.180461811723,0.04980436263894721
5229.5130098852405,0.048331447980462024
5251.413906161673,0.0475891261514771
5272.976961678832,0.04802455895596232
5293.850932414776,0.04791639787369061
5316.046977624402,0.04823396646272221
5338.394287052212,0.04672392827400711
5360.3676604460625,0.04661073225329142
5382.474444189777,0.047792240901510644
5403.949342891278,0.0484039481279479
5425.368980899005,0.04695585065562118
5447.78386167147,0.04688385679762642
5470.533944092083,0.04704943570775413
5492.551041195111,0.0486392794164625
5514.608103468009,0.0486375690450518
5536.442907385697,0.046067854603219806
5558.521491278076,0.046974898211578416
5581.239603960396,0.046119109846743944
5603.484961555857,0.04568852294885404
5625.514152020087,0.04640015246457183
5647.024069508043,0.047178418045548474
5667.893143774364,0.045441344413777826
5689.037274916848,0.04699713832289441
5709.804957146166,0.046758342263003225
5731.6778415614235,0.04688829266015315
5753.671186833565,0.04817880304593427
5775.5728832951945,0.04680628529255746
5797.540944343065,0.04502696155230969
5818.834234657888,0.045672971507561125
5841.04326328801,0.04622011702810953
5863.385897881209,0.047004128715266755
5885.548336330935,0.04545539827850919
5907.6146607806695,0.04480512076140871
5929.013394430736,0.04535763650164088
5951.104734256364,0.04802886350505403
5973.631736872476,0.04723917062010877
5994.949757654569,0.04695239505910086
6016.533608152983,0.04566152236508222
6038.408211473566,0.04582336926621413
6060.390968647637,0.045469351625038304
6081.7366283791625,0.04670853485535561
6105.056945545115,0.04533755182593563
6127.495044993735,0.04775545317329549
6149.492539013555,0.04483784534788684
6171.580200793836,0.047498876563059685
6194.177737679034,0.04705721854295849
6216.630725190839,0.046624702914694234
6238.999218313791,0.046278005412337196
6262.1132875143185,0.04565276725255849
6284.561463761251,0.0447180917412614
6306.905490963509,0.04691588223531425
6330.0263247090725,0.04693392335406615
6353.35169688517,0.04558783134465703
6375.845472882115,0.04608985739163246
6398.514946286782,0.046161565889116594
6421.095997207354,0.045319006295033555
6444.097854467022,0.04661292107553504
6467.295708203889,0.04513342362185506
6490.098071113177,0.04484744879485319
6512.419280707802,0.04474824345589275
6535.065690946222,0.046700240057002386
6558.169571741891,0.04516667325555647
6580.34451642758,0.04521756609772985
6602.8339337594425,0.04593229770633323
6625.908831257854,0.04690099485251826
6649.267242358823,0.045306141661202975
6671.671809415769,0.04639026456013859
6695.148095743427,0.045534225842613955
6718.141086528437,0.045989887072905994
6741.680146650372,0.04685254219522409
6764.98492044645,0.0458764964012691
6788.044216524217,0.04452966780448907
6811.044012511171,0.04621314005350499
6834.01633948513,0.04578068742993473
6857.032903004684,0.04651611239531529
6880.048857644992,0.045895775639865494
6902.922669968482,0.045434394830249816
6926.600227660785,0.04603519951681317
6949.322692491631,0.045042419402682256
6972.396007583361,0.04532805408802674
6996.015696919627,0.04504276796308071
7019.029728809713,0.04676550534316794
7042.077938922297,0.04447505776755241
7065.221964679911,0.044327195200697375
7089.109090909091,0.04509934549482864
7111.924162652627,0.04420083913332837
7135.533212217554,0.044723278111033646
7159.178363614773,0.04514848411350647
7182.557795698925,0.04440062342318059
7205.669029057406,0.04611340083450886
7229.399016979446,0.044772311835301885
7252.760469397147,0.04455759548588069
7276.024103400093,0.04524304238654873
7299.394129024918,0.044498916271488886
7323.415891606384,0.04516413514593759
7346.811779621946,0.043707103672716005
7369.932608181603,0.04379439145486843
7392.743627843182,0.043716240828965774
7416.975648611743,0.04526244014167284
7441.646710676076,0.045767655261206186
7465.5100420364315,0.04524961787149252
7489.178462620108,0.0452244132940686
7512.2638432793565,0.04589080042066164
7536.616286938867,0.04368750912717106
7559.978531206007,0.04425180285979142
7582.864917284654,0.04346533736438664
7606.218967921896,0.0435956652761327
7629.624131252136,0.04424308179327406
7653.318822316416,0.04495483625034049
7677.243292822747,0.045087740842248765
7702.011713030747,0.044779549983696015
7726.637748038764,0.043655947503801376
7751.177970011534,0.04473833807892526
7774.938041543027,0.044788829160000924
7799.488364361702,0.04488278064632449
7824.379920337395,0.043270012352951095
7848.9382673551345,0.045463003623023406
7873.42961502783,0.04494220397489281
7897.703416856492,0.043596285190724136
7921.499942416215,0.045682408592795334
7945.975922953451,0.04532114557170429
7970.452895111533,0.046493845701607965
7994.148467650397,0.04487253878732876
8018.7105895821405,0.04351984561031786
8043.893180788401,0.04469725742820928
8068.526851005485,0.04526642985252762
8092.331928465656,0.04335075928153995
8115.820002369949,0.04375772253339938
8138.856545475665,0.043770127165069936
8162.9462944276265,0.04656440083706048
8187.921360009252,0.04486101618147567
8213.060982495765,0.04474489440977704
8237.649492947896,0.04385358481095889
8262.07364695136,0.042667108289082725
8287.002861721612,0.04566770013205865
8312.029727497935,0.04545289698335738
8337.556864521976,0.044353082905292586
8362.456023391813,0.0451067961392578
8387.343767530574,0.045228316078773256
8413.035121839606,0.04397996853485528
8437.668165571313,0.043116184648636154
8462.46557826236,0.0441259862865231
8487.259966777408,0.044885321132876826
8510.973522727272,0.04516699057716299
8536.415018399264,0.04564279162701504
8562.73136231884,0.044666299657700095
8588.528346456693,0.04473710912974109
8615.180256527714,0.0453966305252337
8641.547247706421,0.04437791708140151
8667.238828608097,0.044423713459804004
8692.632062627637,0.045579368877495585
8717.970988959361,0.044979878918468635
8743.770628739136,0.0469895190873578
8769.030908881994,0.04429647640415742
8794.288362512872,0.045407305632336185
8820.640213523131,0.045202716812179446
8846.101145475372,0.04476072437371927
8871.231336611534,0.045659492947085316
8897.268115942028,0.044718661417461655
8922.372813990462,0.043851194990974875
8947.954218822439,0.045305378690456415
8973.019702122669,0.04457582519639213
8997.907999551217,0.044124367474793695
9022.918757877851,0.04405521125629968
9047.916165546516,0.04313490517141512
9073.033494475138,0.04419401335751584
9098.84531516184,0.044410191821058285
9124.972829763246,0.04549353849642401
9151.313025452033,0.044562496665513304
9176.95896353617,0.04318694322062235
9202.380211291606,0.043939953292449395
9228.060285747473,0.04480413249676299
9253.254173764906,0.04615520881303698
9279.980041532071,0.045722856513780614
9307.922445255474,0.04528507611052007
9334.352674944876,0.04502361094776856
9360.486373651862,0.04476198431903014
9386.51983805668,0.04521083295799898
9413.01781257091,0.04452462997964514
9440.225839972289,0.044755879739396036
9466.289883047575,0.044017763308198565
9492.262260869566,0.04443358722070874
9519.630318847157,0.04586004823038914
9546.593412965325,0.04369318786108339
9573.101517052584,0.04486783394135175
9600.256851346541,0.04420445500157959
9627.31745855124,0.04563850384960716
9654.700209399722,0.045351361439074575
9680.744207492795,0.04388018296769404
9708.08854767952,0.04478912924754531
9735.463636363636,0.04378831146238622
9761.711508830153,0.04445707289324816
9788.210879034961,0.044708922859695105
9816.147379528667,0.0458859993341116
9843.149676099556,0.04389733647297226
9870.098230912477,0.04372965039505073
9897.532081911262,0.045018452260969545
9925.11200560028,0.045526796503314655
9952.32104171468,0.04449250440969882
9981.096209587515,0.04419281806106724
10008.849971148298,0.04545620565782562
10036.676793056191,0.04523108500944515
10063.509277863137,0.04455869834047721
10090.284489565707,0.045229073059356965
10116.213141397724,0.04511789852380675
10142.412776412777,0.04577451782165746
10169.086760563381,0.04521711172100821
10196.013549818947,0.0465667036318786
10223.291973244148,0.045453377024501654
10249.902914931588,0.045780600109097354
10276.337596768764,0.04556418997994791
10303.454991816694,0.04545772023180675
10330.499134448932,0.04478236888479143
10358.106177606178,0.04597630815119991
10384.432410328309,0.04492307807784113
10411.02175863616,0.04470873337831876
10437.455623385771,0.04504788045140457
10463.583523245214,0.044313218604474125
10489.981308411216,0.04484670980797068
10516.698703366697,0.04357362240644829
10544.037629350894,0.04416717521276225
10571.028732329618,0.04601855157000523
10597.790099682827,0.045068702690687766
10624.42855466917,0.04386037667781148
10651.567379922604,0.045345569118674794
10678.644779208831,0.04493101409457552
10705.352934420582,0.0454281794128721
10732.371993224167,0.04466143255624541
10760.329836292369,0.04354805415377532
10788.560949681078,0.045021270246789036
10816.464412607449,0.04460361090319214
10844.459361557618,0.045698452656977716
10872.34001823154,0.0451135197299224
10899.825699894576,0.04457330902188424
10927.760436592776,0.044490480996279835
10955.50136239782,0.04579870350836873
10983.539023841655,0.04501865743610674
11012.532612446796,0.045159853135950175
11041.077990207508,0.04517212065253633
11069.661650758002,0.045089938093474384
11098.030620755391,0.04484496329111534
11125.714221624046,0.044952877452038874
11154.142372087577,0.046215191804533186
11181.459517608424,0.045190978550626267
11209.933109981515,0.04460909373911998
11237.975197950629,0.0452957943331813
11265.010295282273,0.04593331531137587
11292.238629854508,0.04615253143622877
11318.978758169935,0.04802969450669907
11346.430592294422,0.04602776302843627
11374.81047800291,0.04541233051782301
11403.426227600652,0.04598990373943899
11432.078865444482,0.045571015109026315
11460.38534115752,0.04404909668846878
11488.62042035144,0.04564292451072293
11517.078898871228,0.048275330981446284
11547.468785600364,0.04535664677560011
11577.496558054154,0.044818012326621984
11607.09602146774,0.04517844708245846
11636.666780510019,0.04737297312907386
11665.704537501459,0.04501821476292431
11695.959784318131,0.04551308861940231
11725.843879907621,0.04425233697438454
11755.125130586186,0.04624989861381406
11784.099692377806,0.04557412607265593
11812.835616438357,0.04539040815420616
11841.729301233117,0.04774263752796274
11871.362485875707,0.04662795644161642
11900.717195857516,0.04401644153573063
11930.093115058633,0.04479396560168735
11959.827079747562,0.044577339183519346
11989.489601691928,0.044160277459919565
12020.090888839386,0.04411073432013991
12050.115841467717,0.04365756826235628
12078.89804501023,0.04489988224810642
12108.503663216654,0.04599822731336086
12139.420757677652,0.045455991381862904
12170.58466792275,0.0465821513625824
12199.882231167338,0.04543902882915328
12229.851250845166,0.045578591681035376
12261.057555606512,0.044374760858912746
12290.330327479829,0.04463321836851419
12319.971194799373,0.046703711057997574
12350.787808820134,0.0460695182339718
12382.80303561004,0.04570843880697039
12413.988445257979,0.04587307966440262
12444.854195323247,0.045139503362439076
12475.380488364095,0.044343437753515284
12506.357443420902,0.04484663659813146
12537.148591144336,0.04424630098603355
12567.661976744186,0.044812670509149916
12598.598533348853,0.04394722929247399
12629.075431277482,0.04531257093447058
12659.265760487462,0.04333323475601481
12689.20393232739,0.04500328718601383
12719.945319531953,0.04596783320126952
12750.093405942938,0.042490892750743504
12780.013406940063,0.04571694924331347
12810.375715266651,0.04414746978532379
12841.02687296417,0.04538912338716415
12871.909101329666,0.04593549257964125
12902.63548720303,0.04539168295279062
12932.03966473852,0.04567722954385791
12962.068586328081,0.04595804690288285
12993.388586956522,0.0442543566549395
13025.12361854848,0.044103965629201866
13055.693720583171,0.04621020210759273
13085.86241727621,0.04517696283502612
13116.429571002524,0.04361724296805735
13147.773226544623,0.04474233020471854
13179.479567169334,0.04514117245047597
13210.171277221894,0.04454810552261602
13240.935630615262,0.046042691064655326
13272.042452830188,0.044013847569229644
13302.729289428076,0.045527371557673224
13334.128120744439,0.0446324099855754
13364.795100998375,0.04630769835910458
13397.053010396436,0.04460248896239719
13429.523410603626,0.045859371686626196
13461.579634464752,0.046278251124946414
13492.487068965518,0.04325579692866626
13522.868098504441,0.04357908628437752
13554.697431234372,0.04459884960696396
13585.470890811317,0.04470666912712002
13615.804045654877,0.044349909192046906
13647.106064126394,0.04339189926735974
13677.808552103634,0.04606552345898136
13708.877770002333,0.044417854437089725
13740.851393884892,0.04531957067668466
13773.448399814471,0.045933671129919466
