D,r2
30.080659670164916,0.7199004004794569
40.56592965975484,0.7101021231257837
51.062873792363135,0.6920389331874361
61.629980796927505,0.6805773105950894
72.09390444810543,0.6678874993845308
82.5583038869258,0.6564576752864116
94.57299546142208,0.6424168400611068
106.59658227848101,0.6438605270576803
118.5811201682882,0.6345567007200908
130.57555018786903,0.6180937013197542
142.62852112676057,0.6208945320097122
154.5330414557395,0.6152984631982097
166.67963863794301,0.6109274376794556
178.62336578581363,0.5998518087914739
192.1300709054981,0.5997816540241538
205.62217226359422,0.6073657793952302
217.6770909090909,0.5971798796749678
231.12276184903453,0.5857550705194483
244.63435148295707,0.5863064838612362
258.14999392245045,0.5749040253215655
271.6612953207313,0.5637828353517603
285.09860731161405,0.5663372598369046
300.20744816995136,0.5655002581524816
314.9748411360394,0.5680888766791613
328.5216718266254,0.5540199417213669
342.2146214099217,0.5523912898842107
357.04702738810954,0.5531841480210108
370.6317778508051,0.5509767829519265
384.22338992185394,0.5419055745654996
399.22672611809213,0.5436630404514183
414.22428492849286,0.5433276734382119
429.1807547695307,0.5403933211378851
444.2783830275229,0.5310539860652277
460.6048474617147,0.530205674524771
477.20891683338095,0.5242282036888399
492.3255478662053,0.5194098272702513
507.303925893251,0.5144323387633367
523.8540708514605,0.5082112835043633
540.3975562509313,0.4942284305127293
556.8432390345185,0.5049939296999414
574.450013437248,0.5048749009816585
590.9862230690312,0.48546163956335237
607.8067149440421,0.4875994908690674
624.4752104770814,0.48866966251016875
640.8723689502614,0.49112410722963507
658.8262666666667,0.48072265227920574
677.0109002825999,0.4860640079229461
694.9948271167982,0.48476316993726903
712.8944313942242,0.47567842628804957
731.0553474823138,0.4702670979897663
749.0114894213255,0.47008840046936573
767.055257964477,0.46516574896360846
784.9399038461538,0.4594799687052383
802.9491840824506,0.45845618540979144
822.0047260186486,0.45291665319453284
841.2676788977927,0.4475405703693755
859.8004750593824,0.4444241837524246
878.0851001608422,0.4481551284030561
897.3035233824471,0.4367880754694719
916.8556509298999,0.4354926090763352
936.0762174558208,0.4356345659914978
955.4234459741343,0.42911732888225046
974.9235520175679,0.42923126189812105
994.3902947719689,0.4118721744760129
1013.1266881972989,0.41631817377539077
1032.6847195357834,0.41897907131771134
1053.0176866928691,0.41787028767795836
1072.5422615648201,0.40112877257922375
1092.5985149827632,0.40506817734704686
1113.3547543690656,0.4004160643813614
1133.5667308750687,0.4070840540125826
1153.504081632653,0.3831380315089975
1173.7036174294328,0.3916665271411533
1194.7599890155157,0.38876379429966035
1215.7203902170927,0.38325538787605234
1236.8090832632465,0.3815785369369712
1257.6934378060726,0.380957951097664
1278.7618781442147,0.37549082950769824
1300.3506149980162,0.3731135717027493
1322.6274048442906,0.36384637726242364
1344.3823651165999,0.3601886224490998
1366.4340809628009,0.36155652034468483
1388.5755902250448,0.354228821731533
1410.413884620757,0.35674183874525384
1432.487037293775,0.35558284527134904
1455.0880749335943,0.3440663377929105
1477.5594259439877,0.3434835287635019
1499.9584926269797,0.3373003525722463
1522.399693080357,0.3389490930617232
1544.9675167402763,0.3366898712261766
1567.8641488928135,0.3298791855249296
1591.5169967880086,0.33146796531276407
1615.1100593387962,0.32592771875663035
1638.6204860634355,0.32532485456389915
1662.5424338917348,0.321771336868686
1686.5317208016586,0.3202401868140482
1710.6816561557443,0.3133336433264841
1734.5741971207087,0.3095861147810437
1758.5215751989945,0.3150193122377151
1783.1384783798576,0.3085648317967209
1807.3135257498586,0.3157430422677798
1831.9573788699154,0.3089069262307318
1857.4687206965841,0.30627975701725946
1883.0248875140608,0.30015754013408336
1908.0949171581017,0.30074326135500423
1933.5311860242937,0.2951383678182048
1959.4066694340668,0.29010257589238264
1985.5855163900699,0.2839406096042697
2011.5775041969782,0.2799380974897332
2037.8664757228587,0.2808842932591453
2064.943702684102,0.27622024083630403
2091.314880362452,0.2787638769732135
2118.133913764511,0.2706789819606364
2145.4925635478635,0.268340528197998
2172.9994439810953,0.25868660106601093
2199.797695262484,0.2678290933627041
2227.3832605133807,0.2645085685114015
2255.8482833491653,0.26462875776253736
2284.305736907904,0.26771458533176945
2312.5178011962403,0.263376094610679
2340.851161534306,0.25974717701004274
2370.1141488162343,0.25234970933178014
2398.8103018554416,0.25367490570647916
2428.427977839335,0.2528129023055189
2458.410078914578,0.2496671707836308
2487.9835028869948,0.23979706142207796
2517.445237441669,0.24347238093123216
2547.5591516320064,0.23398636448814042
2576.8667419536987,0.23320104883944073
2606.9237079573422,0.23730517340780213
2638.0845128487013,0.22467032464675338
2668.8543622308116,0.2269404469381076
2700.155323590814,0.22996499030000775
2731.525074952303,0.21593892183377053
2763.4439758189233,0.21601644221220317
2795.8867924528304,0.21472194157658903
2828.517892364046,0.20987635943956454
2861.0910468319557,0.2127701958475156
2893.9840707964604,0.2101279427564288
2926.4796691936594,0.20615452583243069
2958.4992385435417,0.20386442870058305
2990.539591494124,0.20077815301152
3022.504871937639,0.19814084224005515
3054.9309919056113,0.19692582342819043
3087.9480394845077,0.1948389340728475
3120.8020644441344,0.20012820677200116
3154.4332967334612,0.19540073625006588
3188.5417710944025,0.19020439471946715
3222.4717007370323,0.18776053304324938
3255.79920926292,0.18488841304109999
3289.327866630523,0.17688361020456878
3323.6090636090635,0.17504753724247354
3357.6194371274087,0.1716136628991557
3391.315899290583,0.17021942346568422
3425.939735560195,0.16755097210467076
3460.765538290788,0.16249411210775563
3496.0612131329995,0.15614832591503885
3531.488692774407,0.1556675908117733
3566.982177666388,0.1496449004790214
3602.2529806769903,0.1504593309237161
3638.2462550748987,0.1544869316618818
3674.5041389605103,0.15125207608649435
3710.393406593407,0.14863903687977661
3746.0058373870743,0.14874530545643772
3781.01189296333,0.1499338736310098
3817.0738667394867,0.15394939045013586
3853.601177437021,0.15751062334385416
3889.4536340852133,0.1524306549310745
3925.5267047831544,0.14822518866694298
3961.823908866319,0.14468583366637028
3998.76935840708,0.14508760731500775
4035.3545467205126,0.14461342846317468
4071.884875224045,0.1431187105120147
4109.037042118261,0.14105187262257507
4145.89063817824,0.1341720441359017
4183.895931882686,0.13637923325154727
4221.95583641011,0.1384730408079513
4260.000412144525,0.13633762107904374
4298.4280755345735,0.1316361120536386
4336.994362711398,0.13349203458008085
4376.4786056049215,0.14029404737732715
4415.986803313211,0.13509373878434044
4455.585345545379,0.1321932083326611
4495.911945392491,0.13387678106580111
4536.897342657343,0.1295129533181037
4578.524243680066,0.1271880266101741
4620.236341229632,0.13060511376164924
4662.333194212577,0.12616551371394708
4704.432718767199,0.12534068928743458
4746.611670575252,0.12357658151140237
4788.017627308338,0.12300538079704894
4829.601726263872,0.11633886748186614
4871.069862243464,0.12032557493362744
4912.995790331342,0.1192429965705594
4955.014327855036,0.11957144514674707
4996.904086968488,0.11210668865787203
5039.717718547162,0.11364675257053024
5083.101546176347,0.11158819939603651
5126.379235270105,0.10931038200129897
5170.022528160201,0.10745304661016047
5213.133781558727,0.1055612576044684
5256.166597019083,0.10526075949859334
5298.558009505172,0.10424872685168876
5341.057933122333,0.10813862343048664
5383.428059536935,0.10140594761240096
5425.119955623353,0.09845909221931883
5467.057840971839,0.10343636552754518
5510.632369146006,0.09812917906495437
5553.973951803872,0.10076750902926657
5597.594605695509,0.09615002325518544
5641.539314935515,0.09682906853921665
5685.485402989244,0.0965294864392487
5729.51341209173,0.09276662764867198
5773.639602883177,0.09232805123673052
5817.567235113223,0.08964369782512156
5861.63189596167,0.08906499356377603
5905.0547180346175,0.08749072125659792
5947.874613003096,0.08637504502844053
5991.829208593963,0.08751106621203172
6036.279391614141,0.08829635718768425
6080.017418176711,0.0871203416696384
6123.784692904807,0.08780989490364376
6168.496772382823,0.08603685927881469
6212.302476823024,0.08722744611829261
6257.118555996171,0.08308836501279351
6301.43958067715,0.08362650992297274
6346.45169247636,0.0814115444016017
6392.1599557215995,0.08269158059308529
6436.961591599889,0.08320850928327672
6482.363735366186,0.08061206291443244
6526.5260875646945,0.08027043667747115
6570.251218493246,0.0835634452188571
6614.864573246646,0.07847233709670277
6661.227668093332,0.07706104285887573
6707.562010712814,0.07940030322148953
6753.1191824333655,0.07535978785978184
6799.995832754549,0.07633325246759667
6847.644429160935,0.07187782082565695
6894.5458631830315,0.07177471458310024
6941.829398847104,0.07219512766182047
6989.6161105032825,0.07144132838555127
7036.506373441658,0.07132518582215186
7083.047751635807,0.06916637706289346
7129.745062836625,0.07008073707596023
7176.489326765189,0.06936823510746129
7222.374633328677,0.06692596471768016
7269.463261403988,0.067212884345617
7316.808047402508,0.06706609832478957
7362.893796732207,0.06703573876354071
7409.803992740472,0.06521415051715099
7456.554771784233,0.0639339270881263
7502.9406898485695,0.0633597144773049
7549.705834242094,0.06246727745617828
7596.813575791227,0.06282263239224177
7642.932238476401,0.06308842912224004
7687.880860981629,0.06357513663408959
7732.633922359816,0.061676766000210013
7776.774507081366,0.06225917879725442
7821.5524446301715,0.06012411017946249
7866.821546505228,0.0609629420447364
7911.750386507379,0.060950425426924894
7957.579048140044,0.061069272065423785
8003.043925875086,0.060641876908987924
8047.548621799357,0.06136458333296897
8092.335655737705,0.05858318263243859
8138.574865201162,0.060979802852346165
8184.639025073539,0.059770210271458256
8230.441535298149,0.059429558290066284
8275.985779373188,0.05929174334848648
8320.931976582102,0.05822359181472463
8366.50171068838,0.058550007970985016
8412.410284766382,0.0577928717358838
8457.934378468368,0.056914184782905386
8531.393427230047,0.056830001637319695
8633.668410888931,0.05610480635193205
8737.507325893135,0.05592440063986917
8840.961521671345,0.05635479457152198
8943.58698771131,0.058552064470150156
9045.17994100295,0.05669766932527097
9147.751021418844,0.0592409537445241
9250.55416796753,0.05923241811080919
9352.687823753355,0.05793753101435065
9455.987650470905,0.058293963113088154
9559.900946649113,0.05684072066975074
9663.478185208203,0.05425857422337995
9768.303406538558,0.05625262065709874
9872.281160681,0.057154642670561855
9979.930824261275,0.05509515629597628
10089.314173129847,0.054996005242329817
10199.504106009705,0.05562537007700576
10310.494468404275,0.05691135936089101
10420.494239919859,0.057502590607419725
10530.437480588856,0.05650245268819798
10642.143439027446,0.056216423014807226
10751.980931015143,0.054566200598825707
10861.14592408214,0.053759868185318235
10969.741445104786,0.05386795818716633
11079.138162808065,0.05180921142512107
11187.834869240349,0.052001794333841826
11292.336834208552,0.05145557767566068
11396.15703046953,0.05109499894186696
11500.862584017923,0.05266885240683011
11606.023209133107,0.05317852052091112
11710.809981401117,0.053241713902167934
11815.310688688065,0.05289439537746419
11919.565932691105,0.05362448765118332
12023.687581618058,0.05288423601002859
12129.230232996295,0.05178853984702963
12237.179932735426,0.05174484882515577
12344.611436767274,0.05167770222505766
12452.25246474479,0.05140472291798818
12561.864437387136,0.053067345955075146
12672.72068256835,0.05198917865734991
12780.820780683098,0.0526468336044444
12888.034752389227,0.05093073650008002
12995.691707743183,0.052533243314316025
13102.758493399237,0.05306710700906478
13208.440757405324,0.05149426407718205
13314.721643048879,0.05081818245819407
13423.796830151005,0.05115552334141099
13536.29238420889,0.04988412837061183
13650.21576171269,0.050598702984979406
13763.911154061974,0.051557725452924925
13877.1032537145,0.04992285336933369
13989.339021968475,0.051465795214612954
14103.646335372705,0.05248798030736408
14219.659455078247,0.0512489972696417
14337.12599560991,0.0503573780508158
14454.058464983207,0.048781935185508996
14570.065135542169,0.048705269961137616
14684.537001545596,0.047781559525915146
14798.758973393575,0.04729977090923043
14915.309574203187,0.04572557416887328
15031.407277947694,0.04453179797157561
15148.272306923269,0.04414315039257817
15264.519880715705,0.043501035587734084
15379.431801149138,0.042952316708702525
15493.759920388107,0.042876624078951896
15609.51923197198,0.04225705984901337
15726.987542045596,0.041692321774518475
15850.075425790754,0.04121740151844978
15972.848518935132,0.04042681347394212
16095.725023371768,0.041034622030142
16217.851914098974,0.041210821168846744
16340.942626034612,0.04053860202201498
16465.32596135926,0.0411687735304441
16593.16851122366,0.04127739938688714
16723.558549546735,0.04172896095853607
16853.804984152634,0.04187051950759697
16984.21007149518,0.04248025727008434
17112.976491294237,0.043392730406796164
17240.948092170467,0.045463043848614784
17372.345992879007,0.04481909758165818
17502.37684144819,0.046947214885403606
17633.043049047174,0.04745635609051361
17765.26038746652,0.0455284069122738
17898.110937206537,0.045675033611083056
18031.244445823508,0.0468937186204345
18168.005416848267,0.046331165519060774
18303.7157828679,0.046982405372729144
18437.35712948518,0.046299246786645466
18570.953789852374,0.04522683267476701
18706.413426678333,0.04516097941907374
18845.78445692884,0.043826811362144995
18987.168402020077,0.04279555025721147
19129.476202326885,0.04273743136263776
19271.755672229516,0.041085988608239
19410.36609474077,0.04458774408003254
19547.23991480832,0.04215146005265216
19680.577645585472,0.04056771779890618
19816.439751166406,0.04049179872026008
19955.42228429547,0.040592555529398534
20094.767179872324,0.03926049920994171
20238.90594890284,0.038867752016298315
20381.933661699608,0.04095690184297531
20521.582904480983,0.041763944075290535
20660.976145872362,0.04108983724751309
20797.3216857001,0.04291730308630986
20931.518082105922,0.042954791124879245
21066.11526518445,0.04082606263362684
21199.63960816123,0.0407072453662902
21336.216907396985,0.041540993716664
21477.898080864543,0.04396794339360577
21623.720458938704,0.04193371496369416
21768.61605300994,0.04200128229396021
21913.1332006716,0.03986549248849752
22053.181761477044,0.038152529191414805
22192.358306799026,0.03891876799292857
22330.556244131454,0.03914042131587111
22467.82888999626,0.03920506814006498
22603.47456140351,0.03886701452214845
22735.009705113847,0.03734531365884013
22866.63346613546,0.037991991140042765
22997.44005756476,0.0378617922939299
23130.7627762216,0.03754468798807564
23267.79251870324,0.039104779460786235
23404.20910561015,0.039372352449268205
23542.329336081442,0.040812034515810953
23681.18665751373,0.040494853801099844
23823.76970074813,0.04118149370675037
23967.806008209976,0.03870558667134504
24111.52152930116,0.03885602450887652
24253.57672419164,0.037268140134776806
24395.497778055957,0.03673796919005839
24537.913487908252,0.03689543494697669
24682.653361606586,0.034261147074718376
24828.914548505374,0.034307098138138814
24975.680154864494,0.03526463983575344
25124.7796768179,0.034560519734685095
25280.600212420344,0.034370557076074476
25440.687367369865,0.03330020666237473
25600.147514364227,0.03292557760104413
25755.520246314612,0.03355713155987063
25911.245298344267,0.03255962986845605
26068.3320625,0.03265294164948782
26226.89821328519,0.03322154037666375
26388.841401194622,0.033829243748067624
26554.907669116263,0.03495203656723609
26715.218323828416,0.035430498640739376
26872.648868834993,0.03762653097713098
27027.03628681496,0.03897329591681884
27178.81747911732,0.03999385800317935
27329.531460674156,0.040987128622264155
27476.149513954217,0.04296707940820813
27622.036490923736,0.04338121292591583
27770.622822408823,0.04473267869360278
27917.04800498753,0.04219988501486329
28061.344092721836,0.04345395918911907
28202.01680409795,0.04314685180257075
28341.18931402534,0.04377580492894333
28479.579108010465,0.04328431926803217
28614.870733387612,0.042458595947341034
28751.353515987383,0.03979519465731478
28888.510062065074,0.03864786327635443
29025.102805486284,0.03632562412333679
29163.095448877804,0.03748061280659652
29303.047161572053,0.037645661643621556
29447.806594365495,0.035366397701347564
29595.54153942038,0.03312338675742613
29748.098918276744,0.03167272123934511
29899.852381544584,0.03245859364280923
30051.886202793263,0.03292027458060431
30202.85350358144,0.03373808880319305
30356.473199277843,0.03302617139532328
30508.720450986533,0.032467624266556715
30662.617853810265,0.033520255173319906
30815.943760109494,0.03394182688709906
30964.649189526186,0.034379187749699294
31113.89541547278,0.0340139838460754
31268.90525392949,0.03418562407610517
31427.90358590583,0.03272345622653752
31587.54855790195,0.032484577584050385
31747.615408570004,0.030334521186705474
31907.89227210204,0.030438462487522088
32066.274425287356,0.030885519769079432
32228.8470925165,0.03243328008931242
32389.848631840796,0.0321698889808405
32549.17890311245,0.03165377993116915
32712.29884414616,0.031863504710672806
32873.46991332543,0.031145299093750096
33036.10606249222,0.03161669213706008
33200.93020494876,0.03188230034250232
33366.2522290594,0.031168397070123144
33533.786551702746,0.033373460731866735
33705.33312433381,0.03517266701167072
33869.36122802674,0.03302062271636609
34028.98245723952,0.03329223636424979
34185.94204968944,0.03258945469395961
34346.8205,0.03324115376907249
34514.81112218209,0.03399109597782062
34686.25891240557,0.034470817132801874
34856.882510763084,0.03494895113134555
35023.667890707664,0.034703411017131265
35194.09569288389,0.0336267469960303
35365.400950772506,0.032725722427806886
35538.29880329095,0.033148046199343764
35714.97309612984,0.03329922767288572
35893.0954217467,0.03437816341498966
36072.071285892634,0.0354050441315707
36250.83820126337,0.03618828799494056
36423.628525081105,0.036080393021699714
36593.4643434972,0.03619119491166728
36762.71031820163,0.03643035916573599
36934.37268590662,0.03622299326221373
37106.55872619419,0.03765944025024451
37275.60854337357,0.03576659785975134
37439.08243437052,0.03638375696788024
37606.575060607945,0.03744072690877625
37771.75425638458,0.036677741439397206
37940.21154446178,0.03619513523139329
38112.54130151035,0.037412547360105484
38286.05141855076,0.03682629821128362
38462.450918145034,0.038732059419576206
38644.99900087423,0.03710068517373401
38824.11970121382,0.0351270995328896
39004.35441616766,0.03537366756674432
39185.82221528861,0.03335604459158931
39366.31046119235,0.03350529717883118
39546.65429796756,0.0315493926346077
39738.181892026994,0.03255210296174577
39928.915623435154,0.035737533473893246
40125.3369842554,0.03554482178530262
40315.07346045639,0.035690453814457256
40496.450787524125,0.03524676234560818
40673.95417991397,0.03513978808539783
40851.46679151061,0.037215003025600935
41030.55420105026,0.03518879475286565
41208.80068450529,0.034477763910041544
41384.919183724414,0.033423328433780215
41564.231444582816,0.03315768297683269
41744.92210945769,0.03338905388154484
41923.43388558925,0.0331329946988936
42094.842888266416,0.03235152441054805
42260.47118686396,0.031479568922960374
42427.5586163914,0.030308653479484193
42598.100600976584,0.028865001416809838
42771.00533763655,0.028706337594031826
42947.44333896502,0.02945969717046518
43128.40844369832,0.030041958046839713
43309.355447276364,0.029322560464028657
43499.379415994496,0.029942436952156783
43689.72265503272,0.028274418558143225
43875.300274280016,0.028810317090251277
44053.32600549588,0.029815960226188716
44233.60161078854,0.03158300433348129
44416.147088165606,0.029626612179273808
44604.93842226511,0.02911760561191654
44793.45179972599,0.030372111358192413
44980.37732890032,0.030807692275520975
45171.179390259014,0.031185950411628752
45361.75140502061,0.031299978315352625
45547.591062923035,0.03246211131840417
45733.76737553475,0.03298227527736497
45923.04118420229,0.03354141496718014
46113.07592881673,0.034340910918737685
46308.34887049599,0.03244239009753074
46512.085548483716,0.03268134917749644
46720.144699943914,0.032602784027958215
46929.749295598274,0.03095429368711933
47139.37604179624,0.03008215213344411
47353.84103685197,0.02844869717121293
47566.429025225785,0.02872352943105369
47785.202389843165,0.03048672196668049
48005.43704351083,0.03068152530663429
48226.57949712284,0.030354994480689623
48459.62736054846,0.027966648855762742
48711.78827706491,0.02806446403919406
48955.39250936329,0.028346275407256625
49197.12551543171,0.02707834625245689
49423.336133408004,0.02827504032916257
49648.301974013,0.029916757581131527
49874.12689216969,0.030064049609132313
50113.810218978106,0.03051569104013405
50349.868883078074,0.03309847067786699
50579.61424109931,0.03338618973282218
50815.56457357076,0.032576423578536115
51063.570857784995,0.03359968551435455
51315.70049751244,0.034339696832512895
51556.2450289846,0.03306148180992929
51788.62091544026,0.03363154658283631
52021.22501249376,0.033946933589275564
52256.43762067892,0.032090361939195906
52491.246785669704,0.03288683713306902
52719.197697697695,0.03181968691799231
52959.268423014786,0.029946537307629428
53208.42893830254,0.027760645571287983
53455.381106478315,0.02807986616555506
53696.49029035279,0.03017064835698322
53941.94606404894,0.03167832790616662
54196.73171338015,0.03177444132085947
54459.32792004997,0.034158373167103316
54725.541687468794,0.03343865583856072
54994.433483089975,0.03199988705510482
55255.21796310147,0.03114733773729313
55513.58709355302,0.032016480357397265
55771.25313376988,0.030912837817582656
56028.268924302785,0.02993349069659861
56287.440421946194,0.029086531158984692
56554.42566851586,0.0297549109633471
56830.30681747173,0.028259598857465998
57115.10036110073,0.028853051630664046
57380.590971700476,0.028713839077955394
57630.8702921069,0.027039554696942067
57878.876028934894,0.027149578810130488
58135.2876061969,0.027770622810543977
58395.34307846077,0.026572720867137713
58657.865223899214,0.02737337460362522
58919.598967404825,0.02821611663698159
59182.46856679556,0.027282855907348285
59446.445709281965,0.02826620573790764
59715.20685579196,0.02769990525515607
59976.32933308332,0.029260981125409945
60227.56045598954,0.03074403865324775
60473.25096911342,0.030518978224143765
60718.891254279486,0.029111216158800357
60962.79916552497,0.030426465630425344
61210.412948381454,0.03195714000284439
61458.311461067366,0.03182928312599449
61694.965210355986,0.029891348705121116
61932.038991827314,0.02798675397038623
62171.08922002619,0.026632541645032596
62408.786907730675,0.02546610608450608
62639.52221180881,0.026117260227870573
62879.457910782054,0.026621025603116362
63126.64675405743,0.026514026973570512
63375.91020280811,0.027558987250537473
63619.84102244389,0.029196055320374843
63865.328588374854,0.031021263092163402
64124.91020764482,0.03399574439310641
64388.252306733164,0.03650492712995883
64649.84087070745,0.037208709168973224
64911.59992542878,0.036069106118714236
65170.43467116779,0.03625103362522118
65435.90392632692,0.038769145905201294
65702.58643833899,0.03493978151205647
65966.84141872165,0.03554277300491744
66224.40811992505,0.0371427683443
66470.72738065483,0.03744984438143774
66713.4451914099,0.03706589508246895
66959.0803465686,0.03497395445503818
67205.09273464297,0.034162898210251064
67458.25451026905,0.034263906926155066
67720.87167175906,0.03573843742935722
67988.91766980602,0.034932761831846494
68261.04813867931,0.03678777281845808
68534.99788069564,0.035124247346749314
68805.87957002687,0.035298033174648136
69082.28135720077,0.03721605896566122
69363.96217597209,0.036006014615808296
69650.05888597477,0.035616473742072934
69940.33987294469,0.03519813278035931
70238.0096201899,0.036155941136481275
70528.57037913217,0.0351423285710216
70828.29172125523,0.03500081955015157
71139.24593953023,0.030884348776121635
71456.2528649726,0.029819830913263536
71768.78372991155,0.032110780999649126
72069.83528088483,0.03044780501843321
72363.14144245142,0.028042518657363947
72650.7168798752,0.028968086889418543
72934.87119510978,0.02854069107044833
73215.83271955559,0.028300911487429938
73500.66175184306,0.029596494334656043
73782.11994776769,0.028805178693314847
74062.6812445333,0.028644549498824643
74341.97951304565,0.029051339368912715
74616.46011886143,0.02853281355745932
74885.30054746797,0.029578286442305403
75154.84001498688,0.02855667550946867
75424.47793017456,0.02862468684163525
75683.00811738995,0.027505764506793037
75935.25549725138,0.02805134361825688
76174.67743343518,0.026733971799392582
76407.65208203853,0.02692326762004656
76646.57789039038,0.026317000183468053
76888.49903034094,0.028430539305568905
77134.26644695933,0.0272931743165509
77388.69782378251,0.025706394488002243
77651.20026194338,0.026815587306544
77909.92152829719,0.028607089884155557
78173.34045601795,0.027978748631545532
78448.96958721039,0.026237359999465044
78732.30876382036,0.024725686059832944
79011.28296943232,0.0248506664653323
79303.9714339059,0.025543877842404434
79597.67338533541,0.024484411032737362
79884.81418687278,0.024579517523638315
80167.30145270903,0.024762930369223557
80462.18006110107,0.026715295140560664
80769.93595105811,0.02713640362992547
81065.45274066675,0.02719749374439481
81368.56918572051,0.032549352201450735
81687.79431605247,0.037840641981747795
82014.0322620827,0.04896739565275867
82346.9277100906,0.0482698480339673
82706.72074318847,0.046990065614620324
83079.26938165515,0.05227398755227313
83446.74768865567,0.052804984676789686
83791.36071295026,0.05702404448774288
84138.99145778775,0.0500349471324018
84465.86565114246,0.046170521413163815
84768.69950738916,0.051102563373858975
85066.20466046105,0.053269861511498255
85372.43084013203,0.0505900812985668
85682.45412615308,0.04760950932796161
85987.2576817387,0.04374733704372262
86292.34433697347,0.04402012756105233
86584.70076088312,0.04570881582527538
86866.474627052,0.04558984469485483
87150.46212357379,0.04437635294222247
87436.57247191011,0.04541185879410544
87727.75337606571,0.04562804061335534
88026.67141073658,0.03741346486184571
88323.27291471415,0.03784367584558683
88622.32669942161,0.03975113593285175
88925.42142723357,0.038229956733827807
89235.10487941671,0.030771664725059218
89550.09116435792,0.031315847904365895
89878.24957841483,0.028604105454038208
90216.0137900911,0.029416035031701558
90574.18107098382,0.02723290852872941
90914.27169149868,0.02567736960487584
91228.97448344536,0.025445823006162518
91550.03705783268,0.027310406632321097
91878.50703611458,0.030801282244231554
92213.35809333417,0.030864380910576486
92550.70565144246,0.032226032362281685
92898.74173592452,0.03340972314197684
93265.89011946242,0.03442546695012908
93651.62008624461,0.03786095233397263
94055.85379061372,0.03554623524575009
94489.44430569431,0.03482510921858644
94926.62737025948,0.03301171438627649
95392.40134654946,0.030476275628331887
95859.06683322923,0.028352196348110432
96317.18627145086,0.02636886256856397
96758.38409359637,0.02438684161565807
97172.77532021243,0.026779238133669378
97565.59396056901,0.025756147563469806
97969.0992142679,0.022707528980346368
98368.12971389391,0.023775669846396147
98758.4119041677,0.024358990343392735
99148.9418292911,0.02453778131396125
99547.91901672074,0.023733964198063076
99956.95527594369,0.025724950316164587
100349.23435352904,0.02490560325362491
100758.76323987539,0.0257203605971253
101174.5990380411,0.024292409000010715
101573.71514924908,0.02415633380359722
101965.9827951627,0.026652894326413868
102367.00424761072,0.024005548492508157
102748.08299531981,0.02464854833367581
103135.27744548286,0.027157279112174217
103532.40623830319,0.0250351941261901
103908.3631152648,0.023811709578857965
104254.71521318435,0.024938931277805398
104568.16659384558,0.023993107551725786
104896.28501121355,0.025789834622374122
105250.09197480825,0.026081464560605127
105604.42489994997,0.02635752271607783
105953.51375116932,0.02943210176741484
106306.5425863574,0.03032616024120813
106671.96148323866,0.03188811149655549
107038.0742355359,0.033663862544992665
107400.45774779838,0.028968076906737878
107754.93902059611,0.029554738923697352
108103.68654481941,0.03083999398851631
108464.08795602199,0.02870431902615182
108832.4095048023,0.02786761235965
109181.20388652837,0.030193730944041354
109512.31880448319,0.03374011904504704
109842.87859684165,0.03626659824266573
110180.96657537657,0.033056912619457986
110528.79491017964,0.03107008212964365
110866.34217108555,0.028555873805432272
111196.11433383233,0.027320701610088732
111523.96954409567,0.02640364525947631
111867.28216802844,0.0254374242482742
112204.60337183891,0.023649985051174705
112528.54122779683,0.024304338841983814
112877.80420147114,0.023405469967466303
113225.70070620587,0.024501094654969063
113564.51764559172,0.023654965846259673
113908.58596425681,0.023851504764242578
114258.64304871204,0.021907496721955206
114616.19806612602,0.024001131711375794
114987.2965344989,0.025918402814508655
115348.69033063007,0.024964320638303405
115716.4189846576,0.02402016201941874
116080.01699769628,0.025251767336462873
116441.83743596151,0.022657698303211606
116803.06801745636,0.024579213234576076
