D,r2
6.167300380228137,0.7151843111612536
9.125523012552302,0.6484187334946262
12.149732620320856,0.5723444497026408
15.082926829268292,0.5568141435630137
18.143564356435643,0.555918124976141
21.115183246073297,0.5346914599736874
24.080745341614907,0.47032037260776793
27.134969325153374,0.49859468544131
31.61061946902655,0.4687325159139806
35.98351648351648,0.48159500490747503
39.097142857142856,0.45921489338233845
42.08641975308642,0.4229473131823718
45.1625,0.4238042593190482
49.420711974110034,0.4609779019371562
53.95180722891566,0.43655188956189434
57.141843971631204,0.4205286590854979
61.51056338028169,0.3912973476471647
66.07692307692308,0.3969840580541526
69.1304347826087,0.39159670906155175
73.73758865248227,0.38481838996142076
78.20610687022901,0.4073401443334764
81.18055555555556,0.3932026219357395
85.6282894736842,0.36836078872372563
90.18796992481202,0.3328582684412155
94.57950530035336,0.36919302631092393
98.97368421052632,0.3916050834959255
102.1376811594203,0.3768537600896775
106.68503937007874,0.33825525831841474
111.1969696969697,0.3419754939545171
115.76811594202898,0.32794915024229776
120.24113475177305,0.30057726772439436
123.19148936170212,0.3289265315257801
127.65737051792829,0.35957513064581625
132.16197183098592,0.3321533714468875
136.6654135338346,0.3579282186418403
141.1846153846154,0.3164754251482893
144.21290322580646,0.31500161818049605
148.49802371541503,0.3494205384417147
153.34074074074073,0.3171738037216323
157.47686832740214,0.31762319721591853
162.1069182389937,0.31664469444599697
165.16666666666666,0.3090370960744431
169.60538116591928,0.34437111015018007
175.716,0.28975219810012093
180.18548387096774,0.29912260940559326
184.62055335968378,0.32879844360256455
189.1196581196581,0.3430695975092573
193.66528925619835,0.29076158449638173
199.56756756756758,0.30298151521120775
204.03496503496504,0.31764648281866165
208.32083333333333,0.3151061944044001
212.98561151079136,0.30069855599598855
217.6234309623431,0.2969093992206151
222.15151515151516,0.3065578984680406
226.82186234817814,0.2957623324960362
231.25,0.28594471563953877
235.67381974248926,0.29364659852141217
240.33333333333334,0.2763779924683427
244.7576923076923,0.27568466721075524
249.22881355932202,0.2908921616606564
253.70731707317074,0.28753314577562455
259.60360360360363,0.3071703782988183
264.07586206896553,0.2687402137346296
268.9344978165939,0.29034726125997357
273.3076923076923,0.28160019682465853
277.60833333333335,0.2563528868267592
283.87619047619046,0.2923658924994388
289.5940594059406,0.2948732469036179
293.98425196850394,0.28627280295312685
298.9061224489796,0.27180072790952414
303.264,0.3097974182706398
307.64255319148936,0.28029568192072235
313.5311004784689,0.26387974444451123
317.9389312977099,0.23076552360917077
322.79638009049773,0.2893372034262623
328.6061946902655,0.26094326615455665
333.275,0.26852012464859687
338.01574803149606,0.2463938849054155
342.34814814814814,0.2263367191664722
346.672131147541,0.25949491069232156
352.35643564356434,0.2803151022090879
357.0245901639344,0.250371532520333
361.68981481481484,0.2392227218136903
368.03619909502265,0.25578047301214996
372.3454545454546,0.23985097917183026
376.796,0.2594370831773288
382.6666666666667,0.2731418580600029
387.1885245901639,0.27270264548494305
391.9581589958159,0.24717973831961373
396.3970588235294,0.24053990306052206
400.93700787401576,0.2484782088130661
406.449494949495,0.24564748306833784
411.1159420289855,0.26816949755542013
415.8557692307692,0.23603344290522146
421.7358490566038,0.25045150408409206
427.9142857142857,0.25362453371870386
433.5271739130435,0.24448951229433835
438.0642857142857,0.26835859665507206
442.939226519337,0.2517951121626815
448.8828828828829,0.252340382045524
454.97333333333336,0.24021909206049322
459.41121495327104,0.22559469152021241
463.8834080717489,0.25281001749101994
469.6666666666667,0.25568947805366044
474.17808219178085,0.24822162992722027
478.67826086956524,0.2351156519305102
484.2282608695652,0.19995383534889263
489.05,0.24901004532205667
494.1216216216216,0.20140243615754408
499.9908256880734,0.2393623818620044
504.3983739837398,0.21691688652652713
508.9018691588785,0.2531655523594897
515.1091703056769,0.25701837216130213
519.3818181818182,0.26965069210491677
523.736170212766,0.24196114393226834
529.5650224215246,0.2758986101493206
535.4776119402985,0.2539815666125394
541.3093922651934,0.23317550362038514
545.9718309859155,0.22276072568594335
551.0909090909091,0.2718209052365408
556.4154589371981,0.20249759910589923
560.9931034482759,0.24464745563927937
565.7657657657658,0.2327530390958521
571.9952606635071,0.23565457123297667
577.4521276595744,0.20749589642417024
581.9150326797386,0.2548680239413821
586.6981132075472,0.2364923926664682
592.6231884057971,0.22700116111357657
598.2192513368984,0.23064367698308108
604.273631840796,0.24546594137392308
608.94375,0.23900951891220973
613.8790697674418,0.2306129144627653
619.5684210526316,0.22351378197787414
623.8741721854304,0.2658095171304441
628.8125,0.22858415537466234
634.6715686274509,0.2206442375968701
640.3268292682927,0.23423596843312874
645.0592592592593,0.2144287435417861
649.8497652582159,0.20828404412485968
655.8604651162791,0.2333158299105583
661.3763440860215,0.20679971080864054
665.8475609756098,0.2521372019712224
670.6384976525821,0.23555831571923566
676.18,0.23223211283908177
680.9820359281437,0.24344921305696743
685.7850467289719,0.2239153669475206
690.3065693430657,0.22048062513543096
695.0973451327434,0.21185674397572288
700.9230769230769,0.21493765466129902
706.4720812182741,0.2229133130977834
712.1639344262295,0.2404233156135805
717.0514705882352,0.25430317419616244
721.9705882352941,0.191634005176123
728.0531400966183,0.21294123610331633
733.7303921568628,0.19845588911358797
739.2072538860103,0.2231296107914532
744.8792270531401,0.17923255788546455
749.9793103448276,0.1969991538918109
755.1105527638191,0.22016891494352286
761.0054644808744,0.21186367535848147
767.0769230769231,0.23145585346918618
773.135265700483,0.20841432096958787
778.704081632653,0.20945417867921087
783.3931034482758,0.21782365007385357
787.875,0.21572095112746464
793.755868544601,0.22288530590393932
799.2953367875648,0.1938325291847255
804.0064935064935,0.19661544835290265
809.1148325358852,0.19131930044278742
815.1472081218274,0.21662804365956836
821.2709359605911,0.21702060852660549
826.5699481865284,0.1991299374487814
831.9390862944163,0.22276375756579722
837.0897435897435,0.2133201138310428
842.0947368421052,0.21042933454783275
848.2027027027027,0.2236153096440254
854.360824742268,0.2309144025855477
859.8666666666667,0.20712603842343627
865.1761658031088,0.1969722598525115
870.7874396135265,0.2227645288019138
876.124183006536,0.22143880912995637
881.1682242990654,0.20818630118049677
886.8378378378378,0.24042698126933004
892.969387755102,0.20201982780069302
898.9732620320856,0.22725681558691846
905.192118226601,0.21041384633810437
910.7747252747253,0.2038791061311065
916.5693069306931,0.1747441416972235
922.0558659217877,0.2166044886932444
927.1266666666667,0.20144743412347646
932.0841584158416,0.2173179523570079
938.2300469483569,0.18481684956958344
944.093137254902,0.20425377416857118
949.8965517241379,0.2104206381888765
955.2051282051282,0.20454993960715276
959.8164556962025,0.2030103953987041
965.125,0.22428111227836423
971.3903743315508,0.19842552140572847
977.373831775701,0.19256147226337963
983.0804020100503,0.21071531566360288
988.7783783783784,0.18720816468381093
994.4712041884817,0.18409506399420586
1000.6310679611651,0.1955167135965982
1005.375939849624,0.2147325937130379
1009.8616071428571,0.2011291649670585
1015.1761658031088,0.20909923050080428
1019.9777777777778,0.20869850191441633
1024.878453038674,0.20210665573816783
1030.2412280701753,0.19663843406724196
1036.1186440677966,0.1781180878543454
1041.2060606060606,0.20734784449144097
1046.2652173913043,0.1800719132735695
1052.078125,0.18534279186762023
1056.9467455621302,0.19573191729458742
1062.7208121827412,0.2016970704050435
1067.9771428571428,0.20684989883385044
1072.8606965174129,0.20690478718977254
1078.3238095238096,0.19635159248052536
1082.9763313609467,0.2185660405736457
1088.2397959183672,0.2151244472340123
1093.4237288135594,0.19649038497092333
1098.7363636363636,0.20585106868015757
1103.8809523809523,0.19917645698703085
1108.95,0.22299829319606065
1113.4370860927152,0.19008253013157886
1117.9310344827586,0.1699115691355005
1123.8190476190475,0.17600099586450657
1129.042105263158,0.1579041241485072
1134.6714975845412,0.18485307705028056
1139.9444444444443,0.18503159210559034
1145.1675392670156,0.18239375932233198
1151.1970443349753,0.21728488761914247
1156.9949238578681,0.22470630591275964
1162.0935960591132,0.18931030526140133
1166.8364779874214,0.1934660397632107
1172.4676616915424,0.2138897706413973
1177.8592233009708,0.19875701119309055
1183.1237113402062,0.2180145906478758
1187.921686746988,0.2232396794713294
1193.1203703703704,0.2136036497148248
1198.8684210526317,0.21370146490337025
1203.3865030674847,0.19850988715571616
1207.899470899471,0.22027413346220223
1213.0740740740741,0.18996910113172838
1218.657004830918,0.18955623554468112
1224.6910994764398,0.18989147111766225
1230.6467661691543,0.18462973915276965
1236.0394736842106,0.19938488584393474
1241.2251308900525,0.1791708352315817
1248.0266666666666,0.1823280535364797
1254.0251572327045,0.21228708329247084
1259.2412060301508,0.19220248292584466
1265.252380952381,0.18437234774387692
1271.1612903225807,0.18283288679236234
1277.295566502463,0.17034766149850408
1283.1079545454545,0.1727772265577163
1289.360465116279,0.19738363249893456
1295.4278606965174,0.19369376280493883
1301.4682926829269,0.18843163054681417
1307.0949720670392,0.21266236607637248
1313.4011299435028,0.2000369204025929
1319.3658536585365,0.17912127917623627
1325.2281553398059,0.1933227056117133
1330.8333333333333,0.20993674203567783
1336.5699481865286,0.18454184896020964
1343.0331753554503,0.18058119471679063
1349.0806451612902,0.18162856876682218
1355.238341968912,0.2051079982687578
1361.0520231213873,0.1746039938608932
1366.5025906735752,0.2257973282006769
1372.4577114427861,0.19890565403284824
1378.1243243243243,0.17743225909953064
1383.1032258064515,0.1915055481166597
1391.9955357142858,0.18658897952647374
1406.2042755344419,0.17310066269344895
1419.409090909091,0.19002470950970815
1432.6346604215457,0.19332540995841663
1445.229765013055,0.18392829590407872
1457.1473922902494,0.19379233351311773
1469.1635071090047,0.20230955948621704
1481.3100961538462,0.18683532973855416
1493.6839729119638,0.19401591397622595
1507.0,0.1929424130922136
1519.9952380952382,0.21490386741297474
1533.0327102803737,0.17891201836079051
1546.033096926714,0.20104608815331199
1559.724537037037,0.19334823902529336
1572.842995169082,0.19332585659002702
1587.1705607476636,0.1697940848457883
1601.6830985915492,0.15518809430841593
1615.4502487562188,0.16878037702978052
1628.9954648526077,0.1757125596413097
1640.9405684754522,0.16332535860103897
1653.3995535714287,0.17294881089537953
1667.6550116550115,0.16389376927149354
1681.1377672209026,0.17593712365167802
1695.478971962617,0.16649003575560511
1708.9404466501242,0.1794666615494383
1722.384074941452,0.17242205941071356
1736.3829787234042,0.1730832738782472
1750.578163771712,0.1645066840765616
1764.9912854030501,0.1846900800898973
1779.3396674584324,0.18059357890568892
1792.822695035461,0.16836849583136315
1805.3324937027708,0.16853944553393857
1818.6121495327102,0.16340312673637933
1832.3004694835681,0.1753167092413795
1846.8912037037037,0.17457271936265747
1861.3638676844785,0.18782744915288532
1876.052511415525,0.1843531776532453
1890.8104265402844,0.1846031503555693
1906.4502262443439,0.17744468368811114
1919.9133663366338,0.18327843024266358
1933.1025641025642,0.1676053200309375
1946.7581395348836,0.17772798163995832
1960.5234741784038,0.17108938457055176
1974.227602905569,0.18429217721588867
1988.8301886792453,0.17420419721601496
2004.0943396226414,0.19447886596456174
2018.404705882353,0.15845702825431823
2031.36,0.17315783767293097
2044.4603174603174,0.17351577070658036
2059.587529976019,0.1830378354320861
2074.4558139534884,0.16558433668970204
2088.3374083129584,0.1656233180781012
2103.1350710900474,0.1696208222951645
2118.1892523364486,0.17403538265208252
2132.4587378640776,0.16666298382185407
2146.7529691211403,0.16556377680950343
2161.928735632184,0.14139076007443355
2176.5331695331697,0.17042764871701221
2192.552036199095,0.17100142143879665
2208.1634615384614,0.16306902614686658
2222.803357314149,0.1771410010721619
2238.5913242009133,0.1770540756308165
2253.339285714286,0.16956507518399777
2268.183908045977,0.17376896508517678
2284.13184079602,0.16778554988368174
2299.134782608696,0.1750519841515384
2314.9556650246304,0.18685807687196268
2329.7727272727275,0.18868751407623155
2346.045146726862,0.16953290140787164
2362.4914004914003,0.1552102431012783
2379.582191780822,0.17300076143482548
2395.8255528255527,0.1563400455636636
2412.314009661836,0.1711436365428358
2428.6353211009173,0.1631818498921596
2444.111904761905,0.172009266882153
2458.6762589928057,0.16286598516993786
2472.4797136038187,0.14459517834441263
2486.958904109589,0.1513078509202242
2502.3182897862234,0.1612711711786325
2518.585882352941,0.17994750506276305
2533.5399061032863,0.15952805097128653
2548.2792362768496,0.17363519161476873
2563.546762589928,0.17067388761432195
2579.138095238095,0.16135826176037973
2594.2506024096388,0.14569142555613976
2610.3295454545455,0.16292003412827766
2625.9200968523,0.16984187970101117
2639.3048780487807,0.18129787848116674
2654.599099099099,0.16155795802411957
2670.204433497537,0.18375600139915285
2686.6159420289855,0.15019025539424738
2701.711627906977,0.1452220479833743
2717.622685185185,0.14818739600732342
2732.3926829268294,0.15696185972977825
2746.9246575342468,0.15084031156275826
2761.938242280285,0.1436395176545464
2777.5285714285715,0.1614345438686862
2793.4504716981132,0.1532383778462027
2809.369458128079,0.14646991302708942
2824.3883720930235,0.15438049727614703
2838.754672897196,0.13872657182492815
2853.5375302663438,0.1514701109911943
2868.3016627078387,0.14908542954273335
2882.758536585366,0.16398022747274696
2896.852380952381,0.1520914333821627
2913.4815668202764,0.15418534963492614
2929.547727272727,0.13093270250823127
2945.6262376237623,0.14811225417317467
2961.6949541284403,0.14144387356427304
2977.5893719806763,0.15167606149005353
2993.453237410072,0.15773033905103334
3009.9093023255814,0.15189508401890864
3027.1214285714286,0.14676499296287415
3043.1205673758864,0.15565178088673826
3059.9565217391305,0.14445239993489362
3076.307881773399,0.15873982006957357
3091.7752293577983,0.15038520061937946
3109.165876777251,0.1544835195124398
3125.030303030303,0.14798623795433438
3141.265625,0.16108878642388463
3159.3660933660935,0.1471025801928749
3176.6386946386947,0.14633193672334674
3194.3419811320755,0.16596614546815885
3211.0167865707435,0.15205536784352155
3227.1670588235293,0.15366898426834627
3244.100490196078,0.1560026125467053
3261.496598639456,0.15745607041143236
3279.4657210401892,0.16989582048529794
3296.5655339805826,0.17518840523132095
3313.6235294117646,0.15847300818924331
3330.664268585132,0.1562524447596634
3349.235159817352,0.15759111200655507
3368.2602409638553,0.15229991864987497
3385.7593052109182,0.15303222752890056
3402.9519450800917,0.15205361965580716
3419.811138014528,0.15038170314759453
3438.585972850679,0.15548239374404477
3457.3117505995206,0.15373565449736687
3474.7966903073284,0.1605575787559589
3492.2903981264635,0.1388193950022681
3509.0851063829787,0.1558985656831828
3525.475490196078,0.1588914824167028
3543.250574712644,0.14239359396014897
3560.590243902439,0.1428548451321494
3578.9880095923263,0.15797693183025133
3596.244343891403,0.13672477377765155
3615.3174224343675,0.13958920488776397
3633.153110047847,0.15460125969368174
3651.1191588785045,0.16017756114642803
3669.573200992556,0.17089222911096957
3687.214285714286,0.1558154685451687
3705.5366430260046,0.1747936231465771
3722.467289719626,0.14752481166300113
3739.5577395577398,0.13454480437963326
3755.7025761124123,0.15359135672028212
3773.5810185185187,0.14817935879769809
3790.714964370546,0.12659954916563465
3808.105769230769,0.13991408776366018
3825.8743842364534,0.15675814951308412
3844.4608294930877,0.15532727835776378
3862.25,0.13383048003291068
3879.7494199535963,0.14724046554457157
3897.9710144927535,0.14631296074977349
3916.3870967741937,0.15464047870394426
3933.340852130326,0.1471113154183063
3950.3916083916083,0.16432176730647483
3967.274418604651,0.14254437914239826
3984.1674528301887,0.15927369055460164
4001.4893617021276,0.14462856870283863
4016.8676470588234,0.15351213807791905
4033.703196347032,0.15616284597031135
4050.8450363196125,0.1498725282236576
4069.4028103044498,0.14305776094819453
4088.414868105516,0.14989035192988479
4107.098130841122,0.14413316941744564
4125.536299765808,0.16314619519963336
4143.3029556650245,0.1360919718791571
4160.740740740741,0.15728331212703248
4179.556354916067,0.15328473088886313
4197.779069767442,0.15107486186244307
4216.186320754717,0.1645089523299255
4233.388349514563,0.14550619726205655
4251.406175771972,0.15266730683153892
4269.848557692308,0.13754738545796547
4288.167865707434,0.16441881984318796
4307.051044083527,0.1504279597968943
4326.210884353742,0.15492677704973423
4345.91,0.13535676642138195
4365.398104265403,0.14242178934174732
4385.04128440367,0.1662107387323185
4404.180487804878,0.1389997328667512
4422.4408352668215,0.13972889566014823
4441.880459770115,0.1344978493465725
4460.377403846154,0.12818496388771297
4476.680487804878,0.13537343746895814
4495.077272727272,0.1348083502248094
4512.5404761904765,0.12199899182600644
4529.03406326034,0.133399389003953
4546.560465116279,0.13173676764177528
4564.756690997567,0.13583662744893785
4584.256292906179,0.1338396315304912
4603.421052631579,0.1271364621222993
4621.641975308642,0.13849260962669507
4639.901176470588,0.137607911421439
4658.763341067285,0.13034519650468931
4678.410138248848,0.13572022908706385
4698.959427207637,0.14082971298544547
4720.7163120567375,0.14012410884903254
4741.844705882353,0.13767878842765102
4760.955223880597,0.14243137419939697
4778.732696897375,0.1413912904161964
4796.785876993166,0.13319773214632247
4814.148148148148,0.14628434786014688
4831.827586206897,0.139007969804037
4850.847826086957,0.1495091861012584
4869.492099322799,0.14528283846744003
4888.725961538462,0.1322694207623078
4906.844705882353,0.1337870729110139
4925.556603773585,0.14335652590685252
4944.437346437347,0.13451527032384653
4963.662790697675,0.13482546486011518
4982.708920187793,0.13741016386186575
5000.401002506265,0.13579560158052897
5017.767653758542,0.1386797516112213
5036.024509803921,0.1408474045468337
5053.0505747126435,0.12659740137690711
5070.873508353222,0.1282145824472197
5088.2126168224295,0.14441116882545801
5106.470725995317,0.1303137939209591
5125.1509900990095,0.12453032206749878
5144.517482517483,0.13146698981583838
5164.011441647597,0.13427944216700882
5182.128395061728,0.13117484838176968
5200.842352941177,0.136383033266432
5220.541666666667,0.13968621096688483
5240.5012048192775,0.14050738675603852
5260.414519906323,0.1403197721825426
5279.932203389831,0.136796722721668
5297.970046082949,0.13313508785660677
5316.223844282238,0.138021290523649
5334.729411764706,0.13940748959236512
5353.914549653579,0.14344430686690776
5373.215496368039,0.13985404442187893
5392.591224018476,0.13848966307496144
5414.1835294117645,0.13969944354554314
5433.095011876485,0.12993932020688118
5452.019417475728,0.14653232971642066
5471.12351543943,0.13723281260912845
5491.978260869565,0.14563263217713848
5511.933806146572,0.14830186607057194
5533.515222482436,0.12659511258009462
5552.951690821256,0.13832872167324664
5572.4908256880735,0.12696581984010352
5592.625,0.13457106609621855
5609.308270676692,0.14239958962194593
5626.178240740741,0.13553746989679005
5644.985882352941,0.11658360228466026
5664.3536585365855,0.13077488276719024
5684.096846846847,0.13118438357075
5702.3078817733995,0.1350923443470351
5721.196304849885,0.1351173461662075
5741.256658595642,0.1316815004667512
5761.347826086957,0.13160995773934034
5780.928217821782,0.13575844083047853
5798.167452830188,0.13271468749728624
5816.7811059907835,0.1315096874813109
5835.671462829736,0.12568518769892137
5853.278959810875,0.13121360605051577
5871.3744186046515,0.13397683240523034
5888.222748815166,0.11330318256183365
5907.160583941606,0.1346620698249114
5926.59375,0.1301728886991943
5945.792941176471,0.1230071584613306
5964.773148148148,0.12719041428411065
5984.4047619047615,0.14243860199992162
6005.361244019139,0.1273459178702119
6025.888888888889,0.14462407374111855
6048.127403846154,0.1501422345609474
6068.689573459716,0.14507248796693623
6090.501138952164,0.14095815772029233
6111.881796690307,0.14555065260485195
6132.933333333333,0.12099104999356543
6154.609223300971,0.1301024175978537
6175.972413793103,0.11945599523556873
6197.740476190476,0.13121961702075374
6221.340425531915,0.13417305242495353
6242.538834951456,0.13415270445354646
6262.242788461538,0.1374047167056937
6282.230593607306,0.15812809468478362
6302.112745098039,0.11804247901870937
6323.719817767654,0.13346766506124094
6344.754807692308,0.13633253818662283
6366.789719626168,0.13423665400962692
6388.854368932039,0.1270318195401987
6407.985815602837,0.12064686643074644
6430.044600938967,0.12519965343046963
6451.253012048192,0.1355351172410739
6472.444444444444,0.14002135590900527
6492.131147540984,0.13474905207388801
6511.995226730311,0.14607917213395957
6534.446555819477,0.153579234026934
6557.90692124105,0.14508021105151278
6580.444700460829,0.14550481645275665
6602.351674641149,0.14864338393958607
6625.413875598086,0.13545216659674256
6647.707943925234,0.14054069193618213
6668.455421686747,0.12435710469157582
6689.457142857143,0.1192549676344578
6711.018735362998,0.11271608685106693
6732.713253012048,0.1293323313591605
6754.291764705882,0.13333551089876033
6774.94019138756,0.13005315559690367
6794.579908675799,0.12218447278256751
6814.189125295508,0.1314515112857438
6833.127098321343,0.12238192135392251
6853.071258907364,0.1512890242156745
6872.928057553957,0.11761002464591869
6893.160183066361,0.12997642900337802
6914.569343065694,0.13867407852859803
6935.198581560284,0.12332487925588054
6957.038095238096,0.11986819038548485
6979.3026004728135,0.11059288876859735
7000.291169451074,0.12629129375648845
7021.154394299288,0.12020048909303861
7042.851258581236,0.1308464979466379
7064.297619047619,0.12375199043838853
7085.792056074766,0.12882255177446328
7107.348894348895,0.11753110473144057
7129.208037825059,0.12085067427059915
7152.3325526932085,0.14539047175287115
7175.368171021378,0.1273113433780184
7197.687203791469,0.13786747107777986
7222.5727482678985,0.11902532671617076
7246.852657004831,0.12126179028183985
7268.787081339713,0.13036322573399034
7291.575471698113,0.10791735123379081
7314.869668246445,0.1279320769142709
7338.30023640662,0.12693405593522092
7360.819672131148,0.1277827751775005
7385.052256532066,0.1435734010392601
7409.523923444976,0.1403802811992372
7430.273584905661,0.1374220241615426
7450.863309352518,0.11794302282526654
7471.160092807425,0.12139853188094962
7491.9254807692305,0.13500247267749044
7513.5462962962965,0.12036499360130835
7534.77108433735,0.13290578880074033
7556.4510739856805,0.13312305509577785
7579.069605568446,0.10905496156449902
7601.835680751174,0.10884914230493081
7624.146634615385,0.13969643180567395
7647.291469194312,0.12640875296852336
7669.264637002342,0.12883328424820847
7692.349282296651,0.11987430681823998
7717.132352941177,0.1296960552454481
7741.233256351039,0.12338924829041015
7765.760869565217,0.12639090689398955
7789.599542334096,0.12741922891110802
7814.241379310345,0.14070967764188436
7839.327146171694,0.13233521502528764
7866.153301886792,0.13342306663945863
7890.82619047619,0.11957398334868076
7914.580046403712,0.13927552779837418
7939.764411027569,0.1212168908452514
7965.004535147393,0.11283866828117953
7990.673031026253,0.11132615333694193
8016.237875288683,0.12663060989043393
8041.672330097087,0.1263710910647278
8066.55944055944,0.13886326876342792
8091.342233009709,0.13439727115861655
8116.467136150235,0.13623110173906047
8141.88524590164,0.12728428682488013
8168.1425178147265,0.13608971852633509
8194.476303317535,0.11946192896456981
8219.347517730497,0.13555454207133188
8244.533492822966,0.1246966684251426
8270.379716981131,0.12273996015039039
8297.798122065728,0.12011835078719946
8324.313106796117,0.11938036109745533
8351.91454965358,0.13156028457308894
8379.211401425178,0.13123334905568787
8406.306024096386,0.12363037328034532
8432.86265060241,0.1290355604321633
8459.906392694063,0.12664061592435819
8489.678048780488,0.13099925307280832
8516.72286374134,0.13568685554778223
8544.156542056075,0.13031791675521895
8569.882640586797,0.11963561768405183
8595.579069767442,0.14078237289643955
8622.763855421686,0.11840342936501301
8648.467741935483,0.13692449702889692
8675.548463356974,0.12591466204701168
8702.490521327014,0.13165960150806713
8726.872549019608,0.1270190853119721
8751.037209302325,0.12298660857276586
8775.608391608392,0.13668355270663296
8803.071770334927,0.12427954045143239
8830.688836104513,0.11074528024274495
8857.542654028435,0.14077505178171804
8884.759433962265,0.1352414903654003
8911.919239904988,0.12415230847512543
8936.917257683215,0.13285877102779908
8964.516990291262,0.13624070538226035
8991.455607476635,0.13149490005873682
9018.215311004784,0.13294169433087905
9048.257075471698,0.14377635548717657
9077.9216152019,0.1384894944468917
9106.658711217184,0.1393602980535744
9135.658823529411,0.13677475528055585
9163.593457943925,0.12180216748841065
9193.232394366198,0.13153721387687342
9222.2700729927,0.12039263942483933
9251.21052631579,0.12779737167382452
9281.494033412888,0.12826542054976905
9308.856132075472,0.13614910663748614
9337.801488833747,0.12329570273886807
9366.209090909091,0.13701470034299057
9394.02606635071,0.12889559374815476
9421.139423076924,0.12884879640332697
9450.58292682927,0.13788646962605758
9480.471395881006,0.12316297053917442
9512.191283292977,0.13112367546252748
9541.310588235294,0.12383944077288377
9572.811059907834,0.13542074526579248
9601.810551558752,0.13897623538192816
9630.72,0.12142289733229912
9660.411057692309,0.11415659835698405
9689.158767772511,0.11539495994464383
9717.155294117647,0.11556894797311776
9744.477541371158,0.1140399856402688
9771.284037558686,0.11364447398304273
9799.562352941177,0.13203704709371553
9828.914285714285,0.11671168174682911
9856.463007159904,0.12477608857462641
9882.401442307691,0.11646967146019747
9913.229116945107,0.10850966871286355
9943.83135391924,0.12254353340784217
9973.588652482269,0.11721361071719237
10002.317647058824,0.10635959084941896
10032.868965517242,0.12795823528635447
10062.44362745098,0.13524568111304552
10091.217798594847,0.13343114429204822
10120.56067961165,0.12576973906134706
10150.984126984127,0.14672311438056618
10180.145933014353,0.14207906555949582
10207.436018957345,0.12788670767351562
10236.448687350836,0.11346321914008928
10266.892018779343,0.1264220298763062
10295.72705882353,0.11243495302975325
10324.669902912621,0.12783804832577905
10351.449411764706,0.11097884011021372
10378.911627906977,0.11753134508759519
10407.323741007194,0.12300725880116364
10436.834498834498,0.1267265986709343
10465.97572815534,0.13206715494511437
10496.625592417062,0.13710882528176552
10529.57279236277,0.13853912081186157
10559.912037037036,0.1320205292396031
10591.028846153846,0.13429891780892483
10624.271867612293,0.144155216418376
10658.38679245283,0.13789069265296408
10693.282710280373,0.14100626906870004
10726.570405727924,0.11837705634446107
10757.794188861986,0.1256119303610334
10789.067307692309,0.1260446074394116
10818.40366972477,0.13583391673461442
10850.61757719715,0.12760152756042892
10877.933491686461,0.13169312026327065
10910.176744186047,0.13566035170425245
10941.526570048309,0.12245298611492325
10970.992874109264,0.13221324980198337
11003.594786729858,0.1272891615553321
11034.505882352942,0.13161523611783713
11066.941995359628,0.12736738883102744
11101.078571428572,0.14775727960990523
11135.634844868735,0.12987416511567848
11169.538095238095,0.13605139666423102
11204.34278959811,0.1324490112455833
11239.985882352941,0.14758113115095498
11276.245238095238,0.1362741918626034
11312.503529411764,0.13652486944695538
11348.004819277108,0.12342680892562295
11380.96511627907,0.13155352790324087
11416.42755344418,0.12341051185389836
11449.956937799043,0.1336152259509265
11482.13488372093,0.11641005505359178
11513.778313253011,0.1264750145678055
11545.946386946387,0.11061783203052933
11579.26392251816,0.11413094323088588
11616.114014251782,0.12777016764541754
11648.803738317756,0.12736750650592663
11683.887828162291,0.11638427132695187
11717.897911832946,0.11299275153141806
11751.742092457422,0.11589441045040824
11784.98831775701,0.12285483164238975
11818.846153846154,0.12328846986528334
11852.65207373272,0.14141795880293945
11886.348780487804,0.13005184968182207
11919.948235294118,0.11710166954645175
