D,r2
218.98352788586251,0.18462898991205112
298.55084974372807,0.16711090428167852
379.6197312961012,0.1648919173266369
463.67199573674395,0.155398644684546
549.4122678070293,0.1515495031395743
636.1603166085323,0.1460327398230197
726.5148632580261,0.1452984512995225
819.526224244046,0.13910167773739307
912.1251835046043,0.1353896179097691
1005.368597479217,0.12882879386488338
1099.5373430270986,0.12781552306029026
1196.338965012638,0.12777943232234243
1295.327026301664,0.12195775358653921
1394.1209506107275,0.11572730867848194
1493.5592219986586,0.11728954821188152
1595.0602104702277,0.11659582031085204
1698.9295324363927,0.11552762894281082
1802.7330226364847,0.10918156841420207
1907.189120893736,0.11147489523433243
2013.3640010698048,0.10875012652511193
2120.0965508056997,0.10762491315142002
2227.1696202531643,0.10736169264053402
2333.9294306335205,0.10134555305139281
2441.8367346938776,0.10255660883983425
2547.516694490818,0.10334322921003634
2654.3822308331028,0.1032444200232318
2761.572456747405,0.10302018388172915
2866.8944253269096,0.09770218999941577
2975.807596685083,0.09992492819836685
3082.4361362056984,0.09669862021448358
3188.664044168392,0.09885335332286664
3298.2207251007085,0.09640974779787413
3407.455173366487,0.09709619732009252
3515.7678892733566,0.09836506408329333
3627.4324958586417,0.0954973858259153
3741.7951873876364,0.09334296038096408
3854.3290964354796,0.09548001854821664
3968.209784411277,0.09348292677296573
4082.8644536652837,0.09511443814424247
4197.390818858561,0.09337164083989179
4309.433454241072,0.09226352765305394
4424.508357507943,0.09568996817618398
4537.958707360862,0.09339296948836483
4653.0262141280355,0.09113214128633497
4768.003454947485,0.09100164724922277
4884.0289089645585,0.09000953624229328
5000.9824682495855,0.0924848201175393
5119.809464850736,0.09206881826411435
5238.827456445993,0.093247571817401
5353.846515486725,0.09106287876095713
5468.657637838581,0.08814361822551195
5586.226467331118,0.09147295597973217
5704.075437621562,0.09140784454187151
5821.842971776425,0.08815074441509618
5940.466897028335,0.08917461374051042
6061.115602935069,0.08667619357496395
6181.213762608816,0.08844073410244616
6300.461644782308,0.08524662618253309
6421.054747054747,0.08590907208290884
6545.465379310345,0.08677429696442421
6669.203849882288,0.08424744379416177
6791.776825221239,0.08830997728487278
6915.011745198287,0.08607274898531193
7036.365610734541,0.08672125214405482
7158.285990872631,0.08558894690546957
7282.35250310302,0.08998437606126973
7404.387338608913,0.08879884787945472
7526.7884961884965,0.08592305468400527
7650.320104366932,0.08697836650352007
7771.926531743831,0.08593939679733749
7895.0091084736405,0.08692793892587783
8018.215061247216,0.09021098425282979
8142.038255125912,0.08871779036420767
8267.121730662215,0.0862644305593617
8389.786620689656,0.08981072796754926
8512.637669152167,0.0865884127804895
8638.450538822879,0.08681324299876492
8762.798724701968,0.08569682506473267
8885.093119646312,0.08728678760445427
9008.818749133268,0.08742976761770978
9133.796003330557,0.08659583399344897
9259.705031013094,0.08859435957573923
9386.822369328369,0.0875529050728977
9511.8612109483,0.08302558643693869
9636.259781556753,0.08750473601118719
9761.316286826015,0.08625331636138203
9886.61270322403,0.08444308001108897
10015.863063063063,0.08593427937644191
10146.387628009965,0.08573254075241983
10275.82611095777,0.08619507917150368
10404.436885132327,0.08261362166654394
10533.629988913526,0.08457228938089563
10661.982255845942,0.08556405428814878
10790.204849498328,0.08516224534465901
10917.736473496292,0.08406656901688263
11047.168953568953,0.08597996817334765
11175.67275242047,0.08822685674844621
11301.51001112347,0.08526225438426074
11429.650418783469,0.08426990957089933
11556.800110665376,0.08689506851553869
11684.680133277801,0.08753705680832312
11812.272701988597,0.0854319352915702
11941.656966369252,0.08764811219954578
12072.293482772935,0.08517640886906798
12202.153505126074,0.08911951223289218
12334.169608383894,0.08799042143432509
12467.35719259156,0.08730971141651112
12599.029250205987,0.0874753029407704
12728.027258890272,0.08501447069236458
12856.669359331476,0.08505226350451624
12988.061297416163,0.08463339376874557
13121.018006700167,0.08598035270684419
13252.908865979382,0.08474578375449264
13386.660228997103,0.08423391337569117
13520.785197551475,0.08941437949416696
13655.569404319715,0.08546643624962079
13790.676307007787,0.081395349842001
13925.26000825423,0.08336347007882294
14056.74025793926,0.08850270030786286
14191.688209244396,0.08683012322614977
14326.464551724139,0.0859376115811165
14460.717505530973,0.08389268147103286
14595.021696801112,0.08448897607931531
14727.276141992295,0.08313571107218078
14859.840127565169,0.08266138618547796
14991.407268691913,0.08504764669936314
15124.478278915329,0.08459227476358151
15254.918822234453,0.08478370555581119
15389.24516039823,0.08592523403951281
15520.543565590802,0.0860127615003571
15650.719322598556,0.08566134504723384
15783.05315614618,0.08459487938104633
15917.981700605393,0.08449923833736402
16051.080094392004,0.08221665200835693
16185.439784797903,0.08507386190810932
16317.662231462231,0.08452174041222604
16451.372038567493,0.08511805208246277
16586.64397398644,0.08332798485687819
16720.796273119176,0.08305962698189757
16855.41855641593,0.08338903004073273
16989.49252905368,0.0838548676653958
17121.50550509221,0.08189413525086062
17255.45046418179,0.08188055762094922
17392.152113843604,0.08097922940969875
17526.503810447553,0.08258615717879851
17660.645054490273,0.08356005720785525
17795.763084632516,0.08479635459286422
17932.04300482426,0.08265884218035194
18069.036006093338,0.08222485443723022
18206.56603773585,0.08578615479883488
18344.52271468144,0.08399158675022608
18484.081316553726,0.08528156409710426
18622.067662930676,0.08356743327852773
18759.28498340708,0.08352519495522297
18896.045032562008,0.0846970009363097
19032.906409372845,0.085240943366759
19169.909949972207,0.08282399438819942
19309.871592638716,0.08417916628737593
19449.337901439645,0.0837963363452465
19587.989816980873,0.08254356824292237
19726.220838522207,0.08528971815896025
19861.61668749132,0.08631427897691686
19998.210780926052,0.08745127242095561
20137.71612278761,0.08465171829721245
20275.11972318339,0.08224948803600217
20414.19462439697,0.08329342758297602
20551.888040005557,0.08523156823863214
20690.238167938933,0.08387120537952092
20829.490158293185,0.08369909607751502
20969.35854807426,0.08486632378626731
21108.22075419763,0.08320775577834887
21246.783231368187,0.08633637347879118
21386.027704668235,0.0843353363451419
21525.230726947917,0.08699081913640411
21663.923418423972,0.08574456585160443
21800.684567474047,0.08509553907949907
21940.283232211805,0.08447854585981883
22081.21586818056,0.0864765733817
22222.831231813772,0.0834507775614196
22362.688467920354,0.0843284760080673
22500.74151724138,0.08288319157136746
22641.022985322626,0.08345141847327894
22778.4612607609,0.08215854280276927
22917.347747996686,0.08514144403202187
23058.324309392265,0.08327006421923384
23198.564141553772,0.08405984918106751
23337.837102816706,0.08667589863743125
23478.215174129353,0.0834920211590598
23619.302533737264,0.08622438998425706
23762.403003754695,0.08454879637755987
23903.16572218383,0.08187023118022996
24047.178101178102,0.08233094889555935
24189.460477307213,0.08324286754807654
24334.51219176195,0.08317645689579171
24475.852459016394,0.08316439821343392
24618.622461665975,0.08353693429846419
24763.75903448276,0.08500997409028144
24905.490715077605,0.08419977505902396
25048.12506917543,0.08340612361730987
25191.285931453844,0.0859512168209596
25332.523697011813,0.08230133395693402
25477.34036393714,0.08195191218423685
25623.30760734502,0.08509586944586502
25767.7198341396,0.08419282521766129
25913.881562543287,0.08272976726694646
26061.37441282122,0.08292285091452511
26208.65573997234,0.0835384400043465
26358.284087753404,0.08435953909771111
26507.999310059335,0.08645152556192637
26656.709966869133,0.08196547360768505
26807.761666666665,0.08269557201062055
26957.71899572355,0.08354379909398163
27111.227631033053,0.08561919699365372
27263.776533996683,0.08248153876965059
27414.492589001246,0.0848768928890178
27562.52080741048,0.08161519905982331
27711.81862269641,0.08203008606974631
27863.505167424555,0.08586609083919113
28012.617965067922,0.08462612408561544
28162.289101497503,0.08543391569408598
28312.781215469615,0.0859241716574094
28465.706629834254,0.0832541396678027
28617.90304709141,0.08328498887834253
28767.08354114713,0.08416121088073052
28920.430155210644,0.08392575328824549
29072.86849390919,0.08616880159122767
29226.15809077114,0.08619035128099597
29380.329202808756,0.08188192248120749
29533.251423018188,0.08472979909051778
29683.368690360945,0.08559855937174912
29833.524771657903,0.08349203589123468
29983.12361725664,0.08146503641313219
30134.70008307948,0.0827442206553685
30283.97002762431,0.08304275997110865
30434.83902641405,0.08190375181711848
30583.849563651474,0.08359700328943923
30734.856393985378,0.08468718638276103
30883.899444444443,0.08639721364445632
31031.810948703805,0.08463803259397108
31181.514269880852,0.08308996855477478
31331.82931225735,0.08626424689039024
31478.38969072165,0.0865672953559247
31630.709664039816,0.08244062872161394
31782.637899986148,0.08541464285963941
31937.05837493067,0.08460747864714711
32092.43777593819,0.08732905543596213
32248.440160309565,0.08258280472992796
32400.643761301988,0.08659465219434981
32553.107872928176,0.0852378286213303
32709.27724270776,0.08567985972876141
32865.14428829832,0.08728079847148756
33019.34900717044,0.08405820678716658
33177.55908337935,0.08222610338092459
33335.97344030986,0.08438063422125576
33494.02008588447,0.08455732521531419
33647.607399226945,0.08511753218414357
33803.01829014826,0.08388826326671807
33961.61683017825,0.08036249318186967
34119.387879628346,0.0825271208945284
34273.5879674348,0.08309656731839667
34427.34587092297,0.0842441562143143
34585.474360746375,0.08278509277811708
34744.65551099433,0.08175589190385739
34904.97983982325,0.08185800521623665
35064.11751693626,0.0839914157512127
35223.99128630706,0.08318401811746004
35380.38034425319,0.08656400257130047
35539.354299142935,0.0831705305563039
35697.41408295439,0.08427040576807697
35857.43387051959,0.08501119628150854
36017.32122556495,0.08274502046192023
36175.40237503452,0.08709527897821472
36330.73465728865,0.0846108689518902
36586.20758010223,0.08313613848356494
36938.1677169776,0.08413752411646767
37295.229062811566,0.08239084818998664
37652.978625,0.08086124329045842
38005.37723283749,0.08167439332922702
38352.66223719509,0.08246893683449749
38704.619318181816,0.08351870027375197
39055.814830984156,0.08191001018458963
39406.94581802329,0.08427452861719287
39755.37998250656,0.08265140078652741
40094.09071072319,0.08277413094921292
40437.37787472733,0.08215444961316926
40783.899095163804,0.08058578500737283
41124.32003745318,0.08176042296992571
41466.63321713147,0.0806767475091908
41811.28814935065,0.081753890983831
42153.6304496975,0.08295426908999834
42494.09051267676,0.08020045849976938
42835.94662588176,0.08190731946930185
43179.85202521375,0.08210869912729728
43528.03604390122,0.08214001165297828
43880.42460540271,0.08290446603234286
44223.27484433375,0.08265518359586989
44564.888895816446,0.08285179498745711
44908.467137764994,0.08190491454514061
45247.06060417315,0.08137950631367988
45581.992257742255,0.0803175510417341
45924.76294957302,0.08200170125769551
46267.165512940446,0.08079773367532088
46613.17469917077,0.08063780465235013
46960.81113258119,0.08307001971288548
47306.170036191186,0.08263369231425516
47655.05229981901,0.08129585337861335
48008.380631893815,0.08179207946842369
48361.52225888799,0.08033391850777936
48707.7717208258,0.08092483283038451
49055.89347486731,0.07987315494669985
49396.4188210316,0.08158657270738366
49735.883696328565,0.08068730370787576
50079.409000124826,0.08233864234103684
50424.05390381012,0.08108252471446047
50753.73926303996,0.08179971361693622
51083.96636085627,0.08105691433925499
51415.212760644274,0.08201830453606673
51746.74471402732,0.08305276837743424
52084.34899077997,0.08258996909987064
52428.08863126402,0.08082298365519236
52766.003499343875,0.08069022960004862
53097.01369351425,0.0810871528960044
53430.166032320456,0.08247578142510856
53763.02492833105,0.08022812544236642
54100.622211111804,0.0817244061868338
54436.996638864686,0.07890445163686849
54777.84426536732,0.07701498633362526
55112.062816109894,0.08042519304603757
55446.017930519236,0.08067284930517034
55780.65042425755,0.08090734491748781
56113.98947171692,0.07946281123288916
56454.14892023468,0.08155790105188743
56799.68091736258,0.08024205981265653
57145.92006484599,0.0799978213622998
57497.81265996629,0.07987243506210932
57842.21273805807,0.08214175774568484
58184.31539853942,0.07987396645986983
58521.98562181003,0.07945146677767376
58858.38661594113,0.08283387348208325
59193.71188236027,0.08292162095132903
59532.24034012755,0.08162289674517254
59873.802331380124,0.0819677782738264
60217.28282009724,0.08163038784470815
60561.519780699025,0.08388224827728141
60902.40368059888,0.08263615459693179
61239.259356287424,0.0816451796324116
61581.97022286036,0.08340515690442137
61923.1687340273,0.08133802131506722
62259.38472100861,0.08204345244395712
62595.03575432914,0.08037049580058594
62930.7984404242,0.0792100858229743
63267.04177578252,0.08191391118307115
63606.54410294852,0.08083561763158692
63951.85126542825,0.08081558141174808
64297.369379482385,0.08056716822022361
64641.17792061907,0.08018102365383245
64987.7146776406,0.08109206419516092
65330.88365858221,0.07851139518959453
65672.82947958866,0.07920471295840323
66017.40564506057,0.07989113649880475
66359.9707438531,0.08044179568918475
66695.71624241666,0.08024779984226642
67033.4814630195,0.080580978440917
67385.07733566171,0.080161227735769
67726.12997694561,0.07863689961403736
68062.1416999003,0.07926168124665794
68409.56472643334,0.08033453522843942
68760.27442034872,0.08047345635113108
69116.23189939612,0.07985339129503205
69472.33630470016,0.08003406906609561
69829.85500999501,0.08047347583363236
70185.8529430084,0.07942796274302143
70537.40742589704,0.07792058886713099
70888.06560648582,0.07922026160212078
71234.15382219176,0.07786213541536074
71585.56776854339,0.07795291029328175
71941.16930360034,0.07703098732195325
72299.99239354074,0.07933250093853403
72658.58349472105,0.07940993617065102
73019.10998940612,0.0797697898889452
73379.32959221848,0.0810476947367972
73741.37936191425,0.08074242706202144
74102.09136865755,0.08080974564681936
74465.49743910057,0.08080039889883664
74818.09259952577,0.08072767188739303
75167.37871703759,0.0800016996875246
75518.66525608314,0.07828229091877333
75873.17451506268,0.0790081140444175
76230.36821390642,0.08041687145084805
76584.8933133919,0.08183291776278846
76937.35674630404,0.08158522622052734
77287.55786979296,0.08288488198766371
77628.01408626277,0.07938007934030543
77969.17997750282,0.07992609859402645
78308.77391250234,0.08059603612844969
78652.77772224652,0.07952832946546029
79000.13035358566,0.07830432974382313
79347.49662668665,0.07768171703531299
79699.21135114886,0.07877954146515469
80054.46632576702,0.07962231996884646
80412.01430971194,0.07961247285152175
80767.4860607576,0.07836261869448419
81116.95107376284,0.07852468093331164
81478.25408812883,0.07919473519297471
81844.38818249814,0.07868047209794052
82205.54835891676,0.07677221697319808
82565.59221183801,0.07537252695726823
82935.33655705996,0.07810979491637059
83302.73952994125,0.0778175773800445
83668.94023805072,0.07699422334784493
84034.55017430279,0.07540995239324105
84413.1924372894,0.07629750032171118
84787.54843136032,0.07920098858020178
85167.17972694969,0.07745915888073533
85543.6955084217,0.07869623355110089
85916.8484375,0.07896827336154445
86291.65060090915,0.08032848010580287
86665.07839471553,0.0817380153644227
87031.31971003624,0.07959513836731491
87393.90873979942,0.0798511935533101
87757.40935197902,0.07995072782552033
88128.21258566978,0.07940327684590281
88497.09487003677,0.07932384576466509
88872.19565624415,0.08097994948849158
89246.02506390672,0.08204306800288505
89620.10713616782,0.07974940226484366
89999.01625661788,0.08224993483538676
90380.79403861777,0.08148693219366958
90758.3200074841,0.08109049335331786
91134.11660645322,0.08161566015806453
91508.89217706188,0.08360057801384795
91883.37727017413,0.08292929189103647
92255.27265926942,0.08320091061679105
92625.21284689741,0.08193362139301288
92999.42550009348,0.08264176383628397
93366.77141073658,0.08090081901560617
93740.78253542226,0.08371304892299092
94121.9895437854,0.08195160711830475
94502.04149248144,0.08236116547135722
94891.70095321164,0.08083451580723014
95277.58043356032,0.07932947729127589
95654.90764053346,0.0809887396674217
96028.93721190981,0.08096882037651196
96406.94116546045,0.0798438108871565
96783.67614593077,0.0797659776594116
97166.01099656358,0.07920085182708776
97548.30555208983,0.0798356994664885
97924.81986919962,0.08103384326472177
98298.83293809286,0.07995066168564523
98674.73368683718,0.08182712578160531
99043.06932851626,0.07824833057436713
99415.85973669433,0.08006585537095251
99790.72182703107,0.08116566947927172
100160.9977564502,0.07875107089137627
100532.47072043951,0.07978730884297427
100899.93545573484,0.08070041323406416
101268.90579121634,0.07947225843425952
101642.03402081126,0.07961004647959627
102017.68283256452,0.0787425985105561
102397.25399301223,0.07710770103581749
102777.94984091334,0.08012318949106079
103156.0099009901,0.07897361073129847
103537.2588036963,0.07852174722058643
103915.83972038447,0.07806412167412322
104297.76905829596,0.08052982896579493
104673.56334332834,0.07830737558342703
105050.0247036806,0.07973937117447198
105426.55429709378,0.07853986317746858
105810.98750078121,0.07953463192200047
106206.63701533475,0.0783017479072162
106603.4873918187,0.08140551767105988
106994.14813889583,0.07890563990717916
107391.66993076779,0.08003557694542096
107792.00155870066,0.08090977558168028
108191.42498129209,0.07932178207089668
108587.12282017626,0.07898562895325897
108975.95173444603,0.0787526534692311
109360.63049707239,0.078935675413595
109752.85263092192,0.07877362568371304
110160.4789276808,0.07987003627704461
110564.98488161429,0.08053739644273143
110958.12622930412,0.0809364895325983
111354.66795680129,0.07856416371780578
111748.27935121646,0.07871990494767007
112143.31865867366,0.07969333878142457
112545.88943565467,0.07929219929081553
112948.35068817338,0.07701282215511607
113346.12974861206,0.07977344990636917
113747.99450823765,0.07886676196959234
114144.76330069233,0.07922865501333688
114539.63424221626,0.07913315252024743
114943.93177995141,0.07980950840706488
115352.21500748504,0.07815397232276565
115763.00774903137,0.07875701970098645
116165.44300647089,0.0751859815104219
116570.44218154557,0.07581402118787291
116976.67196757093,0.0783359517721461
117382.67508102718,0.07657418380053871
117786.05881253505,0.07801591984586162
118198.76936037441,0.07827362199451385
118611.66622971286,0.07759719031733055
119034.74805065186,0.07974050205557144
119458.90757245247,0.080521301521546
119876.7190051736,0.07917350931135218
120293.75320212434,0.07906562824788177
120710.61028770707,0.08067868616578357
121123.42156801597,0.07985227383780973
121532.65236935756,0.08265984379534917
121944.97523702595,0.08166379249447123
122365.1377697393,0.08249632093180274
122792.14687188435,0.08193546765198004
123228.2494226328,0.08050361944190311
123663.02719221654,0.08276996607457854
124099.8871309331,0.0815989573567582
124526.0112240444,0.08380239825981138
124957.56722846442,0.08117306372997961
125399.74416864164,0.08088418103461709
125842.66924371844,0.08011272030959166
126290.12144638404,0.0801656442581605
126732.030216007,0.07939178932453378
127170.88347880299,0.08093542014823712
127612.58159126365,0.08190275796382948
128055.33054654356,0.0824421473243064
128496.54625303681,0.08040600694484645
128939.03789250266,0.07987627832762599
129380.10110328492,0.0813856066198566
129823.16447409439,0.08195629982249407
130261.03919735776,0.08310023796975975
130700.68830438585,0.08162409118570035
131142.02496886675,0.08214057169838472
131574.37151238997,0.08129062029253864
132002.6538989395,0.07954853295171038
132442.48569112786,0.07997977465830708
132888.2039912691,0.07874643390461836
133334.87924363455,0.07962016346810596
133784.69853536927,0.07887696955842766
134225.80689052553,0.07848238682332878
134663.44420226678,0.08004863153673115
135113.56236733674,0.07961337764584132
135569.10100947157,0.07874794313390558
136027.5097463451,0.07888692707997016
136476.66311791807,0.0786707428220337
136920.59985008434,0.08041525186276147
137359.0288455548,0.08016575769585908
137805.4358478803,0.07916037710916311
138246.93327929164,0.08101827805374164
138687.69983778388,0.08097778222640874
139136.67438522034,0.07942190357519047
139591.30801372,0.08062967681611567
140044.95826314803,0.08228418069828645
140498.58350502592,0.08036119957921191
140949.8287013958,0.08128725383121142
141390.83063962558,0.08139610887332138
141816.4118601748,0.08050220207885977
142243.65374805598,0.08089143310171003
142673.0682796034,0.07841034203196508
143104.92170929507,0.07971905789861462
143532.50692970408,0.08112137204161468
143962.7474281439,0.08125822957360349
144389.69343884353,0.08120893274380743
144819.68212168486,0.08227478028609013
145248.43973005062,0.08156645453810643
145673.75881619938,0.08183030527244264
146100.20206866472,0.08057752464767286
146512.50177935942,0.08243917102358761
146925.26859813085,0.07934033044450538
147335.73258062504,0.0802033087771599
147748.23591439446,0.07935124700038637
148154.7441280917,0.08076003546640836
148568.95098222638,0.08044612457157303
148982.9260972865,0.08314121192572173
149396.54869624742,0.08068446133799448
149815.90324594258,0.07829887073821677
150233.48877665543,0.08050922979354035
150655.02972888752,0.08132143145108754
151076.37902220004,0.0819924329901808
151492.13499344693,0.08089425540669354
151901.6877144818,0.08005303366315776
152306.9505117324,0.08357369746259039
152720.097333001,0.0842477061875279
153126.494882676,0.08401678084423116
153541.54058431447,0.08275529547485591
153954.8595845549,0.08245633165402587
154372.2210638032,0.08158631349873688
154786.2859190031,0.08116654038955741
155190.4457485329,0.08285437254722178
155593.86564096174,0.08188513632603334
155988.61607532582,0.08330837170478043
156381.62760644275,0.0822893953658789
156782.81586013112,0.08323174981990969
157187.78142518998,0.08535660427301642
157591.30317193244,0.08065046731864774
158001.71352768588,0.08188731182492756
158420.28176830028,0.08379265597484213
158835.73672386896,0.08244586574714516
159256.30705962988,0.0808621449927421
159674.6743402583,0.08011769300077917
160090.48025207463,0.08317255381384472
160501.79625818523,0.08153364922425022
160916.01455340412,0.08164715391076348
161331.46271820448,0.08329119717274061
161745.75183663305,0.08149024276087055
162164.92139384116,0.08153727913037503
162586.9093578211,0.08005922616725702
163016.54270917826,0.07887080813552524
163455.73207617624,0.08067772501927664
163893.3785553892,0.08226300057872968
164329.17420320588,0.08114125821832611
164758.941709359,0.08262546465288499
165185.98667164924,0.08378537127298823
165622.5696099844,0.0799852361540107
166065.71602396105,0.07913895291774428
166505.25624063905,0.07893311167970057
166937.5455678843,0.07810795924843836
167372.07412256094,0.07997357307957705
167802.544024961,0.0821276777207068
168223.02138537314,0.08183432020875096
168657.3433915212,0.08054896778839017
169092.11881311558,0.08046043892815782
169523.51119007543,0.08290753922400787
169952.86233150275,0.08206867784179105
170383.44352273436,0.08060447472551449
170805.923206593,0.08254701885102649
171226.40937967115,0.08414147107685549
171649.92841079462,0.08278659328977096
172067.97086834733,0.08238251872233346
172488.3333125078,0.08558132802727204
172917.03730460236,0.08379909714665157
173346.4770556284,0.08371773007084705
173779.26284289276,0.0825773267196559
174219.76885644768,0.08143687903373084
174669.66618911174,0.08233323677810411
175115.24458995947,0.08471195583854614
175549.26236357968,0.08027956916598493
175976.06802848575,0.08360885173956292
176398.21243135296,0.08282874818575335
176825.7239917721,0.08163432970680844
177261.41277365433,0.08239594575262381
177711.90609627002,0.08350209873499413
178157.00118646186,0.08047449846928782
178597.4833031646,0.08156285516994448
179032.63945366096,0.07918255322446335
179476.2681923053,0.08228337917580164
179923.80189502556,0.0830479330273816
180374.53718956697,0.08588582028204596
180827.34048257372,0.0860585812958908
181281.61278265744,0.08364383849680802
181730.79080932785,0.08570608100195819
182185.18353205567,0.08576378092460125
182622.34897488626,0.08407614269772933
183060.13165126156,0.08285440676339763
183496.58494797832,0.08164127570769114
183943.04191130542,0.08262348421570577
184398.51667809713,0.08381138893010348
184849.82427299334,0.08360934448748591
185295.8974711208,0.08186091878317045
185739.0194071763,0.08258822529846166
186175.77494546588,0.0843369744549815
186611.9217695576,0.08015002203295801
187046.59884335552,0.0825800818912313
187482.1932264704,0.08392950331785737
187918.4361875,0.08266154951486561
188351.24268823894,0.08144469978014049
188789.69966317364,0.08217081651290656
189228.0677627055,0.08204647063054676
189664.86769748738,0.08079607673095221
190108.96059757235,0.08023058006855906
190558.2663294617,0.08341067931763661
191007.98666749735,0.08051342459958874
191465.83537041655,0.082271657535342
191920.44123891596,0.08100637844931576
192373.39151296113,0.08221031714656175
192828.3970670827,0.08126162739146424
193269.5366935232,0.08035550262505146
193706.20812846205,0.08015343129700296
194151.32835820896,0.07908084283150027
194602.67495947125,0.08136639720334334
195058.50283648152,0.08103566213153619
195507.88207400014,0.08138024382576982
195957.38260219342,0.08147917303769914
196388.26187948798,0.08186248320829811
196808.24479361516,0.08418164319158007
197224.35936915598,0.0807975156960032
197643.89156325997,0.08219887391030439
198056.6359662816,0.08142876485610506
198468.26876558602,0.08392081754834436
198874.79662179007,0.08222092642014489
199284.6254602184,0.08161316910199047
199696.09268262278,0.08013527114558494
200106.65095811748,0.07727482370139277
200519.94574175825,0.08012288762859539
200928.55725952247,0.08240406660917411
201334.01500809565,0.08028256859760272
201750.56106846407,0.0820008342208189
202176.44388296214,0.08104153304015523
202604.0674101302,0.08182883811711923
203037.38790790542,0.0805315795529184
203481.36287604543,0.0796698812849943
203936.84771636862,0.07942986190825757
204396.67128157156,0.0792616185126113
204852.5432206561,0.08088928457805646
205311.64583073664,0.08051074863192459
205780.94462825396,0.08127690660842456
206241.74033906756,0.0837070729913673
206691.2867569085,0.08280088182989283
207135.62851794073,0.08394513137570081
207584.2678382252,0.0839922478585305
208039.62920017456,0.08497926791337522
208492.46655852257,0.08316843377455656
208936.30534922914,0.08300676307662029
209391.1150608045,0.08323567354975202
209850.65482201858,0.08108313743713827
210312.67209534507,0.0800265795626083
210778.5625116917,0.07936603476465122
211249.2106608479,0.08188490781046846
211723.81977143572,0.08225967083948814
212206.04935809548,0.08229119623474747
212675.90239031392,0.08171942450490777
213146.50626519544,0.08026425199201945
213608.86687036228,0.08045351372070876
214058.95019037512,0.08155019356004503
214505.78046957712,0.08296024227227564
214954.29813276712,0.08366532961896465
215398.82528019926,0.0821935550521409
215850.59020489754,0.08291818919160447
216301.92111325572,0.08339336519732045
216754.00299756447,0.08271387453455206
217212.5984040895,0.08109007045032254
217668.7356808975,0.08332927182510537
218125.4950965082,0.08027002583960152
218585.79755748023,0.07978975281722514
219053.07421752982,0.08016261686957804
219512.3755371489,0.08144940486003302
219977.48893874243,0.08113408817966666
220439.01142393408,0.08038400264390567
220873.29816341828,0.0809186099441711
221323.4951480468,0.0792865731176676
221775.05232594442,0.08173347443702172
222224.96344126272,0.0822698620341053
222675.78639930254,0.07931423521480076
223129.36411889596,0.08046846651082282
223576.5371710116,0.08190754253197563
224027.89679670945,0.07763753627920354
224476.98222083593,0.07767127196351044
224922.91338779073,0.08058129049112227
225374.21003311052,0.07648737620781333
225840.15621692297,0.08003160363710815
226298.28411145048,0.08170078736633762
226754.2980637102,0.07984386592281988
227214.74267547688,0.08071931134865422
227669.25081108062,0.07866061327560037
228122.68668537575,0.08026736810958707
228577.25552856163,0.08061348908149142
229035.10590733108,0.08151381582780119
229493.17106902567,0.07960724317217945
229958.96862892137,0.08026039951033802
230428.1336901724,0.08004880834434858
230904.4358413987,0.0792537362478365
231380.62858747193,0.08210336744278716
231865.27077095807,0.08128766519549101
232353.72071286142,0.08171502495487887
232832.1064546305,0.08209959515588072
233320.77231057064,0.0829667477379427
233802.6559421374,0.07948049057669308
234279.16385978044,0.08139866023485082
234758.50218150087,0.08221486589578762
235232.4067066317,0.08117786180758174
235709.85847997005,0.08254562171447864
236188.47492368077,0.08333046572019163
236664.97911731704,0.08297951653418828
237134.5505898508,0.079777477676588
237603.56609069926,0.08195863741674249
