D,r2
181.23638006713142,0.6174939755464415
247.11901905904304,0.6015761425771041
313.457664333745,0.5938133428003182
380.6531968629536,0.5723765701333627
452.0123360602519,0.5750056783434825
523.5772563658179,0.5581609950437733
597.025949705725,0.5462919036709819
672.074251497006,0.5388803786852681
752.0726279317697,0.5265247978100954
834.8354666666667,0.5106698584759061
916.2961723768736,0.5119880745992043
1001.5885623510723,0.49602019043371903
1087.642828173584,0.49363285828623255
1174.2057771299853,0.48981584311438586
1263.7226345083488,0.4835242822742754
1354.7686956521738,0.46981772230837116
1446.0038687299893,0.4706046601460853
1538.9076101468625,0.4561146539629225
1633.6800317586344,0.45514268210670256
1728.7570056044835,0.45146302878116734
1825.239410436861,0.43723468218485134
1924.1312767094016,0.43346446641695974
2023.2489648724456,0.42934392570497315
2125.7181323782993,0.4230950995369136
2226.1431931377974,0.4146638926207904
2324.592305563244,0.41795163377023736
2424.1243573711267,0.4142565750804296
2526.674354370943,0.394861672592247
2629.7824279379156,0.4021314579227638
2734.3299408609546,0.39312288947043555
2839.615342087077,0.39147614560555416
2946.8704906703524,0.3889395034149718
3053.0019452549673,0.38771070105057526
3162.3389783835883,0.3797687553857773
3273.040199611866,0.3772566497542734
3385.8149323764837,0.3737003781306486
3498.1206464196157,0.3653770425585221
3610.006071477853,0.3648764781943684
3724.3458470847086,0.3545975243725868
3840.813821700069,0.36143618902781854
3958.887607668797,0.3482792876390314
4077.2658280342825,0.3529348554245331
4194.821310572687,0.3561370413543839
4313.552362531086,0.34711314557740425
4432.331431751774,0.35064362430379165
4552.384668318195,0.34116251125539454
4672.9373790434065,0.3456952330708811
4791.4424174906,0.3433717888281628
4912.560241791455,0.34326291655035246
5031.453826955075,0.3400508928920272
5152.084045191513,0.3364384093772383
5274.575055493896,0.3409216512578348
5397.283738938053,0.3375389395435614
5519.255377826807,0.33114404992150875
5641.27715199555,0.33648650979543404
5765.863724137931,0.3317669486785142
5889.66213592233,0.3308764017327196
6013.940329218107,0.3337128585433331
6139.361495844875,0.32762377641629764
6265.962515618492,0.3272367892052009
6392.65465052284,0.3264294835211427
6519.1597501734905,0.3299770007725251
6645.686819997246,0.3216751296667256
6771.938895089285,0.31850963071141425
6896.121769177609,0.31912940736984163
7020.875789184738,0.318028812058651
7144.044524336283,0.32367394250771897
7265.888040005556,0.3215806087678996
7391.110378006872,0.30946923593054465
7518.0234591893395,0.31777741738587234
7645.095172222991,0.31909488465240027
7767.897421756515,0.31368136248578893
7892.018045530261,0.31439613007468536
8015.818695712119,0.3098101886555327
8140.173828396607,0.31380177812010285
8266.505374862183,0.3181575906109198
8394.369031189623,0.3116158967762605
8521.345936249483,0.318503146224512
8647.286090694772,0.3154994120425234
8773.515050631155,0.3127533197616133
8902.622063470257,0.30908861354969225
9032.025,0.3150226117410171
9160.717560433453,0.31373294222544623
9288.039323525369,0.31479142236181795
9413.718572811506,0.31126614550680665
9540.431258644536,0.3096020659026972
9667.679198341397,0.3068965485010341
9793.476676787193,0.30527608285750646
9919.116498129935,0.30959256865185353
10045.387427305455,0.31138883046874466
10175.366744795258,0.3112350904092726
10305.80281884759,0.3093611519464696
10434.074934328772,0.30787935545279893
10563.38444475253,0.3018326991667236
10694.854482758621,0.3022795803725382
10825.67127453691,0.29836951939134
10954.249616938292,0.29957397152494014
11083.166322740404,0.296827431291821
11214.610256410257,0.29285783329100057
11345.196748415541,0.29360996584638765
11475.487289306438,0.293871205254712
11605.237758357609,0.2859452194391542
11739.886847195357,0.28921328153157294
11873.943417211178,0.2931976175991742
12008.244914788345,0.28723427972138793
12143.470686070686,0.2911697598820439
12277.1680660702,0.2890685449874204
12412.584800998475,0.2842676489020275
12550.007631469405,0.28047922077209314
12685.0312629686,0.27972491175457653
12818.571821684094,0.28238041103174694
12954.99418685121,0.2777977823648858
13090.330060840708,0.282619533139831
13225.853506709089,0.2797485526443872
13358.600940265487,0.2878333602693284
13495.070695869143,0.2920070214156523
13630.760586769997,0.2838802726803774
13766.57524438937,0.28441517198200256
13902.382576280546,0.28478497877796777
14036.598606271777,0.28371718685192415
14171.732692307693,0.28339145237032565
14310.23368362832,0.2817715744552358
14449.491903114187,0.28217029807529415
14585.513262046938,0.2883727118405796
14721.35391172831,0.2840172375108298
14859.566301787447,0.2859648760359444
14999.324058693244,0.2872148195451301
15136.814630091438,0.27594722494665513
15275.055555555555,0.28455368949734605
15414.518806384454,0.28531147782794797
15555.70193637621,0.28508595185033464
15695.957523100262,0.2841511757700497
15835.533250380202,0.2864185890787614
15977.94674392936,0.2807897264369423
16121.023055555555,0.27572345581312574
16257.561919289974,0.28086651444297867
16394.16335540839,0.2801145435395559
16531.950997935306,0.2710422563776745
16668.834791059282,0.27802857079087967
16805.215984513274,0.2771524006823548
16945.396546961325,0.2779762306828602
17083.516079844747,0.2772990537602802
17221.897344158526,0.2696810456624971
17363.68431237042,0.2748620042908774
17501.033337963607,0.27862940111308776
17639.58041861746,0.270966690742068
17780.038189140396,0.2809401601880786
17920.958924879393,0.28658147663076766
18061.847377888473,0.27974097534474257
18203.783072447706,0.28734362626619503
18345.182195763533,0.2927562612492056
18485.613764624915,0.28691365511921846
18625.87869535045,0.2891215461768975
18764.53055017971,0.2802369505688802
18906.12962193602,0.2899204954673453
19048.0626725566,0.2992505192576459
19189.251414378363,0.29087020790773843
19332.73356401384,0.2884384454113045
19478.429458005794,0.2808710734424409
19625.75142420453,0.2961991114916001
19769.686096182995,0.2934617606131655
19913.905209340886,0.2919209298223426
20056.084976395447,0.29650178844461494
20199.14077335902,0.294907212814785
20342.538621550408,0.2866083004666327
20486.417494481237,0.28586312247474155
20632.482300884956,0.2843421815836601
20779.324817014225,0.28189345835111396
20925.722083333334,0.27900938654529006
21070.959322504514,0.2782459075218595
21215.879096667584,0.28217424582893785
21363.34439834025,0.27764173213011856
21512.00440953562,0.27473669464527
21663.324242004706,0.27482188561011667
21814.91491728069,0.27459842471988366
21967.49468599034,0.27507976446986065
22120.45922156512,0.2855577346995404
22273.54183984483,0.2833820748373529
22424.801884178443,0.2866867015448417
22572.512397839037,0.2894846457751453
22719.030311380546,0.2888422944518156
22866.836567784863,0.2856218516054559
23016.281366717387,0.2853417135498736
23163.841981783055,0.2821628460173428
23312.932057681643,0.28458791930278343
23460.482749102954,0.2859086379943302
23607.46265159868,0.28105598892264366
23755.81940215887,0.27991375348392417
23904.57561110344,0.2860158495237085
24052.08675166297,0.2860231472560893
24203.395608947805,0.29579277245174396
24352.788918205806,0.28928859851556404
24500.944690265485,0.29043336605865605
24653.073573987323,0.28624520850706303
24805.595284327323,0.2769744967925773
24952.303147432358,0.28265289587122566
25098.198759476225,0.2814819058870215
25247.617163555307,0.2782945759936217
25396.631991205166,0.27754894284155696
25545.593866556155,0.27858917624862034
25691.342427616928,0.2794047676469661
25838.753742617773,0.2779016618712975
25987.397610447348,0.2705543797402895
26133.480979388572,0.2730588804033614
26278.155270064926,0.27601032983322615
26425.58719646799,0.2782641474690085
26573.73249551167,0.27628058583405296
26716.732952964096,0.2677856894886203
26860.66868714699,0.27116386412609594
27007.390510444046,0.27171148921381477
27152.729643941486,0.2620486064650174
27298.961639662095,0.2692928739121245
27443.12130013831,0.27154463939328005
27586.753038674033,0.2692837010784902
27731.315148158406,0.25795925035128653
27876.377225672877,0.26086102892732926
28024.44227844601,0.2654019962612864
28170.08461219411,0.26101939054364753
28317.31181755356,0.2556298952526255
28464.23923910025,0.25746350926266764
28614.93722406181,0.25416687726913456
28764.412049191655,0.25498390927151865
28914.21969486824,0.2490641896054926
29061.95554942021,0.2537528199132457
29210.415403692477,0.2563446512825384
29361.15854505067,0.25330677307705546
29511.25311375588,0.25951671924013
29659.964728575364,0.26070959031577745
29808.22921286031,0.25774479002937495
29958.283183391002,0.25391863965923467
30109.259484066766,0.2601966142759261
30261.47189614694,0.25149322848409067
30415.333148635546,0.2649627976909442
30567.273633217992,0.2640380392434224
30720.40611654498,0.2631600688219657
30872.141690881417,0.26408082153118567
31027.287975562343,0.2669589305901982
31179.642492056915,0.2590860101787792
31334.160232461603,0.26347189701143675
31489.95719035744,0.2729799710286208
31646.91214079472,0.2688703047179068
31807.965602983837,0.2685677283281681
31967.717349197566,0.2674408318353692
32126.471865062907,0.2754199995470024
32281.62986563236,0.2713790660695764
32437.837961044344,0.27413518067709836
32599.492649098473,0.26891680622229663
32754.64687197901,0.2664369504266835
32909.282253599114,0.2757150908414483
33065.3602381282,0.2789542763355781
33220.15167840862,0.2725231250319269
33374.46718360565,0.2668696341361164
33528.131335450904,0.2736305287930709
33687.35686653772,0.2752233433612792
33845.7961580984,0.274945040303753
34002.36891723277,0.2744901639014119
34157.15956858407,0.2720923293944377
34312.04626187526,0.272362117451663
34466.74767264138,0.26836303515470117
34618.41018914814,0.26943965021884714
34773.28108557186,0.262137779549724
34929.79227385208,0.26558422811994625
35086.517159927746,0.25632143169981086
35241.02330713005,0.2611508354143041
35400.448089701,0.2651018140003925
35557.72480244004,0.2641271190724521
35713.38825313663,0.2573348074100247
35870.037743674824,0.2626575527315025
36025.05171935663,0.26817882500676316
36182.16185210781,0.26306089489442114
36341.98836887289,0.2573651358704922
36498.84806629834,0.25428637335553655
36651.145376877495,0.25775195403152035
36900.108928794114,0.26004770722017906
37239.458281366926,0.2627095709295579
37577.058948155536,0.2653106463752804
37917.080871791666,0.26394496640496096
38251.16865141218,0.2581361747656835
38591.64317345475,0.2671617677441853
38933.70261864776,0.26397513223095953
39273.47754771111,0.2725692792806971
39615.61976664379,0.2705874690717462
39963.52419254271,0.27415711919044794
40315.69063941169,0.27212371336600183
40661.06817898541,0.27534983235697325
41014.17008797654,0.2782799602921366
41371.684463294456,0.2785355327036312
41728.1953679492,0.2758075218662779
42088.88131470625,0.27653874496777003
42446.690782088066,0.28002082583441884
42802.57740063642,0.2806632704142223
43160.98003742982,0.2788873384859488
43518.55797282134,0.2694362858689435
43869.37862081854,0.26896903319591237
44217.809553504616,0.2621532219411949
44572.5078700812,0.26143876025035034
44925.5127245509,0.2695565509048158
45270.22732934728,0.26557372340289886
45620.13534256833,0.2698709758892961
45971.838824188824,0.27013046635155546
46322.95202492212,0.2738651865603743
46670.33864839614,0.2719763103978629
47020.630151505706,0.2700592215731241
47375.866521060845,0.2775744504084228
47718.03597032604,0.2781056393234528
48058.08280254777,0.2778297162299177
48404.69220220657,0.2684517113386093
48755.85161892902,0.2665048688647976
49102.224106753136,0.26232285717217124
49444.881835754815,0.2625912219732651
49790.42638170603,0.2681221442965513
50139.63320632144,0.26771673867698204
50491.084721442385,0.269650395996479
50840.83540198341,0.27606656070680086
51200.17746251011,0.2682309627852659
51563.64236219489,0.2640254222375927
51926.753503145046,0.2644197888827536
52291.0952499844,0.2654129340891997
52648.45028656865,0.2687960813051102
53006.81569092498,0.2677791717265403
53362.17196657937,0.2630598033277324
53725.11610090314,0.26556770738219676
54089.054675810476,0.2624414993634132
54442.35510585305,0.2653484620628678
54788.01234567901,0.26142653802665805
55130.4718441753,0.26203124605564887
55472.81787605107,0.2650618957688087
55816.704583723105,0.2633093468523139
56165.22838621205,0.27284741314272337
56516.846297681375,0.2759042379880533
56862.14051961029,0.28233933854486515
57199.99458517458,0.28377345469468007
57534.768466441696,0.27724591848874147
57869.32971353679,0.272752713547926
58205.75230443448,0.26661677166869524
58545.26213047274,0.27188597298313893
58883.03138817961,0.27491510242358086
59225.2735725429,0.27874884137280953
59568.928184703465,0.28107832281881995
59918.37136437398,0.2763168241009853
60265.69949542142,0.2758040972964239
60613.50398853297,0.2765077971802413
60968.66450365009,0.26891866707955836
61325.398615787504,0.2709591777760429
61684.28650739193,0.268074801578098
62043.34929753356,0.26944401428813247
62391.47459210362,0.26821748698634024
62739.006115444616,0.27010350027639346
63088.88213283443,0.2741982827404391
63435.42028895255,0.27772392290519016
63780.507297904194,0.28879972022513095
64123.66278635458,0.2859815032612483
64467.621706007245,0.28470214572149866
64809.83900156006,0.28300464510971907
65158.522711695434,0.28198090829807565
65508.213912394225,0.27889115407257314
65859.54461384653,0.27039373402785827
66211.96338572854,0.2714563990984982
66555.40492058548,0.2748147282895171
66895.72691588785,0.2709151062431132
67235.23560568294,0.27514337244649223
67577.39004745254,0.2766785601679519
67914.73834277532,0.27568583863445767
68248.96253044401,0.27644512041278807
68588.6712037962,0.268409413003986
68931.10525334162,0.27138920507187175
69270.98289531181,0.2714107726990844
69606.25035908325,0.27591306146085237
69944.6538701234,0.27152932821765197
70289.24018202219,0.26778368708842926
70641.37998256103,0.2648904300037507
70990.60484122529,0.26316240379739353
71331.10650112304,0.26576005589528173
71665.52981165024,0.26862316447752455
72004.82903165619,0.2591584522763057
72352.1802521533,0.25914991377925867
72700.43750778816,0.25762807470670523
73051.35809167447,0.2625312657324424
73410.88505460219,0.2669941448000656
73765.75673652695,0.26962837088193553
74113.47996266335,0.2650106712887851
74459.95074198778,0.2694538522831141
74796.72295317079,0.265561177883959
75132.42504056921,0.26809029025144443
75468.2128030917,0.25996562489268327
75806.24248085186,0.2663439643134508
76143.19850327409,0.2649569876332803
76475.41238915948,0.26618214046532956
76805.32716280229,0.26610120692976963
77131.16031390135,0.2660809323738382
77454.8776439758,0.26655612830259484
77773.61722846441,0.26182575758660737
78101.85077326016,0.25986664661450193
78431.9756719761,0.26146950424157384
78758.95902304954,0.260652446018143
79085.27611522429,0.26218403655464434
79423.79517620595,0.2601717005607817
79766.99402390438,0.24853020453698596
80110.29885057472,0.25122470706760974
80457.484437251,0.24886293735213127
80806.77804786836,0.24846082971669745
81160.8095000312,0.2518566130267717
81517.48891103912,0.24883029418532146
81874.78185111166,0.25548004550406667
82227.49119641635,0.26074565389230464
82589.10087281796,0.25821071471050433
82954.1056175572,0.2619277759982802
83325.58056872038,0.2657981615149022
83693.14282148874,0.26812112086891493
84063.16177938608,0.2668894438627217
84436.15331964407,0.26999168390206907
84807.05545840619,0.2725442023442188
85167.51818805766,0.2739548532142965
85525.34219041692,0.27255843402036517
85887.27556055212,0.2710482924856861
86250.5775437722,0.2712034599784582
86611.45732659049,0.26938376941121694
86962.73987180286,0.26715404502395923
87317.47512468828,0.2702039034446651
87678.07067490791,0.27117395509233566
88042.57899651394,0.26350127678010665
88418.55418227216,0.26719639805673057
88793.39831618335,0.25967929710681475
89165.44087227415,0.2637845366765968
89533.83833343729,0.2591064885903546
89900.34163346613,0.2607737343422638
90260.90338073853,0.2520990726872473
90621.41747149355,0.24589162969887482
90986.11658968918,0.2453149149079757
91358.14203730272,0.24487021504851325
91730.37470390226,0.23944660213344138
92094.77506234414,0.2413587817080398
92460.94855325518,0.24377963608572462
92828.81708837094,0.24793850068777426
93196.40743977032,0.24867831325174602
93564.94231248443,0.2529426553187565
93932.81175809071,0.25263138041489747
94300.70432183336,0.2628263743676811
94664.25494957042,0.2655784948275206
95030.2468527982,0.2654921346634667
95403.00224971879,0.26309613072462845
95778.10361565747,0.2709229749556686
96151.41126162682,0.2737181272102765
96512.18142117411,0.2764659884157119
96872.92692811272,0.2743653348375243
97237.09102803738,0.27723439563206603
97601.95343763636,0.28187405827378503
97961.85153328346,0.28031676425119206
98316.9468237641,0.2786177948620897
98670.16513990154,0.2909962493732169
99025.8183179436,0.28746335828622044
99374.6863650546,0.28561283189249714
99724.56437433755,0.284626321899915
100077.7284042818,0.2817061866807039
100439.74490943161,0.28337695338386276
100800.36507442237,0.2807419542700583
101157.98203480756,0.27861835618758113
101521.78905373396,0.28731860578091534
101892.68594267158,0.28315091959185196
102260.92050834787,0.28789388491611434
102628.17967581048,0.2848445880428207
102995.40582778158,0.28845618517126864
103363.84650930436,0.28231137138000456
103735.513207077,0.2789813083032154
104110.20377640681,0.28252614118769176
104485.71009792303,0.27788740532758127
104862.02890965733,0.27236076198274445
105244.16273113443,0.2791954265752832
105625.65955987781,0.2732375136792712
106011.57180205415,0.2712006408483862
106399.46546134663,0.26593849082049054
106783.72698927413,0.2726998543790619
107162.93053039296,0.2675250826576749
107536.39042162297,0.26834517925246715
107911.16336077845,0.2709471439971683
108292.76633416458,0.2713395414244073
108677.4290965732,0.27158004412786707
109060.14345412586,0.2660780221872344
109435.73425135523,0.26142647664993013
109813.65977514054,0.25941015326298184
110197.30639039264,0.2570709651176392
110584.55430711611,0.2551596498559012
110974.82445980447,0.25340023194413624
111367.15842387911,0.24976123574005346
111764.43143124416,0.25115836058790053
112153.34474601594,0.25313703769396917
112533.96740759241,0.2551054580306991
112904.10423290319,0.2624864087027413
113274.9718151774,0.2633936864771846
113656.9394656536,0.2660946034220105
114043.64992826399,0.2682253795848897
114428.72855273815,0.26950056894157604
114815.28279992513,0.25893777814714175
115200.33986887294,0.2597827832614331
115584.29785909884,0.26607027747553347
115959.87097779995,0.2665119303716156
116332.34086088584,0.26780219672628675
116704.98343504795,0.26322420534021074
117084.40604738155,0.2654163329016747
117457.11070938785,0.2688684760908732
117829.63616516966,0.26732345732942714
118209.9712984339,0.2614689905930643
118584.0168234781,0.26881250327830597
118958.12524193045,0.2778805430279798
119337.20703198055,0.2723814567714515
119723.81593714927,0.2689063767822257
120110.07142857143,0.26637431801284756
120500.1203836333,0.2664016771789999
120893.24075462269,0.26873022119027223
121274.65040498442,0.26824937147568667
121656.65364275493,0.2693969025875024
122040.38846177886,0.27224220365026225
122414.03509318706,0.27837588484818265
122787.81267886027,0.28211260516177117
123168.48669035596,0.2852201424751637
123543.43793706293,0.2902537344568842
123906.22182044887,0.28950531188651557
124268.40028685458,0.2867288680785771
124631.09821038847,0.2817308082589526
125004.08509975062,0.27974089558904924
125378.31495915695,0.2793165600754191
125759.73276452637,0.271614235199575
126135.64620284787,0.2696766783225383
126513.94900567297,0.26627805351870487
126893.21004793626,0.26469904395103977
127270.04564755839,0.26137247635398697
127647.79300891022,0.2572192420709311
128018.59153346653,0.25730346047080294
128390.70570682581,0.2582841725408955
128761.48884165782,0.26021757747280977
129133.8609226172,0.25932919934728166
129510.54455939175,0.25075554542732603
129889.5937968048,0.2499509734966409
130273.27559153175,0.25240506973254073
130652.80454176804,0.24987906515675617
131042.13089821106,0.25383652564813625
131427.35587721487,0.25439160467938376
131807.81517740226,0.25614031708248935
132188.2649295599,0.2551678861715286
132573.09909629167,0.25940392659295114
132956.47533828023,0.2635840378705201
133336.7870786517,0.26029403392887895
133719.95417134307,0.2606869306878116
134103.27058676965,0.26751117950841274
134481.5190354539,0.26754147315304255
134854.04814768618,0.26813913372353687
135219.251386552,0.26562922877329426
135578.31597352316,0.2642181985314626
135939.92306255834,0.2508492025401933
136309.93259758074,0.24738693582882715
136678.64228657013,0.24770459520793475
137047.24011475613,0.24930550467897888
137419.00380394113,0.25004707358949946
137784.6209772798,0.2488355030356519
138159.3195033691,0.2507828568336804
138534.90555208983,0.24831862236659916
138910.51407879128,0.24756991532813924
139284.89311978064,0.2562290395050074
139666.71814214464,0.2586082876650712
140058.61066467327,0.26152072527214365
140443.8915114903,0.260126319530988
140828.06611776448,0.25824770019100796
141209.4624064838,0.25758497614577636
141586.4233098196,0.25733418460974505
141970.17744248395,0.2556039510827048
142357.43598055106,0.2535045431818406
142744.8320567906,0.2532703886890531
143144.0129044324,0.2527365395354149
143544.69685801736,0.2506937344520949
143947.10387181246,0.24711342133661335
144351.95124992207,0.24242720636038514
144750.0537172057,0.2438318554768466
145149.15190268247,0.2421036044805452
145549.63595043894,0.2469383281049463
145956.49700374532,0.24261105191314583
146354.70284431137,0.25302716707562867
146745.8475389408,0.2518393361112955
147135.981682243,0.2544422827996371
147533.8691256319,0.24480012346056138
147934.7015772084,0.2497263639429041
148343.03182412655,0.25163743147729006
148755.46641697877,0.253173100602099
149160.38225937248,0.25663473218721095
149553.0438410761,0.25936980816345956
149936.2562313061,0.2584064396540715
150310.47505301234,0.2646617532936155
150683.56726751075,0.2575927322708188
151056.8727624275,0.2532025889558457
151430.96231468793,0.25417824941628664
151814.67824839373,0.2504833685675633
152202.0266325703,0.24683609075707924
152588.16380440892,0.24402134956965119
152978.32205607477,0.24741759122369505
153372.82931701836,0.24994085577272676
153768.2875474989,0.24919008688137145
154168.83729467395,0.2504163871221242
154570.67212193142,0.2488562316877867
154967.8547152194,0.2481189707080891
155371.8349381018,0.24794228784649705
155761.90467894476,0.25220654820447164
156143.60697107876,0.25924178360752764
156524.8336028863,0.25770731334188557
156901.17817524617,0.2527406609403425
157283.39061038717,0.2477087835536422
157670.6805763473,0.2470680523091378
158060.92235132435,0.2467388599855762
158448.90508263174,0.25184607052112223
158833.68949004976,0.24742166895671308
159213.06146926538,0.2515563857948075
159594.38721125707,0.25388998647343547
159979.09630738522,0.2481894153410609
160371.3333541225,0.246794619457655
160778.36372707997,0.24870895014680455
161182.92421407186,0.24973580942831242
161579.90424008467,0.24353252774878084
161978.53389513108,0.250759785275491
162371.52778987988,0.2516013058940449
162766.60711832656,0.2502592470167906
163168.42482724274,0.24269657054009366
163573.39033665834,0.24687832122523035
163979.15786843255,0.24523084136707177
164384.15550850096,0.24667549153675986
164785.91278054862,0.24573758546646896
165178.3705966706,0.24474692248236407
165584.53503900155,0.24574241076258574
165991.6374017222,0.24377064264561135
166395.0567270013,0.24258531494737404
166794.3872316525,0.24936001409491576
167194.26670819058,0.2464742219021197
167583.73487355604,0.246236091789796
167981.87739439696,0.24564368581075552
168381.4218886259,0.24736328661698787
168774.5247352025,0.24869362914424353
169167.96936610932,0.25461508302253355
169568.58074766354,0.2599540507984061
169972.69914487234,0.26700779602055913
170373.5593399751,0.2712612632243414
170764.9047976012,0.27147043790759184
171152.28122466797,0.27124829760587
171539.24639123943,0.2709340504027783
171937.01222936294,0.2674007606181125
172334.7220975184,0.26483469558127976
172727.48402366863,0.257832170537004
173127.0626209652,0.2534826833094557
173533.6573356661,0.2543847924790274
173937.27299869378,0.2599089812350872
174347.90104816572,0.25938922240933165
174756.7750077906,0.25322628049242507
175166.47515121283,0.25181749853818514
175568.6555361378,0.259076214816375
175973.2441773571,0.2569594043098052
176380.3078696492,0.2510198205960701
176789.24811467747,0.255146321527364
177195.18603055816,0.2591913987684692
177602.23654841323,0.26096801630495847
178013.23519511282,0.2567369558722972
178428.20284342457,0.2565479428331229
178840.93436582776,0.25801669601995664
179253.99351580522,0.25555150887513134
179655.28840399004,0.26041388372331314
180054.20063555363,0.2557511639573757
180469.11736825694,0.25091694822573607
180890.28679268825,0.254221828610703
181304.22182044887,0.2515583045437337
181721.21376992032,0.25709845431715744
182137.43638406793,0.2526668453510568
182545.28890413523,0.2523723454236803
182956.69525411061,0.2470421890909347
183376.9785999501,0.249729738646376
183795.94984423675,0.24922251302522783
184195.83438377536,0.2465039820177203
184596.03311299576,0.2520086832136805
184991.79393448748,0.24718241309917782
185383.9491800212,0.24526274500096878
185773.4223122468,0.23878410895039054
186170.65893936562,0.23935786843368842
186572.27689616394,0.2341114053000955
186976.34387080683,0.2369829835891286
187377.37424421866,0.23520760776992017
187771.2063571206,0.22889343197056244
188166.70606929212,0.23675271192618713
188577.48794016827,0.2390664551183367
188978.06945658964,0.24438455973886364
189381.05069210625,0.24296386387828983
189779.20565873114,0.24693154959256366
190178.51704793368,0.24993292717791474
190584.8421085426,0.2448415923528529
191007.50698689956,0.2420356225686159
191440.88102512938,0.2440479181175671
191868.83727017764,0.2440732991171445
192300.7745397816,0.2480651637327763
192733.14617733192,0.2561373402478965
193164.58848481067,0.25757880573889025
193594.99296826383,0.2585174046135317
194016.91048785058,0.26223043761966897
194433.68369253768,0.26215549817722944
194859.18549242188,0.25283128471394767
195284.242384601,0.26024117600932783
195705.08052937136,0.2534260991032318
196113.84203639082,0.24811301491553064
196520.51809785323,0.24969660052502932
196931.35130423956,0.24530479528457955
197352.10427457097,0.24391967333303283
197773.36039122852,0.2420881949285487
198199.73012408803,0.2440907140126081
198629.4255982054,0.24572222698721263
199058.9399875234,0.24529008805695476
199478.99538739637,0.2533248163487693
199893.28189133553,0.24897810602073028
200316.78645314058,0.2495905097956552
200735.03851916594,0.2498129990758168
201141.77132362098,0.253021416030991
201548.4315526398,0.2562841378146675
201956.73284771512,0.2594002741919191
202367.5480427046,0.26170121848479233
202767.90592703276,0.2592696052881311
203178.07658752415,0.26316072824791525
203590.78639625586,0.26378472490570554
203999.68885979676,0.26315763752580185
204405.5345731403,0.2552186814034587
204812.4629248519,0.24932924019299274
205225.98143996013,0.2513893677535309
205642.04785674176,0.2491129132736061
206048.82919835433,0.24764286959813764
206458.34632440197,0.24945294948501534
206861.5892067053,0.25838848863341796
207262.60398753895,0.2597258322778689
207661.0992209411,0.2677288957317685
208062.42710216294,0.2651759174186579
208463.56279591328,0.26400572918415594
208870.47039391674,0.2615530255398076
209281.8539430996,0.26530046356804937
209693.88187994764,0.26085968329338133
210103.4266350178,0.2649822565225499
210502.9704399776,0.25979336426614796
210905.31154806493,0.2635102761208784
211302.5300124533,0.26266108651293213
211707.11701928478,0.25754130557038063
212117.98180004986,0.2599299590798502
212520.69333499752,0.2544730971029758
212923.53754202466,0.25566988358010445
213319.3494764398,0.25097868287565456
213719.78246773488,0.24651363684139876
214122.42455067398,0.25115589060580795
214524.5728379644,0.25378762538382355
214930.45552577448,0.2478692767475467
215339.5038334476,0.24887567491399826
215734.3818521983,0.2511225675307422
216128.50706328955,0.2619378676379093
216512.6702658844,0.2610983635442646
216895.57476285571,0.2629018357255474
217274.9194371809,0.25568621856539203
217655.82717127004,0.25738016740566777
218036.8134090767,0.26121066652684494
218416.31617921594,0.2610511736733836
218802.4281966394,0.2636822269009654
219188.44785887926,0.2619857283104865
219570.81253895053,0.26726160863703646
219958.0322198679,0.2646468484580826
220345.611875,0.26373935690720796
220732.85816396296,0.2644989479817358
221133.25915528106,0.2686594397386364
221540.55230855505,0.2699996446043885
221938.06509652027,0.2736363228587977
222338.13812223537,0.26649002782776826
222736.48376623375,0.2645333545901167
223143.36099533437,0.25904229931073147
223554.59048332708,0.2670313832586407
223969.6430840132,0.27044456711089454
224383.80515187426,0.26421903382451734
224797.82804216305,0.2604338787993144
225204.7001806516,0.2625320442622576
