D,r2
24.037735849056602,0.7390909376538636
31.61764705882353,0.7031027210984176
38.80327868852459,0.6624505862701442
48.46153846153846,0.6891968234521697
57.30769230769231,0.6029362157211337
67.54237288135593,0.6317576962666702
79.42307692307692,0.5860682400547126
88.73333333333333,0.6077748530771253
95.91666666666667,0.5920185285435254
106.375,0.6466520896863047
117.34615384615384,0.635399848263738
125.68085106382979,0.5743470953478996
136.3050847457627,0.5579149318218609
146.77777777777777,0.5620004313756253
156.71698113207546,0.5499543202831756
169.86274509803923,0.6160061190280998
180.25454545454545,0.48177829888099744
189.95555555555555,0.5122616591379114
199.03389830508473,0.5452131534342518
211.1090909090909,0.5593356475947094
222.15217391304347,0.48732901324005445
233.19148936170214,0.49160746032876684
246.01639344262296,0.5604490563670863
257.9183673469388,0.5746903723747906
266.6511627906977,0.49944912047935797
276.69642857142856,0.43636894548218425
286.9,0.45207998324985893
301.1020408163265,0.5353432396831052
313.8181818181818,0.4832943504937503
325.68518518518516,0.47009777168282063
338.4255319148936,0.4998642403592392
354.1111111111111,0.4633292213154472
367.0869565217391,0.4784747984601497
380.2641509433962,0.37967343447338475
392.0,0.4545851576490102
405.468085106383,0.4611119496476262
419.08,0.439571125708537
430.54347826086956,0.43173724115997736
442.5111111111111,0.48843483802470605
455.3333333333333,0.44823898049716865
469.3541666666667,0.37412260469901387
484.5531914893617,0.4060748174745629
502.3137254901961,0.4229772700744695
514.1739130434783,0.3848558878645054
529.3571428571429,0.34775944006478937
544.7916666666666,0.43889335001966234
559.2549019607843,0.46580771296421264
574.804347826087,0.5455200504683585
588.8461538461538,0.48782992641753214
603.3720930232558,0.39481786733329527
618.0175438596491,0.4428243063355098
630.795918367347,0.43660212751578537
647.48,0.3970631782475288
667.02,0.3857967689700205
685.0416666666666,0.44450676145417556
703.7551020408164,0.5100031277874563
722.4038461538462,0.4123183017234104
740.5106382978723,0.4280357311947672
758.9423076923077,0.41189915015080564
777.5777777777778,0.396844782705713
798.6274509803922,0.3569131052172918
820.9148936170212,0.39569096469355697
838.96,0.4412851063402992
856.3148148148148,0.3133864066050652
873.4285714285714,0.32259195689898346
890.6274509803922,0.4338541477661914
911.3877551020408,0.3008378355967381
930.94,0.4279829175266245
954.4897959183673,0.36092749795397405
974.2,0.335040000472998
993.0625,0.4086372322895304
1014.9411764705883,0.3275439271912627
1032.6808510638298,0.3422681990959931
1050.96,0.31244230731218026
1069.3958333333333,0.2734790099003472
1087.9423076923076,0.4136828315119373
1111.8333333333333,0.37679760209856555
1130.64,0.33515113212838527
1151.7884615384614,0.3571980581276066
1170.734693877551,0.3524647704766382
1192.08,0.2990214823254844
1218.625,0.37883899854096786
1244.75,0.3379191220662973
1267.5283018867924,0.27860226026023105
1294.1914893617022,0.3868979726132636
1313.673076923077,0.32735629884679446
1334.3958333333333,0.37106989597302803
1356.6470588235295,0.269566630774495
1383.72,0.3445132711378176
1407.0851063829787,0.38724631069795884
1428.5652173913043,0.31918573328804023
1454.9444444444443,0.3323813363940565
1482.5,0.32546214743599416
1508.787234042553,0.30982136510864794
1535.326923076923,0.36057136523224237
1558.94,0.3471556384171143
1583.0,0.3814959233872108
1606.4897959183672,0.24222105227883484
1632.2156862745098,0.34935092325048983
1662.204081632653,0.3692141847652288
1685.0196078431372,0.3951852305912003
1713.18,0.29111118837461897
1737.0851063829787,0.28202578980013426
1762.32,0.29977375775348275
1794.8846153846155,0.31300950805865746
1821.2244897959183,0.31476605855582546
1848.7826086956522,0.24638807092379966
1871.811320754717,0.28007498785654333
1897.391304347826,0.26862086286713976
1921.1666666666667,0.31929260856100006
1944.6875,0.283916409887619
1972.549019607843,0.24004054231883906
1999.1632653061224,0.24161707355705203
2031.46,0.2424311017342156
2059.4897959183672,0.23404857109607977
2087.122448979592,0.33213410101957763
2111.3541666666665,0.28808449021923466
2133.9148936170213,0.2992006869832518
2152.8490566037735,0.32330879906905796
2177.7755102040815,0.24530801358514093
2197.098039215686,0.2490991869171995
2220.5106382978724,0.2707513483510912
2242.5283018867926,0.24005832273708064
2263.5833333333335,0.254391005585522
2287.18,0.2368102476990915
2306.7708333333335,0.25976717047249676
2332.98,0.23671919837469
2359.903846153846,0.26324084558127303
2385.795918367347,0.2111428723949189
2409.714285714286,0.25390446627043284
2438.795918367347,0.19674213330490153
2457.9166666666665,0.20492399416486484
2481.153846153846,0.22380313913745525
2510.127659574468,0.28408526007175733
2539.433962264151,0.3104316942478804
2571.021739130435,0.28690875477525674
2596.5576923076924,0.24887844258338263
2619.5510204081634,0.24012609101479576
2648.6862745098038,0.30358640990589836
2676.6,0.21765491178940546
2701.877551020408,0.2644979227551026
2729.795918367347,0.20687127202663794
2762.0416666666665,0.1898556162811296
2792.903846153846,0.22862451338519735
2820.1428571428573,0.2083766379308614
2843.84,0.1544825715580496
2866.108695652174,0.20516252799528611
2889.490566037736,0.1833989498885998
2915.24,0.18489421606812934
2937.469387755102,0.2340227729535119
2961.74,0.21672207903963886
2990.673469387755,0.2355969866849058
3012.734693877551,0.22489595672244833
3041.4285714285716,0.14776380684953122
3069.58,0.17364059954201472
3099.714285714286,0.22560865011005918
3124.823529411765,0.22958486623493024
3152.6739130434785,0.18488815894379484
3178.3396226415093,0.21979330467678018
3208.1,0.2041890595027395
3235.7659574468084,0.20700786700254178
3261.5882352941176,0.17466479980078756
3286.3,0.1371344397276992
3308.340425531915,0.1960962515783708
3331.019230769231,0.23654963307184923
3358.1020408163267,0.18371396480954136
3379.392156862745,0.20245240758565322
3402.1632653061224,0.16836874128560736
3425.469387755102,0.1846202977909453
3448.32,0.1870764261338434
3470.816326530612,0.2167543676208839
3493.0,0.19703698769292613
3516.18,0.19928337814235747
3540.9607843137255,0.1383453446556066
3565.0,0.14625523979133864
3591.2448979591836,0.21823143567542197
3617.0,0.1572160716485743
3638.372549019608,0.2050934307464761
3657.0,0.17522387184977387
3681.9375,0.16454937895696636
3706.108695652174,0.18271957343627507
3724.9814814814813,0.13378762870290248
3747.62,0.15484626888301478
3767.75,0.14327935916979648
3788.078431372549,0.1390983888359003
3808.42,0.12934705045163422
3828.673469387755,0.13807635437886479
3853.32,0.15249406985091596
3878.877551020408,0.16788528997012434
3902.733333333333,0.15972158310356452
3927.830188679245,0.127703535640698
3956.340425531915,0.14815689525102113
3982.4423076923076,0.17821516385530553
4009.529411764706,0.1472959319832277
4033.02,0.14690106002986403
4054.5,0.10088946326582725
4074.2156862745096,0.16959846495664288
4099.9111111111115,0.14458781770035087
4125.148148148148,0.1380282180823198
4154.375,0.14038811511982405
4179.854166666667,0.12541095085067286
4205.9807692307695,0.0987668275226276
4237.102040816327,0.11263923464223886
4265.44,0.12774837560724017
4289.54,0.1630182751125208
4319.791666666667,0.1441012152107318
4339.0,0.10995661903096966
4358.244897959184,0.13899028554930198
4381.38,0.1447781476986846
4403.142857142857,0.09254593148243709
4424.4,0.10684994087464063
4451.673469387755,0.12060618209496214
4479.137254901961,0.14286126513802072
4505.085106382979,0.11427637258645702
4528.057692307692,0.1265854249608671
4549.98,0.15399652478117734
4570.739130434783,0.10582070374941373
4594.867924528302,0.09567449945330918
4632.306122448979,0.14740388274050523
4660.68,0.13806021354182607
4683.333333333333,0.07097171344622034
4712.407407407408,0.1224624375321388
4741.081632653061,0.15618203716808982
4766.836734693878,0.16503829093337521
4793.65306122449,0.12872462272952087
4817.411764705882,0.1299150459057557
4844.854166666667,0.11235927360124366
4873.862745098039,0.1295017590102496
4896.306122448979,0.13607361558698045
4916.7959183673465,0.12237000856439686
4939.183673469388,0.11443447774454578
4960.235294117647,0.13404059931659199
4981.875,0.13389813098700715
5007.4807692307695,0.16849482335580448
5033.102040816327,0.1116770117136157
5056.82,0.13456125999822485
5076.5625,0.13626435651648597
5097.531914893617,0.11368800510967973
5117.962264150943,0.12547900217303373
5137.979166666667,0.1171795563710593
5161.313725490196,0.13861363038495875
5182.163265306122,0.13397452341513474
5201.235294117647,0.11757065681604477
5223.122448979592,0.1508303989449929
5243.75,0.14176788203460358
5264.980392156863,0.11933595633590796
5285.282608695652,0.17438088700166848
5306.5192307692305,0.13850882962931801
5331.673469387755,0.13138963909541831
5352.489361702128,0.14207995046463334
5369.596153846154,0.11663114435992203
5393.040816326531,0.13162023900424738
5414.2692307692305,0.11132294866584973
5439.76,0.11483550000471072
5462.434782608696,0.10350379515172667
5480.509433962264,0.10114374083158897
5502.18,0.16047711536944406
5526.489795918367,0.13702300847517684
5555.063829787234,0.14189538481422248
5579.36,0.11692139748410928
5603.326923076923,0.10348454304878894
5629.72,0.16040507909382512
5660.755102040816,0.14239519560787323
5689.54,0.13590592405217947
5712.083333333333,0.11719233163420308
5731.509803921569,0.11553728578031539
5751.3125,0.09923796173902405
5775.0,0.10883759610389011
5802.897959183673,0.1307866467249987
5830.8,0.08310880053946702
5854.28,0.12461587049358049
5875.479166666667,0.08172575160036898
5896.980392156863,0.14612530125399237
5934.563636363637,0.10249696539777318
5987.063636363637,0.10297051099672605
6056.127272727273,0.11974149210574986
6117.877358490566,0.12059359526785011
6176.214285714285,0.14291744093278164
6233.378378378378,0.09826288603530871
6304.881818181818,0.09829948305047657
6382.636363636364,0.11606322718221607
6456.908256880734,0.12411765758300772
6527.9908256880735,0.08360162346055532
6609.196428571428,0.1143326763317937
6696.027777777777,0.11891268416206942
6778.294642857143,0.1227964340767176
6856.440366972477,0.12207927626196077
6934.990990990991,0.1097804600943288
7008.853211009175,0.16736893637809083
7083.736363636363,0.10883777876779653
7153.054545454545,0.10604286377665431
7220.422018348624,0.11934618486318954
7290.899082568807,0.15893177886487858
7349.892857142857,0.14532413034229705
7408.481818181818,0.15652071111702612
7467.697247706422,0.1180909565652906
7519.342342342342,0.1281173604065932
7574.0091743119265,0.14046786787030732
7639.40366972477,0.15424108324846547
7699.477477477478,0.11715587617790126
7765.2342342342345,0.0992752549726313
7832.954545454545,0.10879821333318526
7893.6697247706425,0.13386443347114052
7950.196261682243,0.11517020276598938
8000.929203539823,0.09192886911525877
8055.822429906542,0.10109507766023479
8107.6697247706425,0.10885941358555977
8154.633928571428,0.10748062926517207
8201.587155963303,0.1137914852427333
8249.42857142857,0.1020822092992741
8307.0990990991,0.11993761427838523
8371.481818181817,0.11130376736580773
8435.90909090909,0.13049917536044608
8505.09090909091,0.112955003736437
8567.518181818183,0.09574810624012817
8634.318181818182,0.14899847877407227
8690.788461538461,0.13215730663148587
8747.286956521739,0.15489109505765533
8808.081818181818,0.12809822268489227
8876.851851851852,0.1118373846811567
8956.963636363636,0.11905553142411456
9034.544642857143,0.14654368818224373
9096.550458715596,0.17206884018915547
9165.225225225226,0.12428813092274749
9241.018181818183,0.15271710700422325
9303.657407407407,0.15039593467962553
9368.88392857143,0.157348088154664
9440.119266055046,0.12754057630302132
9507.63063063063,0.1778076083990957
9577.10909090909,0.15467033531328991
9642.190909090908,0.15936973535855875
9702.972222222223,0.13744385238943146
9772.009009009009,0.15743096532347217
9835.44859813084,0.16848953009768985
9896.752212389381,0.13118087093919847
9948.336363636363,0.11124489287992442
10006.181818181818,0.10699956443663616
10063.633027522936,0.10229140207316897
10124.693693693695,0.12616502970729865
10179.872727272726,0.13551737018196486
10235.925233644859,0.14895060900332582
10284.598214285714,0.11464279505490563
10339.10909090909,0.11657940283883626
10385.296296296296,0.1181409267160659
10431.387387387387,0.1566795897285516
10475.681818181818,0.12401377911437268
10520.577981651377,0.13391738031355568
10560.738738738739,0.1340135913818044
10613.211009174312,0.121155726825504
10658.348214285714,0.10132325932938215
10700.422018348623,0.10386872425178077
10749.472727272727,0.1050541788493987
10799.81081081081,0.13020709329157085
10845.872727272726,0.10149568474817708
10899.733944954129,0.10876651531167185
10941.39090909091,0.11578699167744033
10982.121495327103,0.10351062768784457
11029.17543859649,0.13240681154534348
11075.532710280373,0.10254869966566897
11122.315315315316,0.1353315572933394
11171.702702702703,0.11434777752912785
11225.788990825688,0.0950096821357725
11282.522522522522,0.09423678526972658
11343.333333333334,0.1576148060222515
11410.455357142857,0.09898707064202558
11475.842592592593,0.10530203452572644
11537.118181818181,0.09996018584899077
11600.67857142857,0.1174493137492052
11662.844036697248,0.1153315588186136
11726.693693693695,0.11189041307907194
11799.018181818183,0.10534449800628141
11863.80733944954,0.0977947590973076
11948.081818181818,0.1335533343222163
12018.56880733945,0.10633002399246652
12093.81981981982,0.15464007534166338
12177.018181818183,0.1365173026301694
12258.354545454546,0.13766822220310354
12330.854545454546,0.10921496242191513
12411.29357798165,0.12238622223073801
12484.333333333334,0.15406860623813018
12556.185185185184,0.13785876538361144
12633.25,0.12833186445249484
12720.263636363636,0.13081336355224074
12805.092592592593,0.17697494944975306
12884.738738738739,0.10754144355747533
12969.054545454546,0.14430292307950496
13052.790909090909,0.13871173905522105
13130.827272727272,0.13073341733825186
13207.896226415094,0.12756722884177554
13282.070175438597,0.12953665515771332
13351.918181818182,0.10289285187300397
13424.834862385322,0.08900855235804614
13497.072072072073,0.1092460848979379
13577.09090909091,0.14522155471612527
13646.477064220184,0.1196781045432517
13730.345454545455,0.12411619236485484
13817.333333333334,0.12283864557315476
13905.663636363637,0.12815271676649553
13996.045454545454,0.1143088934056846
14072.166666666666,0.10965251335763966
14174.612612612613,0.1286960146066723
14288.345454545455,0.10173695953063272
14395.761467889908,0.10345185237892059
14485.873873873874,0.12327719988998082
14564.514018691589,0.12961980786823094
14651.603603603604,0.12181733351663866
14729.881818181819,0.12670249417769724
14818.982142857143,0.09423962473962809
14901.157407407407,0.13281966233692769
14979.081081081082,0.12260575757435606
15076.4,0.11566711047536864
15169.432432432432,0.16948749068723112
15279.064220183487,0.12209433025646767
15356.308411214954,0.12610943671317384
15443.469026548673,0.15720001671098055
15520.036363636364,0.13290961692382436
15595.962962962964,0.09844751179291548
15667.580357142857,0.11409614627659935
15754.227272727272,0.14053255238487966
15849.236363636364,0.10826052978862201
15928.229357798165,0.15034171610453517
16003.227272727272,0.11057147745621375
16070.972972972973,0.1071647750375151
16144.672727272728,0.1082257143600981
16206.963302752294,0.11058320257412083
16268.0990990991,0.11162925752231438
16341.092592592593,0.10838234748948815
16405.172727272726,0.11547475910418767
16485.18918918919,0.10120434963672434
16559.844036697246,0.11506242228896338
16631.54954954955,0.0945649844876394
16698.49090909091,0.10619209117509389
16759.904761904763,0.08839699766348469
16819.956140350878,0.0841978877703982
16881.00909090909,0.10258182194589505
16951.477477477478,0.09063965976311016
17029.563636363637,0.10990570552810305
17116.67889908257,0.08253550018722687
17190.00925925926,0.14507180408027223
17262.9375,0.1181579114822556
17344.18181818182,0.10563587574373805
17425.627272727274,0.10032046219642539
17505.627272727274,0.09788665353668095
17585.636363636364,0.10234050700485642
17676.98181818182,0.09910740114484747
17748.3,0.0899698275147833
17827.084905660377,0.10130816038017904
17911.263157894737,0.0716664495554964
17994.936363636363,0.0875497062879471
18081.47663551402,0.0985246261347052
18157.675675675677,0.0771858023035621
18224.553571428572,0.08468846371580271
18300.072727272727,0.07427489781508853
18386.119266055044,0.08535951545433579
18465.109090909093,0.07675335220232425
18540.743119266055,0.09675219249024782
18605.432432432433,0.08874526966831758
18668.727272727272,0.09535044072659865
18734.688073394496,0.10017515886979589
18803.555555555555,0.052754371976223666
18866.64285714286,0.07578399897378545
18939.816513761467,0.0688552510409234
19009.36036036036,0.09066704086185333
19071.954954954956,0.07927943905563112
19130.454545454544,0.07657645037395995
19198.854545454546,0.09307282845114576
19275.98113207547,0.08728896494682485
19360.071428571428,0.08081558825193684
19429.891891891893,0.08041611434111051
19502.324074074073,0.0821269403800453
19573.336363636365,0.09699866568519627
19650.963963963964,0.09491403194707872
19729.26126126126,0.07402246466664449
19804.69090909091,0.08451043564914211
19877.844036697246,0.08658470285085872
19961.827272727274,0.08601244489136942
20050.981651376147,0.10481531430650327
20161.401785714286,0.11673924251103943
20264.845454545455,0.10167808233030882
20360.74074074074,0.08735624125691402
20438.135135135137,0.08473395032744864
20521.48623853211,0.07767438388983874
20603.65765765766,0.10296853962628837
20679.327272727274,0.08989721866603675
20749.20909090909,0.09973589791553118
20825.01818181818,0.06192390042642422
20895.454545454544,0.08772670412006306
20957.761467889908,0.056144818428511566
21028.054545454546,0.07793345352094758
21094.0,0.07991018153457248
21162.816513761467,0.09166664221208712
21234.306306306305,0.08499218604286767
21296.363636363636,0.09144066013148851
21360.7,0.08622932705245184
21426.80733944954,0.08037030873813825
21499.063636363637,0.08168821430649618
21561.761467889908,0.07112915204631938
21629.756756756757,0.0801530267980531
21694.719626168226,0.09364868013580058
21768.17699115044,0.09107873063099091
21849.00909090909,0.10160044652198466
21936.69090909091,0.08869402420899014
22015.440366972478,0.07677500815885181
22089.37962962963,0.11342760760740755
22186.646017699117,0.09777447062304924
22294.34862385321,0.08264285474085661
22387.018348623853,0.10360645562552537
22475.02727272727,0.10402351066515529
22582.765765765766,0.08947540211166195
22679.863636363636,0.09792433786124835
22781.372727272726,0.10347590575284829
22880.89908256881,0.09273308345483908
22980.081818181818,0.09902208198028391
23100.036036036036,0.09534098121848172
23239.563636363637,0.08571610170200405
23363.045454545456,0.09358371243196188
23491.154545454545,0.07706474407527392
23608.872727272726,0.08457230604086409
23721.550458715596,0.08707170092798323
23846.981981981982,0.07014789240604184
23950.70909090909,0.09047987199730216
24044.688073394496,0.09573356352289658
24152.17757009346,0.08161174744870277
24246.306306306305,0.09542166963894327
24332.70535714286,0.09706548023697763
24436.48623853211,0.09262151391427416
24542.234234234234,0.09386130713818935
24641.390909090907,0.08750169337836469
24736.037037037036,0.09716849677561024
24818.39285714286,0.09754839488805168
24909.74074074074,0.09382751634731712
24994.045454545456,0.09411395367926675
25079.026785714286,0.10126281283852845
25177.109090909093,0.11384004976103973
25284.4128440367,0.10072411475039723
25380.8623853211,0.09410420545411616
25481.99090909091,0.0782146069469728
25587.26126126126,0.09481779081423329
25691.564814814814,0.09085215565613833
25804.285714285714,0.06692541676796429
25914.581818181818,0.08312435533285915
26039.172727272726,0.08543797575610136
26144.772727272728,0.07454965362164444
26249.78181818182,0.08582925102601083
26385.045454545456,0.09160599605790064
26506.43119266055,0.07592081594205416
26620.594594594593,0.08848319079246436
26734.336363636365,0.08634813682167222
26847.766355140186,0.09266089175896854
26949.909090909092,0.09640116457811292
27068.65765765766,0.08961220762641571
27190.1981981982,0.08958359341393568
27289.536363636365,0.07686102421147853
27395.763636363637,0.07854295358599482
27521.236363636363,0.09761933365077667
27644.081818181818,0.09377215689737958
27745.02752293578,0.09023096113550158
27849.153153153155,0.08885437499491457
27965.416666666668,0.07840547097139915
28072.366071428572,0.0852227294063577
28221.236363636363,0.11048600500337714
28368.87037037037,0.09632891342154395
28529.486486486487,0.07777958257658672
28660.845454545455,0.10654757751474415
28774.672897196262,0.06195439953673746
28871.4375,0.0688799729066926
28969.00900900901,0.09371915625905256
29063.19090909091,0.07849778927924758
29160.81818181818,0.08761878415363358
29263.363636363636,0.06508699996417017
29361.272727272728,0.07837396559216969
29446.0,0.061194914727385946
29528.981981981982,0.06808124993261969
29615.18691588785,0.06150633508686635
29703.221238938055,0.0726525237032345
29787.990825688074,0.05879919012352255
29889.715596330276,0.06637855758934595
29993.765765765766,0.08196394264507824
30110.3,0.08322599334911054
30234.154545454545,0.08024005796827234
30371.880733944956,0.09799840763127413
30538.245454545453,0.09255662734666152
30700.981981981982,0.09544794807022022
30836.45871559633,0.08960825759578123
30950.18918918919,0.08583406031295177
31078.20909090909,0.08989312243776923
31197.854545454546,0.09408821707290298
31325.477064220184,0.07561225202188913
31433.311926605504,0.08842216726331498
31544.836363636365,0.08246279011772434
31662.855855855854,0.07438952931282024
31763.872727272726,0.08423944356992626
31869.05504587156,0.10119364391107213
31971.243243243243,0.1044428427620285
32080.69090909091,0.0887240894292781
32195.363636363636,0.11617888976707892
32300.618181818183,0.07771626706654838
32396.354545454546,0.09739825184405967
32514.854545454546,0.10695776561307586
32631.0,0.13079097584490873
32741.04424778761,0.08269205662708333
32846.663636363635,0.07580830760285824
32952.11009174312,0.10259859052500843
33049.62727272727,0.09942087381354665
33158.27272727273,0.07668010854738985
33264.53636363636,0.08861508343818848
33375.2752293578,0.07693498840332472
33487.55454545454,0.0751889258455338
33607.851851851854,0.09234073947951672
33751.6875,0.09054976733329075
33891.91891891892,0.0982517183592804
34029.27272727273,0.1131335692609667
34180.76146788991,0.0981989176079617
34308.56880733945,0.10132787281298453
34441.6875,0.09455058113588356
34570.46363636364,0.08356005006423399
34703.36111111111,0.11254975296488891
34816.504504504504,0.10106044358857334
34923.7,0.08391414343940828
35033.706422018346,0.09251984349825812
35155.342342342345,0.09845087837983275
35265.46728971963,0.10362150174556334
35380.8,0.11829190392985063
35513.83783783784,0.10211999462974843
35661.41071428572,0.124710540248788
35803.218181818185,0.11782389760426253
35938.59259259259,0.11951048010696244
36056.25,0.13460461801503576
36186.21100917431,0.12259779340577959
36328.92727272727,0.10129659544100225
36477.79816513762,0.11570673658048343
36624.54954954955,0.11349613775545278
36785.954545454544,0.1154563856718288
36944.71559633027,0.08949944651275772
37101.585585585584,0.10811530158201324
37235.65454545455,0.1100440431784231
37324.24545454545,0.0960286661553175
37451.67272727273,0.08275803431361964
37580.11818181818,0.08765596234601011
37679.77272727273,0.0782787957200293
37794.333333333336,0.11346889225577164
37915.72321428572,0.11181173332017515
38039.01818181818,0.10741244943896511
38162.20183486238,0.10352432009930278
38252.807339449544,0.10516191116471846
38333.836363636365,0.0930991175746939
38422.0,0.11014764741436218
38508.77777777778,0.11327420796992678
38597.84821428572,0.11226829996929333
38709.08256880734,0.12123118553850888
38807.18018018018,0.1128364353386396
38910.354545454546,0.14305628584934862
39012.92660550459,0.13114873058925705
39119.98198198198,0.1369302142547884
39243.55454545454,0.15575759783959242
39357.416666666664,0.1458047651758815
39449.55454545454,0.15253969141404272
39537.792792792796,0.13596962091965378
39625.86363636364,0.13148432281338013
39737.40366972477,0.12127698205599508
39848.30630630631,0.11899665621531763
39935.781818181815,0.1263068813451115
40033.366972477066,0.11843382070372015
40134.43243243243,0.13957053168691366
40224.681818181816,0.14948996239604692
40324.91818181818,0.12294305313289126
40440.394495412846,0.1312474327018285
40549.61818181818,0.11846474526440716
40653.61111111111,0.11752054683118622
40767.0,0.130386363235796
40895.982142857145,0.11123852642262637
41019.23853211009,0.10334780213869353
41127.220183486235,0.10579826501893978
41251.71428571428,0.10162303645804169
41382.44545454546,0.094544515147775
41546.935779816515,0.10130746925982449
41690.44859813084,0.11410223288335014
41797.06194690266,0.08778513271970886
41913.92792792793,0.10704464628237742
42025.90740740741,0.08946655226460756
42121.9375,0.07351225011167685
42209.30909090909,0.09227624475995
42287.17272727273,0.10640129133505669
42360.752293577985,0.09422762397911032
42440.55454545454,0.07337996536987364
42527.91818181818,0.08672550072670006
42639.36363636364,0.10467314937046275
42756.51401869159,0.10434086104840762
42866.4778761062,0.10699032500117281
42969.01818181818,0.11872252743286649
43067.39090909091,0.1102366395252856
43161.67592592593,0.12029499107419932
43254.92857142857,0.12906396162397643
43343.545454545456,0.1049029799026676
43421.235849056604,0.11976079941980627
43518.17857142857,0.09394257129643331
43624.9375,0.09956350568361487
43723.62962962963,0.10659034849174251
43838.263636363634,0.10508292151468317
43943.75675675676,0.09418105230675304
44040.0462962963,0.08297530876133105
44159.61607142857,0.09325014016273117
44258.01818181818,0.0950238793172428
44382.25454545455,0.10199712402600969
44499.96363636364,0.09407874641057591
44613.01818181818,0.11256209999081826
44721.181818181816,0.10020133256627142
44837.86363636364,0.11252001602365452
44967.84403669725,0.1205871696593765
45113.9009009009,0.12342716197535444
45253.61111111111,0.11457139813704567
45373.321100917434,0.09568202077319189
45487.75892857143,0.10684146794386969
45597.5871559633,0.11031967999789927
45704.18018018018,0.08212699933732845
45802.39090909091,0.08176772462058914
45898.19090909091,0.0919115377499835
45996.44036697248,0.08265717573433032
46097.68468468468,0.08035530957971312
46213.5,0.06924844586534996
46323.767857142855,0.07623777971261714
46418.61467889908,0.08110140189357501
46532.36036036036,0.0680844926374097
46655.145454545454,0.07509073937742718
46783.04587155963,0.07147846803388268
46895.98181818182,0.06680598059097176
47007.51376146789,0.08736793975042925
47126.54054054054,0.08175015661253818
47259.7,0.0917729779398428
47425.45871559633,0.07970563546015422
47577.0,0.10066530290802309
47704.678899082566,0.09130687145187495
47855.48623853211,0.11743716970162822
47997.882882882885,0.1031560581023721
48115.747747747744,0.11304407865837092
48213.6,0.09921722681659738
48313.61818181818,0.10407960397455361
48426.20909090909,0.1163586218071827
48557.30275229358,0.11666377181849662
48672.181818181816,0.09920279747126162
48781.836363636365,0.08731100356460957
48887.71559633027,0.12189359311034306
49003.62162162162,0.09492555575492351
49138.736363636366,0.08351689159793725
49237.02752293578,0.09544165482751474
49319.62162162162,0.10481795998491053
49415.09090909091,0.08036688378851128
49522.53636363636,0.10756896828814785
49652.59090909091,0.07553163387723168
49755.36363636364,0.09621704396548558
49853.09090909091,0.0893677598703473
49960.648148148146,0.0947793714382728
50063.02702702703,0.11491563092094495
50173.663636363635,0.11745592742115699
50303.82727272727,0.11642746757202745
50399.66055045871,0.11989092718136606
50489.94594594595,0.08954653301022265
50580.7,0.11365851418486775
50681.20909090909,0.09109758192092081
50806.43636363636,0.1005720534706146
50923.61111111111,0.09490762370346992
51045.51851851852,0.0997235841019169
51170.649122807015,0.09969852452806985
51286.57272727273,0.08250867012143796
51411.321100917434,0.10244112903715158
51536.69090909091,0.10140120401568162
51656.50458715596,0.10053844946042521
51777.53153153153,0.07428278463686691
51920.545454545456,0.09548006167303529
52079.08181818182,0.06919151004894473
52237.07272727273,0.09302559960611703
52384.05454545454,0.08599932122878506
