D,r2
3.0662962962962963,0.8643592498158673
6.078803202697008,0.7773701075191327
9.062632247143462,0.7188974278931012
12.074056823474615,0.6469909537285933
15.0,0.5880773096418607
16.48,0.6205009290820072
18.069813176007866,0.5588979495267922
21.064596895343016,0.5185294789842276
24.0695134061569,0.486119678019604
27.0,0.4568333637925771
28.525,0.5066231729333884
30.07193077339102,0.44659704051380295
33.067027027027024,0.409236204518984
36.0,0.40806271013795564
37.45054945054945,0.4367206176986755
39.067796610169495,0.3653903823160301
42.08574807806032,0.358815721495391
45.07882069795427,0.34378918866973596
48.03006134969325,0.31957952410144386
50.0,0.41422023545208286
51.07041383570105,0.3120588678541597
54.07330827067669,0.2869048354877652
57.078980891719745,0.297931613176424
60.083441981747065,0.29315175561384615
63.086084142394824,0.27376613178876574
66.09128065395096,0.2642127357325869
69.0,0.2504755169252501
70.52808988764045,0.27674701662993106
72.02890571231934,0.2510136803015187
74.0,0.23415264459604607
75.10114632501686,0.2390747933123741
78.07681849082257,0.2349443252371039
81.08823529411765,0.22932850938851235
84.1082191780822,0.21630305479911965
87.09315455187014,0.2155591218612161
90.1038681948424,0.21143677440363587
93.02301410541945,0.19542505111238034
95.0,0.2023717258644427
96.09719222462203,0.20217568823844786
99.10872781065089,0.19108613067742236
102.0883444691908,0.18621200511086525
105.0749063670412,0.18712406651152844
108.10280373831776,0.18284713076352668
111.10216718266254,0.17534020978882883
114.101246105919,0.1769036660243192
117.09760132340777,0.1736180447219712
120.09902597402598,0.16780114860839696
123.08823529411765,0.1669659632380338
126.11681136543015,0.16742674789470516
129.1099518459069,0.16269810521140132
132.1072607260726,0.15735118803475587
135.10485933503836,0.15298802296521377
138.1360201511335,0.14909954593406752
141.14238134887594,0.14516944847311816
144.14733276883996,0.15093117091200448
147.1112047177759,0.14779757725285994
150.03436123348018,0.13796321254459346
152.0,0.12114407907067293
153.1151202749141,0.143154708351956
156.03413284132841,0.1315833853980511
158.0,0.15907710426490856
159.13777777777779,0.13925913701558512
162.1301247771836,0.13874567571181656
165.13755656108597,0.1315653901013127
168.15225563909775,0.13147222974974762
171.1633027522936,0.1311526066985566
174.15309734513275,0.13390292750452032
177.0,0.12993173004714856
178.6060606060606,0.16503816948314362
180.15890410958903,0.12559748212150199
183.16953762466002,0.12558409280509963
186.1536286522149,0.12973743896301118
189.15200764818357,0.12322569999383967
192.03648915187378,0.12129669479555528
194.0,0.11521576258456298
195.17946257197696,0.126841707649899
198.17254901960786,0.12655803450657738
201.03198294243072,0.12026794224130358
203.0,0.11874322907123654
204.1829871414441,0.12259386232585226
207.18436873747495,0.1273800041584346
210.1944718657453,0.1298785774781231
213.19509703779366,0.12312945368123697
216.17156862745097,0.11758210270594585
219.18562874251498,0.12319666836943986
222.2132424537488,0.11627302109959778
225.19942196531792,0.11030875355163756
228.20606060606062,0.11931126245707675
231.20747295968536,0.1159964022367072
234.21859039836568,0.11654724347154531
237.21295387634936,0.12097938465443485
240.0,0.1046945807896419
241.7094017094017,0.1441786405505167
243.21428571428572,0.10685651811921165
246.22557905337362,0.1141134019008418
249.2216386554622,0.11027911032491292
252.21206030150753,0.10566622568441611
255.22550052687038,0.10985859509569329
258.2598984771574,0.11547617484627977
261.2832618025751,0.10643797482428259
264.0,0.10450599622647558
265.7175572519084,0.12214777822886495
267.2655426765016,0.11169645075501593
270.24847870182555,0.11141008845642025
273.2609126984127,0.10485397287894706
276.0,0.1065388284912005
277.76666666666665,0.1432493479116786
279.2707240293809,0.1025254409788184
282.23376623376623,0.09979218246503382
285.2441113490364,0.10785295189155734
288.0473933649289,0.11449141362065882
290.0,0.12476791671882814
291.25698324022346,0.1058861486075608
294.272625698324,0.10897691973123179
297.2799539170507,0.10774420261540256
300.2687927107061,0.11302685446405955
303.2789189189189,0.10733461833807473
306.0575275397797,0.10392008644797994
308.0,0.1439831682588516
309.3057110862262,0.10831734655598889
312.2949720670391,0.10329766832364037
315.2819956616052,0.10556109680419305
318.2998921251348,0.11020705181198748
321.0621951219512,0.09499031736872852
323.87939110070255,0.10022471977986588
325.73202614379085,0.116319532104574
327.2826603325416,0.10050365896825154
330.2852494577007,0.1053962212831839
333.3295583238958,0.10053807365596806
336.32265193370165,0.1033782940616855
339.3102310231023,0.10576727253250943
342.0598404255319,0.10500872710902438
344.0,0.15322609603773957
345.32309442548353,0.0975130847189054
348.34037558685446,0.092215461535604
351.3018867924528,0.09889595912919065
354.3843457943925,0.10288244606842308
357.3544018058691,0.10077930612336763
360.32426303854874,0.10634402598628516
363.08344549125167,0.10273101495566825
365.851598173516,0.09931687517372048
367.6779661016949,0.11835474513833338
369.3295324971494,0.10036712177751203
372.31356898517674,0.10048842968096482
375.34447004608296,0.10042028230263927
378.33006134969327,0.09979201457707959
381.34507897934384,0.10193623799386402
384.342073897497,0.11000988992819744
387.3619489559165,0.09288388474747222
390.07062146892656,0.0946126562690584
392.84004884004884,0.0966398335866516
394.6306818181818,0.12323063773094481
396.3495736906212,0.08942352402273414
399.35287081339715,0.08930419281765735
402.3637426900585,0.09799045818444457
405.37304452466907,0.09902610376141636
408.34912718204487,0.09598693108152996
411.38228155339806,0.10668780130940055
414.38461538461536,0.09820770882199294
417.3492063492063,0.09946059036805774
420.3702770780856,0.09676472570622358
423.3903614457831,0.09596990408799856
426.4303482587065,0.0986541010626715
429.4176394293126,0.09351175052781523
432.3869778869779,0.09836536399409931
435.09714285714284,0.10049857667445114
437.96092796092796,0.09382826742920644
440.95,0.10273198506518622
443.83008356545963,0.09598758770894263
446.66494845360825,0.09666929783225295
449.6717948717949,0.09581720878331837
451.60730593607303,0.09140542311510408
453.4031476997579,0.09835278545877037
456.4090338770389,0.09394227751356904
459.36341463414635,0.09702870287473787
462.4119106699752,0.1013211892522084
465.3709677419355,0.09437202886977
468.44617380025943,0.08905738568783649
471.39089692101743,0.0939559364992377
474.4096385542169,0.08585199920663131
477.38284250960305,0.08523587532534656
480.4406779661017,0.09027788461026146
483.43709468223085,0.09263819918237325
486.4234828496042,0.09453868977118973
489.4770992366412,0.08940470079869142
492.4865556978233,0.0907385100540064
495.4772447724477,0.08830761142221301
498.46700507614213,0.08820483486371139
501.4685863874345,0.08375247759545759
504.47425474254743,0.08536308257764172
507.50666666666666,0.08805655010109814
510.4798927613941,0.0858224809931687
513.4586070959264,0.0781468414296716
516.4859943977591,0.08381253235743583
519.505291005291,0.08995495338475595
522.4827127659574,0.09151362500465968
525.4633821571239,0.08756580965707414
528.4807197943445,0.08159549579665186
532.4726976365118,0.08630773159100355
536.7012048192771,0.09076366416702565
539.9731543624162,0.08701426531755713
542.9848693259972,0.08554005006259346
545.9739368998628,0.08170531659558075
549.2459207459208,0.0775560551505584
552.5321229050279,0.08169854138207937
555.4847277556441,0.07877830467210437
558.5436766623208,0.07128980090214468
561.4936224489796,0.08030370967252369
564.5165745856353,0.07606841616128657
567.4937655860349,0.0795697467191657
570.5033288948069,0.08114674396202796
573.5019710906702,0.0779753482743153
576.5109677419355,0.0804289096672951
579.5060565275909,0.08124484671423501
582.5109677419355,0.08042183447170499
585.5342465753424,0.08754630983741353
588.5343915343915,0.08074017651843478
591.5417236662107,0.08690607803934333
594.5230179028133,0.0863123443493297
597.5233291298865,0.08777099995569852
600.5328282828283,0.089030240822837
603.5279329608938,0.08782615990590385
606.5708502024291,0.08425107394728173
609.6032608695652,0.0904934450031102
612.558865248227,0.08299482879419118
617.9468302658487,0.08642150634015737
625.5588235294117,0.08447494663248067
632.0642135642136,0.08183453336870891
639.2175421209118,0.08145810270261236
646.7923124612523,0.07931881894313855
653.0662609871534,0.07841589802910524
660.0678137651822,0.07780619692878198
667.5633724176438,0.07681110033841708
674.0259235255995,0.07853332107547556
680.0671280276816,0.0780608613814127
687.2634382566586,0.07590481415955833
694.8362720403022,0.07337177700305228
701.1225761772853,0.0715227719673316
708.2546161321671,0.07441178323336431
715.7342171717172,0.07620885156718121
723.0021108179419,0.07448649086748838
730.5560975609756,0.07393725076382422
738.0566868464502,0.07716020568552458
745.5163983303518,0.07825817344997235
752.1046852122987,0.07270144874560974
759.2805569881382,0.07896081700837704
766.7745550428477,0.0768124447037061
774.2744997434581,0.07662256326082173
781.8381877022654,0.08178775707138491
789.3168264110756,0.08003020642060094
796.8297150610583,0.07558725341124059
804.3345530580241,0.07642493510639678
811.8156862745099,0.07384252274652685
819.2450080949811,0.07583230545570503
826.8137384412154,0.07636524263813023
834.6610505450941,0.07524056124255474
843.0077197149644,0.07958843070857477
850.5402298850574,0.07766261943956668
858.302049622438,0.0779837883264557
865.8217623497998,0.0807286002950125
873.6469665271967,0.07819018025523328
882.2926972909305,0.0778726210160419
889.927927927928,0.07697181976289148
897.7218934911242,0.07336044693884936
906.677722498618,0.07886476097315934
915.312018946122,0.07232839062706584
923.6803887935963,0.07251259610597693
931.5082726671079,0.07129711768248966
939.718667371761,0.0713510885438869
948.3782166367445,0.07868905457418314
956.6641221374045,0.07673654938332299
964.4740596627756,0.07156768982373969
972.7190315315315,0.07603377071711782
981.7410913140312,0.07480337091594731
990.2252580449302,0.07577413126517954
998.9084350721421,0.06948368038395569
1007.943702843877,0.07231183874264739
1016.6013513513514,0.0764521866892615
1025.248584371461,0.0695319674459445
1033.517543859649,0.07370784983758716
1041.7828539199097,0.07176076439982795
1050.8386363636364,0.07377803779271562
1059.7101782633697,0.0762592863790528
1068.8875849289684,0.07668699891257155
1077.7921146953406,0.07333749338986027
1086.7904929577464,0.06952418237445555
1095.8092451726156,0.06917891247156453
1104.791304347826,0.07096266781529713
1113.868626274745,0.06893285418874655
1122.8720720720721,0.06909685191050013
1131.7929844738355,0.07027654458032337
1140.75,0.07093360733320045
1149.8989898989898,0.06755408941632869
1158.8593200468933,0.06817055888711601
1167.8590410167533,0.0725712194575615
1176.7694103911267,0.06539029098498057
1185.7847800237812,0.06965337835357528
1194.8440954043049,0.06878428151181949
1203.8432657926103,0.06732859788877602
1212.910966981132,0.06569995935237909
1221.928488372093,0.06937240912653077
1230.8228141285467,0.06869780270218126
1239.7252090800478,0.07131299572835893
1249.4882260596546,0.06809155065088157
1259.1686893203882,0.07429870341139932
1268.2605804111245,0.07411083069813598
1277.1942488262912,0.07151864633150183
1286.6461199779858,0.07234486998476315
1295.9709471237652,0.07431909933102161
1304.8900059136606,0.07417883465936825
1313.9463171036205,0.07597878153074662
1323.4018640350878,0.07558750453421449
1332.7334933973589,0.0716721529373602
1341.8050122249388,0.07168002733495756
1350.801466096518,0.0697730434415158
1360.5345296356716,0.06876216597650471
1370.5255516840882,0.06974481496383649
1379.9222891566264,0.07049686771636357
1389.4159495123351,0.07012353667874452
1398.8347613219094,0.07355975493820599
1407.8234244946493,0.07171361993196872
1416.7597765363128,0.07349003263183738
1426.3469839513004,0.07145858813620926
1436.52916912198,0.0743171990843967
1446.414534883721,0.06772237649379677
1456.5096845600442,0.06724344383110693
1466.522633744856,0.06462052005311081
1476.354970760234,0.07024046203541662
1486.4682448036951,0.06361186678644921
1496.6278054862844,0.07362767405128945
1506.4344615384616,0.07433162901320153
1516.9006040637012,0.07535612005290003
1527.431598062954,0.07274344885433298
1537.5870327102805,0.07271393963136676
1547.985345838218,0.06681746044117474
1558.9192030990591,0.06730610914001506
1569.4333947206876,0.06954071676468336
1579.8642403235124,0.06946192243461079
1591.121754183497,0.07023604059324809
1602.1073512252042,0.07027049980791392
1612.5242236024844,0.0751610433139383
1623.7024336283187,0.07572994589425472
1634.9757613424488,0.07293868144229218
1645.9535020600354,0.0735618803355612
1657.5399774774776,0.07148197523881708
1668.9987929993965,0.0682178464187681
1680.7576966932725,0.07208245059838796
1692.0732165206507,0.07427841188210275
1703.4082073434124,0.07542743374237587
1714.8223165554882,0.07746787497228969
1726.018192488263,0.07425305605553223
1736.984875983061,0.072095643220312
1747.8865083960625,0.07701590014618724
1758.9941554646405,0.07923137938078906
1769.9925925925927,0.07335997611717406
1781.3257655755017,0.06947648882740706
1792.8886255924172,0.06886618278155479
1804.0548271752086,0.07101769789476008
1815.4557900741586,0.06776735697782975
1827.0663232453317,0.06992447577598421
1838.3278126784694,0.07685469751621922
1850.3807807807807,0.07154977091720788
1862.5099601593627,0.07189053446067382
1874.5150462962963,0.07256886177037308
1886.3096234309623,0.07111820885793352
1898.3264340626847,0.06775260792204171
1910.5172413793102,0.07192042517194192
1922.8610038610038,0.0699823131695935
1936.1193083573487,0.07522631432842618
1948.5038529934795,0.07119594360220224
1960.5323442136498,0.06371556316882729
1972.4417647058824,0.06748315739958172
1984.5790419161676,0.07106180179425174
1996.6641574985524,0.0688983394960348
2008.7110726643598,0.06917399730954034
2020.5732558139534,0.06599845111097513
2032.6599882144963,0.06595258963832905
2044.5226480836236,0.07400610097261152
2056.5413711583924,0.07084791901487303
2068.603128621089,0.07455364009228567
2080.0826032540676,0.06952850082150697
2091.5425904317385,0.07062399446316137
2103.423691460055,0.07280390431958014
2115.5981253661394,0.07092629814378816
2127.5171377029465,0.07103937934046872
2139.486161251504,0.07224240367258304
2151.699516324063,0.06936294915276818
2163.4850964348334,0.0702158697146387
2175.4331797235022,0.07141204201323192
2187.4242947610824,0.06662416133359803
2199.4467713787085,0.0704646495911292
2211.4484126984125,0.06838169909963446
2223.6601636249216,0.06839146013028159
2236.0857142857144,0.0664110307578846
2248.998820754717,0.06405926587073764
2261.873134328358,0.07081474916626915
2274.4966401954794,0.06894925823136604
2286.943374858437,0.07154536828771565
2299.957014925373,0.07048938611447499
2312.9521531100477,0.07163121411137509
2326.4366359447004,0.0674964306677233
2339.8734177215188,0.07254047938697027
2353.958757062147,0.07100317422278711
2368.4594594594596,0.07222720077296027
2382.732545045045,0.06859180112459412
2397.5046838407493,0.06659505925005177
2411.650263620387,0.07087245589050954
2425.496096096096,0.06369347140706522
2439.3626822157435,0.06657773195525384
2453.625292740047,0.06470660567005611
2467.3806413301663,0.0678630508725662
2481.395054629097,0.07486474866292023
2495.625,0.07404326899894255
2509.4411583487367,0.07233679865075913
2523.722844344905,0.07748291437477
2538.5606420927465,0.07603143608700363
2553.502055196712,0.07555941188008646
2567.517181129878,0.07280347689456404
2582.0829825616356,0.07324939662514626
2597.6677814938685,0.07189258653551937
2612.5412249705537,0.07231188056839433
2626.4528528528526,0.06406854589780293
2640.315573770492,0.07120169942543507
2654.3714114832537,0.06452827282487679
2669.5603837471785,0.0637221695014884
2684.560218978102,0.06455837606095174
2699.242389431361,0.06482222102082735
2713.514373088685,0.06291137768203293
2728.012578616352,0.059712202233415
2742.898345153664,0.0623373867821103
2757.998289623717,0.06427705304512815
2772.439263803681,0.06462284949648558
2786.883826879271,0.062190082427126675
2802.0080738177626,0.06443580089501146
2816.6277678037104,0.06567655566934079
2831.293133294864,0.06598586114788053
2845.8084084084085,0.06448408714381892
2861.037015615963,0.06442355359466015
2876.557900741586,0.06669393456686667
2892.077109896782,0.06479351298585695
2906.947492625369,0.06291930170444462
2921.956995412844,0.06007074168249736
2936.8927933293626,0.06103934466838912
2952.5983558426306,0.06329069956161051
2968.0125974805037,0.06558937452269857
2983.5413832199547,0.06441686563820417
2999.039882697947,0.068045815791744
3013.968189705032,0.06314599701657708
3029.0064858490564,0.06129498320749876
3044.037037037037,0.0596171359394296
3059.029548088065,0.053747058627844506
3073.9105979869746,0.05613864341336858
3089.2517857142857,0.059311600231081965
3105.428078250863,0.06019272754732438
3120.9969362745096,0.06100143334948714
3136.7369654364384,0.061433051599022875
3152.572505800464,0.05733416372054467
3168.389510901591,0.06388180767024261
3184.5626772546793,0.05964959191978755
3200.0645933014353,0.061718469093134214
3216.0191415313225,0.0628428214559
3231.8571428571427,0.06453261841388208
3247.368953880765,0.06928338804908997
3263.4929078014184,0.06293605091910762
3279.4415430267063,0.06479386745001596
3294.8276699029125,0.06429241209911084
3310.5072463768115,0.060916550120584174
3326.714370195151,0.06138152162259134
3342.1169451073984,0.06395079022828459
3357.423906705539,0.0662632520232411
3372.543817527011,0.0698385519579916
3387.1441124780317,0.07180005549016653
3401.966724039013,0.07188154902740153
3417.0077704722057,0.06987990140295473
3432.3032928942807,0.06843799518008262
3448.6649061032863,0.06492420389862591
3464.1323529411766,0.06846736925648024
3479.155437352246,0.06377361060082666
3494.0177956371986,0.07149297158543255
3508.398294762485,0.06701970159232004
3522.779294653015,0.06540745623888725
3537.8318209316394,0.06167373207090844
3552.9764776839565,0.06264109002465927
3568.3029460811563,0.06294451870678175
3584.588640275387,0.06573307660960596
3599.825043885313,0.06587945183297168
3614.9827586206898,0.06387701414950629
3630.531902552204,0.06500658043858411
3646.545930232558,0.06196970948742483
3663.155294117647,0.06340524370605066
3678.812344139651,0.05920005487638918
3694.3310618966498,0.0654370544108898
3710.9059171597632,0.06095155091053816
3727.4553415061296,0.06479222320127886
3743.7781047675103,0.06453177499650285
3761.037757437071,0.06301576057808805
3778.021052631579,0.062186320763607084
3794.8418491484185,0.06279758567908811
3812.1448680351905,0.06654197336789155
3830.2054176072234,0.06331815773015217
3847.8941106484235,0.06639504260653188
3865.1577698695137,0.06844120741809759
3882.022432113341,0.07138761363696995
3899.0574912891984,0.069472392247594
3916.483113909559,0.0707574506352476
3933.828191167574,0.06827025273233882
3951.6600813480536,0.06707389981947019
3968.8928571428573,0.06983285080672884
3986.1817663817665,0.06697727932566519
4004.6109826589595,0.0686336630150226
4021.9430082256167,0.07324174783298727
4038.9451046972267,0.06685960101285382
4056.0077704722057,0.07062159964349758
4072.580314009662,0.06471606033483376
4088.886457717327,0.06803886811693699
4106.250139275766,0.0690799437052967
4123.373107207753,0.06619169860403361
4139.852717708942,0.06816061666269854
4157.421206795548,0.0654295291651259
4175.274673008324,0.06084370407265548
4193.388034188034,0.06617019269573036
4211.2981220657275,0.060869346950980764
4229.07429598562,0.06151856916599084
4246.229775280899,0.06201487655755285
4264.2655502392345,0.06732522396785348
4280.965130023641,0.06871340233722828
4297.836504161713,0.06754918476645509
4314.92533026996,0.06839021619307278
4331.627208480565,0.06785879071033891
4347.932797242964,0.06728382751879104
4364.412844036698,0.07095597248165476
4381.438953488372,0.06588771321655951
4399.642233856894,0.06635557984515339
4417.485582468282,0.06671160540047315
4435.113821138211,0.05870562232069952
4452.024521531101,0.060207568880615965
4469.069444444444,0.060746632164299506
4485.887666473654,0.06361602065690126
4502.55174563591,0.06687657843470782
4519.979283314669,0.06774216120471396
4538.026442307692,0.06730873314633712
4555.691210045662,0.06783841798734025
4574.438781487991,0.07005853325947572
4592.614077669903,0.07551593171500705
4610.6381390005745,0.07072779359724901
4628.39376443418,0.07579471525197837
4646.154313487242,0.0777897732039849
4662.91159586682,0.07774115165579977
4679.9174841315635,0.07302935456394898
4696.828839390387,0.06803866366570394
4713.394849785408,0.07282215069211596
4729.83195754717,0.06933136241819401
4747.36040609137,0.0740080470325837
4765.0092646207295,0.0723431341545982
4781.956808638272,0.07115987595803755
4798.819393939394,0.06488246572337057
4816.5481313703285,0.07008285691817978
4834.243508366993,0.06475601046264043
4851.5789793438635,0.06424631152408498
4868.442307692308,0.06312661954926256
4886.049730377472,0.06889348330354951
4903.605278592376,0.06981583824438553
4921.016260162602,0.0637895337302566
4937.991803278688,0.06925976236836506
4955.357017028773,0.06939953697392484
4973.008891523415,0.06502702465940245
4990.5420721236405,0.06408011057079746
5007.993548387097,0.06282952764547106
5025.261687917426,0.0604189940524872
5041.9400465657745,0.05948260521484433
5059.09552238806,0.05815706216889193
5076.020833333333,0.05947298512736375
5092.545563549161,0.06485337650700844
5108.977777777778,0.06939092041912681
5125.969089868346,0.06437628176397837
5143.111370262391,0.065051536107531
5159.7854179016,0.07045608773136844
5176.518404907975,0.06627350641705756
5193.326369282891,0.062383583431671025
5210.914641375222,0.06228804404774625
5228.431463273569,0.06355404026525327
5246.212930011862,0.06673505115609205
5262.504074505238,0.06328463875118072
5278.886061307114,0.06290684222446792
5296.051660516605,0.06247043990990972
5313.037825059102,0.06176889909546657
5330.361062969382,0.06296546794217632
5348.333908045977,0.06602839011467154
5366.085119047619,0.06403410116521255
5383.468714448237,0.07295448063362832
5400.974296205631,0.06911686856011096
5418.425398633258,0.06580269615484782
5436.1098198721675,0.06491644363464004
5452.499701848539,0.06139872250037304
5468.929505400796,0.06956938677193035
5484.940625,0.06777143641935546
5500.447520184544,0.06700580823397279
5516.816455696203,0.060479171629893545
5533.400826446281,0.06095223272999157
5550.689855072464,0.0642584604137047
5568.032825322392,0.0640946225445197
5584.945390487375,0.06498130380713223
5602.578884934756,0.06424084794472146
5620.677476415094,0.056699215980878126
5638.696296296296,0.06142570954103397
5656.760301799188,0.05797430855703741
5675.637857577602,0.06205061774641832
5693.812142038946,0.06602193451874384
5712.387193297427,0.06781856156946012
5730.5240301100175,0.06620416504648538
5748.566943127962,0.06960612782209087
5766.504535147393,0.06994317698391697
5784.410551849606,0.0721830937890511
5802.54486036839,0.06900508161448474
5821.323198198198,0.0727851903527778
5840.380895522388,0.07189381246645515
5859.468258590565,0.07537639026579597
5879.013998782714,0.07248361330287019
5897.389821029083,0.07195136336239408
5914.860493084787,0.06537299720924016
5932.777649769585,0.07064461066582702
5951.402803168799,0.06381430725675365
5969.947247706422,0.06259625487172249
5989.202066590126,0.06659625336050354
6007.527876631079,0.06633934869854531
6026.047225501771,0.06538307216716575
6045.089482858803,0.06969585243253344
6064.056338028169,0.06275587778731986
6082.9212410501195,0.06274343739457279
6101.906177156177,0.05731447746453218
6120.5489964580875,0.06308474289042314
6139.4903518728715,0.060816338491512245
6158.278008298756,0.06446012121179587
6176.416666666667,0.06453956633224599
6194.195035460993,0.06236317635291648
6212.5085951393,0.06427314684952104
6230.463133640553,0.0631243068999525
6248.47079236553,0.0692601798196652
6266.336593785961,0.07540021327540927
6283.818399044206,0.07761986341103168
6300.962772050401,0.07667854245915508
6318.121175764847,0.07802496710431342
6334.934484812388,0.06868267845116156
6352.491218130312,0.07605395256326325
6369.141737032569,0.07418186577095012
6385.47624633431,0.07205495592171046
6402.0713001797485,0.07159765431957124
6418.825652415325,0.07249154487841959
6435.277742946709,0.07786092062492118
6452.415807560137,0.06703932953600994
6470.314040114613,0.06553735203153362
6487.941247002398,0.06371237519690216
6505.451170759566,0.06419501564759235
6523.88767281106,0.0693564011647975
6542.412177985949,0.07068607164085094
6560.0738671632525,0.06998896475234195
6577.776840921866,0.06664226650234276
6596.195151515151,0.060130384989657594
6614.9628378378375,0.06528114710203277
6633.705775075988,0.06663845738401801
6651.567894131185,0.07345943750663479
6669.476832844574,0.06859201473813403
6687.737704918033,0.06419779585243263
6705.8638470451915,0.06476619565336873
6723.123729826659,0.06865005907562789
6739.927207637232,0.06580899467838763
6757.438271604939,0.06499534051792363
6774.954248366013,0.06754826136560076
6792.077533577533,0.06296969384563136
6808.854430379747,0.064271205440611
6826.653731343284,0.06380826486321499
6844.164779161948,0.06614778535286152
6861.501160092807,0.06137191627183389
6879.0630740967545,0.06928020608751047
6896.390380313199,0.06433203696945643
6913.932556713673,0.06615434603065691
6931.379535990482,0.06828520677160356
6949.916247906198,0.06243398944338754
6968.409796893668,0.06041754308193701
6986.435806831567,0.0687028299697276
7005.153037383177,0.06874008380180993
7024.666285060103,0.06475209044151736
7043.593695271454,0.06638325600385489
7061.635922330097,0.06324715051259852
7079.528402366864,0.06133512469330622
7098.034443817052,0.055576966917774064
7116.897240164416,0.05191955064083025
7135.510030395137,0.05669713593081631
7153.793402777777,0.057734490500533614
7172.524955960071,0.05661169551653157
7191.573856975381,0.05837375347429239
7211.579069767442,0.057328273759450786
7231.295427901524,0.05660132487118281
7250.510600706713,0.059951764094091406
7271.282519128899,0.06128528718142045
7292.278538812785,0.06103989693363824
7313.866310160428,0.06713242630554589
7335.64950838635,0.05752490853426802
7356.981807155852,0.056935898704833274
7377.317073170731,0.06464850092750665
7398.562857142857,0.06517506979232258
7419.957796014068,0.06401152847025182
7440.906032482599,0.07028723743582813
7461.597188264059,0.0710711970425388
7481.772675736962,0.06723319938497209
7502.454437869823,0.06817514473052913
7522.358347876672,0.06975960356624915
7543.021139166177,0.06909093635413803
7564.1043227665705,0.06712531935026264
7584.639762611276,0.07332145831989718
7603.972401644158,0.06676810156111553
7623.29473074696,0.0815741099446372
7642.992822966507,0.07271123908771777
7661.787610619469,0.07991321678432754
7681.745153933865,0.07840828157257325
7700.201952410006,0.07852869847010228
7719.1934941110485,0.07836306589603054
7737.731234866828,0.07809083848562937
7756.090748379494,0.07976961949779551
7774.163473053893,0.08480227927258395
7793.235694050992,0.07769812073644654
7813.557159353349,0.07311752319225245
7833.358164481526,0.06923535438891554
7853.7441860465115,0.05872983262963458
