D,r2
110.60056277636339,0.13777007912617908
157.4544744040641,0.12459446516853383
206.97723684210527,0.10841886914275632
256.37463897675696,0.10418176045288671
307.46443839875633,0.09711657980325676
361.89871864776444,0.08984728286863768
417.1348586810229,0.08787038829265897
475.4092248558616,0.07990487625225268
534.3066082911479,0.08002264569064729
593.917276529012,0.07323167371292416
654.8838881491345,0.0680416930314224
716.6226089266737,0.06673645548479129
780.104966442953,0.06323186392256479
842.3968211920529,0.06253288947220877
905.222386455254,0.061638823761492684
969.4252796119122,0.06006197678321993
1034.1772549019609,0.056000353940462516
1100.9770808202654,0.05561050564051807
1170.0071923281832,0.05520382753845664
1239.02798779679,0.05425945388939007
1310.23288402509,0.05392291997400035
1381.677557007601,0.04964237462949585
1452.0843081887858,0.050376785208601144
1521.384318936877,0.05165477383368032
1590.693359105343,0.05017342637184548
1660.1697745616477,0.05046445469656416
1730.7003880266075,0.048810626433343024
1799.9935190292333,0.04803755136395858
1868.3198335644938,0.0456367359355692
1937.2850422028505,0.047126057838566195
2006.71115427303,0.04708830719351116
2077.6156803515037,0.044114860458844045
2149.219187577984,0.045672789013834175
2221.8152671755724,0.044908381564685414
2297.0089965397924,0.04407175852251034
2374.7987979784184,0.04267512931671764
2450.5777870796705,0.04218235948002994
2525.826405192653,0.04146803976986146
2602.318312955076,0.040532371067531325
2678.7090502168135,0.04082572096354469
2756.1256551724136,0.04073646262907761
2832.3895604395602,0.04208089444510695
2906.8173925027563,0.04113616997549629
2983.8344942881026,0.041070975298439505
3061.717022742936,0.039925178825287025
3142.187699569624,0.03977977214188776
3223.2717346233585,0.03903364417134653
3305.603597418646,0.038721864584983855
3384.9411438858883,0.03860119736653838
3468.486733001658,0.03821348886251969
3549.9715917003205,0.03921634157746273
3628.569688581315,0.03837458398084422
3706.8816862474087,0.04009167279111902
3786.139795353982,0.03880792354274803
3866.165169315826,0.0390868163692539
3948.908477842004,0.037741498456095805
4031.4087378640775,0.03584390653626898
4115.394520928939,0.03874399354924216
4204.194674392936,0.038771900255996326
4292.582702107148,0.03769213558420669
4378.826345648264,0.0356938328893104
4465.854507628294,0.03685441732441843
4553.477112432582,0.03706673336386859
4641.30223880597,0.036595577697932334
4729.272953539823,0.03673247883712049
4816.251044859292,0.03819120849374034
4902.176089354661,0.037377262228954385
4985.907468879668,0.03749453540261303
5072.81903190319,0.03684109980243972
5160.223542415032,0.03693783406735718
5246.125708753976,0.03688081669712832
5332.995983935743,0.03745767575652177
5419.09483476812,0.03664408016426316
5505.295507947478,0.03647615936057701
5592.573032150776,0.03707428832600316
5678.935217091661,0.039254177486184025
5763.87245251629,0.03897467422547279
5849.936745734499,0.03877672589943879
5937.551529346928,0.03697197045067881
6024.9147189760715,0.036683879653591676
6113.326592378594,0.03776575007568941
6201.29954236583,0.03732377400376571
6289.198759476223,0.03812847019188375
6377.532593619972,0.03619239276765537
6466.373243317718,0.03807979340202428
6553.95877567903,0.035914614921804436
6643.820313584016,0.03712447106925326
6736.332134458431,0.03829275377340926
6826.598553345389,0.03745723662371312
6917.226941580756,0.03712420445726196
7005.557470465601,0.0390989553834867
7092.0997926744985,0.03912476168248997
7181.192360728075,0.03695913052091531
7270.376648618631,0.03676104583443292
7358.371688741722,0.036710712987366986
7450.73524941274,0.037968893926343804
7543.905283594509,0.03772329724008508
7636.299460804646,0.037036392521495855
7731.551842684268,0.03753681360289773
7823.252550663871,0.03794786761230933
7915.152920011071,0.0372541904555669
8010.5791724137935,0.03530160433320966
8105.030203185063,0.036229431117213065
8197.013245956497,0.03599274907562452
8288.885232300885,0.0361027819184705
8383.239900387382,0.03582317293890046
8477.680242157403,0.03585027858633146
8568.919530710835,0.03532839613109911
8662.314912524298,0.03651990995691791
8754.851790405088,0.03649730353088803
8848.8133573507,0.03668427236732083
8942.649606842324,0.03661372429559777
9038.737799834575,0.038127676171587396
9133.660117056856,0.03712877850915854
9227.490811109576,0.038317576037179814
9322.087412105337,0.037461924495338
9415.738585746103,0.03655424007449337
9509.141119557706,0.03709919121819516
9605.990205545593,0.03755220297594367
9703.907707209077,0.03755933230630379
9799.11260827719,0.03761080822420282
9896.982251802552,0.03655722289192797
9994.152273675427,0.037171101963179194
10089.040171768944,0.036865212950622325
10185.455952870256,0.036526705460830665
10280.856370442258,0.035479187876232644
10376.322464769273,0.03606303692195258
10474.782789153292,0.03781438060191812
10573.317327766179,0.0379993783676532
10670.509855272227,0.037703148889577646
10768.82820052479,0.03693379592239568
10869.731795441912,0.03685376189995414
10965.961189099917,0.038523619063966466
11059.726469776428,0.038667266455401694
11156.304209360287,0.038671511513908435
11252.959104186952,0.0370796180731991
11349.617659251071,0.03802161533082679
11447.247763248452,0.03530548313850239
11546.770277777778,0.03790399218506913
11644.15540166205,0.03791451741067753
11743.222405725295,0.03796950721993587
11841.31396957123,0.036779648065697244
11938.314814814816,0.037193425181368096
12037.105533926586,0.03840457652769534
12137.189824415871,0.03858839725034406
12235.563000828959,0.039105488546298216
12334.212896053363,0.037878602570119144
12435.31803097345,0.03832182218434996
12535.298667399367,0.03699891536272326
12636.493472222222,0.0367381139486897
12741.063257993384,0.038509438415451486
12844.101402972636,0.03680771967791276
12943.810556860577,0.037471406962797445
13047.75,0.03836335687139713
13148.13996393397,0.03601778557674022
13253.0428315659,0.03740178350581518
13354.507085301473,0.03835350991838106
13455.371040723981,0.038310954869790886
13558.135978909393,0.03647140042440086
13661.718421052632,0.03782800186031215
13762.757458563536,0.03647958953876743
13861.07719054242,0.03794281852688772
13961.339824465167,0.03755304729909806
14063.491068936646,0.03886677511445364
14167.320822409272,0.03750500947965438
14270.443480655376,0.03816246819252885
14375.455264253018,0.03781691165959554
14485.395781637717,0.03712956494671425
14596.09820441989,0.037626956522138925
14706.636325736521,0.037039971775156263
14814.102744449041,0.03826031500175682
14920.820321151716,0.039031236394816274
15026.591079096828,0.038569191107014456
15133.80658946788,0.03802463079529244
15241.291562932227,0.03899636840569834
15345.628551532034,0.03691125122408346
15453.553068790334,0.03800630456068972
15562.723292226687,0.038716933204954465
15672.141343741288,0.037515840155053215
15778.284017129437,0.03732085995416204
15884.827401401677,0.03706648165368774
15989.28686475979,0.03748180977791159
16095.873070562293,0.03826284119751072
16200.59881231874,0.03838035186064121
16304.963055555556,0.036684427075412876
16410.246947835738,0.03739396888636013
16515.12184640976,0.03962940549170694
16616.721177771633,0.039739603968896794
16717.204445057978,0.03731089634175406
16819.68139149641,0.038176867880042396
16922.78837370242,0.03943015460021167
17024.08387814717,0.038508975955101325
17126.980945853324,0.03828989966316167
17230.609088382436,0.03857080116966944
17336.552620718117,0.03841771854915027
17443.10532889259,0.037123139182539525
17549.044677330392,0.03561184877066973
17653.932306838673,0.035983419657163875
17759.84855172414,0.03778815162234368
17867.292881824465,0.03702667048196746
17977.32479108635,0.03790792666748778
18084.797053559134,0.03828435605518104
18193.21793983086,0.038357571340435076
18304.893564356436,0.03681955961708727
18416.906989619376,0.03678814019305986
18525.362183939982,0.03770301389119209
18633.13555586169,0.03651244122961096
18739.876803551608,0.037250478089210295
18845.631077348065,0.03583242625366294
18953.253276313975,0.037279657825714727
19061.499860685428,0.03612749247906255
19170.68243430152,0.03755825274913261
19282.355056489392,0.035993407141570614
19393.495630461923,0.035597053083350816
19500.292629262927,0.036907553846147884
19611.006950236308,0.03750804106723397
19722.4602626123,0.03663168874708961
19833.690390969165,0.03672022494187699
19942.915585321614,0.035595448590339404
20051.76236529428,0.03768227510403519
20158.37086733988,0.03710356509941775
20264.350559624152,0.036745590894162475
20374.433881442586,0.03765119633692208
20484.78271060251,0.03746032466179124
20595.705571766015,0.037848744597327975
20705.492354318776,0.037814522622238333
20813.702415458938,0.03726519645049846
20923.770204479064,0.03659631997869998
21035.759751037345,0.03637979904834077
21148.4477260122,0.03736260936590339
21258.78534828971,0.03792392186482513
21368.08589549152,0.037443184376134794
21477.566671272627,0.037447258518935
21589.629292511378,0.03906261104466502
21702.40979310345,0.038041883616738
21816.14040952779,0.03863661913072611
21931.36004405893,0.03836915384852857
22045.320825256164,0.038785649280464456
22159.303109882516,0.03737869128443835
22271.08631695809,0.037389455494717366
22383.81009350935,0.03815957537095964
22497.17216981132,0.03807132493885979
22613.561662753764,0.03810350362868263
22729.610190555097,0.037475857918437
22844.38972431078,0.03656127020970027
22962.300742574258,0.03729356292375031
23074.81653674833,0.037417279226720876
23187.916333011184,0.03690477409133645
23301.723667905822,0.03960410163832067
23415.23410724157,0.039223373188556454
23526.666112496536,0.03827873549097733
23640.409981926874,0.03734161118552289
23754.182232660954,0.03725853316310994
23862.582101919623,0.036899693584854905
23975.35478068355,0.03768844189187484
24089.712983425416,0.03755848490615024
24205.301834735827,0.03764234109954645
24319.353711182288,0.03741921517415374
24433.391159761675,0.038631989209269205
24552.401466924992,0.037313890830124326
24671.162829174136,0.03677561147970094
24791.141734454708,0.03810475815315525
24914.15723183391,0.03648420389490058
25038.264158800666,0.03797250892670342
25165.488561190738,0.03696107438422747
25292.153389479496,0.03742191315106247
25410.9382904795,0.0374833911203767
25533.32389331867,0.036739731846564004
25655.674645143336,0.03780887602604438
25774.476959161148,0.03665138794267517
25897.34494677174,0.035673385400609645
26020.20932168123,0.03727706270271598
26142.444704586145,0.03737031463576305
26347.867432998064,0.03689047358127149
26636.792419897767,0.03731390454441396
26920.298790372864,0.03533362375882341
27210.876782267605,0.03718668238251219
27503.22220143436,0.035956925136572566
27788.846995560558,0.03628935553677769
28068.397185203637,0.03678269212860661
28345.339601424377,0.0365898975162796
28622.60328726186,0.03672442018829205
28908.337468054604,0.0367464310177534
29190.222194466995,0.03647077780071834
29468.71463308186,0.03690261808110825
29745.257881265996,0.036365469859521174
30019.08854685942,0.03613404517439249
30294.21038507146,0.037967896593730406
30567.321461984655,0.037829739295927256
30839.003798020047,0.03854341512523393
31114.76911076443,0.037644894510150344
31393.114734676063,0.037461894366944165
31669.160379715213,0.038055902855107425
31951.928183690023,0.038087871610435524
32242.002055306428,0.038163672780292084
32537.703546453547,0.037251223236340746
32833.1640201756,0.037519058767634124
33128.06974135245,0.03693143016953433
33427.426907907095,0.038336205268226155
33726.66260339574,0.039266353621820016
34026.93357472843,0.03777518940917882
34336.6036642363,0.03865041671016647
34642.88367155792,0.039674242400619134
34949.974269515915,0.03784265350405286
35265.96627392307,0.03789818776799986
35575.92968457798,0.03741414567712504
35887.174590266484,0.037770175943240177
36194.660113233374,0.038951561715934516
36488.551033148135,0.03832865519432513
36777.91717045809,0.03838850765799866
37076.168878091325,0.03813006681941889
37371.174827802126,0.03864417407541218
37663.92125591826,0.03824236000335312
37964.4540978498,0.038184943974271614
38269.72847971078,0.03897149880673361
38569.08846129818,0.038557749596379136
38870.133528386454,0.03844217158501732
39171.1517099351,0.0384052275102228
39472.71127904072,0.03870389900458751
39770.80052313633,0.03784531428835431
40078.63088253651,0.0375257091465664
40388.58113066733,0.0375482980200208
40697.476859658986,0.03806247432730628
41004.603095356964,0.0378629652849497
41317.12410530902,0.03961795833791205
41635.85409897526,0.036688524227848976
41959.91720698254,0.037083383249632326
42291.06717814371,0.03769918684544673
42625.26354802542,0.03847777082761606
42961.53418590144,0.03967061618716226
43303.519450515145,0.0397311811716119
43646.75404631474,0.038630582166258885
43984.28361095514,0.0387334882887233
44320.0003743449,0.03774242823329185
44648.47842647518,0.038067363086215354
44983.356346189794,0.0386196070409713
45316.49310796482,0.03879168333672645
45648.683062153235,0.039241429096244534
45983.58813612239,0.03905502498509216
46326.906882591094,0.03907373038658553
46669.290159640805,0.03834624722857203
47014.05057830572,0.03777072354422146
47369.06464684247,0.039515316916712416
47732.94847994019,0.0389256508410506
48087.20381011868,0.039074355532465896
48449.809346027,0.03698647513885319
48814.27954502844,0.03968599487203617
49179.297927944746,0.038008372776947366
49546.62692259598,0.03930633564279831
49901.72979546021,0.038903802183242055
50254.33951924274,0.03844805869958228
50608.00149775337,0.03964571836217891
50967.67528251233,0.0384340857302285
51340.05620360551,0.04049135912474725
51703.7717790647,0.04089139921881999
52058.37161740865,0.03993236630573349
52424.327972071565,0.03834591374624336
52791.00405844156,0.037705263073751216
53173.99239069419,0.038260945030053825
53560.490454205144,0.03699557577386806
53937.17989912199,0.03827651422219695
54315.795556665005,0.03879448900163841
54698.894986576764,0.036499881424117295
55098.43277625343,0.03793649896004957
55488.70243659251,0.03602741099312869
55875.09679027735,0.03716761928682622
56263.23263217028,0.03692080556880574
56646.14066687442,0.03763131393574104
57021.08141129535,0.038138672761954026
57381.55602721768,0.037498286569641576
57734.247548866544,0.03832752463059797
58100.267766023644,0.038102765534929736
58484.77555985279,0.03806326022866288
58875.689254960686,0.03896063443440447
59261.57265010611,0.03922704471665169
59641.13444486075,0.038467590694849646
60009.47869892406,0.03929968251806565
60373.78366225331,0.03773890849365114
60728.369418807684,0.0371793943401836
61077.36228179551,0.037288960675529774
61428.28541080912,0.036600338897970756
61771.98502994012,0.0384101533013019
62121.63956454121,0.03869705999479223
62471.42872313843,0.03727115406057504
62819.64841264891,0.03762378915058479
63172.37191887676,0.03846194562121845
63536.34478887295,0.03715383445486878
63896.44326683292,0.037750219866607454
64257.302125537615,0.03796613972110385
64621.65935708946,0.03727105253878842
64977.58959429001,0.03831249745269981
65333.75066790929,0.03958653605209717
65691.7740363591,0.039170846159464395
66045.97226204575,0.038379811378389195
66390.423900156,0.03829596715881045
66736.02762706579,0.04087805792946115
67088.20463176243,0.03722018365260148
67450.39390160254,0.038657091544173926
67815.3727766336,0.038829343270340634
68158.43292340345,0.03925619888921857
68497.24739826759,0.03980857294033687
68840.50702115709,0.03948249039890337
69201.0794570023,0.03883349699899054
69561.12610025595,0.03929824980408536
69921.01290765106,0.03995192905562026
70275.62256493507,0.039609427477333196
70634.64013452915,0.03858968789630977
70999.61062940552,0.03950760299295408
71381.89294176332,0.03877303735901994
71757.79975062344,0.0373712593286698
72130.1007936012,0.03829776300477781
72512.22388245548,0.039116535195027516
72896.9293219915,0.03762072312032605
73275.59429319046,0.03823991982275912
73642.18396960828,0.03748717436486031
74014.4407857811,0.03935031705522439
74401.0458400898,0.03922831799727165
74787.05659316634,0.03941276119295257
75168.43881435257,0.03873591089946083
75548.13671169769,0.03749504379877376
75928.61895249391,0.03726571159057229
76310.40290777487,0.03818138556004803
76681.62036921542,0.03827424802364688
77060.70141353758,0.039383237143413
77446.99769139577,0.039430498355274575
77831.82595391244,0.03878849172681717
78220.10321657438,0.03790995588784556
78610.64857606795,0.0362429419167403
78979.41974152463,0.036535106237092704
79352.49012030169,0.0380197061708263
79714.31420901486,0.03784394176835613
80083.97516958119,0.03736155996388571
80454.42407788803,0.03833069399072777
80820.91117907746,0.03760122098127709
81197.48503367424,0.03774453341518917
81574.0092962316,0.038597591414894286
81947.83019690927,0.03797509331050675
82308.24859497939,0.03955229364716188
82673.98193821624,0.038864095540317105
83054.1322107889,0.03718258167018266
83416.33700865881,0.03890970392787949
83788.93598950852,0.03749658400379275
84153.32582376436,0.03746063293850307
84519.27897423129,0.03754985589986392
84891.79807331414,0.03692834806020568
85261.4242141301,0.036657301713030124
85632.54458161865,0.03708222216907005
85997.43151923196,0.037141362296508634
86368.81730769231,0.03744043514063806
86743.2497193464,0.036885115195714205
87102.09485771343,0.037778467793405636
87460.96770170845,0.03649218737845448
87832.74165574895,0.034938378254645006
88199.79241753445,0.03566019061861319
88563.54864831195,0.036573502659071694
88930.07551530293,0.03713938781269555
89291.56027661829,0.037937490110871545
89666.22143080288,0.037295152029913625
90045.3002240478,0.0372930568980707
90429.06910543729,0.0369765096652347
90810.9439835319,0.0366726955923858
91184.58353102759,0.03753266908687634
91589.58035992278,0.034903542492797854
91996.0950836037,0.03632302608758672
92396.56223122469,0.03524750706043389
92807.37340903419,0.03466622132352003
93225.40509331503,0.035457180634927726
93634.09956359102,0.03561822731979067
94035.03425937462,0.034337650176331384
94452.24869109948,0.03739264483859342
94878.27859732466,0.03849451378306968
95316.41778690564,0.0389016499430563
95751.22636800399,0.03760996358285555
96177.81261711431,0.037739857731252525
96596.63424051815,0.03620684388831852
97024.47968087759,0.03633486637667162
97454.47798153693,0.036035223143030634
97873.71637135014,0.036920818482625156
98295.57119680519,0.037157125327220465
98727.99818840579,0.038798415008582464
99169.2169635073,0.03759240078900311
99621.19556275707,0.036856184818449086
100073.98235220753,0.037962654935417305
100519.47486731189,0.03663295399556081
100968.89633004619,0.036948867557114184
101411.33810888253,0.036847087451817584
101849.39155949556,0.03809652109922192
102277.50599101347,0.039713904723863144
102710.36988859152,0.04064577217780866
103142.05918303711,0.039204642747990216
103574.14977533699,0.03835473359965061
104032.04472584368,0.03598325876707447
104500.62155748454,0.037174751592951256
104955.73414725302,0.038328080846264566
105416.3974183088,0.038186500229432555
105887.10500374345,0.03654602422303071
106335.29925140362,0.03710585129506604
106779.12189644417,0.0364890958097497
107222.48025414227,0.03714546390081027
107654.473185333,0.0385705894243704
108077.09676411794,0.03932751523255755
108491.57834775571,0.03932443485746989
108892.94394450694,0.03931397316652487
109316.85860974547,0.03729374020046019
109745.5152574103,0.03797970908609865
110173.90150333729,0.03744083873538096
110600.10959930097,0.03787966617701418
111023.39765425168,0.03879002041929573
111431.67811720699,0.038125597881340845
111837.04935194417,0.03720458711158628
112234.35436953808,0.03723189877539947
112616.81577471808,0.03722501314178517
112999.28082662172,0.037336541547427785
113377.48534912718,0.03631830751483136
113758.56456737059,0.03620669922977945
114133.93288338957,0.036389193558091774
114510.2483501432,0.03572312262970113
114889.09130679333,0.037071463580564644
115272.3935805547,0.037463280800900244
115660.91924420054,0.03722469984823886
116051.02800998128,0.03737798670339631
116436.74144486692,0.037791287249120196
116850.21230654018,0.03798780324598762
117274.47484570787,0.03806458780671311
117675.20471556886,0.03858532773992438
118072.47851842614,0.038538907941734264
118466.687250499,0.03659901453660639
118863.00779107455,0.03706446595130365
119261.65252171739,0.036521803359556036
119649.12090994079,0.03744347606655288
120018.47102396515,0.036515638614442805
120387.37422661083,0.03724916275328177
120769.21590767312,0.036343632843252295
121172.61563862929,0.03738463652257021
121572.80541687469,0.037563757043005984
121974.25398903017,0.03572210409445938
122370.059021712,0.03704759674370658
122764.31483903107,0.037447418170254286
123155.14857606795,0.035414435663197706
123548.26288242258,0.036196406072329115
123949.7497346238,0.03644703744598472
124351.1476401272,0.035809899761488795
124735.55329505741,0.03609532094833329
125119.76680384087,0.03696169046052764
125507.89182961764,0.03657457264981736
125882.15786516854,0.03784025447870774
126250.92527156949,0.036034482308052874
126614.65988046321,0.03688329377551845
126985.39221930811,0.037210795467419636
127355.60324970429,0.03685581157844301
127721.0566143848,0.03617813731506923
128093.25255356253,0.03651245659568961
128464.52390450664,0.0372743002373744
128828.4512682744,0.03820931451148978
129204.62369880945,0.03852809102862471
129589.03783817479,0.03839502157014732
129983.68331668332,0.03896054156238232
130384.58016075769,0.03835369360867937
130783.99545001246,0.03938762963555889
131166.32804596267,0.037592399892515616
131548.36748190667,0.03743467682654178
131924.84833769145,0.03757912814794035
132304.41057698318,0.03743122819582579
132675.0805126929,0.0372004270502244
133045.15237619434,0.037621901963291605
133415.26962925977,0.03919130989729371
133780.4990663513,0.037313427241391896
134146.12893964926,0.037723585288085504
134493.60434619707,0.03811713194476705
134856.14889637113,0.03722706852200533
135227.63592777087,0.03811431494995797
135601.30505831723,0.036937523176852144
135973.33487326757,0.038370876101619954
136342.7977906759,0.0383228142450333
136704.62626073963,0.0378738345561842
137066.44250109314,0.038644672491794714
137437.8675179072,0.04029102974383271
137809.13176647082,0.0390538356561437
138178.19496111976,0.03817545217267934
138547.13892357642,0.037594301832058974
138915.88637355785,0.03712955607414051
139287.54586241275,0.03712027108626582
139668.09814191295,0.036454539732586604
140040.4669416323,0.03854070997427116
140413.87778124027,0.03752101232225559
140790.49423568268,0.03792006757142563
141164.05358033933,0.03732881084949414
141542.10268414483,0.037900482576931876
141938.52288886116,0.037571185209950494
142341.0803643851,0.03832772550321865
142730.2880214504,0.03846842437428705
143114.0007484563,0.037429046118512416
143495.90463724756,0.038923057779170746
143860.22839852766,0.038634760912660646
144225.64021921903,0.037598462989376316
144597.68731673842,0.037350284270295686
144983.1023415548,0.03731518732477031
145368.62891866625,0.03773798630075885
145748.09917715995,0.0373472095510571
146114.17817024465,0.03646650925802667
146487.30179028134,0.036628857474344245
146853.35400162186,0.03576086810094909
147228.1224438903,0.03706768257718573
147599.2137999875,0.037670337002106764
147953.7038952945,0.03696081381755068
148304.42888334373,0.0372473671999502
148660.9685103199,0.037062031058404256
149026.90917030568,0.03618557976986488
149393.91682797376,0.03697988926092358
149742.26409680638,0.036722052876189674
150090.87437686938,0.03674747046132109
150430.33632510595,0.0359677439827686
150765.96381928388,0.035401253071135334
151110.01920798255,0.03680218198945436
151461.8797933267,0.03649547640281395
151811.12802746566,0.036814939994437794
152166.44619602468,0.037159972412759354
152521.4478477854,0.03684565722556824
152876.44221418776,0.037727513597825016
153237.25034370704,0.0367391310085985
153591.3320867614,0.037100254753492434
153942.63378875787,0.03855149981755647
154290.80587722576,0.036043272306274424
154647.5729979402,0.037140714886082754
155021.55024937657,0.03894461221932507
155394.01348819782,0.03878573335857443
155760.5144227774,0.03762749948627926
156134.05220808383,0.03834491240882103
156505.13140006235,0.03766470131033056
156874.73893253523,0.037918517991482936
157234.54532967033,0.03857466190399291
157597.45621143177,0.03820938548662812
157962.8801021998,0.03717958255667336
158347.95529646488,0.03779696070942396
158740.36820423196,0.03867552427787457
159120.67511549508,0.037434654748836345
159494.79417258126,0.03623003739657678
159883.35632757438,0.03646346268408135
160269.7075442215,0.03687714708335957
160659.71178522488,0.0374413217006189
161067.65345547453,0.0373999480723582
161478.3727914091,0.036573118867426035
161882.91893409885,0.037057835576993624
162282.17763363064,0.03684726403127803
162685.6613054049,0.03637997662463795
163081.75689676695,0.03711351279030758
163477.0094745372,0.03664442038359738
163882.3225565315,0.03675990126537277
164278.36761679038,0.03706321919745517
164668.37570233486,0.037553838306646034
165061.9199226064,0.03693570753213575
165463.2525843816,0.038464701467649
165858.0740671409,0.03945103841950103
166267.72231229732,0.03874573447643957
166674.06642527157,0.03631795987592825
167076.9995009046,0.0349750424890129
167481.4769259513,0.03739446084310949
167893.83313587328,0.038717747703509255
168318.7651973315,0.04044056363900107
168755.86100193398,0.04035541910338617
169210.4121718526,0.03749461631165098
169656.38496099843,0.036928998917218084
170126.16141290806,0.037853766737353294
170599.06308892355,0.03847487373902355
171075.04901960783,0.038791969383869924
171543.14895340145,0.03867153959258689
172012.50813438883,0.04025504824036993
172472.6566167291,0.037973056503302266
172926.95959344017,0.037130016984283365
173382.7370619778,0.03717857242071107
173843.87734082396,0.036139746047196185
174299.0603002554,0.03724432958253949
174739.781838593,0.036401828092441135
175182.44970968345,0.0354332500636742
175637.0981686807,0.03625365910663828
176090.36549616416,0.03625770062386412
176552.7080912215,0.03640956996643412
176997.64752055818,0.038031855507241204
177413.48283610036,0.03689039033124485
177839.2781002309,0.03769069116096114
178275.3190375265,0.03688264817981929
178710.2600871731,0.037129272259073295
179149.24406991262,0.03863705229504765
179592.651629385,0.037642747351567855
180039.78455969543,0.03856752613691955
180493.56762998566,0.03672719081055049
180953.2573868595,0.037243155358078796
181408.97045596503,0.035434650491557695
181868.62949101796,0.03631554311012098
182315.0683925571,0.03798682636383915
182747.07799425503,0.0386366234638735
183172.19084730968,0.0396273705659655
183593.83829680964,0.037394768321238156
184024.9154622477,0.039271486858151905
184460.78909612625,0.03780384451378683
184900.3789683777,0.038056787019944825
185343.65330423941,0.036522823878403096
185791.48792963632,0.03701467635548609
186229.70696107784,0.03622572608941109
186661.01159311892,0.037232441794613796
187092.52110217567,0.036021408172918754
187536.47086712415,0.036836292821077865
187983.49301135654,0.037229500637621184
188420.75307332294,0.03648295909331378
188855.3896136321,0.0354981634419596
189288.3296395443,0.036110725483625865
189724.12556949386,0.03554315093839589
190170.6110695587,0.036455635217601416
190608.5086986344,0.03595955850512631
191035.71169090568,0.036741727524920234
191466.98883552672,0.03731590415298896
191900.01488632825,0.03695236558274292
192340.67806552263,0.037521916462346996
192792.06791393826,0.03875238736171075
193229.70645927035,0.038937344601348164
193671.4989726667,0.037877197591619186
194107.88343213729,0.03749046437082319
194554.4338056301,0.03645318306162534
194995.96373605833,0.03648964292057869
195417.57403132215,0.037126613524934154
195838.0880204757,0.0358150186975604
196244.96396508729,0.03669621813701143
196690.42145570015,0.03768527122088763
197145.0130510803,0.03780298601645521
197594.524103139,0.037576531634689624
198037.0741826803,0.0382162576563642
198474.23000124798,0.037887342276256175
198915.70696427458,0.03850708885563472
199372.07936903797,0.03821545132163468
199823.443106675,0.03679510985852857
200261.41852198317,0.03696460267006462
200692.41014429383,0.036896836745213456
201130.19093004422,0.03654600078780217
201565.27404956613,0.036948461216147636
202000.89246506986,0.037637415785639686
202443.89104719213,0.037123578938840364
202879.47781868099,0.03752243211120863
203305.3579315077,0.03817199995563167
203746.39960064893,0.03823347133467705
204185.43792071802,0.037318437223924285
204617.73947532792,0.038020842786087576
205062.71943387992,0.038857549634909366
205529.69595563033,0.040026444541699145
205986.6727386151,0.03809833763230543
206443.32457399662,0.039119517420074426
206903.6528884462,0.0393465214488928
207358.0240039903,0.0380428152924312
207811.12979719188,0.04006633123540786
208278.02412718206,0.037528528017552944
208759.48429597254,0.03788297393671756
209241.02489238256,0.03829146118515716
209713.48897471034,0.03848578714608327
210194.40092367222,0.03697243207603362
210705.9335577163,0.038956279602791695
211203.70801372,0.038076829361627526
211689.08937152842,0.03710303822083468
212165.95334622342,0.03695127351146558
212644.06283897514,0.03767816534736591
213143.92875857768,0.03800373117173438
213659.5537798864,0.037434677009386505
214153.0522741433,0.035835216995741236
214653.31017710152,0.03689705084699977
215145.69386610147,0.037353708270558894
215648.82944624595,0.03759571302756203
216158.45752245508,0.038126577434032506
216674.92113150994,0.03761152155130977
217187.74861310227,0.03788939307060162
217686.82202384667,0.03736673131413437
218171.70839827918,0.03879000340052103
218641.94627609846,0.03813526795428967
219125.40976552755,0.03758359024732296
219612.80748596383,0.037886137684305696
