D,r2
19.53754365541327,0.3734119246832411
25.574389885327843,0.3398704543096205
31.590137547556335,0.32265421887457035
39.03209512785436,0.314429299952809
46.530546127738354,0.29410173798960243
52.61266858614942,0.28871317170680144
59.995180464817395,0.2881024166341392
67.57034819599811,0.27353178218206686
73.59075258239055,0.2617988749576362
81.03863393810032,0.26440898852836825
88.6302039440418,0.2588596971867888
96.0978370503194,0.2511896286324834
103.57823710283567,0.2513732050961807
111.13467303208616,0.23847135553681284
118.63238221632382,0.23558449884057464
126.01701301667048,0.23272167705327865
135.09953596287704,0.22713654505758002
142.61083232393148,0.2312665568267734
150.16955909943715,0.22776492415426897
158.98768531802966,0.22163493774139442
166.5699848408287,0.21077507382082053
174.08299881936244,0.2159375419503431
181.62165988320652,0.21982627451833842
189.15325492022825,0.2036011990153823
198.10125337920866,0.2105281198947247
205.64785635764017,0.20321484997261802
213.1045278782587,0.2049496773035632
222.1021861950381,0.1994366015525534
229.68905109489052,0.19536513198818864
237.22678027997566,0.19609074700318904
246.16202624800687,0.19520434632792352
253.6212749905696,0.20460338855300347
261.1437835141539,0.1944996962139678
270.1276430146582,0.18772998822597572
279.1563115723105,0.1912929327430474
288.21983383885004,0.18417656418118242
297.0072057646117,0.18752062002433414
304.52220604295593,0.18394788669281872
312.193326408725,0.18382109964267498
321.2105060858424,0.18711195954073526
330.2215481999209,0.1929244665826745
339.20972203925703,0.17935696353436134
347.97009084556254,0.18426471469180408
355.51679680406755,0.17764324457495775
363.23289665211064,0.17211103483560447
372.25141577769,0.17737725099482196
381.25910064239827,0.17199742506141674
390.2624781380331,0.17703523083861467
399.2328598743513,0.17233151038374095
408.2901798063624,0.17122069962109354
417.29062996294334,0.16790460116794653
426.28370747830877,0.16438320410573262
435.2985221674877,0.16516540574626237
444.2762587980509,0.16821181742965355
453.2901982378855,0.16996017436334143
462.18540736607144,0.16238562510371618
470.9285228971328,0.17017748781190334
479.95235472321673,0.16619230570596183
489.037651025569,0.166909862894401
498.1775228731394,0.16000226049826918
507.38038010061484,0.16290378624947977
516.3224709549447,0.16946636364658735
525.3998029833944,0.16063235910390852
534.3178217821783,0.16096340122798647
543.3456667141028,0.16040258654186726
552.3455377574371,0.16334395247445965
561.3905848787447,0.1552148507853074
570.4510831091604,0.1553556471295443
580.5072598443489,0.15829706816344358
590.801350048216,0.15303268219878055
600.159513490843,0.15039245618105043
609.3313600710375,0.1464029407650524
618.5011754334411,0.15402383908529715
627.364837100088,0.15010998334473727
637.4461942257218,0.15322591613088743
647.7845029642906,0.16071147999614663
657.2390086810417,0.15390912017826283
666.4127031019202,0.1504927778250844
675.396024695076,0.15195632618473143
685.4659610295887,0.1587551247484508
695.9011815252417,0.1491050517091854
705.5106859961141,0.1522998884150859
714.4110475617098,0.1503350499614022
724.5445800961894,0.1552490761874625
735.0009703354589,0.14636043283782363
744.4506743445977,0.14710329168556135
754.4518807397156,0.14985026416444666
764.9748689692245,0.14459399788783625
774.4924879807693,0.142285410652922
783.4962589708352,0.1468862116796271
793.8048692298421,0.14168016642346257
804.2112914608327,0.14370688165416923
813.5450858034321,0.14359120576988274
823.7771842355176,0.14391170362541614
834.2959953569356,0.13681494411021122
843.5175336060784,0.13735159287295184
852.5783040488923,0.14086977436082734
862.730177655896,0.14179011596927735
873.284139100933,0.13649207565321786
882.5494407158836,0.14215304240590318
892.5062998200051,0.14444009279944275
902.9568275862069,0.13522164939996043
912.5618948309251,0.14108838713941999
922.3680130048768,0.1367809039917323
932.6578720963579,0.13741770048381052
942.3312293788553,0.13472795315429645
952.4426694150992,0.1368196326211601
962.7481725670059,0.1408519675309584
972.2633431910998,0.13514897646411864
981.6957859120271,0.1335844094829866
991.7705766387382,0.13513049995425006
1002.2471728594508,0.1376180121940965
1012.3807697225419,0.13576939011996936
1022.9175794085432,0.13293795866532127
1032.628765060241,0.1292241909358903
1042.5632557534782,0.13287904708572223
1052.711625282167,0.13003850773209705
1062.3139683895772,0.1302720619271708
1072.4747143044792,0.1318905925178909
1082.9102040816326,0.12904306650767963
1092.7167908131596,0.13298503081502647
1102.8793297486557,0.1289198889880769
1113.3417547083143,0.12872972056137555
1123.4448510193413,0.12645331016902617
1133.9741677027214,0.1250107709960269
1144.423915935089,0.13006603923584686
1154.5841855105862,0.12984078731508333
1164.379221174323,0.13056092552254894
1174.8366005113844,0.1269236642116854
1185.4088855421687,0.12846610193329092
1195.4773397693752,0.12267880809817706
1206.0030223931858,0.1256047922394805
1216.5521161484728,0.12745855957236846
1226.9758526603002,0.1270353638959934
1237.5186408034117,0.12795703695940974
1247.985990935311,0.1247314221125772
1258.5827160493827,0.12607745629155323
1268.6739130434783,0.12123100772637457
1278.3295013436846,0.11746886988764356
1288.9475343675117,0.12749167905895983
1299.376224594239,0.12331501499512687
1309.9359732579069,0.12230317404782233
1320.4642366936098,0.11987012436802552
1330.8422058074375,0.12272228411866037
1341.3508510002987,0.12093195965159534
1351.4820272689713,0.11872546818552175
1361.9116793365583,0.11648259184364347
1372.936108929039,0.11920313637412283
1383.467944964871,0.11941725033193568
1393.4965734649122,0.1236779828400043
1403.9386237663919,0.12158504828486463
1414.8589316637804,0.11692009822839969
1425.4822705828642,0.1148801168758415
1435.8746044303798,0.11922029619453658
1446.3956611570247,0.11856809075363299
1456.8765083440308,0.11862488945616965
1467.4138802199436,0.11576006571280671
1477.9190315022129,0.11910633223910211
1488.462901772304,0.11728540497079062
1498.95872491745,0.11828006227497845
1509.474306569343,0.11546875865847847
1519.8991385023194,0.11613687914067845
1531.1346283555915,0.11720747809193048
1541.9795575469057,0.11836856690516284
1552.4921299638988,0.11513583360228352
1562.9379676234526,0.11716940004056679
1573.4397986295623,0.12063790784580405
1584.0311273514685,0.11650385010154125
1594.5595354694278,0.11389425443153915
1604.9954386906359,0.1124299666380827
1615.5394573750173,0.11229371705853572
1625.9304649548924,0.11507888426328199
1636.4601568068424,0.11745399496977699
1646.940825998646,0.11416648536144022
1657.9027106816961,0.11311278781012724
1668.4478013760095,0.11412635143990954
1678.5637200223089,0.11596781494037488
1688.9728923827595,0.12099875291858624
1699.987440507668,0.1168502380203107
1710.4488841978286,0.11366209623738967
1720.9679495599632,0.11667671648195012
1732.0771211710492,0.10898484917723612
1742.9497029155727,0.11973240585459753
1753.8843054227564,0.11318319547394952
1764.4840361445783,0.10703377636665411
1774.9246963562753,0.11411691720596279
1786.487597911227,0.10825469166045718
1798.1156232374506,0.11191665116695404
1809.007785346865,0.11160277162752834
1819.9723304231027,0.11085026346228725
1830.4873846153846,0.1085877901966075
1841.3485158648925,0.1098659238782792
1852.4000876424188,0.1126287305261053
1862.954558364101,0.11113569316321356
1874.348112490499,0.11145014153554536
1885.8754020416725,0.11179091559307909
1897.1765898884544,0.11062741615508845
1908.6159335668872,0.1123304760357316
1919.9220261809903,0.11201298612343011
1930.980250612912,0.10890626820227899
1942.0140476518386,0.1059096312413001
1952.9725928074247,0.11556823318410293
1963.942785724205,0.10692623358696995
1974.9773043720413,0.10721639774198184
1986.54065963413,0.10827468965078252
1997.955279325618,0.10678909512572689
2009.3935432230523,0.11249109843008206
2021.0090128150964,0.10914157330281772
2032.0692682926829,0.10150154044912812
2042.9414375715921,0.11243585287329952
2054.4804214908286,0.1085639423416562
2065.954289020686,0.1080922697096157
2077.5329341317365,0.10538307336875885
2089.002894555479,0.10685543524926057
2100.0214790255154,0.1061736683981976
2110.960397425133,0.11081003759226372
2122.498544203282,0.10564903859014695
2134.052266740607,0.10377682113739292
2144.9127105666157,0.1071348297662541
2155.8828904822158,0.10282985101746712
2167.012598643223,0.10165921302484514
2177.89154888953,0.10643514279703753
2189.4328515111697,0.10584962015645939
2201.007632467342,0.10492370579162813
2212.560606060606,0.10652130677803848
2224.048389426549,0.10207213514888493
2235.582647917219,0.10320282572231755
2246.94669009959,0.10127891858840017
2258.431760797342,0.10222084002520221
2269.9560612566193,0.09833288136008497
2281.5828089436336,0.10202411450596413
2293.0440306048795,0.10199486132429803
2304.4559726962457,0.10123272828335156
2316.431899880176,0.10084499271905444
2327.954613095238,0.10548636237229538
2339.481722177092,0.1000835599992382
2351.4702004574197,0.09928203961523868
2363.0361015981734,0.10218593617745184
2374.6516868915855,0.10532159143600921
2385.9866936650274,0.0974196248782463
2397.467600471266,0.1026601168393857
2409.001450957632,0.09700536141558709
2420.512662468176,0.09469979650041899
2432.014682366623,0.10101559891611461
2443.468130405855,0.09819867052277244
2455.002399774139,0.09880279224673831
2466.486038744155,0.09776054024064901
2477.985247780006,0.09548736124087878
2489.491527667461,0.0930965168113049
2500.9594711123887,0.09683317171739818
2512.0392913273326,0.09249603027163252
2522.996926086349,0.09603642381370339
2534.3766683778235,0.09524764828454474
2546.3118852459015,0.09499964304035297
2557.9935275080907,0.09694093743932744
2569.558239978405,0.09681709851626662
2580.9671637510755,0.09393514262352855
2592.564882454509,0.09443040289710875
2604.011053689348,0.09065648755872699
2615.474770955832,0.09515782118595495
2627.4463705308776,0.09601924830256807
2639.441349173836,0.0899279492849604
2651.4341908261877,0.0922954450120426
2663.0645731977,0.092093440821189
2674.511870845204,0.08912108963669457
2686.605662700041,0.09309293777753423
2697.9822375017907,0.09151390676501972
2709.5507046145344,0.09336335653607443
2721.4691717385554,0.09540000682048891
2733.480984340045,0.0960464741789988
2745.533157236202,0.09400077722121926
2757.5839475839475,0.09284449496213162
2769.103518761863,0.09656212075061482
2788.034965458732,0.09157919984153574
2814.496340143848,0.09173524877829382
2840.4646275098517,0.08906170461515592
2867.0104011887074,0.0902592490524771
2893.938290148955,0.0912832676838307
2920.9916259168704,0.09089998609884081
2948.0909940209267,0.09092976024756157
2974.9233778329713,0.08812502010235036
3001.5211049438494,0.08863489009499402
3027.8832252085263,0.08633602135169534
3054.958913350095,0.08821831983117985
3081.58843537415,0.08927898018450997
3108.0861707377253,0.08792974398047063
3134.9044154540893,0.08571973281186497
3162.0326829568535,0.08567423115541302
3188.950978541313,0.08618113456180335
3215.991647590175,0.08754327497198162
3242.862435849293,0.08587389316978604
3270.409561998766,0.08585315807751662
3298.0334209538114,0.08544070794277578
3324.9365884194053,0.0871323185713373
3352.4153685759843,0.08539385879677885
3379.8533064363614,0.08522710563780972
3407.0726558042224,0.08371142699018058
3434.4923237533776,0.08404586330301182
3461.973120615805,0.08274082998261659
3489.4819474147694,0.08645721592312665
3517.535026602483,0.08580790101307488
3545.435951831285,0.08335205670678265
3573.5806334622825,0.08226844216365216
3600.903912764593,0.08045349530151101
3628.4729854893485,0.08038390624731846
3656.4188120055255,0.08213549659524068
3684.967757905811,0.0851955466558399
3713.6068349172383,0.08347659149349182
3741.4541820226123,0.08207467525110876
3769.5646787848605,0.08138357034780064
3798.177339297751,0.08005659836740166
3826.414323209599,0.0804365171355392
3854.48504097059,0.07975540582037759
3883.1344122137402,0.08149569323485603
3911.6297412710373,0.07871723634103805
3939.512262434924,0.0810849445567939
3967.7434847356662,0.08133660391073634
3995.338489941431,0.07890790096795663
4024.5090809361286,0.0795471263465207
4054.0715768287314,0.07971096504297398
4082.9224630118483,0.07726927775978777
4111.936980085707,0.07880665762524161
4141.0883841501045,0.07841004930822201
4169.998431520171,0.07933099835410679
4199.058929013109,0.07656765891188133
4227.371994342291,0.07867925135475524
4256.061510543771,0.07879634267023086
4285.462360248447,0.0785611235224963
4315.428937259923,0.07631236899583624
4344.8861386138615,0.08065816793201441
4374.520334707438,0.07954078434716036
4404.476532716705,0.07862716940283283
4434.268657646985,0.07496297643998975
4464.431604938271,0.07909743994432028
4493.957648983702,0.07515224915195003
4523.452546950569,0.07684155773315549
4553.500404304285,0.07347121235429926
4583.482353676057,0.07495311119214397
4613.569157888175,0.0748467056668965
4643.379928315412,0.07452755982683597
4673.434763708626,0.0750524834004718
4703.5764283947565,0.07495720084750648
4733.565567075087,0.07423971312379088
4763.571028386455,0.07447661961281196
4793.597974652087,0.07452991750300994
4823.652081109925,0.07460768493417096
4853.898764374847,0.0735468669055388
4884.49638433,0.0734261216063625
4914.487028817904,0.07459063032378499
4945.078580717072,0.07139288182409993
4975.475734965882,0.07196555170496365
5006.11215299198,0.07303353603557614
5036.571725179313,0.06952833403622344
5067.106535250173,0.0711254366782698
5097.870959752322,0.07098983508317766
5128.997840838988,0.07168298920540021
5159.502659574468,0.06996568285569292
5189.986521060842,0.07225150039507502
5221.506262278978,0.07153081905090658
5253.09301003978,0.0707811390122343
5284.14211663067,0.0706366706705964
5314.523150478108,0.07270308866811584
5344.996301091178,0.06582198412776069
5375.888404533566,0.07206575553396148
5406.923590551181,0.06852552169195703
5438.015686758893,0.07130726824292359
5468.916447120813,0.06839974646612028
5499.884852294154,0.06812276894523382
5531.4336484164005,0.06988577343323239
5562.435535191549,0.06738863017883338
5592.851209777999,0.06777839597432965
5623.941684262824,0.06754368958351677
5655.519597002089,0.0679141241013358
5686.981527328128,0.06653201169755257
5718.46151965279,0.06572895790629633
5750.575484592446,0.06762910313015749
5781.9752944922,0.06986389858119779
5812.887612230803,0.06625183918044994
5844.529781724011,0.0686859410274591
5876.503909376347,0.06602906030328969
5907.917924227953,0.06844969845664606
5940.05802837484,0.06625853208154928
5972.449696742325,0.06811085110548115
6004.431341883015,0.06821901592784725
6036.422026984625,0.06575420387106123
6068.320208490329,0.06715764889494652
6100.429475531048,0.06927995472285264
6132.462542741685,0.06523649993017855
6163.976328380761,0.06631045173615065
6195.856425763532,0.0683109354257731
6228.426700914672,0.06892061709813133
6259.818660408474,0.0679972110973297
6291.575647795653,0.06934218301343588
6323.516637587239,0.06823269319225803
6355.476736219246,0.06743236244912351
6387.440355329949,0.06925109080676503
6419.414023894415,0.06753684366547372
6451.899391357273,0.06554790038675255
6483.934017313241,0.06751646524699767
6515.3119448412945,0.06545011221241247
6548.184509126789,0.0670992327882495
6580.474746200895,0.06554883767798522
6612.920412270537,0.0620219698997986
6645.187484133029,0.06341335134581355
6676.694512946979,0.06393654704071859
6708.1293048672005,0.06270330802011785
6739.39279268065,0.06393840393433105
6771.977607361963,0.06382400249184982
6804.39374800638,0.06546557054416215
6836.984981303255,0.06641850790283396
6869.689550348322,0.06383235348192598
6901.4648125,0.06333396878194249
6934.675123498201,0.06162852943456151
6967.989195230998,0.06226491312986736
7000.733588761175,0.06192261963805794
7033.08061728395,0.06233452001103163
7066.006639523958,0.06381282047309392
7098.902637679344,0.06309817898884085
7131.971649484536,0.06242511051586524
7165.472331418204,0.061779880438039024
7199.105306328475,0.06298766973415434
7232.452801615345,0.06478648420986098
7266.124166561832,0.06387785143694234
7299.402856619667,0.06321957818230647
7333.535129456837,0.06330333309950625
7367.045878497605,0.06457261715331515
7400.382748157781,0.06673313869628679
7433.978532867577,0.06320562485392975
7467.48072408254,0.06330159518722787
7501.401377427561,0.06295746944434652
7535.694715626378,0.06303751204052616
7569.6099375,0.06312941491653533
7603.6868230488335,0.06505691790951268
7637.408193484699,0.06457614270509297
7671.547325882427,0.06508413490194434
7705.603443973047,0.06483677751199568
7739.418406661695,0.06344923761686556
7773.407507545272,0.0639758708089692
7808.160206236799,0.06220447450962239
7842.457058304999,0.06286195294385215
7876.458911819887,0.06335263746116947
7910.851672292114,0.061547939514283126
7945.972745011644,0.06497633651612642
7981.1187116564415,0.06404378188842746
8015.972769593776,0.06480827122077336
8051.615738751458,0.06415488909078235
8087.531515339325,0.06252478926480262
8123.0183975888485,0.060906430114487355
8158.087260470632,0.06622733867732669
8193.349870418364,0.06300905506912388
8229.18554307586,0.06451380559160337
8264.497373358348,0.06304440330907976
8300.530828935114,0.06241576291749453
8335.965796523582,0.06230939624576567
8370.854348783096,0.06522991374911842
8406.1327947488,0.06437833404521956
8441.32779437391,0.0633502138628368
8477.28577528364,0.062212489122007913
8513.024183256764,0.06180090704052871
8548.45456231454,0.0627207255829405
8584.049216439045,0.06408250730172951
8619.541495177837,0.061445747254345734
8654.957371225577,0.06279930310048089
8690.277691204887,0.065442742254523
8726.904259883542,0.06405527149867338
8763.16929282743,0.06299575883448896
8797.967119684348,0.06465128188011142
8833.440487289452,0.06142672223889257
8868.977763897565,0.0646381356260224
8904.58548713856,0.06404833362612906
8940.191704892966,0.06215167621232198
8976.023750076121,0.06431927282578485
9012.086382113821,0.06243321195331149
9047.682221532734,0.06358018386009258
9083.416035551105,0.06597597564852148
9119.457491398185,0.06480987095471347
9155.386136783734,0.06277047155712033
9190.93750395745,0.06300691568555057
9226.755617977527,0.06151087522835606
9263.41794729371,0.06448873097047368
9299.607071588925,0.06177186729618857
9335.373882483507,0.06126011186215892
9371.454328882202,0.061332570442231525
9407.37426054122,0.0623817733725602
9443.894717122517,0.06190599719590168
9481.267955801104,0.06072295413663653
9517.893302569219,0.06084666255797663
9554.52537313433,0.06214202356708753
9591.074138144075,0.06251047783288749
9627.904444721116,0.06280734204689532
9664.906082124113,0.06236032666928967
9701.824270682377,0.06257368400276866
9738.98727445394,0.060982639921058
9776.606021741785,0.06260727353428117
9813.836447418254,0.06272250689979163
9851.483874976699,0.06305517832072087
9889.09460481533,0.060785985338006075
9926.533182457642,0.061994799808015116
9964.446360749642,0.06104321299017315
10001.579637607703,0.06086014679055422
10038.18441266471,0.06028535993947288
10075.705802385219,0.05985713600980781
10113.083981435022,0.06008911165946455
10150.458768587932,0.05960480732367708
10187.780422120624,0.05861505568251331
10224.614983132837,0.060233905927071014
10261.286714990558,0.06020532609634596
10299.277098665336,0.06019211037810637
10336.79523779448,0.06101231078126548
10373.816186983278,0.058441335886721964
10411.01190928671,0.060774703501040424
10448.613058504074,0.05804068816213717
10485.969397393112,0.0582968749616636
10522.965786054569,0.05943090100049044
10560.411826108313,0.05839632705981857
10597.185232744783,0.05776663899664234
10634.251417423642,0.059104045756481226
10672.48410070594,0.05900621074442622
10710.630337994608,0.05802800355643472
10748.327546796812,0.05935043239462111
10785.800204068619,0.058562244972569184
10823.67233204015,0.05626983460674435
10862.404869477912,0.05755333819682008
10900.624535776182,0.05812339408125134
10938.583623260438,0.05833429663291299
10976.853714356404,0.058017332221703306
11015.663990825688,0.05820260110122758
11053.927672761078,0.05829198868856226
11092.847206599175,0.059467162190803495
11132.052674230146,0.05973603714470154
11170.755013787917,0.05650775459602791
11208.944915254237,0.058678342157861066
11248.520420640743,0.05776197199150645
11288.008838462985,0.05703518760369642
11326.438480284947,0.05737759375078561
11364.5528393658,0.05784154486334432
11403.342422360249,0.05835765503707825
11443.468480669786,0.057418836742157364
11483.341131698797,0.05743350255468098
11523.413471115538,0.05841820264446513
11562.971905179982,0.05672688060236969
11602.46355703434,0.05554333584292756
11642.529345016706,0.05792957322952169
11683.124969279921,0.05820939956173599
11723.173320837239,0.056752908377411905
11762.565709257746,0.057072312133347236
11802.952091726062,0.05659584781837284
11843.34278398801,0.05748837309941725
11883.813755700727,0.05812138317104585
11923.80455288643,0.056310707072518056
11963.128989445744,0.05653654244508153
12003.795539949486,0.05689352506172861
12045.058374689826,0.056588303127991166
12085.994936550604,0.055460114036504894
12126.962557134806,0.055945326039273505
12167.588238942993,0.05486840956782447
12207.522266700025,0.05477538646244974
12248.659052924791,0.05632921356792656
12289.480754621423,0.05608531538708234
12329.498157056289,0.056583489762444136
12369.981587104774,0.05621323647161143
12410.731544889113,0.05493733292477778
12450.699002045496,0.05354676477451542
12492.518294936554,0.05694195430240967
12533.937194075392,0.05632169218410985
12575.033155676747,0.055913517664958196
12615.860535969658,0.05572868012089406
12656.684837092731,0.05414519375236757
12698.473179484006,0.055348654693144664
12740.086471754212,0.053810179102824866
12780.45490318551,0.05539534691402661
12820.86671720043,0.05371356027055105
12862.335094480359,0.055848348582156225
12904.536425479282,0.054407461424426574
12945.640374754701,0.05461941049992432
12986.535466437388,0.054712900682395926
13028.17956792845,0.05548066381965923
13069.136158087096,0.053231572266183365
13110.008908406524,0.0542519565972039
13150.829663455523,0.05504643849073366
13191.905447714465,0.05396098067649243
13233.55037382032,0.05213236788260965
13274.67629984051,0.05306751348121666
13315.46868437307,0.05302325401587041
13357.461984656646,0.05274584412069396
13399.037926913643,0.05343500195770691
13439.929630544915,0.0529137432384448
13481.471055548713,0.05177657664112678
13523.022109163998,0.053446964856743454
13563.906935687264,0.054042484514602404
13604.71433901256,0.05218777191299484
13646.537802170695,0.05265588661110985
13687.928817595088,0.053410488754875224
13729.4304375,0.052031835246702816
13771.547306951607,0.05334515399129123
13813.107502799552,0.05308817597629794
13853.67853064332,0.0529886016276602
13894.379229439368,0.05292033320359624
13935.936525612473,0.0524586871981862
13976.963582615259,0.053094793494048324
14017.92202547375,0.05071923860999859
14058.422787193973,0.05329702302678323
14099.092676923077,0.052315816511485744
14139.344733675343,0.051261159654465115
14180.50225656878,0.051744175713005484
14222.021934829467,0.05178076704886025
14263.232895389192,0.05284619223990182
14305.349447685243,0.050365796274261694
14347.423590504452,0.050496097225697596
14389.148662968273,0.04831587938006276
14430.4360551827,0.050870404035108896
14472.088377109503,0.05156645544688206
14513.384980871282,0.04944015943788041
14556.154443322393,0.05063158363841761
14599.711878996557,0.05128859337560755
14642.993375394322,0.051843411237597906
14686.777495507777,0.05030704572299587
14730.587343807993,0.05243473960863299
14773.601317957166,0.05123904906751338
14816.08037141803,0.04953198315082725
14859.150183381813,0.05010712931249235
14902.341257955823,0.050575441807448655
14946.503067100652,0.050342705339753796
14990.611769037247,0.04839229582990494
15034.33965096641,0.04970208976228892
15078.4565,0.050872970997551774
15122.628980990963,0.049761336071048774
15166.266856717897,0.04938758071567052
15209.945908284773,0.05022703109045352
15253.466551893753,0.04934490500991117
15297.07616227794,0.051605689782080265
15341.009677618196,0.05145930627532796
15385.015651733096,0.048919719926206195
15428.916050295858,0.048595028335747636
15472.82909916157,0.05010809777091201
15516.428359408817,0.04975260224724235
15560.035644315238,0.04967965913874509
15604.12504633634,0.04982475542648975
15649.440044826299,0.05143810703718205
15695.038362690402,0.0504304737448513
15739.62084160874,0.05135569545758403
15783.455107187894,0.05117671361244646
15827.902804432613,0.05175931498734262
15873.170137597619,0.04888752693961303
15917.515601409159,0.04947104520814443
15962.056311765802,0.05110999799730241
16006.169609316303,0.050935842425378
16049.370699918542,0.05016576226251639
16092.648956002982,0.04842349102728111
16137.094931968542,0.049717234086547976
16181.98478449882,0.050353566556272225
16226.892985723154,0.050336024828906506
16271.76964667421,0.049264810882825
16317.979137090302,0.051127351666933225
16364.56505389822,0.051458662706477705
16410.01915945612,0.04915380203614979
16455.349267926416,0.04795677316563955
16501.829301745634,0.04854310585568007
16548.683909830466,0.04835391885370455
16595.486548904562,0.05007310486998318
16642.440002486943,0.047918417134944075
16690.269278996864,0.04843073068796046
16737.67376153701,0.04836816309315719
16784.46836785625,0.04838868352026006
16830.74987506247,0.04902658348802124
16877.32437927423,0.04795765392766742
16924.81991445465,0.04826710740230575
16971.737884639344,0.04807171123687308
17018.893636814686,0.048669322503621985
17066.04862419902,0.047337385436117076
17113.67140561256,0.04914122038168883
17160.874555611987,0.048605071028624845
17208.287035335907,0.048431470334459735
17256.650297430704,0.049279040823176204
17304.98291614518,0.049026282784071264
17353.83869386755,0.04923560482901549
17402.659631108574,0.04926625701207978
17450.545594199335,0.04796698816521075
17498.50558343789,0.04838370515241045
17546.57502511301,0.05038247627131275
17595.58649815043,0.04905653572397715
17644.50999180483,0.05003408058455648
17693.11087197147,0.049706211685492545
17742.60277690123,0.04934900063478432
17790.45958746183,0.04847398042207682
17839.144599303138,0.05110669421430882
17887.347549451933,0.04977005897266615
17936.00453247237,0.04973887709372168
17985.35879471759,0.049422412154601116
18035.617014684925,0.049752305743183414
18084.917638984214,0.04987411386051491
18134.132996207332,0.05062203782350642
18183.794362668337,0.04972889054604795
18233.32560308381,0.04853247164226158
18284.57414448669,0.05113169949193076
18336.1969572628,0.04913653800069421
18387.032437442074,0.05040754793510084
18437.983417492676,0.049552424731532256
18489.032660184494,0.04998458652177453
18539.96007759214,0.04972462825053269
18590.538442067962,0.05156895222017219
18640.81299759304,0.05080924527211348
18691.658004027184,0.05084748085719781
18742.434296365333,0.05049992878414074
18793.196514349056,0.0502419576110223
18843.44974178108,0.04921520802665062
18893.392154443965,0.0481354382887504
18943.295224948233,0.04922906824169841
18993.45140105079,0.04876313308578283
19043.988984854175,0.049232043221353106
19094.803338125897,0.048463371784904424
19145.240515699217,0.04889476578759025
19197.18414290191,0.04857969036964313
19247.70257435641,0.0493034679329091
19298.851447466932,0.04904797456589069
19350.50466885165,0.047433605332482774
19402.687362533776,0.0494508206288251
19453.943860532443,0.049279065175748364
19505.25996999625,0.04789964280079164
19558.428938827998,0.048567560538590876
19611.344230284707,0.04842766347385828
19664.05121260618,0.050094693062878726
19717.10032077489,0.048737451457764217
19769.96626984127,0.04874989831221884
19822.224879181573,0.047898442322060183
19873.247906511686,0.04756734363284282
19925.479807451862,0.048887300697772036
19977.459362203746,0.048118743210603006
20030.16639620522,0.04884937997767605
20082.426603503085,0.0484252189556112
20134.841980543777,0.0503975143870295
20187.601468373494,0.0482755118843449
20240.67835783703,0.046751753466432316
20294.612269096357,0.04777619690903205
20347.862824675325,0.04853862178182211
20401.723038005923,0.04771970579593985
20455.16131840796,0.048096340873384026
20508.263797468353,0.04763048739620284
20562.50879141218,0.048490753167344816
20616.446303869143,0.048035220946234074
20671.15219133329,0.04965276830432479
20725.62771516716,0.04842696736574298
20780.08674981477,0.050252886468911774
20834.278561133044,0.048599527717681244
20888.89702217792,0.04764862663649686
20943.58656800652,0.047552804792831395
20999.03573415765,0.047425612307945
21054.942341772152,0.04810339040171752
21111.595220543066,0.049751203773738095
21168.375694054525,0.049004901501389725
21224.50078968981,0.050122826252245505
21281.69278081511,0.04854724115153583
21338.824512361785,0.04934915074234661
21395.993323349558,0.050001837710906154
21452.976790245713,0.04963409356710503
21509.098805031448,0.047655847854782045
21564.89398832443,0.047048352414308235
21621.80553633218,0.04697185053182447
21678.01491059828,0.04755103477031762
21734.74582758188,0.04740971864900185
21789.873126371902,0.04682197035350248
21845.734097633136,0.04674138683204627
21902.702005730658,0.04685435097297845
21959.0835611332,0.047009854631591914
22016.101147821675,0.048271340125914955
22073.554685071194,0.047176738650022074
22131.47532741605,0.04600353299838447
22189.44744913928,0.046817371424268034
22246.68629510628,0.04689125196424617
22304.04451600682,0.04767821444072593
22362.045728862067,0.047536381897222306
22420.89499442448,0.047749233801742515
