D,r2
3.0605833956619297,0.853338390095566
6.068421052631579,0.7777702139952648
9.022628372497824,0.7112823551663888
11.0,0.7237197536033441
12.05703771849126,0.6735002257511402
15.070381231671554,0.6076026308859598
18.058585858585857,0.5772497659057266
21.070815450643778,0.5564652386481137
24.06451612903226,0.5226846391041947
27.070874861572538,0.5006884429382168
30.0834312573443,0.453005182554417
33.07961399276236,0.4347087669540084
36.066985645933016,0.40983218229649154
39.063291139240505,0.37459347905349405
42.0,0.36696769063597945
43.55263157894737,0.3773816601635658
45.06905710491368,0.35465743416488243
48.01759133964817,0.3170139289756391
50.0,0.3777993127714741
51.06164383561644,0.3158275553510556
54.052,0.3015271576305195
57.074858757062145,0.30409595079886215
60.06983240223464,0.28569512196758273
63.08444444444444,0.27373413541028246
66.07407407407408,0.26327968815692826
69.08358208955224,0.2547701587168151
72.07100591715977,0.24126496749186097
75.08006042296073,0.2452853895622527
78.08540372670808,0.2324820396395939
81.07293354943273,0.23216312307463463
84.08695652173913,0.22502282601780887
87.0875796178344,0.22886399960402795
90.09677419354838,0.20273209417083007
93.08695652173913,0.20854434286557788
96.09593495934959,0.18840710011852993
99.10017271157167,0.19371686485380285
102.0979381443299,0.19530073622618646
105.10412926391382,0.1910669491293471
108.0736301369863,0.191279348672884
111.08426966292134,0.17607839812371834
114.07462686567165,0.17479784672970172
117.07299270072993,0.16447030255499384
120.1113105924596,0.16846596075494275
123.11252268602541,0.16905509279260258
126.1067615658363,0.17101800300242667
129.02471482889734,0.15901937816312212
131.0,0.23996756639545588
132.09926470588235,0.16461387069323472
135.098231827112,0.15025129461052833
138.11048689138576,0.14978096991899648
141.13320463320463,0.1664168484849271
144.1328125,0.14289682975563864
147.097605893186,0.14844609660577868
150.03592814371257,0.162852125943359
152.0,0.22332126887631082
153.12523719165085,0.148473229157109
156.12323232323232,0.13008643533000078
159.03340292275576,0.14138811633074697
161.0,0.15053535130439152
162.17870036101084,0.13690315634232672
165.15384615384616,0.12838367325295386
168.0,0.12968861882644242
169.53488372093022,0.14886105958518744
171.1237322515213,0.12810762474310805
174.1828793774319,0.13773578914213988
177.1316348195329,0.1429087378899748
180.13572854291417,0.13559659461379853
183.15208333333334,0.1324086563299323
186.14315789473685,0.14333991956607264
189.1578947368421,0.13514327807067059
192.1175337186898,0.13108924379451223
195.13929313929313,0.1260540854975853
198.14373716632443,0.12812713092915864
201.12354312354313,0.12175886904869855
204.0,0.127390105430601
205.70731707317074,0.1428294298614813
207.1219512195122,0.12664584644105453
210.0279069767442,0.12254917975705334
212.0,0.23418929453221468
213.17021276595744,0.11923392369566717
216.13859275053304,0.12704148760145098
219.11347517730496,0.1231681422835392
222.12179487179486,0.11659741308223515
225.1431870669746,0.1316442037704454
228.12106537530266,0.12165273682568373
231.0,0.1166913217253186
232.63829787234042,0.13268100669957722
234.1632183908046,0.13088982063588028
237.03791469194312,0.12555861227134457
239.0,0.192179410969683
240.1425,0.12147418811119252
243.1679012345679,0.12770647027427487
246.02261306532662,0.1276722953455218
248.0,0.24265220273606533
249.16190476190476,0.1175480245538221
252.1728971962617,0.10816927192725573
255.1893203883495,0.12658442677763468
258.2035175879397,0.12283251565858531
261.25194805194803,0.11645426500407485
264.2041343669251,0.11220476844199953
267.211970074813,0.11762866778784796
270.1732673267327,0.1079545347204536
273.1969696969697,0.11605814794889455
276.2669902912621,0.12021919627970926
279.20975609756096,0.12100801270281203
282.2020997375328,0.11722593175849427
285.1934673366834,0.11954111161530427
288.19098143236073,0.12040391683422527
291.2011494252874,0.11986391007249217
294.17737789203085,0.11658843225890395
297.0565476190476,0.11463710904001438
299.0,0.3115986417660076
300.184,0.11224876071040188
303.24747474747477,0.11225881347627577
306.1853785900783,0.1148101759552719
309.0861111111111,0.10397661045138502
311.0,0.23379703035528313
312.17277486910996,0.12109089259035133
315.2278481012658,0.1132423814744393
318.26170798898073,0.11644579891840556
321.0,0.10490143092406004
322.6363636363636,0.1121074567089751
324.25536992840097,0.10821168583893678
327.26,0.08668769209590417
330.2156398104265,0.10131633388547327
333.27027027027026,0.10262415813030305
336.2270408163265,0.0842082383426908
339.06353591160223,0.09277779459550645
341.0,0.17440534509520328
342.2269326683292,0.09196988842522902
345.24657534246575,0.08736433959242082
348.26756756756754,0.10316826876688671
351.2755681818182,0.11492561910530162
354.0,0.08521590848682503
355.578125,0.13315538348036482
357.3045822102426,0.08376079872656571
360.2768817204301,0.11143193566520762
363.32338308457713,0.0928629413142629
366.2389162561576,0.09415698426936957
369.21522309711287,0.09401104313624165
372.26190476190476,0.10054228676933412
375.2279792746114,0.08903986942536443
378.0,0.09678089154140236
379.6458333333333,0.13933893396543445
381.275,0.10763876735684104
384.29539295392954,0.10024559606135373
387.23280423280426,0.10578813089535336
390.2445054945055,0.09707794983608448
393.0,0.09183493079508474
394.6393442622951,0.14085772730562063
396.26243093922653,0.10014518374337839
399.2314285714286,0.08840223854695638
402.29295774647886,0.0797960254449671
405.2598870056497,0.0978991555135524
408.0728862973761,0.09016350867270635
410.88424437299034,0.11482913251645883
412.5079365079365,0.07208272958567576
414.2913165266107,0.08889374095685089
417.35562310030394,0.10124358873210368
420.3177842565598,0.07921765125559972
423.330303030303,0.08898113165096369
426.39639639639637,0.08799085913674966
429.34584450402144,0.1056506135884368
432.0,0.10189274430236962
433.5609756097561,0.053518898275874714
435.3059490084986,0.09821915411571167
438.37203166226914,0.10319483007297463
441.37278106508876,0.10433756198477746
444.3780487804878,0.07601058473658788
447.3252688172043,0.08889697378392691
450.11660777385157,0.0839283460127025
452.95665634674924,0.09826596604256961
455.84640522875816,0.08483647404409496
457.6233766233766,0.066661092964433
459.3654970760234,0.07690639502125465
462.3586005830904,0.09217718263629912
465.32978723404256,0.08887787872255658
468.4175824175824,0.07904381909426955
471.35493827160496,0.09488084483276703
474.0912280701754,0.09588086143554125
476.8490566037736,0.0980464876956496
478.63013698630135,0.07519474802378122
480.3855072463768,0.07973653761760686
483.38120104438644,0.09449273334255932
486.3201219512195,0.08625260110550524
489.4093567251462,0.08546255006047843
492.4356725146199,0.09622352137207119
495.4159292035398,0.09172795527761131
498.12152777777777,0.08252614658195162
500.8338762214984,0.09478762590308612
502.59550561797755,0.1259217541357289
504.3957055214724,0.08954217536412105
507.475073313783,0.09047893551603953
510.4322766570605,0.08725714128057227
513.375,0.085599573313027
516.4025157232704,0.09199367139432339
519.4236311239193,0.07920180202524264
522.4078549848942,0.09644712391251538
526.9722222222222,0.0869273958381394
532.9321486268175,0.0905834864830952
538.9499192245557,0.09920118356640016
545.9976303317535,0.08627837927934989
553.2960812772134,0.08777599124782019
559.3261538461538,0.08202259051748999
565.2901785714286,0.08223518570179696
571.4068047337278,0.07657675260391678
577.3467862481316,0.08202460523824519
583.8112391930836,0.08792062451481579
590.0388349514564,0.08109431198140853
596.0343137254902,0.08103033633043506
602.8980582524272,0.0745946765229707
610.4725609756098,0.0753517819664485
616.9060955518945,0.06908137207317336
624.0572569906791,0.0781309759825243
631.532208588957,0.0832429458422084
638.1233552631579,0.0710886281445127
644.9570871261378,0.06986081225931311
652.5182926829268,0.07228112903601505
660.0601398601399,0.06859685352411314
667.6115942028986,0.07542334698760969
674.073476702509,0.07648616622311781
681.2831978319783,0.0714280891309899
688.7397708674305,0.08014418135882365
696.4479695431472,0.07216344543968346
703.9726962457338,0.0701480111458934
711.1353887399464,0.06377925538632326
718.5492063492063,0.06701445065541994
726.2931506849316,0.06388172915505476
733.7803660565723,0.06950412324182319
741.2035763411279,0.054778934871671014
749.6951566951567,0.05975765302691078
757.5667752442997,0.05978559061409973
765.2872340425532,0.05329931450680976
772.7040998217469,0.06988414876486307
780.5529715762274,0.059955059954473346
789.3563218390805,0.06414353764424373
797.6546762589928,0.06327448476506116
805.5583038869258,0.0678143851508291
813.648097826087,0.059801992738853976
822.3405172413793,0.06564063206545846
829.8160714285714,0.055605345880958286
837.5198463508323,0.057916639727926426
846.2448071216617,0.053460686246719784
854.9775280898876,0.05738132633618928
862.8624338624338,0.060859895089198375
870.5805084745763,0.057292493630242323
879.6382428940568,0.059306604392679284
888.0460624071322,0.06031581546726894
895.4968847352025,0.06448127891871364
903.2953890489914,0.06267486080541534
911.7514285714286,0.057639539319473465
919.4283464566929,0.0645236148505492
927.3631284916202,0.0638994907550058
934.8508771929825,0.05262828524215786
942.5658914728682,0.05771755391565534
950.8390092879257,0.06069137838755529
958.5499153976311,0.056937702352951855
966.6248236953455,0.05982544795344674
975.7205240174673,0.06197951621280186
984.7885402455662,0.057321463442805504
993.7464589235127,0.0505721807609758
1002.7190332326284,0.05290918133244578
1011.7419825072886,0.05606486131630804
1020.7926470588235,0.06135109921345696
1029.5378900445764,0.05236844807604349
1037.8707280832095,0.05804435829746485
1046.6242236024846,0.05658826436133295
1055.3062409288825,0.04948394836771197
1064.5436046511627,0.0541856211281267
1074.015037593985,0.050478029995178676
1083.3291139240507,0.0575941490326304
1092.7684049079755,0.05890239692302669
1101.6786226685797,0.061733518904042856
1110.7981510015409,0.055203748198776416
1119.6086286594762,0.059831757533240756
1128.6261538461538,0.05467934242787306
1138.5813333333333,0.052314133796524095
1148.5768667642753,0.056609276377932484
1158.2692889561272,0.050022633685014584
1167.8357487922706,0.05208335476350275
1178.190600522193,0.04313435811332673
1188.7848739495798,0.05250033713578269
1198.8095238095239,0.04839337258924494
1209.994342291372,0.053320949183064105
1221.0730994152048,0.0496134244391893
1230.7124394184168,0.056038245697648495
1240.4267425320056,0.05244657953667012
1251.0242057488654,0.057966257262596625
1262.032167832168,0.05680256077240893
1272.2837632776934,0.0524002740259002
1282.4734513274336,0.0448501265919727
1293.0441595441596,0.0561316709988461
1303.438622754491,0.049626581157743814
1313.6091603053435,0.0509239433964892
1323.312893081761,0.05351963236181111
1333.7479452054795,0.055906628829171925
1345.1709039548023,0.05216677546358933
1355.563779527559,0.05668544308415791
1366.021676300578,0.0552657178236213
1377.0166414523449,0.05385057263833478
1388.1654778887305,0.0503715603612841
1398.3876080691643,0.045469937695922814
1407.721767594108,0.0500388086652433
1417.528275862069,0.04632987258054122
1427.47583081571,0.054882160471888215
1438.0797101449275,0.048775487078084837
1449.0853835021708,0.0484663744650593
1459.571653543307,0.049740975585224195
1470.0287769784172,0.05258523474945536
1480.4181547619048,0.04373861156544725
1491.5245664739884,0.058083125556468045
1502.908661417323,0.0548399472856356
1513.9765517241378,0.05216054178705371
1524.3219814241486,0.05346095185614577
1535.0947802197802,0.0532996897928295
1545.5278219395866,0.051673531463868445
1555.8340306834032,0.051958177913276775
1566.4760479041915,0.050016220144912235
1576.3879443585781,0.054316514961068325
1586.9690265486727,0.05192446565970904
1598.2492836676217,0.05311096358087866
1610.4164265129682,0.053152573331542684
1622.2518301610542,0.05272503598037589
1633.92213740458,0.05123270535658928
1644.5151515151515,0.04424277304942193
1655.2659430122117,0.04605784491745939
1667.1341463414635,0.04444113941047785
1678.5744382022472,0.04705047675914824
1690.1567732115677,0.043548501417630864
1701.3513909224012,0.04515351669076521
1712.7968253968254,0.04565659313086033
1724.9632152588556,0.04863398077867298
1737.6398243045387,0.04435208518737522
1749.0097244732576,0.04471010777410408
1760.343657817109,0.04463314250898908
1773.010854816825,0.040380885538368196
1785.482280431433,0.038762304581139106
1798.0796586059744,0.03960546053487331
1811.0370919881307,0.053389500476194604
1823.910029498525,0.04132484092073173
1836.761310452418,0.04534355390924848
1849.5763688760808,0.04136315435627429
1863.0358680057388,0.04270891421591371
1876.1625766871166,0.04328059699836855
1889.0257966616084,0.03709626232466981
1901.912408759124,0.04256152547562913
1915.0772594752186,0.04347210093468721
1928.504964539007,0.04746763372412349
1941.5681470137824,0.04354373833529269
1954.053701015965,0.042717148934833304
1966.9525267993874,0.04217736898443927
1980.5781922525107,0.04899885907211636
1995.549853372434,0.03995164282544801
2010.1153284671532,0.039698668726596185
2024.5076687116564,0.04130633610034199
2038.4283582089552,0.03943373263555628
2052.9322533136965,0.03876553168371664
2067.931276297335,0.041624868812523405
2082.4444444444443,0.0375842717394656
2096.504573170732,0.03789781087576911
2110.970588235294,0.041590428276554035
2124.3655913978496,0.041305571030380246
2138.1018922852986,0.04036450818420546
2152.3519637462236,0.035284500332845144
2166.4017094017095,0.0353793078530456
2180.6691068814057,0.04208485534435503
2194.289393939394,0.04217967217978703
2207.8694362017804,0.045197127791520984
2221.365925925926,0.050931408334706774
2236.022624434389,0.04403009382635129
2250.899854862119,0.043167763315034705
2266.0813609467455,0.047306364139067573
2280.4714494875548,0.04154687489940924
2295.0085592011415,0.04091253655918931
2309.3578125,0.041970191849164805
2325.0402298850577,0.040372498002180485
2340.7907692307695,0.036728176103947456
2355.722543352601,0.037291935626283086
2371.4330042313118,0.03617132821719137
2387.16744913928,0.03448906418423348
2402.5657142857144,0.03663472492817307
2419.430249632893,0.042650892578511373
2435.748538011696,0.037742656766061665
2452.5118343195268,0.03970341927608386
2468.1323076923077,0.036191258915572344
2483.8590308370044,0.03800188029917517
2500.0361990950228,0.03757493648467916
2515.2083333333335,0.04317077516580429
2529.5625,0.045546891603122135
2543.7226386806597,0.05182299199122459
2557.295107033639,0.04010128472653811
2571.3478260869565,0.03873705318428026
2586.117302052786,0.03972941607679217
2600.639393939394,0.03859427538284897
2615.1096681096683,0.03609762465122422
2629.4480234260614,0.041935035863346966
2642.747320061256,0.04062714724922983
2657.063309352518,0.041347224790767696
2672.113149847095,0.04332615582711985
2687.752100840336,0.04470999401392822
2703.1294117647058,0.05024320737742914
2718.242748091603,0.046349195098262845
2732.46293494705,0.053585410255967074
2746.9817671809255,0.04840259412884683
2761.6731634182906,0.04179083638540472
2775.2874074074075,0.04116476706839664
2789.798473282443,0.040852202700079575
2805.5397973950794,0.04460321141059377
2823.4148148148147,0.04285156216224501
2841.4738372093025,0.04250631606233471
2859.6444444444446,0.0421124798788039
2877.235649546828,0.039795571824698554
2894.670014347202,0.03277501747337732
2911.6823529411763,0.03479912672443161
2930.3037790697676,0.0324789274496476
2947.5472868217053,0.03450615180538373
2964.7657142857142,0.03913662068985234
2981.963503649635,0.04474648864315739
2999.6130952380954,0.046530657753753216
3016.809379727685,0.040358776518431415
3034.988555078684,0.037425169850532486
3054.005917159763,0.03594939415331243
3072.5158371040725,0.04061183649437207
3091.104347826087,0.03547415504559601
3109.1331316187593,0.03549688952054815
3126.617339312407,0.035471579006335664
3144.0273775216137,0.03305584424195884
3160.858662613982,0.03331644044586697
3178.546255506608,0.034695914203103397
3195.618320610687,0.03404400202740987
3212.3337950138502,0.03271602670147328
3228.901081916538,0.03758318277034127
3244.2648725212466,0.0379524355259088
3260.728096676737,0.03560832768564949
3276.058912386707,0.037794877874213824
3291.7583212735167,0.03384707927149455
3309.507462686567,0.035020100528861994
3327.5044378698226,0.03883742070879019
3344.628012048193,0.04127331696232766
3360.4300144300146,0.040728982859599326
3375.8173784977907,0.036061788212875596
3391.6766809728183,0.034303290369627544
3408.12187958884,0.03388443098586853
3423.884969325153,0.03377674732284357
3439.6037195994277,0.03686882079786333
3455.1627906976746,0.038615776585599296
3472.2654494382023,0.035877825233905064
3489.906344410876,0.03307719169519183
3507.1217656012177,0.03594029171935461
3523.820256776034,0.037144036439480665
3541.6005961251863,0.037697692890830345
3558.476621417798,0.042088634603271294
3575.2292263610316,0.03946736591220159
3593.9850968703427,0.03937600760869239
3612.4163027656477,0.04291301598412889
3629.99533437014,0.04317945754497691
3647.2786647314947,0.04160687378863617
3666.5549215406563,0.0418814190722104
3685.474377745242,0.03640757357421432
3703.9590909090907,0.037798216920734436
3722.4003067484664,0.033995644320105864
3741.341736694678,0.039266990734696465
3760.308049535604,0.040018525264266164
3778.345238095238,0.037966298951459795
3796.21884057971,0.038119725906958946
3814.109305760709,0.045185365213140885
3832.4896142433236,0.04951405938003016
3850.9489361702126,0.048724032999951615
3869.4792626728113,0.03820743912411068
3888.241134751773,0.04084952295585311
3907.4495412844035,0.044219939054230155
3927.3410071942444,0.04463500316592027
3949.173020527859,0.04549448437958105
3969.2946564885497,0.041685736155067064
3987.8874269005846,0.04150610845570041
4007.4546783625733,0.04295629982243753
4027.0105105105104,0.047516668062334705
4044.9382352941175,0.05098372683222489
4061.7462686567164,0.045005590161299285
4077.185128983308,0.04302140829649246
4094.717730496454,0.04012277791936151
4113.010703363914,0.039866025656953186
4131.087866108786,0.035433082733769286
4149.664122137405,0.03844043279698351
4167.56231884058,0.03930317638195689
4185.923766816143,0.03854736251532679
4205.59479015919,0.04000472293156756
4224.684782608696,0.03845798723380733
4242.264204545455,0.04046979476169907
4260.582952815829,0.04356419224233299
4278.040995607614,0.04066591425929485
4296.831111111111,0.03890954191802897
4315.908563134978,0.0435732996357469
4334.213235294118,0.04480205516326155
4352.176911544228,0.044381771294869
4368.417777777778,0.04677770979329878
4385.019667170953,0.04540528637731273
4401.898571428572,0.04840916976094238
4418.371735791091,0.043957623371508873
4434.336565096953,0.04953421613831566
4450.4872563718145,0.04168311069684049
4466.584962406015,0.043648830636869994
4482.804063860668,0.04700519650275894
4500.630116959064,0.03958757796949212
4517.6578125,0.04545521612150042
4533.8885630498535,0.04675115177391277
4551.245014245014,0.04709745853997013
4569.321481481482,0.04192272482109147
4587.899109792284,0.0488565455262764
4606.847283406755,0.04575125245476329
4625.526086956522,0.0430637428132673
4642.610271903323,0.04031786610721417
4659.25038167939,0.03788102613917724
4675.283211678832,0.04331199747823623
4691.832585949178,0.040636802353159446
4708.983193277311,0.038498689788780106
4725.512048192771,0.03836713532972921
4742.346385542169,0.041375947451869476
4760.441761363636,0.039628717102312534
4778.388724035608,0.042289709445989844
4796.443057722309,0.047874605026632246
4814.174894217207,0.04667582719241709
4831.923195084485,0.04600676840241995
4849.209169054441,0.04188948535361607
4866.978787878787,0.04681236925286827
4884.747126436781,0.045083171784058414
4903.940915805022,0.04843708730888481
4922.5194029850745,0.0406356497475596
4940.510853835021,0.040789450717632285
4958.073463268366,0.03821758188259397
4976.213213213213,0.0346796264354869
4994.775449101797,0.03515624380756523
5014.091168091168,0.04036180529696347
5031.845688350983,0.03418010672113163
5049.210914454277,0.039738397897897966
5067.150506512301,0.039215791162650296
5084.76497005988,0.037067365618136054
5102.535558780842,0.04017800966144939
5121.001490312966,0.042193199578493476
5139.099378881988,0.04476648914780698
5158.358041958042,0.04983076447442609
5177.373873873874,0.04339537723676989
5195.349557522124,0.04717841959645294
5213.239130434783,0.04544730551569295
5231.959337349397,0.04584931885807701
5250.959940652819,0.04725140153551053
5270.067547723936,0.037218593147076984
5290.947674418605,0.03723181346292912
5310.946980854197,0.04010972440189907
5330.4,0.036625551844064
5351.52932330827,0.038689036777844854
5371.422287390029,0.04383423936869422
5391.711399711399,0.03567980738863582
5410.995426829269,0.03529185686909722
5430.721167883212,0.039257830403610174
5451.832585949178,0.03987994802838206
5472.8640350877195,0.03974903266356679
5494.7478005865105,0.04170817275766328
5516.545045045045,0.040063158221650116
5536.8398203592815,0.03986437059493834
5556.470254957507,0.039206253726647405
5575.861236802413,0.040937723275618676
5594.778110944528,0.04001904712334501
5614.472140762463,0.03978874700267752
5633.670229007634,0.03313478414323877
5653.35944055944,0.03262183201742128
5675.464447806354,0.035529096774122505
5695.390977443609,0.04018906825842905
5715.889204545455,0.034281985936647
5736.199404761905,0.03983838800115639
5755.842647058824,0.03546568380956797
5776.6769005847955,0.03738199358320052
5797.801815431165,0.039034183347981526
5819.404411764706,0.038867922136316145
5839.363770250368,0.04254104511949407
5859.505094614265,0.0385975210208461
5879.727407407408,0.03823288463042839
5897.867283950617,0.041896727060940914
5915.1186685962375,0.03379552848105108
5934.033434650456,0.03418492511984353
5953.295292439372,0.02791715036338578
5972.845921450151,0.02910449082165798
5992.49706744868,0.026740970887251227
6012.378766140602,0.027010729010669452
6032.356390977444,0.030737180273885403
6052.237113402062,0.02973053635718257
6071.495495495496,0.03129307424348355
6091.500738552437,0.035303358925581604
6111.061604584527,0.036945557790178905
6129.964391691395,0.040477357422435606
6148.954074074074,0.038106282659934765
6167.598173515982,0.044160298552009335
6186.210678210678,0.04095456140036688
6206.926193921852,0.041747829923059976
6226.435745937962,0.03772004227121658
6245.647577092511,0.03475369320690167
6265.7059701492535,0.03197024764352428
6285.584707646177,0.03595267968756691
6306.06647398844,0.03842909311329063
6325.77971473851,0.03543329762338092
6345.197740112994,0.03351517048626255
6365.025679758308,0.03725671379572578
6384.05652173913,0.031905611967357604
6403.506024096386,0.032088241953455485
6423.738944365193,0.03322427341503368
6443.941529235382,0.03182655707234999
6463.581183611533,0.03180939890814655
6484.478813559322,0.035405912852058706
6504.924444444445,0.03260611936298798
6524.769005847953,0.0350994541147099
6545.502941176471,0.03747432997590328
6565.148036253777,0.03427763898706167
6584.648255813953,0.03335508794853295
6604.056129985229,0.03329974925784451
6622.804841149773,0.032645561730918926
6641.695195195195,0.03410723164144695
6660.224340175953,0.03142206355266792
6679.813056379822,0.032588471344664395
6699.85201793722,0.03134942252595585
6720.439265536723,0.032365235644172964
6742.437313432836,0.028430393951027127
6765.090775988287,0.02638124452083578
6787.076569678407,0.029703745098794004
6808.944602272727,0.03200342394474314
6831.479041916167,0.03255620024341693
6852.328985507246,0.034434759237691584
6874.422600619195,0.036716401394535275
6895.751085383502,0.03597989423131695
6918.622641509434,0.03664719753894954
6942.417797888386,0.03700204645658264
6964.8934306569345,0.0332136258172395
6988.154518950438,0.029739877010543272
7011.25730994152,0.03017221762290312
7036.117210682492,0.03165578694172505
7058.876160990712,0.02823541840236314
7080.368045649073,0.03169795370022874
7102.075892857143,0.03285730647133483
7123.482195845697,0.033307102150884636
7144.418569254186,0.03414981017500158
7165.10888252149,0.032450691429131574
7186.201183431953,0.029353112512904
7206.484536082474,0.02564208779779939
7225.995529061102,0.029798403111627896
7245.299707602339,0.028448500499628833
7264.017937219731,0.03196707052169567
7282.782352941176,0.03441377337593813
7302.78078078078,0.035141720261597655
7321.730711043873,0.037901522744175645
7341.18523878437,0.03226582894093947
7360.751857355126,0.028189135610913647
7381.210526315789,0.029914456711971446
7403.594634873323,0.03168297440963424
7425.335798816568,0.028285558053623157
7447.662241887906,0.029620628841535088
7466.807352941177,0.0322536468830804
7485.041979010495,0.033143499018885914
7504.191155492154,0.030221295145638708
7524.171471927162,0.02989601485457374
7544.227866473149,0.027199273841861982
7563.192082111437,0.03131846375531542
7582.178899082569,0.03295392177782731
7599.532258064516,0.029714916124398777
7616.879310344828,0.03453103764493364
7636.147465437788,0.032173479084629655
7654.51920341394,0.03080990236475033
7674.320895522388,0.028958508220876353
7692.659388646288,0.028780892285536288
7710.088372093023,0.031087716171009416
7727.239644970414,0.030469440990079383
7745.330860534124,0.027563374801890875
7763.35671641791,0.02957225342608235
7782.272222222222,0.03024680410337566
7800.181402439024,0.028432041717980375
7818.111432706223,0.03151821228870512
7837.726993865031,0.032325504817807514
7859.093256814921,0.029605079520189644
7880.361764705883,0.033117230945118946
7900.571214392804,0.031788069475388925
7921.565028901734,0.031279538907824866
7943.566568047338,0.02904099462377465
7965.4759124087595,0.02650991594702022
7986.427927927928,0.027478198149883833
8009.299248120301,0.03006250242805865
8030.973913043478,0.030645514199711336
8052.719068413391,0.03237677225071757
8075.242603550296,0.026579358001988032
8097.937031484258,0.030147896548947915
8119.72238372093,0.03376095311454048
8141.244744744745,0.03347513719395683
8162.284470246735,0.030123716074391904
8184.018518518518,0.036245101209497005
8206.110315186246,0.032932479637522265
8228.251533742332,0.03281482983497384
8250.314165497895,0.03487389935769561
8271.925981873112,0.03433204676072121
8292.844117647059,0.034236039453917684
8314.830409356726,0.029884743876075825
