D,r2
1061.8926997245178,0.4430012215847059
1081.5456343599888,0.4323220186271465
1101.7101813848801,0.4296741353512424
1122.2787508486083,0.4254742641538747
1142.621359223301,0.4333825541066549
1162.37454172166,0.4203271388006214
1182.6567022859463,0.42195016357335247
1203.956064947469,0.4189019075339435
1224.686567164179,0.41302943352377497
1245.7071175347696,0.41522278279284536
1266.8205023761031,0.40907836686933063
1287.8570639414445,0.4018325424861047
1308.8113286713287,0.3968496124857898
1330.3946638488972,0.40491473637287456
1352.6239292997961,0.38983052279454583
1374.5190765828033,0.3914649170444951
1396.4311790156842,0.39307460486758955
1418.6627153687111,0.3919112742459751
1441.094762095162,0.39776613115907683
1463.492924528302,0.3693596732127585
1486.1961233005788,0.3738507822229804
1508.4057848918842,0.37663426320974286
1531.1534441168587,0.37513587757403394
1554.1583927591882,0.3732698785437973
1576.5359014303922,0.3747340031572667
1598.9890094406087,0.35733555225886526
1621.431310364711,0.35960913680023593
1643.9633787007156,0.3540462487169481
1666.9453817557908,0.3529920738127492
1690.065580736544,0.35989219381173954
1712.9879747763603,0.3454235605773204
1736.4766523486212,0.3455504638951573
1760.0091743119267,0.35474138782683173
1783.4931144804561,0.3552860950474108
1807.3880450070324,0.3500385416429284
1831.3691467968974,0.3469038555410954
1855.8710037693704,0.3449793646652153
1880.47706690038,0.3413768121134796
1904.8715634545958,0.3452707954008425
1930.071367276888,0.33399483980972156
1954.9153781276357,0.33114495622482243
1979.9467218968718,0.3232498694924545
2004.9425994846836,0.3261902065556509
2029.9053008595988,0.3240064313101442
2056.026210511795,0.3201311946798352
2081.9929364278505,0.327814313948955
2107.41667860725,0.31158143823312534
2133.9479697178253,0.31249526748984363
2160.3326158702826,0.31648893816879586
2186.4980983237074,0.3171976227100197
2212.4695371997655,0.30412205206934606
2238.933681388458,0.3090264529178459
2265.993331441544,0.3050559457934172
2292.8906513194834,0.30964838258784916
2320.0620484487886,0.3021025056629836
2347.5328395751817,0.29595069160187454
2375.1605293440734,0.29692308810237095
2402.0090166244013,0.2970792677974096
2429.480882989468,0.2890341745214776
2457.611739745403,0.2862377183866674
2485.4641134751773,0.28635155226627174
2513.9382489778654,0.2780141503002671
2543.054198258916,0.2739989121660336
2572.040500213159,0.2755218443635045
2600.9175546831184,0.278680036211541
2629.9728221999712,0.2698738002095985
2658.982684602175,0.2684928007223407
2688.1547737267697,0.26595215489005486
2717.544127866574,0.27008846295916406
2747.4219736087207,0.26354570423265217
2777.50315258512,0.26742966291294973
2807.5315328257434,0.25966278308119994
2837.9867754642655,0.2623681962854386
2869.083297242674,0.26183177841200106
2899.961246840775,0.26299257638549317
2930.3505466052934,0.2593329679982641
2961.038510368176,0.25651606502469304
2992.2542801010386,0.2518259607056235
3022.9921004372973,0.2541863333118348
3054.086387434555,0.24787122760288258
3085.4814351272425,0.2488452231057611
3116.948366105531,0.24906214552324987
3148.379609853339,0.2416054291838911
3180.451357466063,0.23983474299102758
3212.459243397573,0.23826508617414974
3245.196295776624,0.23975464143530553
3277.6248177311168,0.22785065559968584
3309.962723308482,0.22827328004200584
3343.0088247653734,0.23596786959297933
3375.9004692165504,0.22773202905055492
3409.1259931895574,0.22367048025574693
3442.5333145909476,0.22106914409179526
3476.2134927412467,0.21780723539201718
3509.881395348837,0.20842860782040684
3543.9159304251793,0.2093315993500321
3578.378463747308,0.2089663648308437
3613.008733624454,0.19790026824217197
3647.638264356294,0.2066062359374419
3681.41648958776,0.1997631624150927
3715.3573941184745,0.200124788576578
3750.0641262619083,0.2040514432465385
3784.5184013801036,0.20319272702667562
3819.6739886000278,0.20668199259994371
3855.50305875658,0.2045125682423732
3890.749747729566,0.2007071818591328
3925.9850618864702,0.19360742368632228
3961.472793910347,0.18705122620061623
3997.3330972950007,0.18439548980335865
4034.1814747446483,0.1855627852558854
4070.4485325697924,0.18664558206196644
4106.403991446899,0.1842383015494642
4142.446512288678,0.17265068616316578
4179.124894987399,0.17456718582959274
4215.959430604982,0.1786369116596567
4253.363339486014,0.17705292567370715
4290.845620489599,0.17793107973797773
4328.13000283849,0.1679582854433441
4365.584248822942,0.16906096610705618
4403.873863795274,0.16899542938555528
4442.610658665523,0.1674572647432303
4480.863244237024,0.16630194971798798
4519.8967383563595,0.16372779863744136
4559.39330363558,0.16361017276517592
4599.494531688166,0.1570633155682099
4639.965744770462,0.1587853173323863
4680.629873853211,0.15802791733526328
4720.674154067675,0.15623227252709213
4760.274822190611,0.1599498026707824
4801.08,0.1521036652412759
4840.882412496384,0.1503572624626762
4880.658753709199,0.15056019392086173
4920.631608707945,0.14973060820606102
4961.223004364353,0.1521576702131501
5001.599086888286,0.14365944779263007
5041.897523000708,0.13934261386776864
5083.165486976218,0.1406026595886855
5123.9322562358275,0.14333764819111733
5164.9317630264095,0.13818183120945401
5206.422428330523,0.14368073187571684
5247.979133914535,0.13485388585157335
5288.896527184743,0.13765936089470404
5330.219074333801,0.1399065774402424
5372.040842283776,0.13621212300182553
5412.999144079886,0.1318722761186048
5453.476847857349,0.13496008199163084
5494.2566531977145,0.1344362585172984
5535.201924457849,0.13317734365353054
5576.617754130496,0.13276714089228708
5618.378390012915,0.13358495989856886
5660.335113859995,0.13821353545661832
5702.062160617319,0.12977313155520512
5744.630352379615,0.1286873008616723
5787.224256292906,0.1257267758023251
5830.138703729967,0.12674087386680447
5872.476306023408,0.1278482576379841
5914.536688220411,0.1260238011356746
5956.680754502908,0.12152425277190074
5998.5275994865215,0.12278215374839122
6041.43592274073,0.11765108806732108
6085.555728210199,0.1245174595601364
6128.405120910384,0.11261743173655354
6170.934208668643,0.11237128300868254
6214.5510057471265,0.11390913413902365
6258.469096005606,0.11594107860749597
6301.436530729466,0.1153862673767188
6343.827871188373,0.11615174663599125
6387.006505444774,0.11044371708973726
6430.06313239276,0.11691054933220459
6473.592769058296,0.11300182620872753
6517.578917297529,0.11453381655478112
6560.4701734593145,0.11207716044039441
6604.433791917455,0.10863554421067957
6649.817751149505,0.10908676203474003
6695.700527892709,0.1041185844232159
6739.471692663201,0.11001820590505082
6784.008362863217,0.10455702074721201
6829.584563945388,0.10226216233379293
6874.649269914703,0.10177224914729993
6919.653684505463,0.10102917454435335
6964.97129050597,0.10085470654862728
7010.0513326752225,0.100088154083387
7055.119643614765,0.10001178521625774
7100.064557321226,0.09829925143913304
7145.157590293454,0.10285634255139485
7190.199020031705,0.10369509835107664
7235.3443249363145,0.09597909148070323
7281.106997043503,0.09967448683389647
7327.76170993228,0.10015757799041923
7372.963525404485,0.09814733667689737
7417.484348075818,0.09917426833889748
7461.857693956279,0.0959423344339825
7506.761925103232,0.0965415622876263
7551.923389925635,0.09543374701064461
7596.753867991483,0.09127518540360582
7640.878359264498,0.09519170843237183
7685.958591549296,0.09407612504185843
7730.685661503481,0.09481274301730236
7774.351141809981,0.09321821473398073
7818.590194396798,0.09303169494414462
7862.79734361611,0.09198805237867
7907.858223592043,0.08794061346391882
7952.255207595295,0.09161587448495064
7995.4256941447275,0.08902982736306642
8039.226727584238,0.09082113972194303
8082.313796971396,0.0897698184687538
8126.662913340935,0.09025672557047944
8171.013477088949,0.08844973036768486
8215.8648989899,0.08786480653060387
8260.509570395576,0.08979571918901887
8304.765149359886,0.08662976963920771
8349.895469893077,0.0863946137934223
8395.168153049482,0.08368959299483772
8439.884057971014,0.08313588432039393
8484.825170842825,0.08293075222197836
8529.977563641594,0.0841639876513286
8575.816703724291,0.08237247089905482
8621.843768032313,0.08088488074811544
8667.875087719298,0.0806860727224299
8714.97804563065,0.08266440254745595
8762.17658509455,0.08153326080307796
8809.8710188788,0.08192639917413644
8857.636044388257,0.07908197984139125
8903.910788679786,0.0810042552895679
8949.11196362603,0.08107204925594856
8994.294534835211,0.08047137447579446
9039.940724637681,0.08370196923797867
9085.849754040759,0.08549074468445218
9133.220565260617,0.0843448919022964
9181.082306830907,0.08326139713151337
9227.797727272728,0.08194770693955179
9274.237248952464,0.08575537913631527
9319.711459658047,0.08339067245411069
9366.385513361463,0.08346383797480074
9412.671444791371,0.0855754891111232
9459.583309598405,0.085516735863067
9506.61144705386,0.0879419028705645
9554.340023101357,0.08683997938832706
9602.330985915492,0.08608271092381332
9651.07854942593,0.08369825803163498
9698.997693859901,0.08318891416844085
9747.073051037578,0.08550515073496442
9795.205417934232,0.0816739271162783
9842.852581898946,0.08317805500546341
9891.583274273566,0.08385099138429157
9939.672758423758,0.08267123748328553
9988.062848962061,0.08552686401368423
10037.307155809736,0.08196046464308054
10087.01179856115,0.08236096076739309
10136.398262331839,0.08164043578178712
10186.116424708227,0.08059882828248659
10234.808776978418,0.08431361870425975
10284.408377696835,0.0844517995752525
10333.72039800995,0.08626366357839307
10383.217950530036,0.08196612991501333
10432.982326111745,0.08359408096406176
10482.268885144622,0.08438499017559875
10530.609525155454,0.08379811790120678
10579.094342352771,0.08609427881749261
10627.898746795785,0.08370327595379541
10676.728585447918,0.0845800384698285
10726.238563008701,0.08074939948403824
10774.629230987111,0.08419970951705337
10824.274209556217,0.08752759745682623
10873.49992910818,0.0858217263218318
10922.489940657113,0.0848724523046197
10971.282072712076,0.08505586583830732
11021.104337800836,0.0851436667803736
11069.72261954845,0.08505020293831261
11118.077130681819,0.08246271881179602
11166.935286587968,0.08288201599608375
11216.297202305637,0.08393246916376092
11263.47750569476,0.08438711703885571
11310.463645348016,0.08582067468624253
11385.902381105192,0.08286296559711756
11489.244708740967,0.08620487852045504
11593.567839836776,0.08471939919428689
11698.481869923899,0.08423279652879716
11801.849983917658,0.08567718425722708
11904.379321403374,0.08480533418771882
12006.934236468867,0.08464749762436434
12110.950743018191,0.08410346438225069
12215.856099436187,0.08479884045611724
12321.652887809865,0.0828855239194594
12427.321675634128,0.08239914867998803
12533.653990700044,0.08275016551117773
12638.924018979225,0.08179590237623956
12745.0389593746,0.08151176693239771
12851.08047223995,0.08283959574218389
12955.79526042001,0.08235971110531413
13061.277407054338,0.08234576268768846
13167.350710598432,0.08165823263191047
13272.274123088784,0.08293790977936089
13378.381216173193,0.08203602359584172
13486.468251928021,0.08250505426492637
13595.339863004929,0.08305364541659509
13703.184822286263,0.08384926142992574
13809.804916985951,0.08216497923160036
13916.776478855245,0.08303509741662496
14024.91967871486,0.08436095541287057
14135.599422891952,0.08501513546824277
14247.59220495698,0.08266228890856242
14359.84975653511,0.08436516471599324
14470.40517571885,0.0844983648534299
14579.785408547883,0.08259578410868383
14689.746874202603,0.07957775602263564
14800.774595665793,0.07806545276049617
14913.676616915423,0.08009750426661975
15025.438789194712,0.079288247616235
15137.995129766101,0.07638058521741398
15249.851446492576,0.07798686452113397
15360.611490403195,0.07535037000027286
15472.366286115186,0.07614729603106271
15585.454736976506,0.07555552546605832
15698.646137049644,0.07523680436158801
15817.072589864092,0.07044636730429868
15935.074861842952,0.07064137540626196
16055.158088702503,0.07237059917115443
16175.431470777135,0.07027398747543005
16295.402532934513,0.0729372216117338
16417.154428269096,0.07104019460086926
16539.692810457516,0.07223450770339694
16665.45737224417,0.07348180662932631
16788.90910843993,0.0712018379385892
16913.239902862984,0.0710258147208786
17039.47573063887,0.07027400994934656
17165.648603850568,0.06999085323011384
17293.42573874976,0.0709840243554814
17422.16165485539,0.06996962001050169
17550.70396121707,0.07040999842070464
17679.991317116772,0.07061521818699852
17810.250576775186,0.0697205227865811
17941.674768148387,0.06963487377968226
18075.298121617318,0.0682440601905354
18209.897760905933,0.06952285906568055
18343.13182397959,0.07037001768661898
18477.160565723792,0.06725622827312851
18609.74559386973,0.06705033637180033
18743.637884787327,0.06496996049247224
18879.766247987118,0.06463882312887669
19018.691275594556,0.06509128702983126
19159.117556861744,0.06491546503241531
19297.39437162683,0.0662474782364024
19432.811050782497,0.06855483374557328
19564.49662806973,0.06674853890074033
19695.926352865834,0.06689271557355929
19829.030094527683,0.06627254267267603
19964.841810427144,0.06429951055040087
20099.578003969014,0.0639837714047037
20234.990114263706,0.06310823765434705
20372.191417458394,0.06515871464189182
20511.10743801653,0.0660452750969311
20649.314373558802,0.06411921858133068
20784.414428781016,0.06278260887987533
20919.121061041868,0.06134191238218891
21054.328933103756,0.0625590161184281
21189.66647391416,0.061440784543242775
21329.992472089314,0.0606401176850903
21471.205219832813,0.059619882255564874
21615.595206136146,0.059814545165075755
21760.706413210446,0.058745145647278306
21905.956241956243,0.05650495605423968
22049.246126264567,0.05763697220902561
22190.911325668552,0.05820133666561223
22331.003778660175,0.05843221357035695
22470.259761109683,0.05952573963521441
22608.78928912974,0.05832879835057294
22742.823710942524,0.058906577741764464
22876.97176395939,0.057010929618597064
23012.05245671203,0.05666584342684752
23148.841275941584,0.05713542560283052
23286.61565105837,0.057455099818215116
23425.34441049147,0.05822494363927116
23564.513735032335,0.05952351363035266
23702.750192258394,0.05817621371616193
23841.619667943807,0.0576332787406103
23977.974276733596,0.05741667125094031
24115.259089169536,0.057732815011749296
24251.752861436154,0.05725874605105523
24388.18238348612,0.05526132922318709
24527.853039240832,0.05530520511857831
24668.832462401224,0.05471018614624234
24808.312384237084,0.05553555806715079
24948.21938218483,0.054483249594710244
25089.982451678534,0.05298614764271974
25235.566452854393,0.05293327575105547
25385.210317967056,0.052646098343143814
25535.5320684809,0.05210402665829388
25683.52973667309,0.05154599016443673
25831.47238168134,0.054006452289579926
25979.34398568324,0.05195004462288298
26128.15287113501,0.05339656441174107
26278.984421885973,0.054524131650374126
26436.193788501027,0.05345905218455699
26593.787552823665,0.05459538524011334
26747.419604086845,0.05697293690378781
26895.984436046885,0.058504084673017216
27044.615384615383,0.0592993790620454
27190.966583445363,0.06159507282440207
27336.07923514741,0.06111310913285953
27480.521461011962,0.060665346143085726
27624.99493297415,0.06274876238517521
27768.80556794292,0.06428993006795938
27914.495524868944,0.063159443722577
28058.800810133092,0.06404262882244695
28199.564394180063,0.06291988504206075
28340.963031897823,0.061768314076539065
28483.15513065647,0.0617641362132313
28624.53789385869,0.061120942990807316
28766.676673479815,0.06031740075114653
28908.156476086817,0.0597731551560124
29051.05142344191,0.05837874711558551
29196.361818994697,0.05946151195726208
29342.497832462068,0.05861031772888471
29490.50849631292,0.057738337446139876
29642.592675301476,0.056535858109253045
29796.47900556017,0.05584771227340502
29951.123042362004,0.05463951247709326
30106.403890306123,0.05484259060292671
30263.977655771196,0.05435120758335641
30420.920046053474,0.056490446743480284
30573.193882774507,0.0538768935087926
30725.485019930566,0.05590267529147996
30876.10350776308,0.054913777125415356
31027.773153762686,0.05379900164130171
31181.933865814695,0.054286557098069274
31337.72892836603,0.054699774142050725
31497.167092651758,0.05337358761535152
31657.843689818976,0.05378542399758824
31818.588160081832,0.0534410964619878
31979.710643722115,0.05380909671105377
32144.28870615444,0.05458248455034645
32310.48889172625,0.05491071164666849
32476.14534549863,0.055453668882354264
32642.59776608037,0.05484435132511777
32813.03880520807,0.05317067109520156
32983.598016,0.05314136310282705
33153.61448717949,0.05476105735205882
33325.285860393764,0.054020563911773664
33502.30687965379,0.054786016932329026
33675.105851371314,0.05552115885935581
33846.67282809612,0.05434790771669601
34014.51098725094,0.05583912070552716
34177.069939905385,0.054519570257454505
34341.126948632766,0.05664338856345239
34510.25702733924,0.05524084021174334
34685.841322525055,0.055252695917754696
34862.44018894421,0.05641314863085882
35035.29290471312,0.05804468556245614
35207.493119119245,0.05650265757257799
35379.980393413214,0.05680158380745354
35554.00147068227,0.05658896707076773
35730.97035762096,0.05673765542280867
35911.52253927541,0.05798197816556813
36094.21398048345,0.05810880611969195
36274.800886376775,0.05805100758484546
36448.302947180404,0.05722190265126997
36622.65800256082,0.05769528631662003
36797.12152512114,0.0586250978356668
36971.68912848158,0.05902449040789546
37144.57503828484,0.05799317068949816
37316.377201408905,0.05867326616500866
37487.95619644456,0.05898292330767978
37659.06721773677,0.05733690416915743
37831.04392863994,0.05777764460979606
38002.62249407545,0.057464637420744695
38174.41468380201,0.05782064226286759
38346.965099806825,0.056743988740085925
38518.10817521966,0.05782354950150808
38695.44418203868,0.05719737562255431
38873.13423763517,0.05593379582895729
39051.877895814665,0.055095048158455805
39233.979444159835,0.05386620951255612
39419.170723935764,0.05358758765977428
39607.459242618745,0.0540813086517964
39796.841792380466,0.0544991563414169
39985.889172788244,0.05460231144477406
40178.827907570536,0.053371277926796155
40363.57691321625,0.052460115877557466
40541.046920069224,0.05203575940383894
40721.11652839821,0.05142712283143778
40901.248308438655,0.05296827439767523
41079.44037402331,0.05099046897234709
41256.465793864714,0.04930150127738345
41436.25014332123,0.0493839255441734
41618.955693369986,0.05001944354881691
41800.79300851527,0.05064649063849984
41979.74583866837,0.05071453503162602
42155.19705469846,0.05094218359830862
42328.04292231575,0.0503898251422987
42502.702806367066,0.05037350050215322
42677.215089514066,0.04918821516027889
42854.444607717865,0.0484651129508573
43038.92534544524,0.047847827463851265
43226.69467554076,0.04789972825514183
43419.6353128991,0.04977053889976406
43615.64961210489,0.04907846061750415
43808.44647653153,0.04947153515031457
43996.796428571426,0.04816380892387463
44184.60283960092,0.05005563711825338
44373.995577490066,0.0480195040857278
44568.28691092781,0.04865823307499749
44763.9107497279,0.04836897160517063
44962.65803771173,0.04920891894091146
45164.42478894858,0.04936640464536293
45364.78672109191,0.048443151843926335
45563.42730882541,0.04907000583452171
45762.65219334653,0.04898044238177037
45963.47564872811,0.04873698367849899
46166.3754018259,0.048548716767812104
46374.085206949414,0.04836807546816836
46582.10406431443,0.04987907343294697
46791.77201177374,0.0516212590653753
47002.20071478716,0.049632933758712104
47219.558242180006,0.04767316484436509
47439.70900115399,0.04835375170468046
47662.711924966505,0.04960502909209209
47891.906923224444,0.048765650447453936
48120.56717278493,0.04983941140727868
48354.479841543674,0.04825164460579644
48597.04072629627,0.049707358248213165
48834.63025102459,0.05272866106480534
49069.63889598774,0.0514191784993881
49301.36707402905,0.05147927733721854
49521.86539446721,0.05075621263944185
49743.31326765609,0.051655177566290233
49962.57119173627,0.05102939231542
50190.26281310212,0.05303154179009604
50413.256312165264,0.05203977181126993
50636.23766930744,0.05164600652446702
50865.71286938724,0.0522138994412731
51103.299705731835,0.054360426758519244
51342.05810377963,0.05545847242712148
51574.69789870345,0.0568157588271993
51803.020742637644,0.0559878397980742
52029.54773452457,0.05656804262171524
52256.20513149455,0.05652325963446171
52489.0908509277,0.05552364187787772
52715.863900786295,0.05574884734885837
52946.19546615581,0.053855127992707086
53177.59495776811,0.05237822721191312
53410.923814393456,0.05166020991132808
53644.00677099968,0.05235242437124922
53877.40281780339,0.05328974205987699
54115.969712460064,0.053660243920641615
54353.48497276514,0.053892433547272904
54595.59042927516,0.05348803722685027
54844.737481614124,0.05188087926197975
55095.762606919445,0.05391894634514193
55349.201381780964,0.052506452590907686
55604.050869120656,0.052113977542575005
55859.12096567623,0.05136542771149556
56110.410841289166,0.05175168751500222
56370.03035919724,0.05210981666106319
56634.47118146422,0.05162417456953556
56906.91836865356,0.04979514786704444
57185.813820929936,0.05002137208416782
57455.79481282739,0.05023658233284412
57725.83742959549,0.05087465984041391
57996.43268676781,0.04883074247588191
58266.596573109135,0.04960437235238735
58540.979032566436,0.04845569690972834
58813.70421362705,0.04912814999371507
59081.59331583328,0.04931706398915861
59353.026162976195,0.050505073873494795
59629.69902042385,0.05348389851041474
59903.877741543576,0.05168853260058229
60177.28718506203,0.049660039500066894
60439.48635664873,0.05098538481598055
60700.19410335124,0.048592873220477756
60962.17103916048,0.05143847362342687
61227.687998978094,0.05291767339284725
61492.92183908046,0.05214656479027754
61746.280520646316,0.05136868173150489
61997.771781576084,0.05148752088717975
62249.856257586405,0.05145365861181116
62496.3837402531,0.05132331582997135
62748.115886415966,0.05135827824996263
63011.47883174278,0.05159270023019952
63277.14170661553,0.05279555559129373
63540.532767532386,0.05380217987152121
63804.17009847807,0.05484726655278835
64073.20481927711,0.05570584280015564
64341.995405819296,0.05624526532946652
64607.269681634745,0.05867674164275871
64873.45447545717,0.05897170695837836
65135.267006694296,0.06109767988760988
65402.164889881904,0.06212768000176052
65663.52386144965,0.060038532426138054
65922.16110082371,0.059869381797052965
66176.52912993485,0.06215937179337902
66424.82476410552,0.06311013586884723
66666.82324393358,0.06349985875473792
66915.22078421322,0.06022053723901431
67171.32883890344,0.058514502093179196
67432.3705451068,0.05859964511565693
67697.8200512492,0.05637000812445126
67971.0741974755,0.058832952069935544
68245.33020374273,0.05560577845934968
68522.89960378323,0.054851193957598236
68798.26265984654,0.0535117529761943
69077.45319787873,0.05375965241524348
69357.78472177756,0.05670110125628742
69640.59956530077,0.05419048904982803
69924.43861892584,0.05357291495228816
70213.72568578554,0.05555507139705141
70507.04515221284,0.05551702203136114
70800.42790280182,0.054504591212672336
71101.19962972421,0.052400938576829974
71413.48552068017,0.05301035064394772
71718.87801916932,0.0514703886642828
72016.95983317292,0.052562605967690045
72308.07771326485,0.050905990257118366
72594.42668461884,0.05100179090025503
72870.70122652357,0.050944477109612536
73141.05144756184,0.049676424613665435
73409.42035766938,0.04989787612899583
73677.35871231477,0.05068632589150576
73938.70286006782,0.05158024055341651
74198.95412374432,0.05031390167497231
74457.90404491515,0.04986294074287439
74715.76031572868,0.048410902344232065
74966.18816861945,0.04887192342404189
75221.9652252021,0.048779648382489986
75478.39266313032,0.04677474853980224
75725.16055779441,0.04589894289996183
75973.8321517532,0.046203082376876564
76222.15194888179,0.04370968163301824
76469.60536422994,0.04470190542199884
76717.11786950391,0.04533952088302586
76973.54503036114,0.04609711766574468
77229.92782647643,0.045351572957083953
77487.21154583813,0.04517697682138274
77751.24523230513,0.04616999995694702
78013.3067774936,0.04717694880436905
78291.2695030937,0.04599334973615037
78577.63381184312,0.04732886668935028
78858.88272907474,0.047817804810933805
79134.82753336313,0.050593093756901915
79410.66911905828,0.0529136710204208
79689.37340759234,0.05378254123178733
79962.81993096395,0.05458429103792058
80235.47512501603,0.05353092275028583
80523.78390262554,0.05202691809186504
80818.39087301587,0.05300004319812144
81104.62364557286,0.05521481301454156
81393.3282992417,0.058848190007792206
81695.34502849093,0.06017419776727921
81994.01054111033,0.06538936915217715
82297.51795792714,0.0676906929608394
82627.56223285486,0.06416761975267644
82955.8961835965,0.06476200484236148
83281.72286226318,0.06490447248096284
83592.42729134664,0.06720030291983263
83903.02939672802,0.06988579067202673
84219.23165034875,0.06707049346281359
84524.90839938635,0.06705971767655633
84814.59178975638,0.06951546202692449
85105.44586557524,0.06860356207438251
85402.9930262316,0.06792298776739555
85694.2134529148,0.06452559238391402
85986.43238913099,0.06265422602134757
86283.98424041345,0.061443030176919634
86574.64578005116,0.06307454022976493
86857.743872,0.06604172360490326
87133.1996291323,0.06374400882443026
87409.32009973149,0.06360296963987772
87692.35802705462,0.06494805701534304
87982.09967907573,0.06228645395533473
88274.44632804503,0.05829125996012904
88562.95705443175,0.056469366849236084
88855.99679877074,0.05804240320643448
89148.2818170202,0.05696179399936503
89441.60485057913,0.05640794001756218
89746.12464009214,0.05369411556404107
90059.83408815462,0.053930054439682316
90380.5713919672,0.05298948185363952
90698.58013703016,0.050668114154902646
91001.08185303514,0.05257473352737572
91305.24350441572,0.052476854519991706
91626.34641899656,0.05359215577901428
91971.2726342711,0.0527992280524805
92313.765952,0.051419097377806415
92651.46699923254,0.05187298435594488
92996.11793721974,0.05103943019398564
93352.88260480572,0.05215675656310484
93730.27658623771,0.052512554079405686
94122.5541103351,0.05312904407505589
94522.29493735617,0.05357976733644371
94908.74958477066,0.05357675616116298
95317.53784095275,0.052158766420085545
95733.48269464525,0.0525763632753071
96146.37674121406,0.051727902660737395
96547.04594836402,0.051324163906309894
96928.48331518607,0.05170046941264004
97302.68823190632,0.055287592410187505
97673.61583258671,0.0543081047485479
98045.50395761522,0.05154395101572275
98405.887203124,0.05108093727523283
98750.51611459265,0.051032133228792846
99085.59557975657,0.05052230642699674
99425.26691801393,0.05023971342219152
99782.04746997189,0.048357076559530365
100131.50781149956,0.04650830612181373
100477.16198938823,0.04665874051017817
100843.18486749456,0.048480011945132344
101219.55146683674,0.04944289777292052
101588.86093520117,0.05105621892891696
101957.1564578005,0.04971581098145249
102325.14131130747,0.05145283640584363
102690.45247075369,0.049899438735289785
103056.08512269938,0.049826032701797106
103425.30008328528,0.04855092770760649
103793.5826565198,0.04969010550455586
104147.90903271237,0.05109045809342379
104473.79919550504,0.05141309952314002
104794.84926517573,0.05229071861784582
105131.17659137577,0.05155627594635403
105471.38554754767,0.05207537817848811
105813.03963687508,0.0531850616035659
106144.90285787517,0.0527516021824765
106472.66758435238,0.05373101501889635
106796.44820322972,0.05449102743560917
107114.06682455355,0.05520670158291927
107433.2424977653,0.05358062940343535
107753.032384,0.05361000066896962
108074.90773752476,0.05612219356894483
108402.83419689118,0.0550632760988849
108745.04538771336,0.054331723760674105
109081.31930566231,0.054872843234003855
109412.4695641042,0.060509987297896355
109744.94330457014,0.061254319053170136
110072.71413927861,0.060067908752330645
110400.73675813657,0.05780697212482532
110713.66421490246,0.05739153895410177
111022.7611778232,0.05727062288817544
111339.56799384498,0.05579560607982915
111660.77132104356,0.056858721607098005
111984.51207791375,0.054134389343625494
112303.27647622087,0.05319783330157512
112621.49011706006,0.0512789923522217
112957.03130200999,0.049203597683294915
113294.85666794528,0.05092521024595914
113627.96519230769,0.04840840759880057
113960.96126108877,0.04696743246936373
114295.03969270167,0.04800133910311768
114628.08722303812,0.050473984198190984
114968.83991298228,0.05106700927669075
115305.70701451499,0.05098046055928629
115643.27883631714,0.0495041045227423
115980.29777692357,0.05005785159830185
116320.82883804168,0.04939938047331613
116663.30927835051,0.050365678004191304
116987.41205451405,0.051065782231667266
117305.44289461897,0.052922254443877166
117621.47191942373,0.05381533805583728
117935.70714697038,0.05417458341095149
118243.66647465438,0.05437522293831222
118546.56495584283,0.0555023875221479
118848.68039918116,0.05825584556832086
119153.944128,0.05487165269786036
119457.86164567483,0.05329273738290256
119748.53284811339,0.05637085832695419
120033.23351455068,0.054457856488256684
120313.8949795082,0.05397525739895616
120590.78511604118,0.05573028798888711
120876.03785267458,0.0526600066866681
121174.90230326296,0.051824051977359856
121469.18661452657,0.05266844829789741
121758.88514851485,0.05175054557089411
122042.92243696403,0.051762208152786655
122328.3022497763,0.051657228604221894
122630.79906780743,0.0520566979480341
