D,r2
89.88703654307815,0.6701630304518229
124.53729744207848,0.6320356940768661
161.8071105365223,0.6094270325100173
200.96615676187898,0.5932380566608687
241.61579795808706,0.5744961572322361
285.1482884766135,0.5606390209415713
330.11420612813373,0.545553160416276
378.02049442807737,0.5410701225598253
429.0743494423792,0.5163221183899597
480.1137748882568,0.5015183180025754
532.8237820426789,0.4950744862294222
588.2133473462953,0.4836266157049191
644.5566666666666,0.47179032116849967
702.2452148306786,0.4583428890347524
760.7032704068067,0.44639540048952103
820.6442569406641,0.4395774182945377
883.2481457384515,0.4336402120473845
949.0955608718766,0.43036456114920263
1015.1461673177961,0.4193340121182933
1082.6080382013529,0.40791224409070365
1152.09460181721,0.39924804703888417
1222.48642895157,0.38650664355534375
1294.3205593653354,0.381068053885113
1368.9477374966923,0.3648197409464693
1443.3780135004822,0.3524244301259385
1518.2590336425308,0.3545869288805054
1593.2345474613687,0.35376037562550156
1669.6809841534612,0.3527546999619059
1748.7459332781914,0.3471431894979856
1828.0051546391753,0.34863106372434993
1906.8992002206287,0.34859775263280585
1987.927950310559,0.3442643188823999
2070.2831125827815,0.32915656677680927
2152.995436315862,0.3237229904386261
2238.529633245015,0.31592032936222836
2327.933772110243,0.3151252791649094
2419.080138888889,0.3124457658292706
2512.0321374151545,0.3216195518478803
2607.5173985086994,0.31720942338440566
2704.5629731589815,0.3224802475715168
2797.2621655344515,0.32689410666021634
2888.9118545252636,0.3148503989505171
2981.9155531064885,0.3237556392579726
3076.9479238994586,0.31855647964462197
3172.073796643085,0.31031234229863613
3266.844692275919,0.3010345420970621
3365.421560518335,0.29452881284761634
3468.0753434161234,0.28796120681942255
3571.0211081794196,0.28639697657651464
3676.914881933004,0.2763001282418913
3787.9421212960397,0.26420530417595073
3901.0123765818385,0.24642747621877764
4016.0865051903115,0.24396492817189175
4136.568524408795,0.25014599208291044
4258.439939527213,0.2459118924995935
4376.080400612046,0.24704323920717566
4490.429141991462,0.2512397881153453
4606.8681516325405,0.249987249470099
4723.858768035516,0.25238750180015446
4847.075399009356,0.25979647098931224
4969.693496727476,0.256146433786122
5092.294693314955,0.2534147725948598
5216.666019417476,0.2579319296472752
5343.395942589014,0.2560224029526872
5473.901038062284,0.24751071812028577
5605.987840265303,0.26225155554972246
5737.6615980094,0.2643266062724651
5868.63678001388,0.25980809653456605
6000.150977153868,0.2551137231308029
6134.1137151573985,0.2480348596381102
6263.078379507169,0.23979264909994497
6389.156811633969,0.23417691219558565
6518.174172921879,0.2276794917304865
6648.42186637217,0.2327870507405214
6779.929633709722,0.23326475388668808
6912.3105124288295,0.22597437075544483
7045.284962614234,0.23366533275134868
7177.273495980039,0.24250061015652902
7308.371974697469,0.24074049802052222
7434.838330800056,0.2379169958024275
7559.175784504304,0.2310633325736632
7688.993769039047,0.23416511481862606
7819.19162419066,0.2377262947285256
7949.231665049217,0.23321870141245438
8078.042526665743,0.24101091310363984
8210.111373092926,0.23802037570938014
8343.793898398675,0.23938483659746873
8480.714463495575,0.2223297300641911
8616.349056603774,0.22152627807564965
8748.808347062053,0.21532565498245732
8886.714364793801,0.22092880525185485
9025.830690038954,0.21918173912956931
9161.318657127133,0.21213351738943995
9296.686616791356,0.20369204753028056
9434.54763888889,0.20152320299235438
9570.907575757576,0.2048542492451851
9706.079253112033,0.2188082466449271
9837.50151975684,0.2265046747382339
9974.511743575573,0.21353651028165246
10116.16812317936,0.21915027571724915
10264.944152612663,0.22153390967749106
10411.746886244118,0.21846460925785835
10557.198693900236,0.20971559172927512
10701.29701060752,0.213975812974066
10840.543661194648,0.20898093250715452
10974.420673410004,0.21199651501523958
11109.342331118494,0.21714376867909108
11249.486774684947,0.21898008806356226
11394.103262372131,0.2169732933973972
11546.944505797901,0.22040953521346485
11704.501175494399,0.21349797804410628
11859.785931453842,0.21529364703074796
12014.153494176373,0.21971979068602124
12175.315891472868,0.223984439233382
12335.468659194687,0.22284360218047952
12493.48454179953,0.22625511547645538
12653.894307819839,0.22014565526661392
12808.37182320442,0.22717619404938372
12958.663396434988,0.22715303487101382
13106.671981145155,0.22930106661542815
13254.52793488757,0.24054141315898217
13404.331720132743,0.24321532419983527
13553.737983425415,0.23389708315359217
13705.189174184594,0.2420164346081464
13850.319744869661,0.23661951172737491
13995.2010742322,0.23607248333278
14143.753052164262,0.2136660473902442
14291.369819633761,0.21564757063581314
14441.117041979427,0.2152719425503323
14590.218222099142,0.22451785143798145
14736.370905587668,0.22942080017114996
14885.662608936229,0.23311826802918756
15035.727802441732,0.23601543724839685
15183.688719723183,0.23078948939093027
15334.05035971223,0.22485360766126067
15483.02905770029,0.21938051545483606
15632.380066170388,0.2240257406390974
15788.069492703265,0.215229538494359
15939.590080132633,0.22378625770588914
16092.80261707989,0.22065613680454194
16243.731562197316,0.2151267606851569
16397.69545328528,0.2093837989687231
16555.183402489627,0.19742825903066757
16715.734597812545,0.20816512527389644
16877.023941323,0.19875159719913665
17042.181491215935,0.19641200326024985
17203.322122674017,0.19982731194593864
17354.509249033683,0.19597151736768453
17506.855948732238,0.1992488101907917
17665.503106447606,0.20652186990971766
17824.064516129034,0.22188664385841092
17983.829291949565,0.22584694004898465
18144.942660234323,0.22642183123734794
18303.756326925737,0.23283883454118393
18448.308268590456,0.22843427680694167
18594.138658940396,0.2259436977068889
18741.4483476812,0.21592020748921362
18887.414748449344,0.21092848635577113
19036.167569068442,0.2093959090326364
19189.506404076572,0.21590447399800142
19334.60421286031,0.21100538723038206
19474.074043261233,0.21313561151998603
19617.19512195122,0.22228815987446765
19773.548588039866,0.22501904436769382
19941.241886269072,0.2283720687909679
20108.129161486395,0.23128862010653803
20268.96117581808,0.23497785328016532
20428.311706239645,0.22800050462219396
20584.3384019906,0.22274980732302163
20737.080593702318,0.22824622143947684
20883.48293421415,0.22527487365236143
21032.540785077952,0.2358675446710474
21186.18450082736,0.2301434595571681
21340.06096551724,0.21915902582699134
21490.484781097985,0.20977491689127675
21635.973847212663,0.20274337315743476
21784.626039933446,0.21601278405935534
21938.881872316855,0.2147880145380219
22092.8038647343,0.21748249194471794
22247.269055194356,0.22794045096176047
22407.913157894738,0.22446542248825868
22566.714561500277,0.21971743911456385
22722.794134000556,0.22271543681843978
22880.883142027382,0.2184183967315912
23038.535427622475,0.21371300328161624
23198.925031064475,0.20828993673866733
23361.080126879053,0.20637353527117086
23526.293945720252,0.20468031671271109
23685.33815426997,0.20820455394833445
23850.710377228133,0.20968750755208665
24014.24052741152,0.20041898733951705
24176.158839779004,0.2111460450429448
24336.180532445924,0.20362464443861725
24496.36957723128,0.20334831735916506
24661.189859465416,0.20852325905172808
24827.26808687232,0.20135765147693663
25000.343984440122,0.19881528925820452
25175.898604779664,0.1987240730470508
25338.046000828843,0.20214598738598777
25499.87197566708,0.19841719420531764
25662.170103806227,0.20084517019598833
25825.153867403315,0.20592955499244403
25984.23009950249,0.1979818263711393
26140.5815701559,0.20512352267556203
26294.598452397404,0.21599760602266266
26447.279259361614,0.20798344435622573
26605.670479603086,0.2197847536702562
26767.86260917787,0.21600358593762276
26932.70526461241,0.21312926177139188
27099.751214771622,0.2207536014133754
27263.0656258635,0.21296000808075627
27431.336549062846,0.2100388906443862
27608.856706470426,0.21796658426014762
27789.008707671044,0.19498204302932773
27978.38199917047,0.1822444730499657
28159.73027497582,0.1792294796091623
28338.825370447306,0.18182867206017475
28516.859215252833,0.17628805635212685
28696.663991143094,0.1834577675299845
28875.881210102692,0.182781442066189
29056.084092792047,0.17297764266400517
29238.249586549064,0.16982573653763003
29413.542236969446,0.17019347771898163
29589.493959172338,0.17554083512571775
29771.392525951556,0.16968924349262177
29952.982300884956,0.16637261630233732
30140.3158839779,0.16143017078633917
30319.169521967393,0.1671660264811344
30496.828079433413,0.17214718078294974
30679.01845221702,0.16078895799301293
30869.05080991278,0.15998568687877507
31055.90849944629,0.1619051644497129
31233.719746101837,0.1612099322828833
31410.156094182825,0.16133190535415232
31590.585906133187,0.16228816065873394
31774.58731693838,0.16681987443860244
31957.852000553787,0.16559459141321695
32138.254500138464,0.17337662748273183
32322.580400276052,0.17610658591570855
32509.6228397622,0.16740286697516307
32692.854452291926,0.1611055766604949
32867.947965679494,0.1637820079057386
33044.653649079075,0.1640202659311236
33218.67168092741,0.17194587973499645
33386.75948490723,0.1713501962727943
33550.5615416494,0.16614872157756735
33715.1445448228,0.1592445075338437
33880.23696878008,0.16363678559131165
34044.26457523598,0.16650191574760623
34210.80439287194,0.1694492022472168
34377.84353364719,0.16851273014614132
34550.970023483904,0.1715160129893374
34726.01122039064,0.16385909132773238
34904.71629445823,0.1617503485167131
35088.9712031012,0.1641323573540766
35270.399253731346,0.1682793280630361
35455.23052309405,0.16939937417415452
35636.11064949453,0.16331563912869157
35810.32262068966,0.16766945202829645
35986.555617044825,0.1668523333546223
36158.68120155039,0.165873922635964
36325.790931642776,0.16824954688089158
36486.42819517605,0.15465855127220884
36646.62725893227,0.16115913578421978
36797.89799888827,0.15180268875735295
36942.93132513473,0.1499085594328523
37083.77834694725,0.15605055172431506
37225.98537729342,0.159443290018125
37375.39656842397,0.15795384944624513
37521.898597027364,0.15725982795827362
37667.88506063947,0.15616769811469391
37816.631789910156,0.14910818597304334
37966.899029126216,0.14694848734073956
38198.516697819316,0.14269571270424639
38494.602929261455,0.14469111600363205
38778.76012539185,0.1415767376990647
39052.98203406689,0.14912488472531868
39334.287709671386,0.13802959521114525
39626.68902590932,0.1300625205470437
39932.21579275905,0.13933092445424083
40270.13828193283,0.14746225181987782
40624.29793197957,0.15841940595604187
40981.304876527814,0.16398723951121097
41344.3184991274,0.16006760988261215
41714.50970479935,0.16153657490953008
42072.73494952013,0.17571625012114292
42447.63423614578,0.17455110487259634
42837.638037575685,0.1816548549820464
43224.24342885684,0.18277383542145037
43623.470321055254,0.1782852188395405
44003.66396205218,0.18138167358262897
44387.763894953525,0.17830620195789407
44773.522986713244,0.17577754574517218
45148.60245467572,0.1739758021372794
45546.175096790306,0.17269375733021206
45944.038873660604,0.1644516036332579
46341.817013845575,0.17040134563053352
46730.909827887255,0.1711350465605715
47126.398439450684,0.16912852742089263
47531.357227451226,0.17492940812775312
47922.5742543367,0.17594033628205608
48307.72370064967,0.1800864631739598
48692.76552582452,0.17939910969239375
49090.069146608315,0.17400159797922357
49495.46916272116,0.18418639911173712
49900.485619814084,0.18106792627707438
50314.13872940589,0.18453563452131885
50738.73471676949,0.18409418664227692
51151.10080996885,0.18099806018714013
51548.86990703188,0.17288763944914648
51913.75970540507,0.16028479999898543
52265.00761167956,0.15451000948403612
52603.018374338215,0.1577289100530473
52914.94337740085,0.17272354491991396
53236.538591232675,0.16912997907906271
53580.708218835876,0.1764758050270941
53935.364123326064,0.166834257228372
54291.058801474726,0.16160639913665878
54630.90348258706,0.15844346546765792
54955.21611652913,0.1523477257927653
55281.08591172259,0.15068821230399831
55597.41195951012,0.14898039770887542
55895.02893770614,0.15373067595670423
56202.49906378729,0.16083421161395234
56519.73291265775,0.15279945909133416
56839.64082751745,0.15129161331408317
57163.62781135132,0.144741329189044
57482.12132192166,0.14553965940622723
57784.71283615538,0.13978387556771313
58090.99368671084,0.13625370438202164
58402.029039695895,0.14178261680224066
58727.257144636074,0.14526025532531012
59060.40220918622,0.15043267187542045
59399.74659587758,0.14572019686519494
59754.61230346893,0.1452019292870604
60115.72075659532,0.14335158821743302
60470.31084201985,0.14788559055888448
60820.068496568936,0.14489820216094937
61166.91579866525,0.13981327612760522
61518.18216933525,0.1460451424166454
61884.93414146463,0.15795898441716072
62279.39402241594,0.16638763636317375
62662.25237262737,0.1812160994809593
63030.696506550215,0.16700122372244058
63398.072869955155,0.17200173939017518
63756.83402981351,0.16908731144372968
64121.138966960214,0.16553933825674944
64493.996510686025,0.17048874608958137
64867.012368815595,0.17161776601258116
65249.33858316733,0.16748178323277016
65617.04675405743,0.16568969478471243
65972.33254304966,0.16139870871204676
66351.86137256124,0.16621909413330946
66734.9553198128,0.16142612607668347
67128.42026453705,0.1603310728656483
67553.86805858523,0.15381542774507667
67995.40168644597,0.15552831879271772
68442.343625498,0.16074567637348977
68862.44104230456,0.16045375977483223
69258.53109421735,0.16386696568257694
69647.65486891386,0.15781428990555588
70017.81402895656,0.16468709615742508
70362.04513715711,0.1639790030501394
70697.05263814394,0.16981920839809472
71044.68888473985,0.16828231519492673
71396.60471220549,0.173192617794017
71766.7807176287,0.1728447013326231
72128.5385765923,0.17815231797960676
72465.09544265969,0.1746804499471599
72803.69124165054,0.17601363103657283
73154.27104261558,0.1736216756483922
73514.0693854609,0.17417296851564004
73885.61974554072,0.17803451498623926
74246.8920755658,0.18100092318537084
74601.6084386085,0.17315390978020742
74981.81390848367,0.17456279745628975
75380.15607080529,0.16958534572084008
75764.29436012742,0.16929945984735725
76144.02110834372,0.17009198620283641
76511.77925399202,0.17120993343350066
76884.45647014739,0.169655759713755
77258.03874227962,0.16794845647657697
77621.23514018691,0.1653667590843727
77981.85400549039,0.1639801520956654
78355.97954984725,0.16403873658161222
78710.34179821551,0.1581420214074309
79051.13009502375,0.15681819386539236
79395.34570592265,0.16294915791374043
79733.1777500779,0.16027924905780014
80079.86891175553,0.1616729148696478
80438.73202492212,0.16170295530186998
80795.52265351971,0.16726258851356055
81156.91332543493,0.17328774421940207
81542.05322268672,0.172094062659905
81942.59228271728,0.17027539290844954
82352.79023113825,0.1709924556257885
82770.34615384616,0.17543188785195868
83197.90276911562,0.17751501431306477
83629.1275452842,0.18722813342068864
84060.27001246883,0.19390153073310304
84490.1924610592,0.19982837038785028
84901.91799387921,0.2017322592511451
85289.76061776062,0.19625691695893596
85678.54132334582,0.18765255985167417
86049.96654182272,0.20456833520902673
86394.68771405442,0.21879988994527894
86732.05077856295,0.21760229480573434
87060.85138837007,0.21128839117589568
87387.1534375,0.19467960555665043
87721.24945391,0.18374858261527058
88066.43007406485,0.17554751918394104
88422.68565019628,0.17588288449104378
88781.2492503748,0.1872185545732287
89144.90560049782,0.19019349810649566
89495.0712814431,0.19580422314254436
89831.31534906957,0.19840482300683737
90178.33593213996,0.19397246282670602
90538.9349684828,0.18860907910713515
90905.5785278366,0.18701186229535627
91276.2708437344,0.18769022418881803
91635.54875085664,0.18857846459847494
91993.59460640489,0.18372141216920265
92349.09457519196,0.18591123474680488
92703.13341645885,0.19213037409565242
93065.12656493305,0.1775952438804763
93437.26045757746,0.17634205428028973
93788.6664791901,0.18692724931338237
94121.54490420021,0.20259550002719634
94440.14029516159,0.22957301809232064
94756.40049906426,0.22962585838834393
95077.72660836978,0.2415442995514151
95394.25915299695,0.25383547458388617
95722.69213511156,0.24879233932428105
96063.08872124198,0.23607537986388302
96426.26658775154,0.2273316619364279
96800.28067983004,0.21753017377975903
97184.94275213356,0.2216696903670681
97574.22374742622,0.21209679455645905
97967.15276131046,0.20221819033032867
98353.0409079571,0.20273636703791528
98752.78073834277,0.1930107741601796
99173.3937972863,0.1917739509855229
99611.93785451599,0.190002718418879
100057.5488998317,0.18344887510037167
100510.00355583281,0.1741643352903852
100993.36036653783,0.17908480951501207
101476.10865090751,0.17508177862369237
101946.52503746253,0.1733586286461816
102402.51988778055,0.16952049366044156
102845.93485179407,0.1730277778499223
103298.90491619415,0.1660707093739954
103747.87977051635,0.17537949416116458
104192.39146972625,0.1758108029170615
104630.67347703842,0.1776866485752489
105043.32541760159,0.184815458675974
105455.08781216915,0.18404205662960896
105874.46232662752,0.17998567305456814
106308.77582663926,0.1810830490951186
106748.14224245447,0.18088792897944533
107185.73911416096,0.1894530643681159
107598.1918474196,0.19143130831310368
107988.93094821116,0.18189450298668136
108371.7580162196,0.18081108726871228
108748.31183800624,0.17782089446983323
109102.57476635514,0.18948815233313035
109446.59863903109,0.19516326728517522
109799.91158118058,0.20370495534199531
110148.23719743638,0.19662006388497763
110493.276962468,0.1900358395627079
110837.48472568579,0.19058788831634935
111169.06874844179,0.1790297879894354
111484.8591875,0.18065674179426394
111802.13740267829,0.18447658714502543
112128.95935162094,0.17823255570787977
112476.48621506986,0.1792011826481013
112818.6514339152,0.1838948006423022
113181.989013047,0.18719585478398412
113558.62514036182,0.17928535892014494
113925.89696440815,0.18634004781407415
114311.86440783726,0.1921592724867036
114706.34100692495,0.1998207895409393
115092.03752181501,0.20935587372309133
115478.98408140334,0.21639763938787807
115867.87909209952,0.2071575314325762
116251.26271450859,0.21228646150275862
116631.94324341163,0.21071256572807187
117005.34496099844,0.19809131234374203
117377.26653369071,0.20462682878224014
117752.62374446316,0.19552531449219004
118158.17728462785,0.19244488864481546
118570.016125,0.19304927297495278
118990.2671446384,0.19187939345060365
119425.147813629,0.18646851636509482
119857.30272766993,0.19010448900978555
120278.42883848454,0.18612772006482473
120690.4128182726,0.18619217436198035
121091.50477498284,0.19694867711066477
121463.09310452417,0.20506732078528225
121828.84583799925,0.20042172595583616
122201.46377987147,0.20001626591684388
122581.06023494127,0.19776349030482018
122972.48374439462,0.1992094395477791
123373.1056504927,0.18512261765757912
123761.54825820951,0.18728423726012236
124141.81322107889,0.18074914977130035
124526.30245486913,0.18452627423062085
124881.46660013721,0.17754988683209175
125222.39777321639,0.18379636099752047
125555.8390496383,0.17705635117431015
125877.70838540365,0.1709631934423674
126211.92578976884,0.17628560248055306
126548.83821878508,0.18079443996026565
126920.33121058875,0.1804973532433009
127304.70420691805,0.17680302851855142
127689.66271524831,0.1918180073115907
128078.18386152793,0.18455982094774281
128427.64914364295,0.18176110618297786
128759.46433017928,0.17777741782192885
129108.41994373241,0.1895444742674454
129491.66232957729,0.18091837781730696
129884.74138576779,0.1888084342184898
130255.54977248644,0.18960096239413265
130617.61545658682,0.17856651135289503
130980.33770778653,0.18012917240958626
131347.36583390442,0.17350289830676904
131727.0477554324,0.17135156173268226
132093.40822567558,0.16987255000732995
132476.44714178733,0.18605891663932458
132871.47112689217,0.19505712545928355
133245.68446389496,0.1878955805895222
133624.95540330117,0.19486521802543566
134010.05151420544,0.19551739066970975
134427.62692523538,0.19910823395955082
134839.78597716923,0.20202181574761216
135270.56839872745,0.20482774794195763
135703.0907222914,0.19904306677517208
136139.8698771131,0.19094643309352155
136614.20744017945,0.1948429584582961
137097.4865134865,0.20191072638626842
137555.94419155704,0.20805180329057646
138015.90991328217,0.20819622302249707
138478.7498440424,0.19595126326359283
138928.0595416044,0.17951995660961928
139359.02444957275,0.18533036745667475
139771.84571178711,0.18305300772634733
140204.2859545313,0.19567086381389845
140664.31306573443,0.19633486607030984
141121.51134663343,0.19984076295654074
141581.72059649343,0.19843749623984294
142045.11707438843,0.18863566372240959
142505.13763011905,0.2022970923991995
142940.15425366157,0.1989592283293146
143354.81085639328,0.1948260640080417
143792.66075208568,0.18157545859529034
144257.10871327887,0.17246202274836603
144745.7962153385,0.16595116088247314
145237.93215798654,0.1658442293635362
145716.1264762857,0.1744545599968836
146168.04842630101,0.1763479652050854
146597.7512620754,0.17527157924419934
147016.18535883972,0.1725685306849006
147440.68677999877,0.1712648543193738
147845.41803892216,0.16283667581806532
148237.92666500373,0.16779824321750297
148630.74659842715,0.16787029699736614
149035.15461346632,0.16514253281235236
149431.75985774893,0.16735077881090832
149821.90586621783,0.16878717901970883
150219.8441922813,0.17272166207104966
150601.92679127725,0.1762184143915386
150957.83752188046,0.17525501466777751
151291.36656708986,0.16714375851057964
151641.15285589301,0.1612858842825388
152028.72327827982,0.17233703128194122
152447.0844350212,0.16153742593517448
152870.0666459047,0.16340200540610597
153321.57973546293,0.16857227305841818
153800.21178671657,0.1770233644122164
154281.13554348506,0.17916475526493045
154779.34743013972,0.17714101827836046
155258.00467668517,0.16765689958715063
155714.99488650536,0.16386269851516572
156153.0913623333,0.1660277997973519
156589.01515434985,0.17353572840821144
157021.04015738197,0.18105228812908916
157457.13310495173,0.17346742005329635
157910.95072445666,0.18462033022059254
158363.9876489302,0.18201502855542717
158789.6230029955,0.1814966582196373
159210.39074085612,0.17997839898364013
159650.93348709636,0.1705318121557983
160102.32628624883,0.16496209018534036
160550.67249344487,0.16391766863812923
161009.2111533903,0.1657233894079122
161477.14521554948,0.1716851539018668
161933.99158091674,0.1687066141746265
162380.09955683167,0.174998477012987
162840.4945740302,0.16320199477286654
163293.3566660428,0.1642778921113212
163725.7263210369,0.17380847383007347
164143.14963138822,0.1733688580468638
164552.4743821204,0.17535904506313083
164955.3939753025,0.17456112232205007
165360.6513371657,0.17998668560311543
165787.085707162,0.17061231869560786
166209.6319102524,0.16219765737470948
166639.1012176085,0.16878403927426086
167067.20846844598,0.17229331403273138
167477.32221875974,0.17058394507239077
167872.4738517224,0.18148405558049024
168276.4487379246,0.18489236565938258
168683.5739423437,0.1949388786652137
169095.31307275107,0.19246568075965825
169501.9522354555,0.19712517879858352
169913.84987531172,0.1970185782098067
170338.8569913933,0.18775076173961502
170752.86618399702,0.18736013429724205
171175.15630461922,0.18359446471746999
171614.29453548507,0.17800426013449985
172063.18405788063,0.19482759800413285
172502.9908153702,0.18935506193160728
172945.22254767542,0.1919083776783485
173383.4009230961,0.19109049529873604
173813.97240391205,0.1870753637127548
174243.550199551,0.18698750980762288
174673.47203649316,0.17157409627265924
175118.48101580978,0.1676407730132135
175562.9837672473,0.1741461664974011
175990.811263033,0.1719950552944087
176420.40748816347,0.17186162286527465
176842.0858727488,0.17296546367124496
177280.35837392282,0.176776568492109
177712.6766597964,0.1712499630327587
178129.2893916729,0.16066145921019362
178540.15470026823,0.167602611295318
178955.72536439516,0.176044471846314
179371.77830512708,0.165304320579565
179763.55423115328,0.16377982531167584
180158.6152504361,0.17298582957900402
180554.13517722543,0.18004497076698892
180948.51321296932,0.17897823729179832
181330.4782364329,0.19318709922904423
181685.9892741332,0.18593476633385025
182052.42420097004,0.18214551525665953
182428.3794823823,0.1706162282880985
182811.18613229963,0.16135653134652486
183202.03195863444,0.15772856044465233
183611.44935681278,0.16143834725462275
184004.42648891103,0.17206231424638735
184386.51323740112,0.18511762556126496
184763.03146853147,0.18202379783611633
185146.22337305796,0.17196250714594513
185529.90217255589,0.17901730360592574
185925.76378590567,0.16086934899485092
186339.0133939696,0.16076029375678627
186731.4073240845,0.17216508205076803
187109.50140125802,0.17296575691041832
187495.46036204745,0.17786002510486978
187864.58719660572,0.18060144634315764
188244.2315402814,0.1703066587156025
188631.24782853216,0.1618689602738943
189029.32216061305,0.15754031569512109
189443.05607476635,0.1598894663890642
189837.05846384226,0.16898276708828494
190221.10501684764,0.17813431704588906
190603.00330259223,0.167263236050072
190968.52524811187,0.18192355307349556
191347.88721945137,0.18134324665310944
191724.46360177157,0.1756760571813354
192097.27235316124,0.18294701090482152
192473.7133129256,0.18647741646700425
192862.97121853975,0.18622750844816668
193247.15464303544,0.1845339044293784
193645.71326969867,0.18431233069265945
194055.19892808175,0.18562351702757263
194453.98182840014,0.18246115371220142
194830.31494739463,0.1799817138208492
195183.49787844752,0.19797011624502892
195532.3189111569,0.21263640026433578
195877.94974435715,0.20928025235121697
196216.95347676956,0.20235686958285026
196570.90177013213,0.19128376693422625
196932.15925833437,0.184269577881843
197297.01190031154,0.1708236079234627
197665.98964764577,0.17161718039472923
198036.59215294264,0.16952458956027405
198394.5397309752,0.17379550889905024
198751.71510504332,0.1819834007884028
199104.50655430713,0.1737288359570336
199447.7455396132,0.1715398207258735
199797.2626224802,0.1775779697247125
200166.14080639122,0.1807474410897209
200545.24279399862,0.17563069625867156
200931.33675192297,0.16794487828206126
201329.99078685258,0.17096182476344216
201731.3959852877,0.17992746222799696
202127.06719910153,0.1720596260994817
202500.40447052947,0.17649467145154477
202847.59127997508,0.18610440557441668
203193.66033966033,0.17638204617357503
203552.5922832388,0.18074617944480773
203912.29988768251,0.17016858082211836
204273.04052874423,0.1712218161639954
204648.3151564253,0.17311391644454463
205023.83122231235,0.17302450551245424
205395.1889601894,0.1764590700197357
205757.63033293773,0.17461812955118855
206100.47772169253,0.1855718628453066
206457.61657707213,0.19246801643202685
206831.8925213276,0.1875759850172206
207220.0829588015,0.1856661563907835
207605.92724101414,0.18130119082147964
208006.97560062402,0.1692314240950258
208416.5716512846,0.18115110918364988
208816.1368236911,0.17474789454391607
209200.9883960322,0.17361582271554396
209583.29169783095,0.18190764896360942
210007.5057900635,0.1849743371902238
210447.02096593037,0.18245388618441552
210899.84086517483,0.17341959508347207
211346.71043771043,0.17204634282433076
211771.87854023706,0.18572063052384294
212188.1584238791,0.18693237649418423
212620.12358919997,0.19054216468274107
213052.1839581517,0.18749988966688805
213497.43452492356,0.18321941646723466
213924.52480808838,0.19246513704418008
214333.43763648844,0.20455511795165737
214762.9157159778,0.19647263112636718
215217.22354629397,0.19567955159380862
215677.49133848454,0.20389427875395133
216132.67063665274,0.20950951735375226
216556.39446906798,0.21755642976986073
216953.316352044,0.2032451968260937
217356.16801644655,0.2000553848371615
217768.41951798202,0.2033472071140914
218176.86198743078,0.19765675649138226
218585.18855681038,0.20617078501215222
219005.70533541343,0.21290656875348898
219441.94610927667,0.20629461012085326
219864.43211879212,0.20424483961266648
220279.02531803443,0.18746627001992738
220694.8483808573,0.18851831052569856
221119.09648247474,0.18703460254947607
221530.95724895463,0.19114862756290926
221920.6183701485,0.19299602127459506
222315.17886077528,0.1978315673252778
222695.09962546817,0.1889319684558305
223090.93812250995,0.18209776612881742
223506.46423002557,0.18240823873280212
223925.38603721742,0.17837967580009317
224357.5273305878,0.17771694801327362
224783.9328549142,0.17036095090868647
225201.2230802765,0.1750533685176677
225616.43516730014,0.17596320305364124
226053.1818579645,0.1735711623441149
226492.5834111713,0.1682823425528085
226945.16620896268,0.163097833276353
227420.24531835207,0.16868057623808275
227891.59169054442,0.16804049729397294
228380.61716459802,0.16289732909243465
228850.93847400573,0.1654124910840288
229317.2989259398,0.16894634007265413
229767.95541718556,0.1776787503957258
230246.9839675608,0.17462807494679813
230757.4907204899,0.17959213520245734
231251.0637065637,0.18271418654736818
231717.79333998504,0.18274722435400695
232199.62656015976,0.18033932628207325
232650.37001246883,0.18545677603611907
233093.57193705507,0.17801400627737535
233512.8608966376,0.17096039758523912
