D,r2
186.08705084745762,0.6168271311287992
250.5156376381774,0.5945359112555589
319.38848444738585,0.579738820585701
391.72746666666666,0.5636655376062881
464.04092003209416,0.5580403902763263
538.4561518324607,0.5372222082818281
615.8527028821889,0.5249126436027385
695.5053205639798,0.5028927662181301
776.923506193004,0.5007564870425861
859.829441091577,0.4815894497214923
943.9898273323518,0.4765887793027588
1029.8033226152197,0.4582049399518851
1117.774963532688,0.4502279753365596
1207.2604638762996,0.43765091570844783
1297.6338645418327,0.42896914244300566
1389.2268068680953,0.4125412282935766
1481.7677617521367,0.40215181470527717
1576.113375965894,0.4030341433528419
1670.668676312969,0.3969014001818224
1766.8296119085592,0.3778665246347256
1864.8223701731026,0.3705590812480387
1962.110992529349,0.36855282794485933
2061.7366666666667,0.3554331650585938
2165.126950260035,0.3546457282539017
2265.165788744109,0.35435633390153715
2362.323928077455,0.34345269598562794
2460.7201979925753,0.3334702569300705
2562.192923805544,0.3291730829888157
2665.625343595382,0.3270192749977664
2769.270087124879,0.31657188117180085
2873.3028247022985,0.31938038675017094
2978.160873192436,0.30515064884891435
3084.339374654123,0.30169201003372836
3192.141792075107,0.29365768959306643
3300.7147400442477,0.29688337787202046
3411.800220902941,0.2945393705274519
3522.5556627170017,0.28763776721302176
3634.837345206623,0.27585932752292114
3747.4756013745705,0.2786579229342421
3864.313374913375,0.2692017962543187
3978.651388888889,0.26881466795144243
4093.7577340849716,0.25154924740092544
4210.5428373702425,0.2560738014088631
4327.55470808487,0.24919790820508556
4447.348139922266,0.25273238993861946
4566.653957329663,0.24240088958033026
4686.889491242702,0.24669837667214692
4806.053044915955,0.23508718569674106
4925.629059117402,0.23659600400165728
5046.911221395092,0.23660607546716853
5170.588471108654,0.23170690819871564
5295.279673898024,0.22666794985324518
5421.16259032796,0.23000486125803835
5545.8270479347975,0.22028839308294468
5669.284847649248,0.22432067153967533
5793.966597366597,0.22401791097705936
5919.0936979455855,0.2202308824671044
6044.6555156206805,0.22154457383632442
6172.019884009942,0.21624570375775776
6300.721151198017,0.21481452181697372
6429.638238958882,0.21391240342259984
6559.866889445837,0.21444474149280057
6689.657880285557,0.21187939084872678
6820.435533277639,0.21373577164287455
6948.512987012987,0.21537202747304454
7078.376106194691,0.21905528701683094
7207.664682264987,0.21095100090514848
7338.2201518288475,0.2092382425547419
7469.565751345384,0.20103827157777607
7601.444490586932,0.20247914065778974
7731.400055332688,0.19635163538061745
7861.131129323518,0.2047598891411221
7990.883698498002,0.198970344336229
8117.729879484693,0.19305053117275792
8245.828079433411,0.20263915348838413
8376.169442532691,0.19935043460460244
8505.929341814159,0.194502375024278
8637.165057915057,0.1982638362040114
8770.252009980593,0.19208602952088794
8902.164444444445,0.19012752043085865
9034.114281775572,0.19654166706155177
9166.991725279271,0.19551391478668556
9300.29020204816,0.1944700345177773
9430.02582974587,0.1907135298554208
9562.808640265854,0.19306652914149305
9695.751377410468,0.19065521665278093
9827.642471256408,0.1875396766693883
9960.282178902253,0.19207130563136185
10096.656418778563,0.18617507783044035
10232.978785357736,0.18999710070219722
10371.53641745835,0.18884338312002386
10511.915352697095,0.1861595490154327
10652.889073535522,0.18412416237489132
10793.763591091438,0.1875112677981184
10929.47334902395,0.17889782659232806
11068.981194690265,0.17577400092599849
11210.382369222252,0.17777780297469034
11351.493789677063,0.1711317341149262
11490.83933287005,0.17354413806410235
11629.940479470928,0.17181055401578071
11771.171063593447,0.16693083538817394
11910.172347178142,0.17349484832332288
12052.166735679779,0.16815647366562236
12192.624809635885,0.17042096856982034
12333.04956956401,0.16745684339306408
12475.79255685734,0.16959892611412586
12619.265707168557,0.16169521301494483
12756.786473429951,0.16143489393459123
12896.90019379845,0.1632554651050323
13037.580627331767,0.16147922616971713
13180.188011655335,0.1622786248776609
13321.837061585198,0.16616627651912855
13466.653596576005,0.15886356768715104
13609.21438450899,0.162964394137582
13750.217451715993,0.16061921027530376
13889.864395088978,0.16227105694279947
14031.928195904815,0.15993074087950093
14172.574636174637,0.1590356498276298
14315.675545128346,0.16184981680081467
14458.675927212113,0.15664122715508705
14599.917228103946,0.1631409563900779
14742.238406907116,0.16686526747059607
14885.36509030746,0.16588944671899683
15026.96049723757,0.1642360890572956
15170.727109762824,0.1687257848850914
15313.321156773212,0.1645331804326904
15457.209118625276,0.1620388941524584
15598.355062413315,0.16211642680914898
15741.765786928285,0.15973642091021778
15884.584148862854,0.16364697936223654
16029.494400663625,0.1588507763379587
16169.454683824546,0.15660526266293467
16308.312932705621,0.15973255528012573
16447.36590091337,0.16044953443060087
16584.68020515664,0.15554621865509685
16723.221011995036,0.15944596893951818
16864.737039090658,0.1576516357562583
17003.90203403902,0.16043822275447242
17144.34110988404,0.15592494602093546
17286.450891007044,0.15808746286322337
17426.97247323787,0.15875633392459157
17569.091273682756,0.1624725254110502
17711.79498138701,0.16518129621256072
17851.759519867548,0.16365771153724182
17988.95889647485,0.16230808790056325
18126.73573490994,0.16897795436783222
18268.61327421366,0.1712166144618416
18410.893690459754,0.1678602594473921
18548.831853496114,0.16834699826080377
18687.78076496674,0.168536627474396
18826.678186342273,0.16959044699398693
18968.039646359994,0.1683748870843338
19109.69885184673,0.16441343138186745
19250.06159370253,0.16638237028574296
19392.40502138226,0.16150852703259977
19533.717219370057,0.16674708126749244
19674.63770514412,0.16438472260326792
19815.41475295755,0.15914677098763869
19956.13581099751,0.16605026478794507
20098.178275290215,0.16529264535354332
20237.14208707671,0.1638298754744369
20376.05060840708,0.16214456742146768
20515.32230037236,0.16108296493959293
20654.846036161336,0.15789761481382392
20795.18149171271,0.1616409736063637
20937.0662600499,0.16054601048526262
21081.24248690378,0.1565956308521028
21225.322607374674,0.1534344919567647
21370.206029452627,0.15637633158012848
21512.310121345836,0.15449000000200833
21657.97241857242,0.1545141399644604
21803.971700717837,0.15739919684385703
21947.953620379343,0.14852459438501378
22090.146620689655,0.15267828156799668
22233.18961687951,0.15520638494166844
22376.113803128894,0.14781042281003876
22521.20564738292,0.15068704630627727
22663.538759154344,0.14956858464724893
22801.957579972182,0.15094730252296482
22941.97895319856,0.1505999663607828
23082.326186194496,0.15178389215500837
23223.838953888506,0.15547101220910717
23366.637472283815,0.15417064860720542
23510.15848275862,0.1521313220626208
23653.856826056825,0.15055088397408495
23795.706746086715,0.14571127024450028
23938.446864231566,0.14799757144910838
24083.861647451035,0.14764767926276487
24228.526656564263,0.15048035393289402
24369.706272450952,0.15575926688235694
24513.232380688125,0.15279902638982307
24657.39399391088,0.14356487895654843
24801.24181919024,0.14854412138287745
24945.96940884663,0.1491608732445545
25089.96620966625,0.14550772268161927
25234.972449120865,0.15172805711802878
25379.85513245033,0.14778424745837077
25525.60896637609,0.155676499955844
25675.733222637333,0.1492879633568624
25825.90376626973,0.15480643064351524
25977.77406896552,0.15356637474665297
26128.198226901233,0.15471493909146267
26275.31889057541,0.1512430409505341
26423.01114206128,0.15289365123525603
26572.138220327328,0.15348851244934045
26723.374809688583,0.1562966960658725
26874.69589345172,0.15387313256167645
27026.053366514585,0.1516045985678924
27178.031128943,0.15281957059670526
27327.922494493392,0.15678279796211153
27477.10460599334,0.16320860531135767
27624.991423433392,0.15688472343330057
27774.505514199063,0.15156557244987945
27925.190410199557,0.15323902441623835
28074.765088593576,0.15258615805186967
28227.74541189458,0.14476071689274164
28382.74861725664,0.14623564984104684
28539.64256972388,0.1460595167564248
28691.8674765323,0.1478676154862229
28844.755860729645,0.14382595687377295
28997.245233489914,0.1447239547045903
29148.409386681433,0.14563566746019788
29297.503381642513,0.14339710712210338
29447.045089903182,0.14093668910995777
29594.890490712503,0.14203720609575402
29744.909442297074,0.14902924636266135
29896.88179178764,0.14325438564359919
30045.974636174637,0.1446896820252155
30195.714915908466,0.14023284364539854
30346.685986996818,0.14561791536969113
30495.84287893496,0.14762463551928257
30644.399031811896,0.14360182169337216
30792.388057633692,0.144461908030228
30939.364039955606,0.14578653488263035
31085.45055700729,0.14875264965253637
31232.7881508079,0.14184782132788137
31382.520415224913,0.14188160699960708
31533.012893386942,0.15034196111941786
31682.758830863,0.14532381638215983
31835.68613943235,0.14174051991796824
31989.5082421388,0.14521208044723544
32142.61800250035,0.1506246038043121
32292.004709141274,0.14755006184513017
32442.225243785193,0.14302019490193357
32591.14028028306,0.1485025234529286
32736.47615756738,0.1427305898950363
32880.47717210847,0.1411974684466146
33023.78181566948,0.1429908868960359
33171.60983018087,0.14484208006952196
33319.377996397394,0.14368833831005778
33466.17529493407,0.1398772161247667
33614.56746688742,0.14801997662068575
33764.52273987798,0.15228063867044508
33917.212634186624,0.1473114562195042
34068.39429994466,0.1489770124505102
34218.926131630105,0.14836268253429424
34370.85148924435,0.1457921203224554
34523.91071181755,0.14559297126932363
34675.147397640525,0.1475398378551396
34827.92851239669,0.1483240838930838
34982.67662930676,0.14370930467403817
35136.10440094405,0.14140280253741316
35290.91448007774,0.14647136471661615
35448.750998485055,0.14279825522905087
35605.12793443534,0.14182754363237618
35760.368478857774,0.13748906348599407
35917.309537011366,0.14259215205775072
36072.15024903155,0.14544439947825447
36227.63430869505,0.142070930286958
36380.713929659374,0.1410325938416153
36531.91154588041,0.14037691036718564
36681.533609385784,0.13859089600699034
36830.74940964023,0.14171661781267517
37068.47124570715,0.14201340793970565
37398.51236067003,0.1407071742030468
37729.436140372745,0.14090785527689453
38058.16619841418,0.13971152781030072
38387.830408264876,0.1419511336200886
38722.34175473704,0.13965369585042361
39061.770609096,0.14411607715636965
39400.362813631255,0.14638569836924753
39739.59493512974,0.14948447158138684
40079.35647022139,0.1467532056030242
40419.470569877034,0.14627552704409588
40756.25377511544,0.14376137797742278
41105.142696979136,0.14732504724336393
41462.62647517952,0.149438717123806
41820.86618444846,0.14190432831173083
42187.07360738569,0.14328587532786738
42545.43782367255,0.1479031016287373
42908.95465007776,0.1454174012492045
43278.61300386871,0.14302346373610889
43645.43440524508,0.13923405113518936
44003.526870981834,0.13827045280436806
44359.16855824395,0.1355810294953231
44713.96433683948,0.13947529900600744
45061.39941363608,0.1382871992457797
45406.69322086848,0.13952218819664905
45761.50676307424,0.1484382194294
46120.35580757727,0.14710126759684064
46478.15740913908,0.1485296705950957
46838.97137690197,0.14967877269848898
47202.55696992388,0.14859414190575398
47567.08636193331,0.15187115075785879
47929.21023788766,0.14953909943350893
48295.10617868944,0.14644622719661426
48664.05333249969,0.14406798009136304
49030.43238367753,0.14481529837800286
49398.465210608425,0.14733229817414376
49769.1566204917,0.14924639661893302
50143.27422474574,0.1520013107858164
50512.91438185444,0.1525930440869771
50879.17855804074,0.15107123864139907
51248.02351253586,0.14697322763901985
51624.31598304451,0.14620457059213596
52002.718105328764,0.14751929481218756
52386.36069465267,0.14483781611994576
52762.8783741662,0.1468761700733821
53140.51303155007,0.14047704772504682
53519.27492522433,0.14176917505725894
53896.26751234144,0.1421910766374721
54265.59591684302,0.14598466542296187
54622.786177240436,0.1432906577357882
54979.25249500998,0.14020017334199644
55342.21638157073,0.14052942887130454
55704.68981018981,0.14098212901212234
56065.540194732246,0.14540769252691374
56425.48004475942,0.14096364745635745
56783.02355366737,0.144729610401023
57126.31190832088,0.14548657408843152
57461.10874040801,0.14424571303784786
57795.645199575236,0.14359776876503216
58132.02229418358,0.13951762146369381
58469.77175472522,0.13955475277652074
58810.761726078796,0.14141690664883497
59154.09790383778,0.14252820670351396
59505.12009497626,0.1476208479525449
59854.269785963166,0.14725903652684924
60200.43422860712,0.15174412657530995
60548.39927788845,0.14837937373243112
60903.49965678627,0.1423711602840833
61259.37153189102,0.1454472573147663
61605.503493013974,0.14523255318435355
61954.6745392065,0.1472539786971378
62303.316684312136,0.1444762842223474
62654.33992390694,0.1475327837375881
63004.38108614232,0.1566055443140385
63358.34396056901,0.15259266408199107
63717.00180516651,0.1644813985330756
64075.19614087673,0.16301260720493155
64430.722666001,0.1609414520797579
64785.03987270685,0.15899934093209686
65136.65761106611,0.15855166342721536
65498.06565562005,0.15951829568773468
65863.23426573427,0.15752739410881084
66227.60700074608,0.15965917080937833
66580.66916588566,0.15797479889728416
66928.17236653584,0.15553874619521166
67277.72374586119,0.15709027055248406
67632.2234327336,0.16141213947864166
67989.78276055635,0.15878475057518954
68344.39407361198,0.1603729395281872
68706.99818851896,0.15784424702955277
69066.6604020163,0.15623293969317376
69417.06366362613,0.15712813260703032
69768.71118457988,0.1542812152779525
70126.78170594838,0.15494222555676346
70498.51202642074,0.14618966351923562
70871.56022932635,0.14331869434012423
71236.058625,0.14729229553548162
71595.53998505231,0.1442703177622699
71954.06242205038,0.14337354357082527
72314.6683301104,0.14041953347301417
72678.69761637339,0.13918391074607853
73040.70721507927,0.13991135188880782
73406.21914906871,0.14119980933441476
73768.27509061368,0.14345838293095903
74121.9493127682,0.14370199042358417
74469.93621270753,0.14437192769433843
74808.71721081216,0.14424088086619846
75142.60190547357,0.14302123823225293
75478.16616710379,0.1376119565587384
75807.4181784178,0.13620978120428656
76132.070195125,0.13986196883955945
76457.33145997253,0.14092427991416176
76777.39154262938,0.14180109359019316
77092.86344905094,0.1411883031752347
77402.16100636784,0.1395271797511203
77703.20344784665,0.1385419484798068
78010.5404983451,0.13621819340756333
78325.71041484988,0.13600502007902987
78645.87318931069,0.14084711890432455
78963.38000498939,0.13963482574003375
79286.54969409414,0.13955632655564112
79616.56887086712,0.13739309426681137
79950.18281376392,0.13141579863174105
80286.59146227298,0.130451916830318
80621.12224511456,0.12736928131318775
80959.31387088734,0.13365658929832386
81300.68744934222,0.13445121244681804
81640.59435197306,0.1383134274946715
81981.69108935587,0.1403444959596602
82323.90620706881,0.14265642317522523
82680.6151545364,0.1457281959273309
83042.51732317872,0.1427873954910078
83403.82042165668,0.14550821983422715
83760.59386901418,0.1464589592189957
84114.25045157272,0.14506589470075623
84471.05392431893,0.14594398126998737
84825.71815346227,0.14946632717581018
85176.23526476642,0.15207953065492033
85531.49288389513,0.15149517510985647
85888.02047185121,0.15049427225774908
86239.19732503888,0.1515992625644561
86590.3971028971,0.15056705817761024
86936.73913585635,0.14783643617441428
87285.77191776542,0.152045423225479
87640.3727295347,0.14979034285520604
87994.77582979786,0.14951300338789164
88357.28726388629,0.14367890624262056
88723.9056474259,0.14354514541783167
89089.23073560634,0.14868086131535427
89456.34518906777,0.1470357385829035
89817.21901855773,0.14896205253826084
90174.17386427369,0.14691021777849186
90534.2286124641,0.14260392496953067
90899.48352882455,0.13795053610568223
91264.39087907296,0.13925727447165637
91624.2495935976,0.1368421130789865
91976.60536470002,0.1365874102342259
92329.40388579997,0.13393896648826004
92682.69893008212,0.13551458881948933
93026.98673424692,0.13354819086374872
93369.82287638768,0.12981795749204392
93717.72709745631,0.13417971313989785
94067.23260462211,0.1321697782190111
94414.55880704813,0.13776877224147488
94759.1754429748,0.13596886970936659
95107.5148792813,0.13813343893338081
95456.57535356053,0.1414266311357377
95815.26156916552,0.14217732149268342
96171.18758577667,0.14621616650981192
96531.33187800163,0.14689729947256072
96892.81427144463,0.1485735210764856
97256.84900604474,0.15245384805923592
97627.68922039823,0.15426266710817674
97996.08330215738,0.15152819572531226
98359.84134315317,0.15459617322354038
98726.65794718485,0.16082101085919567
99089.16176103767,0.15825781802696745
99447.32322979813,0.15682029406363965
99802.11301583344,0.1576596588242826
100163.50950333396,0.1561772351264498
100527.33522514657,0.14987985576452104
100885.41918971222,0.15586032762654842
101246.24353622827,0.15459682691583934
101605.846249844,0.15918555049081304
101976.51334830339,0.15728765219933458
102346.13320451287,0.15771283528153088
102713.26554024566,0.15917053139476145
103077.66002498439,0.1557417501941447
103445.10815868263,0.15637310946224656
103820.11908767994,0.15597922611337983
104196.13982179575,0.15394261361717382
104573.1809375,0.1497939784409723
104953.91388542963,0.14566455400750888
105339.26789838338,0.15068533686796426
105731.00449494319,0.15042410597028194
106120.23187954955,0.14841031513740352
106506.24032993814,0.14739238351182127
106897.0105879422,0.14838749006707566
107283.81128428927,0.1469081537843276
107668.83349981271,0.15018302177761184
108050.92745661132,0.15373352793149106
108435.82696139476,0.1524840356022978
108824.13372020467,0.1453138084541595
109213.61606696651,0.14644946923060131
109604.81294740118,0.14150419083163504
109992.7612564791,0.13785329381140252
110387.75320952262,0.13787543299063118
110787.60304581201,0.13607830702897764
111184.16884490913,0.13523814731441705
111581.93295390581,0.1338062165712136
111974.12342914022,0.1420873382931128
112356.48545931104,0.14403301970369098
112726.352467208,0.146043715695276
113095.2639755428,0.1459850033260787
113470.14121091316,0.14573187751248967
113848.53385238243,0.1476795315983151
114223.90860282183,0.15054128665743954
114598.4355009664,0.14279702907387926
114975.55392095749,0.14561518538351534
115358.65269983788,0.14701761981140127
115741.30724583412,0.1507493871610756
116117.88612099644,0.15219180122077128
116493.34372467111,0.15019138491901665
116875.89922625733,0.14900521263154223
117254.63994268984,0.15015665234171188
117622.96827379466,0.15090846454510487
117995.61693372404,0.15021674497743204
118374.55220996197,0.15113119346695025
118757.00093574548,0.15316393277690882
119144.611360799,0.15621861007215743
119532.48606271777,0.14675160532142995
119917.18784772145,0.14828741167008988
120307.24194351125,0.14881829395760565
120706.36701198203,0.15450036210393758
121098.03359980015,0.15226318118821883
121488.40263059469,0.15276165879771839
121882.41641753861,0.1556895699574972
122268.70427991253,0.15334186742492367
122652.34992834444,0.16336061195089494
123046.13341226321,0.16315694222601915
123439.50677236127,0.1653045840446704
123826.63486020968,0.1674132012587532
124208.67896081241,0.16638333290274598
124589.13891662506,0.16562517177942956
124974.54164065426,0.16172083797633
125367.19850327409,0.15657360860912342
125763.65907815131,0.14959964064771508
126155.95308118885,0.14951216033255274
126546.65786846375,0.1444337075314734
126932.93714927048,0.14106530008381987
127317.38843851334,0.1412425168026725
127702.78549623076,0.13996496941799955
128088.4620482681,0.1387895348712731
128473.57096593386,0.13713431294058936
128857.84248969909,0.13568114797713557
129239.63227579315,0.13281731695711713
129619.29304985702,0.13252658971285647
129996.50877631332,0.13118557725138486
130371.19886434544,0.12875995900303397
130746.55285821269,0.12653333874534176
131122.64328831912,0.13038551871282678
131494.32784122822,0.12955526378340812
131856.83281366926,0.13008585141086057
132225.01086617124,0.13061072029787882
132600.1298256538,0.1325243692742226
132969.11162413427,0.1333931996901722
133338.47766772565,0.1335676028451027
133717.45850246673,0.1391466373148343
134095.98984739956,0.14254212822165088
134467.62055607623,0.14289591962542317
134842.88448125546,0.1447492762824617
135219.74192341274,0.13723680699337693
135588.24639400563,0.13581766905412607
135951.55383080855,0.13364630298277946
136320.5695484032,0.13208423274344938
136690.83916780865,0.13229379815679512
137057.64600275242,0.13188515995633998
137429.00579511464,0.13280206761881597
137800.35769470406,0.13511274230473608
138176.7429087962,0.13216337813620577
138551.7341336835,0.13343197672893348
138930.65856394914,0.13436988580677514
139308.59599352992,0.14390587275233424
139697.98634152426,0.14420521558722293
140089.85100805192,0.14881516658982333
140482.81789276807,0.1477348803966254
140871.43988507902,0.14535143623375374
141260.32044095665,0.1498203640951393
141648.32850633544,0.14945936831882628
142049.13085803433,0.1461452866771317
142463.8492399701,0.146187163452284
142885.55214112074,0.14252333014488874
143311.1684368362,0.1446852065854871
143738.67476484147,0.1409534144908405
144162.37046971492,0.14093318027068366
144575.3292979719,0.137894788984893
144988.80655021835,0.13778340957126764
145402.0271820449,0.1392014805086808
145809.46386030558,0.1407628982987742
146209.8316893495,0.14332688844470584
146601.6749859612,0.14197738586201958
146996.60934777197,0.14215195818650547
147387.96577093334,0.13710613138844246
147781.87606090863,0.13833524615600515
148180.7481767749,0.13580261259113807
148574.53204247347,0.14096947231453053
148967.2553204768,0.14108243985136898
149351.55574912892,0.1436168301660289
149735.61675824175,0.13884293399440437
150109.36504176536,0.13787633247517148
150474.12213216958,0.13621024379316887
150842.40867008633,0.13093151203792092
151207.46999191493,0.13180822165760184
151578.47679351218,0.1323755774095687
151955.39106808245,0.12963708781102412
152324.45230519684,0.12921866117466602
152690.22678549172,0.1286873375030095
153064.5703519153,0.128700206846437
153441.04500062414,0.1285644513118733
153817.50237203494,0.12794546079016492
154202.7845482866,0.12842927802651238
154584.11868844283,0.1307743779133549
154963.8349756767,0.12896348134593538
155345.63488793158,0.13072047181520424
155719.65237203497,0.1330068918487716
156087.69312301266,0.13414720912392927
156454.64188768523,0.13707965287922041
156818.7129219442,0.13658669648340488
157178.6205711429,0.13217917832560586
157545.1698454251,0.13516035827463801
157912.45229043317,0.13685094477694992
158288.51134239062,0.13654894168722986
158665.29586168154,0.13734655222640213
159036.35463338534,0.14099012186948295
159408.01960906375,0.14026696804084743
159789.14665667727,0.13858113157463872
160181.88552713662,0.135974337337145
160582.95027796863,0.13298546372282263
160986.54353102247,0.13261064583812063
161375.66370851823,0.12830756239783234
161755.21162109982,0.13114058196702644
162134.46172099412,0.1342630512081197
162519.50921544209,0.13229879809439432
162896.19967552726,0.1327782668752825
163281.24375936095,0.13185970630994345
163671.17421928566,0.13481094414051054
164061.94756204015,0.1310195810564461
164451.38306225464,0.13490441880482038
164838.93837709725,0.13325475605837486
165226.192151725,0.13476830114473567
165620.35990760394,0.137543241475099
166025.6037759362,0.13630873287114748
166424.24845727108,0.13329844844575775
166816.10968830032,0.13682253311334694
167201.8593165378,0.13390278311575965
167588.10605115409,0.13383148216414872
167974.024543699,0.13597658146830363
168361.5173725906,0.1368558114642381
168743.7714036291,0.13320088843516292
169123.3767020612,0.13343025237067668
169509.55203338107,0.13468931527287542
169899.7507648124,0.13964071015317706
170289.11409144782,0.1386583039533671
170669.5227853625,0.1432971981981183
171049.76990321573,0.14212058472608383
171433.533055019,0.14068868369669377
171822.85920847615,0.14263702049822957
172216.55101277656,0.1349476403980202
172618.24578809435,0.13381418635739178
173025.28015709744,0.1324196358088195
173438.18561007545,0.13401872010490998
173847.29387907905,0.13678795455191023
174261.6148707704,0.13682063893979235
174681.8257103689,0.13545666421280123
175104.0777680689,0.1350779606810286
175530.60861423222,0.1356380320857842
175949.6567071273,0.13603921016608136
176368.66212925382,0.1319243301419509
176784.45074459468,0.13439873693450521
177199.9425035935,0.13751248347871994
177615.83481892414,0.13518119634186138
178037.00293127104,0.13599041549949578
178467.13832637548,0.1381707554027891
178892.90079760717,0.1352236649565705
179315.89218564559,0.13062072864831176
179725.98321791753,0.13373320839502326
180135.18824335263,0.12524103347294818
180553.8536189346,0.1322554019126663
180966.291243378,0.12847750233420177
181379.01794727988,0.1357427026443146
181790.7761836442,0.13775455111189294
182203.57396301848,0.13360991762014374
182611.5071931245,0.1322459983413096
183019.95307625108,0.13392397592093283
183435.91272364566,0.13828984968720123
183852.50729426433,0.13934053063340449
184262.0108057464,0.13871191681923864
184662.7266101906,0.14255520550506606
185061.74589805977,0.1387673641675459
185460.56030667582,0.13588046089881722
185856.7650621215,0.13217981881259297
186258.53833686572,0.12857348622721157
186653.87412587414,0.12808798772378815
187050.33308425182,0.13208022192612445
187450.02155172414,0.13078360188423452
187846.3438415052,0.13019244003821587
188241.8421282435,0.13596343764319577
188636.33534837342,0.1348458273318588
189024.73691107644,0.13959933115425124
189418.34768501186,0.13747034687445855
189814.05727284058,0.1364444899988123
190204.58431592738,0.13518317863990706
190605.49429586684,0.13419918602965397
191016.14430158533,0.13144591275239556
191437.070474407,0.136347436110962
191849.96923076923,0.13951281168660512
192258.51761399125,0.14093841888577235
192663.56718370397,0.13907060672104696
193070.15795383655,0.13925912165919702
193482.28361842927,0.13970056028732175
193887.59186981732,0.14014483034386577
194285.7513888022,0.14657145864651158
194689.64185148268,0.14139664433671548
195086.00860778443,0.13653853744413938
195477.82364304856,0.1387571308449608
195868.04734836656,0.13774342358571623
196254.64788029925,0.13279490361850874
196646.8584529008,0.13463032046853435
197044.75820821134,0.13279718711761998
197446.01695972067,0.12848389677833258
197841.34442502185,0.1254026706741026
198236.12151220726,0.12600076790368148
198636.09385153712,0.13146375673249028
199046.0682172476,0.12919985726616837
199449.57489727307,0.12926135193634217
199852.557853305,0.13370392498538852
200259.10043041606,0.13142809414999315
200669.7413803853,0.12942230745655026
201071.55063962558,0.13397632572274826
201475.80511798768,0.13209865908836926
201884.2619107009,0.1343603537178266
202297.1615480649,0.13763761954167114
202697.6578373325,0.14048381856612302
203100.70641113678,0.14092148543326985
203512.14350754645,0.145125675259092
203926.2851360608,0.14317615425730268
204336.52725798404,0.13780368836160686
204747.24673702617,0.1373562875208983
205160.13600099727,0.13858018929488225
205581.03751947646,0.13812448496122043
205996.01895616387,0.1355644989658274
206400.82162465685,0.13566740158202023
206809.37453136715,0.13720847286680646
207213.03800074878,0.13458210163149084
207607.50896079652,0.13501427527022372
208006.09270696863,0.13777065766241764
208401.79688084841,0.13829822247792917
208813.42100006243,0.13661749737873397
209238.5188620518,0.13770183690800525
209667.30723154676,0.13923373819182108
210095.28199362938,0.13974374782107973
210512.07660687593,0.13763944865037475
210927.44339681548,0.13783265797649355
211345.88219161006,0.1352729249781743
211774.65349127183,0.1325683191575489
212208.13655094904,0.13423482901117403
212636.66918090015,0.13048793810811668
213061.46875779497,0.13302168981095003
213486.84413561012,0.13052587223698714
213909.6794575339,0.13097761890428763
214328.81437908497,0.1340643157057494
214750.4487938665,0.132418458977904
215179.78789013732,0.13270844992711897
215604.64254549987,0.13450277564022717
216017.96835008427,0.13805061615631578
216434.59667956558,0.13928121139761737
216839.56514150355,0.13768707849495102
217242.45732618988,0.1404973151301801
217651.93302569218,0.13296687659870982
218060.82016008004,0.13774661737413701
218467.903585211,0.1371178101256651
218871.54557924927,0.13872278429189058
219278.77675898204,0.13796122260907867
219688.30307941654,0.13772712445574112
220109.17050921588,0.1368484147550392
220527.82990012484,0.13846150410586913
220946.13546981954,0.13875881680281094
221369.05915018407,0.13494966644842757
221793.78784661504,0.14109147463744892
222213.1991659924,0.14343705150332925
222626.6024487756,0.1414324805471897
223041.99482994893,0.1400371622811611
223456.21842236645,0.14471189289110417
223870.96400948105,0.14398316578608858
224278.9572702888,0.1393144725544353
224676.10524674028,0.13736617179810595
225069.97995268335,0.13413321734032668
225459.4382928201,0.1350195791908525
225846.6398555687,0.1330366229742768
