D,r2
80.44792201128784,0.21792850927114035
116.91972823351787,0.19525761380123097
155.89249658935879,0.18345188394413153
197.8334160873883,0.18039622765210872
244.2920918367347,0.1685291837669781
292.4669614984391,0.1590220818552598
341.4248450413223,0.14713707780282395
392.56618646371294,0.13446517532276958
446.5794727412337,0.12938545701329168
505.4645807259074,0.125918716924401
564.1194867682437,0.13215132394682158
624.7411338338079,0.12056495969339003
688.6053494827152,0.11877640078141638
752.3613488975357,0.11242805015215693
815.7045929018789,0.11262874595192884
879.6240369799692,0.10645594576756273
944.5966145833333,0.10668637340694627
1007.291914234048,0.10024388795445738
1072.0496714848882,0.10028426861129532
1135.1083032490974,0.10461057543065663
1200.840384116273,0.09789481480692619
1268.861061266342,0.09668735062458672
1339.0928590112478,0.09361415825248444
1409.9784079084286,0.09262570831148402
1479.0062212604814,0.09016536513060168
1547.211173483026,0.09057023196750276
1614.9858477970627,0.0900521220645848
1683.2218658112804,0.08773333980136395
1752.8716216216217,0.08739085995751845
1823.2357373519915,0.0836597291088504
1889.7778378378378,0.08450660857756599
1960.4518973810796,0.08554506045663827
2031.1579945799458,0.08210625804196041
2101.228312932411,0.08258694974326942
2171.0815718157182,0.0795201818192127
2239.4664519592056,0.08036386053572574
2310.8270515904837,0.08068224522225191
2383.293416418315,0.08023936525612134
2456.6544921354307,0.08190058899617421
2528.014725934006,0.0804105822101562
2599.4139957264956,0.08410315039193719
2672.663700107875,0.08410029437650342
2744.6541554959786,0.08333626407675208
2816.209402864091,0.0817151305446104
2885.4116541353383,0.07966784710524703
2957.3069333333333,0.07739890100655071
3031.137634408602,0.07937572377170603
3103.300108932462,0.07712574807441754
3174.5071732199785,0.07761840516585017
3244.017022426371,0.08073470226190087
3313.2820721453754,0.08109985890853769
3383.6945483698555,0.0801319559615768
3456.138312213535,0.0779356882092833
3526.5551991446137,0.07929286906476095
3596.1145720476707,0.07208092139293246
3665.529490977646,0.08050643388954261
3737.563646027106,0.08121984969693939
3810.038015637638,0.07466792825082896
3878.4909336941814,0.07770175612647183
3947.619099001888,0.0765043301591846
4018.6364843335105,0.0756436672634808
4091.225910931174,0.07094159847951106
4164.185284640172,0.07595713941630625
4236.1636705124765,0.07776676906571539
4308.987788331072,0.07202769393236239
4381.769024651661,0.07590850921553868
4454.398484028154,0.07914776395428895
4527.51840981857,0.07654806830704612
4603.124430142129,0.07588427783864536
4676.307440719542,0.07617972882401915
4747.943567798877,0.07390751791484074
4820.545111769458,0.07670647744793788
4894.578820375335,0.07955007874297526
4971.17796837309,0.0765681763071506
5047.289459459459,0.07592886934466248
5122.906519396552,0.07603823826961748
5198.922974413646,0.07722994062640517
5278.246833737537,0.0760981591839043
5356.956300268096,0.07584734176873195
5436.266251354279,0.07678580812063691
5514.641899141631,0.07315304140146042
5590.902804247209,0.07326950706923681
5666.152844231791,0.07613334116801776
5740.623440043408,0.07165201707663174
5814.8118022328545,0.0746278221635848
5890.926025917926,0.07123914751040435
5968.42072844135,0.07875883359982888
6045.996195652174,0.07426971204530147
6123.38178913738,0.07330971679635243
6203.286916395223,0.07187993844635586
6279.789346246974,0.07424682585501849
6359.764548852109,0.07774840996255736
6440.117155938594,0.07420746599421243
6520.573505654281,0.07743754504698143
6602.227297152069,0.0749897828648714
6683.6363879957125,0.07551020130889574
6762.906148867314,0.07335352815860574
6840.869413968424,0.07263278433226247
6916.426626735639,0.07624035832419651
6994.584553928096,0.07052209909555984
7073.669441460795,0.07406497138495208
7152.967567567567,0.0747431163309648
7231.504872766649,0.07588311828911772
7310.822245875465,0.07180394652778785
7388.521633315306,0.07554381880156294
7462.913474417359,0.07288837742552697
7540.211108115395,0.07520833441746763
7614.866236905721,0.07546899502678554
7691.370490037695,0.07662981384357855
7768.987416331995,0.07184957750053726
7846.197527546358,0.0732094472077623
7921.119653492149,0.07704940495905271
7997.515877287406,0.079106176366389
8073.564807329561,0.0701095318559416
8149.492505353319,0.07220910421668962
8227.141280947255,0.07395518484971188
8302.600213789417,0.07290970088379599
8377.838944249932,0.07403794877520509
8452.573655913979,0.0724335343408285
8530.439037577724,0.07543074945973767
8606.449317999464,0.07141485899704024
8681.251019853142,0.07599056380470375
8757.44524189261,0.07477921939097966
8833.790476190476,0.07776747953216279
8912.83743315508,0.07667250249175954
8993.25901992461,0.07446964556064678
9073.713864306785,0.07612361557160974
9152.956603773586,0.07346554775295897
9231.399518330212,0.07524361488341615
9309.590945836702,0.07579973606651606
9385.327173913043,0.07467003899229283
9460.36243035288,0.07138558178432333
9538.75846195505,0.07235053457186656
9617.904175588865,0.0744305466706889
9695.958164642376,0.0729338235061504
9774.175107758621,0.07417955141673094
9852.921804109954,0.07668627318357835
9931.70108401084,0.07477860572297258
10010.612096774194,0.07638749318522176
10089.770447841245,0.08019868693964781
10166.13039978535,0.0791618501954564
10242.524723047825,0.08000037944411731
10320.89540885629,0.07810106659113629
10399.37556202063,0.07604067430539715
10477.049528936743,0.07571455656713164
10553.091941590048,0.07698703048387975
10625.990616621984,0.07629061188014821
10701.460480172645,0.0738211188705814
10775.844576362655,0.07621502024012006
10852.748990035012,0.07588920559244719
10929.778701716737,0.07655353090098768
11007.485968699406,0.07652478916226595
11086.456602768903,0.07527586536967683
11166.205708131394,0.07430062738902554
11245.379506641366,0.0741593855777621
11323.3984375,0.0794449269873361
11402.247049356223,0.07385016502221377
11477.694901537632,0.07521762909700815
11553.369721115538,0.07866150001289972
11629.887903225806,0.07679435144481098
11704.992704674412,0.07701629270693944
11776.545898967952,0.07483015507095331
11848.456331298115,0.0710475078457777
11924.207974137931,0.07258592907646698
12000.05374021064,0.07490541103856731
12077.433440687064,0.07562223068008833
12154.507762312634,0.0728480799206032
12232.451017639078,0.07210235852703996
12310.264423076924,0.07203551720681906
12389.745753572392,0.07119553495457946
12469.984905660378,0.07050155402115377
12553.528114070486,0.07593189345541211
12634.489293361885,0.07377741956515185
12716.222521551725,0.07133450165888833
12794.41539286672,0.07180691089364577
12872.793419633226,0.07128577991586489
12953.627159827214,0.07654682758793988
13034.242922620653,0.07570520393280407
13113.814232409382,0.07240570056785826
13196.175443310049,0.07586172616298728
13278.514578833694,0.07261746843610421
13355.809741657697,0.07308479675082907
13433.586262409444,0.07155540962675196
13516.979887369267,0.07255566949338073
13600.362998921251,0.074007628452698
13679.476293103447,0.07447436602010488
13759.767130620985,0.0713928905886262
13837.410284167794,0.07145377751463194
13915.256368999731,0.07025817755533699
13995.104723346829,0.0716653596778518
14074.750066898581,0.07412984948492865
14153.590775006704,0.07494439655232793
14229.67448840382,0.07602319559209292
14306.17268110131,0.07419428778666808
14384.853475935828,0.0708725153413269
14463.888316616969,0.07309485997256807
14541.787772690546,0.07579262322376201
14620.111555911395,0.07392533168839124
14699.804746494066,0.07564877352514457
14780.06998654105,0.07949912281218631
14860.551935914553,0.07384659272626624
14937.740780911063,0.07934626447738946
15012.517482517482,0.07301319718513069
15091.821206383554,0.07466903611136497
15175.055762081784,0.0769510567037247
15259.55931744312,0.07387111800954212
15343.5616,0.0717922008476021
15430.362314939435,0.07481692413772822
15515.491909385113,0.0751150171682516
15601.800862301267,0.07138589040905365
15687.077026663075,0.07569652337394707
15772.879560085838,0.07287915332690918
15855.16734362307,0.0740987464953728
15935.78431372549,0.06945980780577236
16012.80193496372,0.07509451696528566
16092.897408495859,0.0739313401926095
16170.86336740183,0.07119622337670381
16251.871244635193,0.07552896620574646
16332.474585485186,0.08203914879290478
16412.315353805072,0.07563539432249995
16492.525428265526,0.06931109911494117
16573.44492324266,0.07096746358749903
16653.711159146176,0.07779610794985102
16732.103215347204,0.07139544094879956
16812.267059138347,0.07113870914751548
16890.129249865084,0.07428340361077798
16968.33253269282,0.07379755303702153
17048.215196743557,0.06981034546146099
17128.353320785158,0.07351794915498189
17208.96404614972,0.07922622030214958
17289.08704997313,0.07690679235699854
17366.783315276272,0.07775522470627198
17445.951505462297,0.0744070081133871
17524.220556745182,0.07415724699846374
17598.84536361179,0.07189904035373795
17674.418235610545,0.07189981922143833
17751.716122121048,0.07131320191467952
17831.132432432434,0.07275311300581862
17911.20637044968,0.07433535052599188
17989.83423035522,0.07414655556787082
18064.684897959185,0.07772568085731558
18143.526174496645,0.06867423676691461
18224.556598712446,0.073700854396863
18305.983328851842,0.07126241193689743
18386.899276721135,0.07733394647690303
18469.233773229196,0.072852210582297
18548.684788430637,0.07084017838858933
18628.915409482757,0.07525047638947671
18709.67300991691,0.07296068981341677
18789.524143512273,0.07231003931167712
18870.001610305957,0.07337415673263174
18949.633882734397,0.07415668804823239
19029.57376609442,0.07164490930556668
19112.796486486488,0.07520691236222136
19194.97792732167,0.07370434484274549
19278.852199570814,0.07766929150016202
19365.114046912913,0.07389838646844449
19451.65643511039,0.07632776684486484
19535.879430719655,0.0775758667342781
19617.494079655542,0.07329101955886906
19697.862262637067,0.07668202722425085
19782.724443251944,0.0797532912403198
19871.424086603518,0.07651419959769347
19956.48548387097,0.07482099111012944
20044.63109919571,0.07157012236414192
20131.07694377186,0.07586009968022034
20216.875935828877,0.0697267078302446
20303.000541565125,0.07517913319118295
20388.754014989292,0.07115518773454853
20472.703133441384,0.07249133936440752
20554.043175113973,0.0743572751441135
20633.92888165038,0.07668130860667831
20715.744080872573,0.07370732482538042
20845.548261609532,0.0752307827798922
21023.227713178294,0.07226372168530001
21211.55807193896,0.07170793302299572
21399.48147248208,0.07365592161947598
21580.420453168546,0.07289375209787141
21760.970691534454,0.06998580091578929
21936.127555988314,0.0732192369749377
22106.83246390877,0.07335201906843367
22275.603657059823,0.07348403422671447
22451.242556281773,0.07694436518779439
22625.7099756691,0.07508667763631197
22801.389902162096,0.07213439175115399
22979.544584443905,0.07429008197486393
23161.753881610868,0.07267677614370473
23345.56954612006,0.07159100156610601
23531.93070504293,0.0722528887518152
23720.145476624166,0.07173538691579247
23907.06462172648,0.07469553745657732
24103.485506367495,0.07333148896168255
24299.677875892103,0.07232105902365801
24499.96884848485,0.0755855167986557
24701.49751002065,0.07459763125862709
24902.667271627342,0.07486907773965512
25104.320335276967,0.07597609251574358
25302.038452207667,0.0727875469119663
25494.904520183707,0.07343865720982007
25682.77733333333,0.0742667042406773
25870.994300957926,0.07420311803044162
26070.92499392171,0.07470736770616349
26267.999151412292,0.07337588260210282
26455.743051341182,0.07495164082311752
26649.411565448827,0.07197321987073055
26844.619412982585,0.07524981157070207
27035.52018858801,0.07136026102287106
27224.468742427915,0.0744873965350454
27418.269081186194,0.07505407614330722
27612.034281546315,0.07580271890519999
27807.88827018521,0.07306219500065148
28003.533341401428,0.07194469831087241
28193.978961449593,0.07339698320311057
28385.09689875709,0.07417691356277739
28587.315033475348,0.07340664356059076
28791.76148345655,0.07437076181428828
28984.177082074217,0.07362708383614755
29174.9434946041,0.07036916102964344
29372.217137293086,0.07333330878661187
29563.588805427673,0.07533689388170928
29755.778248245828,0.07277639235903434
29950.603548857558,0.07557012597329271
30139.427564414196,0.07165505919572776
30331.118920880715,0.07441273037083691
30529.63841670714,0.07358029271828415
30730.8598526036,0.07409438698126
30933.462704669495,0.0751213716429164
31126.08916656557,0.07532022634643187
31316.635202530106,0.0731098746008529
31504.613595056344,0.0732991674444773
31695.180321916978,0.074070646871007
31889.029436808174,0.07358902360853217
32085.306619786614,0.07346969260747009
32285.16268115942,0.07352333441735966
32482.650206260616,0.07336202687375636
32686.67702768334,0.07494740975088404
32890.06862269641,0.07450597672161113
33094.94301270418,0.07502524581426545
33304.86779372415,0.07644261532301835
33501.207656893625,0.07874376265318958
33697.51560033993,0.07432056122404948
33892.70003631522,0.07403943324065995
34089.61002548853,0.07338199492448681
34280.6482088646,0.07547341941693309
34477.03422007255,0.07410561010753759
34672.89381067961,0.07476521661746617
34865.08714146816,0.07705684616411745
35062.245100411325,0.07790970938052082
35261.013966480445,0.07418322662488193
35460.18093503339,0.0731885500047469
35657.99516791495,0.07256615897024893
35853.150170233464,0.07694514060662469
36047.634226154405,0.07357211015572795
36239.3201019665,0.07835533130987518
36433.294025157236,0.07434837903818857
36629.13053499939,0.07763866437247405
36827.144869459626,0.07297974990537465
37024.02039825158,0.07244400579429344
37224.11674514065,0.07653779299604553
37437.606193078325,0.0782927790524566
37644.4241542379,0.07539205211000059
37853.32952889752,0.0733701966130222
38062.36246817796,0.07298819294816747
38267.26024912323,0.07444607735202624
38467.93159173754,0.07547140664391787
38671.252488468075,0.0740097882854619
38869.97890397672,0.0760865404743618
39068.15953307393,0.07548251201569268
39269.20479302832,0.07412858472931341
39466.47172096403,0.07309627015461788
39665.62109090909,0.07355697891892031
39863.214960058096,0.07474850972576869
40060.98470131132,0.07223448662244046
40259.416646474434,0.07419636981066535
40462.47261441091,0.07520331029157218
40675.347173465685,0.07499322846897281
40890.178749241044,0.07541326211191517
41095.34060606061,0.07323305054976013
41295.13658418244,0.07420422674178122
41495.04520664162,0.07313904251949833
41698.57021894278,0.07392121100231938
41910.98167920408,0.07496146101250822
42114.9063902025,0.07293316218840147
42320.776858498604,0.07069270211573069
42530.926593300275,0.07510392244031462
42748.982432759876,0.07382695719986547
42963.2079844679,0.07312863133189278
43175.25543808482,0.07475088702746908
43387.56900726392,0.07635177841050178
43605.21750759878,0.07499139924887309
43816.699709513436,0.07102823842001195
44026.70260448213,0.07150059005196586
44238.12856969255,0.07320098056856673
44454.61630579412,0.07338826601197021
44670.30012121212,0.07342427315641137
44885.69677888109,0.07562822425320935
45101.7376850279,0.07608823232997643
45315.8394506563,0.07362022639355904
45528.39188039383,0.07439857332813529
45737.36140647656,0.07417856005198988
45950.85331230284,0.07351303500813854
46164.50284813962,0.07283293970712171
46379.080568720376,0.07722314665306504
46591.0162051034,0.0740022488890049
46805.405513723585,0.07828495227402256
47018.7216969697,0.07648469209284996
47238.78290349921,0.07402542653474838
47456.92220067862,0.07090815744948198
47671.04126714407,0.07104909664868944
47881.200898821815,0.0755818438933393
48092.04344660194,0.0766245025334529
48307.791545542634,0.07643549411646672
48518.29372496662,0.07237705527675353
48727.28566229985,0.07310235276790852
48931.29567744279,0.07217561874807729
49139.57278020379,0.07480205811612971
49358.404675387595,0.07136797457159681
49571.00498722783,0.0719962869689577
49778.13585179804,0.07309968223625216
49989.171667069924,0.07399535700465318
50198.93637134893,0.07658180847524444
50413.55525900764,0.0686668609219949
50627.07682006331,0.07186070134586377
50835.06016496846,0.07277166385136513
51043.62730894604,0.07336461640597901
51244.290699088146,0.0751596107653373
51454.45858023945,0.07160371186241733
51671.37705117297,0.0724370341020784
51888.28985683087,0.07403682476276022
52104.283307067526,0.07237768870147263
52317.80033943508,0.07249862333946935
52536.78084848485,0.07480890080427278
52767.954479418884,0.0748948749207402
52994.45721212121,0.07860305820487076
53213.70479659988,0.07491105980850708
53432.00399903054,0.07418384658718524
53661.73857003891,0.07403490347631168
53894.05474320242,0.07364545123460903
54117.95679611651,0.0735292819313585
54338.820739842326,0.07518805171896234
54564.619111219035,0.07571213925146204
54787.18642215205,0.07091298099328905
55016.93138915779,0.07527413579932983
55246.61310679612,0.07561099604610805
55474.40118744699,0.07658965103332661
55704.91743452958,0.07138145214163334
55936.66682808717,0.07416936400588617
56173.4650115614,0.06990996267839075
56415.58980259174,0.07337849016792386
56652.07703488372,0.07655208605661035
56873.52834081806,0.0714065826767663
57105.45226556821,0.07348529796421084
57338.10806881512,0.0736622667548564
57568.76315789474,0.07535686732830507
57802.72129753372,0.07541655818633779
58025.41056713524,0.07627082731153628
58244.66638349515,0.0738634561212383
58464.885884065,0.07376653461435753
58688.60354025218,0.07323248835555446
58911.39109871453,0.07514110413161991
59127.64995143274,0.0729342513889095
59348.86803625378,0.0753511485246509
59571.65672913117,0.07318307432555873
59799.4057094472,0.07431305603632461
60027.169740354286,0.07205152024306209
60251.68786337209,0.07212653771984642
60473.292771963985,0.07372426024033268
60696.116096263155,0.07021691803349235
60933.617897037395,0.07216173412847134
61171.745758603975,0.076456572002986
61413.69737162327,0.07595384462387918
61640.15506405608,0.07923811914938465
61863.614301323294,0.07582188590634863
62097.708464710166,0.07600953465761259
62326.311903323265,0.07761477832459743
62557.6149460148,0.07770638994993534
62794.03124240214,0.0773944683532067
63027.39662907724,0.07260538769735062
63262.48691543494,0.07459534411832712
63497.959196028576,0.07747982669880596
63730.505886636725,0.07269648095303263
63959.75608869502,0.07295029356283596
64193.18197278911,0.07614877645335393
64421.74552058111,0.07618132966405292
64652.87924757282,0.07518200067211689
64885.876394953906,0.07061659958684685
65127.42126937985,0.07299579611261728
65371.87726113876,0.07433784759696692
65610.35970438576,0.07554438661759803
65844.59445996842,0.07093922911393165
66085.62137922677,0.07252179109890573
66327.58037552999,0.0709581987475184
66566.32799611839,0.07240569405490045
66795.97780473014,0.07606986102014392
67027.32356857523,0.07352639489749313
67265.8780072904,0.07569725310510096
67501.14472568729,0.07570744009130502
67736.17593491987,0.07648712424254271
67972.94272914396,0.07201621906895114
68211.5751760991,0.070459310121941
68442.15667475728,0.07291347018665714
68662.15710299648,0.07150179835073188
68891.31531094678,0.07220428731597754
69123.63684719536,0.07200096579856616
69355.4738439131,0.0756272302880014
69586.75746178112,0.07374380198973364
69816.82460192051,0.06837844063135379
70039.31764848191,0.07196211017609726
70264.6568722681,0.07262819716538957
70492.84221980414,0.07347659227671395
70716.93737864078,0.07097853069347765
70952.68762135922,0.07344996872739608
71198.21116357912,0.07489154188679889
71446.84149155836,0.07463081841613939
71679.92684408798,0.07351395482701009
71905.92291893197,0.07425474454429938
72131.59881111246,0.07335753807340713
72366.11328077623,0.07457816044057677
72601.16498969572,0.07460368536082973
72835.91977702375,0.07533272551718649
73067.74629764506,0.07516376230750617
73303.96329606223,0.07381814358404207
73551.43525136281,0.07272625108234768
73798.84949751786,0.0749774374558713
74039.79975757576,0.07588019856823446
74274.18120072772,0.07609581820911364
74520.47119591638,0.07720767847100204
74771.89820866619,0.07411698670361846
75021.02327554855,0.07505961354446217
75269.95489815713,0.07433095222465048
75529.72470274205,0.07491053469258357
75778.01212856277,0.07736550532391787
76021.92047110248,0.07614010383510879
76270.04355738898,0.07645193638421358
76524.8876785282,0.07728720462226463
76783.18927444796,0.07646710004199295
77043.37767249758,0.0785378142944434
77306.3807038835,0.07836040509944302
77568.26063829787,0.07611497020194655
77822.173638899,0.07372618855888263
78080.30767362798,0.07447309817208456
78345.81434291955,0.07308574235648478
78603.84452253999,0.07455435403189155
78864.1798160697,0.07635575520769135
79113.8549599806,0.07784144996763435
79368.27514254519,0.07510521017110239
79618.66391351877,0.07994602744807594
79866.65647372892,0.07664217466680545
80112.84043067989,0.0733302684914865
80352.30531940733,0.07235090979110845
80601.24503631961,0.07475734300077828
80847.93685488768,0.07400763257680741
81091.82915303526,0.07463714527979994
81333.73062462098,0.07605848138872855
81592.95171660803,0.07457112849330003
81838.1139639094,0.07043129410377819
82081.56664238893,0.07055468438274039
82328.47316006801,0.07300495027393034
82581.45630597918,0.07337976917316394
82853.34803206997,0.07439172854757713
83129.95576293783,0.07365725205520235
83383.41769547325,0.07458076375861591
83639.12070431087,0.07640745323701155
83892.79995153278,0.07466075597386511
84146.11201259385,0.07661647980404017
84400.06359223301,0.07739027790093951
84655.60640232812,0.07512828963682094
84904.501033686,0.07605891726736143
85165.69616269217,0.0751208114059216
85432.8261766133,0.07404057180752831
85693.58742107819,0.07718840693134245
85951.3318429003,0.07492255203063758
86215.47273168954,0.0739470344509819
86479.53262316911,0.07509351003956592
86743.6031071732,0.07248285983324816
86995.52411028786,0.0730192882927082
87248.29173223581,0.0746893022823674
87492.19330178376,0.07622533298626379
87741.74444309487,0.07614630222386791
88001.25099842672,0.07612703884651272
88251.11505819592,0.07396776037434379
88508.02364782925,0.07379354181704186
88761.1399975737,0.07200117746403936
89014.17240543161,0.07518119572279981
89267.62571186235,0.07437517321055351
89521.61038803065,0.07212975198143892
89775.39690597051,0.07452031352919841
90026.88829528897,0.07404430845840297
90274.0597304844,0.07502714388477907
90521.21851492356,0.07473377298737896
90763.74265683549,0.07525477414842387
91000.49313069909,0.0720014077478921
91237.02647485494,0.0714134134660604
91488.14382978724,0.06951720547082725
91740.96271104093,0.07333476298596316
91998.13874788494,0.07412996008341387
92254.62317607003,0.07630403150259048
92509.78810588662,0.07776251577866623
92767.0166626125,0.07705802051215163
93023.23819351706,0.07546029253343058
93286.07990314769,0.07399899475907713
93555.28905021174,0.07829882894156633
93813.37802064359,0.07468592593549925
94070.89070442993,0.07214822333425489
94326.97228974235,0.07332212906205492
94583.29137868316,0.07520966708808527
94855.70635305528,0.07405441677539973
95116.84160212972,0.07540121768756075
95371.69754735309,0.07445904103270037
95635.7500303214,0.0768706490928336
95902.54600631222,0.0756274195212528
96166.05147771318,0.07599557786036057
96426.55449261323,0.07279642912977641
96682.57769941635,0.0731930676459581
96946.92394195888,0.07639541268017805
97216.37710682672,0.07292848289729416
97480.1593886463,0.07294685325661514
97742.0805785124,0.07381818856690614
97993.07102238355,0.0803040344053096
98233.25851167315,0.07180837328480728
98481.24673281703,0.07539210372636311
98740.46108147429,0.07372824185950876
98995.30713157576,0.07250001060790551
99258.68020366105,0.07354992321222958
99516.46419066054,0.07355822859293959
99773.85915492958,0.07403354881680173
100024.32737661074,0.07301100258468271
100283.50114803626,0.07140449730484963
100550.72545454545,0.07508189955327213
100821.64605311022,0.07477277764716586
101088.65375715503,0.07243878265301644
101345.72156957733,0.07302555055098622
101603.00798741377,0.07433147850132855
101863.11616038882,0.075427607689721
102123.7113427048,0.0734595581904894
102386.48199781791,0.0739307978099691
102647.73125832627,0.074279709638274
102900.50297077725,0.07268284149541138
103155.42420196626,0.07483629221822322
103410.24291938997,0.07311064616313347
103662.80184667719,0.07727480947883436
103910.19177084598,0.07656026500706728
104154.26218772738,0.07181239666528917
104404.08572814356,0.0738687309990421
104659.38344041702,0.07736482862197226
104917.0333575934,0.07459860801431852
105176.32602374606,0.0751907686040221
105441.8146713473,0.07362216322546852
105707.21850680934,0.07466190188628707
105977.7594614265,0.07623113406546732
106242.63098693758,0.07577403040716996
106516.04890776699,0.07529819998214662
106790.78488231012,0.0722559217490754
107056.36291889267,0.07148663320621441
107323.07708156588,0.07200373925839665
107580.99211356467,0.07279016335785081
107836.12388095814,0.07299339495127403
108084.97892186554,0.07298164162124063
108342.06490034031,0.07615810959126051
108614.54930774836,0.07687827717300301
108876.22441564733,0.07426572868288564
109129.41730187538,0.07433046043515668
109376.03601746302,0.07498435461395433
109637.04013133893,0.07569359047837566
109891.31603201553,0.07416570976561905
110151.31963636364,0.07313794308486511
110412.58808572467,0.07501254166056939
110679.23833819242,0.07265333540617594
110941.28192712746,0.07473114466784048
111202.05132249455,0.07296793987661229
111462.45073502613,0.07455733226824236
111726.74390687523,0.07681279158406598
111992.7979431337,0.07558219886265113
112258.94882367208,0.0753463622639927
112514.39805942996,0.07638967621936632
112767.94070473876,0.07485427650075412
113022.50417624984,0.0769631047506174
113279.61292277851,0.07314254436736205
113536.33628748331,0.07186650149846048
113794.62974607013,0.07342835362566653
114052.57440873256,0.07652882814483257
114307.78476861412,0.07469128641910461
114569.16600024233,0.07792877281084964
114828.97672151128,0.07419149018414137
115080.14726812206,0.07741883812212762
115336.54605183113,0.07701766573605454
115589.34205109578,0.07655264293021678
115842.23322412328,0.07661051401735086
116093.59433276822,0.07306883441455456
116350.3993207181,0.07531638380915993
116637.10592089298,0.07754136144101212
116912.33765133172,0.07797993632062178
117175.17213313897,0.07662338624534007
117436.18727272727,0.07490012978254187
117710.26830448989,0.07270049418967656
117981.1102085354,0.07481807557604847
118247.11647658335,0.07491415336888105
118504.18553191489,0.0734232094759019
118761.85900846432,0.07209483313673232
119029.26096969697,0.0738655474455769
119304.63003885381,0.07354974131050113
119582.89717815188,0.07412227860929707
119857.22261312629,0.0737535217505367
120130.49987858183,0.07529107287930838
120406.65852472962,0.074646904546584
120678.97364603482,0.07566698023779253
120949.7288937409,0.07653751272364372
121218.83296969697,0.07606210440622377
121493.66079669663,0.07548179676625749
121768.95705298815,0.07490732331705029
122052.79856726567,0.07782721919336917
122339.30527972875,0.08006594313131318
122621.95942169846,0.07565477190687718
122920.0099514563,0.07288863732335442
123213.38200339559,0.07494825013682237
123503.77174307487,0.0743443182089349
123793.12704570251,0.07354173502058545
124089.1276389226,0.0726646469081344
124391.06960106705,0.07153674674622101
124694.25282468715,0.07184908923638902
124989.22280106615,0.07474920001731444
125274.03642987249,0.07313730456473604
125554.61705989111,0.07442726826934616
125829.68961748634,0.07359351605312786
126096.2145714632,0.07381386546173026
126356.04505268257,0.07359809682695653
126623.87311618862,0.07183148287156492
126895.95557976277,0.07539582895145021
127181.8465730201,0.07312948197603282
127454.36704256093,0.07287461586184396
127735.22258652095,0.07509920173223249
128027.41218507753,0.07628167239920754
128330.50486026732,0.07562199202131191
128621.76053268765,0.07842218491902338
128905.69361289541,0.07726685414823481
129191.30503335355,0.07303868981089061
129470.41584759131,0.07725401608823636
129750.28665128142,0.07649629455675042
130031.71835596509,0.07477574619852304
130313.45492051936,0.07358604990815415
130596.68797767803,0.07178227515362058
130883.1348994914,0.0756272478873548
131175.50539983012,0.07764656493075724
131463.89622184547,0.08270027896427411
131773.2368165249,0.07465363180344106
132073.7662353368,0.07876645463629968
132371.78742260532,0.08157661607541664
132660.17407093573,0.0797382188791302
132947.38694752223,0.07609238364333892
133234.47201740602,0.07727686745959098
133524.60713419074,0.07800102471611027
133808.01271032562,0.07931123162093387
134092.77505162152,0.07586092230480918
134383.69156948494,0.07648729587669544
134675.0774715978,0.07564746191217513
134951.50886783286,0.07567945138652547
135226.02544220985,0.07816367313029052
135521.06734743496,0.07779589889673241
135818.2729254997,0.07258639894463843
136104.42683667273,0.07681993717291241
136393.77207666181,0.07864612596093089
136678.8037507562,0.07138621658742991
136956.49205771796,0.0781630683654772
137245.0503875969,0.07410007093908376
137542.14039767216,0.0739635036529383
137831.64912493923,0.07639297337596322
138126.14389622986,0.07637908249698418
138418.17281858888,0.07209076937661331
138706.5715673182,0.07363495536627321
139005.1011875909,0.0781342011449062
139297.81408621738,0.07609389928817471
139582.8254585206,0.07784100479896447
