D,r2
49.6786670235546,0.2290036654006199
67.64226289517471,0.21430302681242328
87.21408028010504,0.20416021810716922
108.26987179487179,0.20452768542213956
129.12951807228916,0.19393133804350293
149.921605102312,0.19655127157313773
169.5515587529976,0.1963430697296912
189.33535860520408,0.19000278757135494
210.3976639235466,0.18656607618260632
231.34997294372295,0.18835906300094374
253.67598306110102,0.1911395097961855
276.32908458864426,0.17726473384718056
298.6424915740856,0.18552385717544653
321.4212838316565,0.18446423321877645
344.07858496525586,0.18447396989731069
367.85827604442096,0.18337082642463273
390.3124471979724,0.17493758932281175
412.89937666963493,0.17820752293205125
436.69331757909936,0.17816382501756126
460.4762094630516,0.1753402203882907
483.2491877383811,0.17346425355145115
506.1114493712773,0.17270660087462114
529.9575634000255,0.17471995806585586
553.9790766738661,0.16630245846552918
577.2449650637074,0.17485363212390703
600.0178494930744,0.1656164336959125
623.1473853149658,0.16670274954153547
645.606866825208,0.16730953887172517
668.0233669676048,0.16622181331657543
691.9173304037353,0.16758321929357772
715.206727495574,0.16508340306246555
737.9976951887064,0.16235256210811164
761.1291355389541,0.1620296836685448
784.8331935123042,0.164915194381727
808.1121559950215,0.15879103853785756
831.1415393485154,0.15887849699478362
854.2442142088267,0.16154252511357076
878.36860670194,0.1555093593181234
902.1828703703703,0.16186139698801744
925.8989301801802,0.16369865577098572
949.6055934515689,0.15636391348355222
972.9749723451328,0.15991293399127046
996.656050069541,0.1550163554266257
1020.6829234595192,0.15129068599906123
1044.6429857360476,0.16340523867381596
1069.1935969352853,0.16036532787306362
1093.0019974318734,0.15631298536512628
1116.8371165222177,0.15414369902841563
1140.7559350270722,0.15452837591794047
1165.0678819208272,0.15483417998758617
1189.4914878892735,0.1517089607926873
1213.5364054016427,0.1485356494517545
1237.5061401060564,0.15078250803401322
1261.8321217016694,0.1483911587286357
1286.2204202510225,0.15026166367185148
1310.6827031602709,0.1506470347374013
1334.433611111111,0.15084387800898635
1359.1606355988783,0.1492503624629703
1383.6321647189761,0.14940782612095457
1407.5176924136033,0.14892067442957274
1431.4835362479248,0.14344639193889827
1455.5301408450705,0.145027342950202
1479.9748003304874,0.14378228798580428
1504.3772602739725,0.14329552640347926
1528.5362948430493,0.14907767899231492
1552.5662037673587,0.14556291612441966
1576.546323632785,0.1450678665152578
1600.9634816035145,0.14472956715602744
1626.0486647688763,0.14163482768369756
1650.8573197578426,0.14336786698525467
1675.922637301366,0.13924504309923658
1700.9920110192838,0.14642962478306143
1725.629057406095,0.13812151327480382
1750.14479006835,0.14435486330936542
1774.9089772095608,0.14223009695215164
1799.9333153711436,0.14098432856996798
1824.9105905184363,0.13922282829956695
1849.9988856386683,0.13810582172809271
1874.9584433634468,0.14030943524761658
1899.8725181432287,0.1396363966726409
1924.868469229686,0.1410936582226115
1950.4542641915523,0.13908338933248196
1975.9512296214423,0.14176713918264008
2000.9209617244715,0.1384285414826656
2026.0978012564249,0.1351266115023983
2051.4244712990935,0.1392620730139154
2077.551887430659,0.13409173264070612
2103.215993289529,0.1326056153115701
2128.075842696629,0.13520329186853902
2153.563236870311,0.13195046511804204
2179.1916690523904,0.1380009450405067
2204.4369375419747,0.13151915144879803
2229.964151206584,0.13286746782902226
2255.0137717819,0.13640455255082523
2280.068667763158,0.13131035899844368
2304.9893954000827,0.13414616863369158
2330.4349559955995,0.13063074381716153
2356.078770949721,0.12997109098675083
2381.1154933559515,0.1336847982139944
2407.040192926045,0.13172092605826968
2433.4675110132157,0.13488500805251621
2459.5124895920067,0.13292954383338076
2485.1130273660206,0.1281358348851265
2510.653998632946,0.12774688199738368
2535.8123017514827,0.13123579503662228
2561.013391598534,0.12942182820781806
2586.458571040478,0.13177972162638518
2611.973230302194,0.12988259556422233
2637.387250887251,0.12752632727353583
2663.009983127109,0.12817080629319594
2688.2537910118554,0.12975776658080979
2713.962290309164,0.13000806073457968
2739.2591115389905,0.12628538270993456
2765.5604654384265,0.12279053723184755
2791.5275010236114,0.12632373106974107
2816.9616586197103,0.12816329201086765
2842.6197507450556,0.12810628587535852
2868.093860268172,0.12624144905192683
2893.62622633688,0.12553265655501072
2919.5543583367867,0.128183305966582
2945.041917846628,0.1248055054481981
2970.0168608636054,0.12471551336525398
2995.4538729937194,0.12640695887360048
3021.9114534494306,0.1251646889501992
3047.6988709446905,0.11818929361061306
3073.9280420428513,0.12668825088046554
3100.4436984193594,0.1276463657667085
3126.3455644594405,0.12366832971540938
3152.846726395589,0.1280266608452777
3180.0442799461644,0.12552071078767071
3206.553051511758,0.12456459834209502
3232.2982678495987,0.1252567595849062
3258.966372657111,0.12499374997894616
3285.944055944056,0.1229088613638388
3312.005686664771,0.12554767238534928
3337.615067929189,0.12333296110654725
3363.5081644144143,0.12255210933182126
3389.4719845431964,0.1187121391847062
3416.01957079228,0.12188857167769752
3442.2717774954117,0.12141044610682351
3468.8251042647653,0.12063525283918361
3496.601905550953,0.122746633729037
3523.7969444444443,0.11825750836098921
3551.0404252342987,0.12021869396085576
3578.0474018794916,0.11828894666256125
3604.3009558616814,0.11931766710518608
3631.013600861837,0.12276281171980845
3657.393891822463,0.11707611200964782
3683.981057508858,0.12173922732617659
3710.937847740535,0.11900317958119598
3737.7072008966097,0.11376174028448569
3764.0702566259993,0.11946464376912448
3790.3867638965326,0.11961986950142144
3816.972229784917,0.11284055075259489
3843.9646359994476,0.11589633807566843
3870.9662563960724,0.1157321472205942
3898.009526439321,0.11733166092918504
3924.776478973628,0.11372541742004619
3950.722653004708,0.11568573646671414
3977.8096933187294,0.11111224251337304
4005.533748983464,0.11490200545194384
4032.445231684852,0.11667218624720369
4059.591560724912,0.11416972380446294
4087.0492869998616,0.11561546479223496
4114.042586526136,0.11803201005613395
4141.639087596167,0.11501349669502885
4169.146355036171,0.11458821290342999
4196.611111111111,0.11375925360464673
4224.061405946096,0.11312093402297788
4250.998756562586,0.11513689994902883
4278.169423766198,0.11537266484037303
4304.503367244591,0.11144286315325352
4331.528394389215,0.11418196733380945
4358.935772245908,0.11415656025969374
4385.94641624085,0.11701084797390336
4412.587891440501,0.1094584436156372
4438.889537307211,0.1131185961031206
4465.9864309210525,0.1110136907796877
4492.804994541485,0.11066877792843528
4520.1589952287395,0.11102681965711739
4547.651357279956,0.11061860731822393
4575.163364955357,0.10912537704730642
4602.073438379291,0.11172538146041386
4628.911297071129,0.11115074435687713
4656.221535503365,0.10929876687485385
4682.84587862942,0.10670469779171897
4710.320233093915,0.11093413786729835
4738.104666004822,0.11058334748264098
4765.466693635383,0.11246444559827176
4793.089377697341,0.10952090896397741
4819.948057316065,0.10984530317482803
4847.087531310883,0.1111692480846152
4873.924723660277,0.10917916436201422
4900.8291394411235,0.11059688227412041
4927.901592486729,0.1086995862661285
4955.153586022263,0.108665397872441
4982.705255972696,0.11030643417427427
5010.1579241852005,0.11031878042543773
5037.216518771331,0.106649825689454
5065.474431426603,0.10951589074677323
5093.042818658727,0.10708128182129306
5119.895765911542,0.10237530763425488
5147.105027932961,0.11169671632321031
5174.54246386786,0.11276995740606793
5202.0503859649125,0.10701595404746322
5229.515522107244,0.10647886804856489
5256.541513176538,0.10540196449288278
5283.34161321141,0.10690724944189095
5311.0234375,0.10447684813520096
5338.643121656837,0.10949799033760335
5365.931506849315,0.10933615524262914
5392.924546587291,0.10304816364799746
5420.429825746319,0.10610966297732596
5447.83668306395,0.1048985906775773
5475.384511420462,0.10589970908029117
5502.984936762825,0.1056445353318283
5530.38070860838,0.10766842057691456
5557.950246652572,0.10569590594624599
5585.552039285227,0.10398398051552156
5612.9753666524275,0.10543862303038423
5639.937593473827,0.10567548375503069
5667.384899466557,0.10468544382092461
5694.9860406091375,0.10297062256007164
5722.4701005708075,0.10656248200555768
5749.844289177242,0.10349661041516041
5777.508086622807,0.10405077501031583
5805.644637202258,0.10440090682191783
5832.92338158973,0.104178846361531
5859.535557754843,0.10726581788767048
5886.082348145128,0.10364769471043264
5913.034275321768,0.10371140873745557
5939.495218002813,0.10520439987097185
5966.427704343135,0.10509034950185646
5993.97911079746,0.10485234948680565
6020.920366070209,0.10450024522540065
6048.028947368421,0.10541839174176929
6075.46007656549,0.10406810523505086
6103.032244556114,0.09968554066123707
6130.450382741823,0.10323392162995745
6158.589844813504,0.10089433202382177
6185.947619716332,0.0996798257489186
6213.591428965137,0.10411540768557521
6241.514056770338,0.09705030790915248
6269.564467145224,0.10263415528521772
6296.906036446469,0.10252368558326978
6324.423632680621,0.10215039986585972
6352.523172413793,0.10160791460561833
6380.496154384002,0.10346412995632687
6408.036193977096,0.1020027655976051
6435.490896646133,0.10248205858803056
6463.515397305471,0.10203691239934753
6490.775156141568,0.10088711265160331
6518.562747507852,0.10024566909160887
6546.573629424011,0.09812014890573723
6574.168693009118,0.099665274886207
6602.713871235148,0.09978276308141161
6630.410351966873,0.09991416947714235
6658.00252312868,0.10246593658007029
6685.443661971831,0.10029709210066333
6713.639829342142,0.10215730948983161
6741.51176959291,0.10042580619240182
6769.944544323053,0.09915912822379819
6798.727486187845,0.0993948422611505
6826.0903571932795,0.09841611407000107
6854.044294395679,0.09952351854143927
6882.425247317821,0.09971428462316331
6911.229492455418,0.10188451199562985
6939.704820936639,0.10069171087574097
6967.556687898089,0.09986965987549234
6995.384101350411,0.09748899113783698
7023.636912936006,0.10297910619788686
7051.921528627771,0.09922103066588046
7080.236823807537,0.09911627407070168
7125.737076537014,0.09645047582319444
7186.981180442666,0.09845586720295654
7249.248892716535,0.09869378994685575
7311.941454202078,0.09908304120875783
7374.539198606271,0.09882856594230012
7438.420624491584,0.0990137086256023
7501.696016901758,0.09948131110539248
7564.533764277645,0.09751333526595851
7626.852744644976,0.0997595089118859
7690.503218951185,0.09595862388835759
7754.456798474878,0.09778583969123913
7818.4811652435965,0.09938095783155315
7882.3943932174025,0.09694447790739429
7945.8312154001005,0.09532608007345744
8009.483579485262,0.09951516420582522
8073.449341941892,0.09735626255777066
8137.055629055629,0.09871610069421659
8200.546055503586,0.09547960964783446
8264.580029549372,0.09664629452527866
8327.906915394762,0.09665831225517948
8391.28228585751,0.0964581313282156
8455.571392926206,0.0971659514218513
8518.64534883721,0.09853752437354935
8582.089661196731,0.09624506228234886
8645.926349325337,0.09638150982652871
8709.542770110655,0.09529567049179548
8772.254016064257,0.09559613306707226
8834.842848180677,0.09630663077226753
8898.315603496374,0.09664526850708491
8961.93483992467,0.09611430487833149
9025.568643278484,0.0955906958289338
9089.4050491925,0.09617202623658547
9153.065415853429,0.09589392684600995
9216.780837140388,0.09688432288440336
9280.03526734926,0.09738270803012947
9344.063557497078,0.09704718457300024
9408.381998493598,0.09734805732214818
9472.973179363009,0.09821712981911736
9537.969808496038,0.0974769684683958
9602.555021234075,0.09662948447018929
9667.16806197676,0.09661142907769645
9732.406448400348,0.0959279935496157
9798.271730223763,0.0959729204757819
9862.44042962687,0.09537046608726421
9927.361020968547,0.09737718555143171
9992.653286254104,0.09649723638950648
10058.062052955202,0.09550913257828483
10123.368920521945,0.0969112360935
10189.16758104738,0.09833548483585988
10254.871922098864,0.09718734212939913
10321.366313678802,0.09575646861611428
10387.080711010614,0.09709363296159246
10452.442471282211,0.09605371030742402
10518.17525901885,0.09703079321663842
10583.58717484873,0.09648963789438612
10648.827829893684,0.09754036595039292
10714.444575544929,0.09670800731015643
10780.053559195367,0.0949373434197341
10845.081861858114,0.09561426548286137
10911.050024795437,0.09655127422289189
10977.348853326614,0.09677950097468895
11041.774137395088,0.09672443087009741
11107.785731963866,0.09694600137987501
11173.099105342742,0.09890863531539941
11237.79474955111,0.09779361441444737
11303.653841356947,0.09606305862578093
11369.741621689469,0.09732939573128993
11435.500909490058,0.0984836751228774
11502.396715215371,0.09739975458288255
11570.20631644778,0.09781543617091379
11637.50968657453,0.09778593638320338
11705.667362164897,0.09614319224326098
11773.794196068704,0.09806106082010412
11841.094904219357,0.09735167051637557
11908.317937302912,0.09710120586233696
11976.222353673724,0.09804104664455678
12043.0962173615,0.09682927731280895
12110.903861903862,0.0973347272966396
12178.328823492737,0.09705460440962096
12245.378140781844,0.09747750643553582
12314.212490715523,0.09591130048772867
12382.42120110331,0.09845746504421879
12452.025612263975,0.09558137605130156
12519.814603572548,0.09690848459490901
12588.14039362699,0.09634595479696692
12656.425442134658,0.09487148945135775
12724.944420103899,0.09758125132067309
12794.059024967311,0.09707310996092275
12863.277916251247,0.09868449762799535
12932.944392552463,0.09846743683274338
13001.511613347524,0.09828183645816306
13069.383328129878,0.09817426957037742
13138.152964623816,0.09910803117943116
13208.255406413124,0.10037478762694514
13276.73396913038,0.0964195071799309
13344.753406757514,0.09625759980194679
13414.559883576914,0.09698046515102435
13484.15441731689,0.09565815715598043
13553.011357994043,0.09800013344208122
13622.685407884948,0.09594068812816338
13691.943593271215,0.09868357643300413
13760.768052930056,0.09572900387521324
13831.626481227391,0.10026825342687445
13902.684547887236,0.09982588532658623
13972.35651043279,0.09790935958509935
14043.057272557677,0.09605965280221711
14112.986250859321,0.09759831009868442
14184.723414877684,0.09659296589580287
14254.990387031918,0.09757020679585819
14325.06225124378,0.09663299714461784
14395.674366197183,0.09820129521022948
14465.599339605009,0.09676845432825847
14535.503668697924,0.09407158674945766
14606.215905560734,0.09776508663575938
14676.094736842106,0.09873268280553901
14747.21737495299,0.09723173657220945
14817.307221389305,0.09891588001572037
14887.715261245457,0.09840645163095256
14959.159120470735,0.0966968025762271
15029.761129275654,0.09542093200871928
15100.864062597031,0.09690836989957897
15171.4161889332,0.09651916978306317
15241.341132311542,0.09685086938222659
15310.861806714895,0.09694287050458092
15381.665940088435,0.096159603434844
15453.083544143688,0.1005015523164368
15523.913191016782,0.09711568530271363
15594.038207840696,0.0959591345873439
15662.646845040415,0.09571409039209439
15732.38175,0.09869224564779357
15802.705317948075,0.09589680672653367
15872.179769036004,0.0961845428697065
15942.998867212083,0.0986381892957347
16014.196265149641,0.09659483639270522
16084.49566789254,0.09704602712503761
16155.772138431692,0.09734082795605722
16226.113447218571,0.09496170878425936
16296.901151871793,0.09873089666115213
16368.619749583668,0.09566523515777631
16439.766624685137,0.09649152801157337
16509.79138377978,0.09699360936121576
16580.501291175915,0.09507566809273331
16651.134653712008,0.09439594554213841
16722.42764471058,0.09685541475138292
16793.05081489744,0.09664917545397735
16863.63093901983,0.0959535473439941
16934.27802211611,0.09623011289838104
17005.639621577597,0.09782743281788056
17076.3900547726,0.09732464360051125
17147.857585139318,0.09679905620172441
17218.078675203153,0.09698041942519128
17287.95253006012,0.09655981137369607
17358.285794884654,0.09948434312846044
17429.75270152776,0.09583808822453936
17500.50611937488,0.09759579012506003
17571.422322588627,0.09577731025042005
17643.70724837256,0.09807198826632038
17715.279819954987,0.09609118815523737
17787.440179461617,0.09567057402826423
17859.227326339314,0.09870690349170307
17930.87374937469,0.09692771116264383
18001.566152115494,0.09765606634060095
18073.584392127552,0.09665979647008209
18145.30399149149,0.09931226866051994
18217.250484344728,0.09576783225606977
18290.158122297715,0.0974682280515415
18362.15789804909,0.09615349894532971
18434.286230754846,0.09867551258772217
18507.0491680688,0.09906308975218851
18580.428952925104,0.09781202085034763
18653.814660532207,0.09572807071620514
18727.375360501566,0.09669065460296174
18800.305816485226,0.0977066144224604
18873.05284451637,0.09554539248629033
18944.66918001885,0.09665463861253215
19017.741761645193,0.09897409702660878
19090.96210893681,0.09870353269820538
19163.535826722076,0.09599272851393773
19235.666250312264,0.0949712069114734
19308.6989375,0.09651534759878339
19381.71759059866,0.09723902224727701
19456.603394483962,0.09709912606490992
19529.60818050041,0.09861552056593051
19602.035938959827,0.09619663787581355
19675.400498287137,0.0975158997326386
19748.046025104602,0.09725628944858271
19822.6789450876,0.09670426386435511
19897.359161976234,0.0977245510992028
19971.73327931185,0.09847903803996513
20045.379968701094,0.09844095587293847
20119.367440420923,0.09692537206787233
20193.53370221328,0.09725527537815816
20267.666770398955,0.09580702549111816
20341.300935745476,0.09541674860837222
20415.312399156013,0.09498040491211673
20489.798578199054,0.09557851799746221
20564.32279314888,0.0962933146985142
20639.602725301953,0.10083854201711503
20714.123795123796,0.09559559999545858
20789.033808933003,0.09930651951184316
20863.895100937047,0.09792880478335897
20938.49751336566,0.09665946944834808
21013.26660877117,0.09739571845947959
21088.15985014049,0.09618816921215571
21162.270748384668,0.0963150091037168
21236.789944134078,0.09801876328753441
21312.085542017336,0.09741988984839563
21388.20569874529,0.0970510830337838
21464.230605605604,0.09670516360387678
21538.32314763058,0.09647806192189766
21613.033155013683,0.09759243981295673
21687.254409171077,0.09669587785597168
21762.35272431892,0.09718723129294109
21838.42509920635,0.09621361867081422
21914.71679821018,0.09894541305233694
21989.65716263847,0.09599475635385468
22063.825700615173,0.09618508045074521
22139.42801242236,0.09672944718098739
22215.141103912287,0.09697527956078054
22291.490013817358,0.096677427065522
22367.58561537022,0.098745455622428
22443.947563920014,0.096178847643652
22521.12674120807,0.09762473158323093
22596.37791640674,0.095619766090041
22671.25906962223,0.09810277436691618
22748.021730985387,0.09828822148902383
22824.381805694306,0.09775500366604115
22900.245853414282,0.09644303707420807
22975.41811018698,0.09560834176408822
23052.28393309055,0.09902234445529111
23127.80602883355,0.09654637783768306
23203.947563426274,0.09840281749635671
23281.16720840105,0.09547763404780472
23357.1314246507,0.10013775831666116
23432.280024737167,0.09621555432843436
23508.5601404741,0.09925512464533455
23584.761848635237,0.098309598559954
23661.931049517283,0.09881262697398327
23738.4831885153,0.09950594028924334
23814.400746268657,0.09605976895974161
23890.73706276203,0.0963751299440682
23968.333042394013,0.09703267497839972
24046.283845243288,0.09736937635555089
24124.818840579712,0.10035461193796363
24202.715313399225,0.09751600018476943
24280.93430475123,0.09605504766037033
24360.151155527794,0.0968794867534009
24438.725107550345,0.09827245601858418
24516.387718091428,0.0970646957685128
24594.332672654073,0.0960166952570054
24670.650582779796,0.09547764079705644
24748.12933951623,0.09541099192006776
24824.72930607187,0.09703338091684306
24902.05268458488,0.09838061413247438
24980.503500836483,0.09628636194110729
25058.415262201615,0.09834860716744574
25138.18962853081,0.09551249033364581
25218.62339853759,0.09674344511051146
25298.45623941276,0.09671312720218693
25377.899161230194,0.095232764800509
25456.51197887191,0.09557534291053382
25535.14452373565,0.09535697881841057
25615.037913803873,0.09926083401449393
25694.47514155933,0.09684967820666122
25773.980828077187,0.09420394515684341
25852.05744240065,0.09718125757012568
25931.911855415743,0.09700384193439691
26011.48824343015,0.09618955589326186
26090.007729408855,0.09690372714343821
26168.54119050609,0.09542158130197906
26246.18931735929,0.09673319138178633
26324.422191984166,0.09546334368537665
26403.9855262337,0.09685149054199363
26481.52015247141,0.09985325447630938
26560.63444165621,0.0987763580422005
26640.09746419493,0.09478102435372979
26719.312713708423,0.09796860362743384
26798.89412939048,0.09678028336493191
26877.475728762667,0.09414930617659012
26956.852507190197,0.09823882412162815
27036.592693667433,0.0950973125210594
27116.2690106296,0.09588482806251675
27196.47367102874,0.09503169134904216
27275.87922318126,0.09492345328158835
27355.842757406128,0.09754083826147832
27435.560574820367,0.0972458968897609
27515.079354195237,0.0964858131049813
27594.13114958276,0.09841449582557214
27673.251057476984,0.09707255834059662
27753.904782772006,0.09777194261515104
27835.376328712624,0.09757677459805555
27916.028993675245,0.09450735639882446
27997.595661846495,0.0954560992398974
28078.411961179732,0.09571567634397847
28160.320517606073,0.09727059001821566
28241.6106870229,0.09663480663857849
28321.789116493368,0.09739140434709452
28403.030779796467,0.09638159448429011
28482.986210804684,0.09652086777500962
28562.737215470977,0.09628140451672891
28642.99754392594,0.09497392100225892
28723.106981354147,0.0970134181502357
28803.44372728412,0.09629769626568577
28884.223613263093,0.09396618201184917
28964.22103811434,0.09727347808308606
29044.282984588397,0.09719656156003838
29124.762457125038,0.09652868473145618
29206.527846997258,0.09664874852532286
29288.281181959566,0.095147238991388
29370.50930668332,0.09951548042316949
29452.26834145732,0.09745298337440496
29534.954447256343,0.09815701781923308
29618.27704304429,0.09909865683037931
29700.33894710579,0.09844420203173304
29781.880713350376,0.09590136393326924
29864.238809733957,0.09672049190646503
29947.186120266153,0.09909561971448899
30030.916775355567,0.09568778024928416
30115.144178488845,0.09631015635430369
30197.572908217382,0.09381224962402542
30280.013365963856,0.09638769057140634
30362.66363806086,0.09597641650661362
30446.113284889136,0.09775197387843187
30529.714831756377,0.09500001747720199
30614.562480484605,0.09763354188728181
30698.76315462122,0.09805902332380964
30783.95879753532,0.09642824169707222
30867.408484923995,0.0987563022798824
30952.321944236992,0.09743550652908341
31036.119979982486,0.09713419856378269
31120.16538051321,0.09597152724299948
31205.791561285547,0.09645768958777806
31291.89630094044,0.09810966205644304
31376.34858428652,0.09558632153347654
31460.940264108634,0.096356869272969
31545.823536737236,0.0990829310869081
31629.20605794005,0.09684142879288085
31712.377724269925,0.09689230727451006
31796.36282963056,0.09598364260091279
31879.9496968197,0.0986841791108322
31965.12752682805,0.09700721333658471
32050.258737742017,0.10017270541864653
32135.371451743715,0.09717832595834373
32219.958962205314,0.09927591496267588
32304.618036970187,0.09710917106299799
32389.802757158006,0.09497668482414433
32475.526534150722,0.0960577067308551
32560.88471193674,0.09683132544937607
32645.184035338767,0.09929561781260393
32731.234055766006,0.09643650480726806
32817.35392940288,0.0988443520099082
32902.95022483137,0.09746733002702683
32989.74586738195,0.0976503356055162
33077.652235759786,0.09547171883969045
33163.78918308445,0.09451734552615253
33247.44581541721,0.09654868974738905
33332.374641208036,0.09676435226949183
33417.85156638488,0.09689720088119715
33504.05421574126,0.09791636943960284
33590.65408647838,0.09599060324178645
33678.55593707079,0.09652548855800698
33766.244712801905,0.09960773930441964
33854.126613054046,0.09530824400544433
33943.32430422116,0.09774811190707294
34030.06385655866,0.09561732738445836
34117.18988910229,0.10001484045538749
34204.47850841519,0.09830987821421534
34290.55267745953,0.09633229725915407
34376.373797326,0.09539441857915477
34462.33157109093,0.09639262343576839
34548.67763157895,0.09914439535805682
34635.03313888544,0.09869673491107679
34724.156218967226,0.09833776663973239
34812.278095357746,0.09683772658201965
34899.314142990945,0.0975788501431026
34987.04703476483,0.09748688983606162
35075.26127254509,0.09762709992350647
35162.56814796425,0.09805024158890135
35250.23142714446,0.09821212863838351
35337.513123194774,0.09791861629089821
35424.078066450165,0.09660212536935328
35511.62107678948,0.09721739126468795
35602.32482728574,0.09687548867416819
35691.403674902795,0.09681007879730921
35779.14264385692,0.09821523498408173
35867.7365209812,0.09706860605873038
35956.16662501562,0.09952393213341162
36045.31724440544,0.0980368183621153
36135.43919466434,0.09881940033918103
36224.94841691126,0.09830577858929256
36313.410157224855,0.09830048164292414
36402.029334828105,0.09850380258016748
36491.563453990406,0.09679698848606079
36579.07274090739,0.09782430801636419
36667.63985125504,0.09841019491220449
36757.02534576632,0.09854176239670566
36845.489671478346,0.0996778681093183
36935.85373936968,0.09945507078907435
37026.437437872766,0.0988066542846372
37116.16835903222,0.09929685830849211
37207.12472702315,0.10040265331170116
37296.6032208114,0.09680182891659027
37384.47629175529,0.09977608204513143
37472.98308983525,0.09684812402642241
37561.95335204241,0.1000799818971219
37650.814185375646,0.09708304441604755
37739.17314421395,0.09773796681346977
37827.03564762971,0.09817892412575352
37917.86629248519,0.09852229054882444
38008.67909420743,0.09782926374268125
38098.61792982894,0.1000337718133388
38190.45066650056,0.09735522756430648
38282.89487386103,0.09726023802303842
38374.444956700514,0.09918368353422556
38463.86580032488,0.09997165347339942
38551.83550191715,0.0987447149997086
38640.866517245675,0.09889065969695156
38731.64895611951,0.09903071925133561
38822.043781647524,0.09900481187003422
38912.8223477715,0.09925141191346422
39002.75521091811,0.098791686343748
39094.30437773609,0.09765387683087755
39186.64752870694,0.09791683461330068
39279.282457568734,0.09799257218429518
39372.35349529004,0.09689476362605351
39464.95736192495,0.0985861745085128
39557.50927835052,0.09879090714649161
39649.33694291437,0.09950481294793244
39742.096490140146,0.10049764360958166
39833.804387453645,0.0992081418940836
39926.045877286066,0.09780535025044701
40018.629166666666,0.09824312751453579
40110.272942643394,0.09781922910049741
40201.66341829085,0.09873830129267568
40294.27057728119,0.09687890765054702
40387.47724137931,0.09669036678419696
40480.82226501832,0.09682541958497644
40574.646649533,0.09938166125080355
40670.131930569434,0.09933157126605204
40765.36927290836,0.09725650924243442
40860.58453775231,0.09776690769118503
40955.46353101568,0.09977796126773089
41050.547748422956,0.10067329113236256
41146.36466896768,0.09831031217731431
41240.79996256318,0.09847613481898695
41335.60724303435,0.1013505280626216
41430.097452110844,0.09755760505883057
41527.31887228855,0.09859446446079731
41623.9227524553,0.10012567593993917
41719.27790798076,0.09837515420479884
41815.696001995886,0.09873183963974808
41911.293483005924,0.09981917800345078
42007.3291305162,0.0980865836730711
42104.808196824204,0.09928722277793879
42202.72630729102,0.09935274992231233
42300.7374875498,0.09896328268567967
42398.79469535844,0.09848278421621759
42497.53741624397,0.10037999255559558
42596.56203473945,0.09925114368629982
42694.66953324609,0.0968468052747285
42792.31224604613,0.09805558266981466
42888.862568715645,0.09622261786505294
42985.68705574261,0.09931229943652806
43085.09659408152,0.09660916872049233
43183.308557854594,0.09885989831885915
43281.16883767535,0.09824484728639389
43379.088134537524,0.09809787858055762
43476.668505862435,0.09769746195747994
43575.36352911958,0.0979568597368747
43675.28525081108,0.09943020756392149
43776.69621507774,0.10004157034155908
43877.014125882866,0.09974509953103591
43977.03939469735,0.09813209439942464
44079.3522028211,0.09757478328642095
44180.44673625959,0.09846835436497002
44280.621179107264,0.0971796547948165
44381.15583768982,0.09750160157545205
44482.58060711403,0.10029076677387119
44583.739822563395,0.09855430534703909
44684.82862488307,0.09686259837175505
44787.43587829009,0.09983851522245746
44890.08969749566,0.09939022716880386
44990.963000125426,0.0990281800593224
45093.85751764633,0.09978317182902877
45197.00682382134,0.09920921406612464
45299.40117624977,0.09941412040994155
45402.92066054135,0.09887343047776771
45504.82569326542,0.09970432889214689
45606.91660452398,0.09899882616831007
45709.5770257684,0.10043060529943104
45810.85659595833,0.09958448035927413
45913.162814007395,0.10072102519579623
46015.351877006666,0.09748265838145975
46118.58095118427,0.09898132749815247
46222.03843531089,0.10125904724983861
46325.39736710756,0.09783106978626264
46427.785146220805,0.10210181383815724
46532.12364519746,0.09951761026441713
46637.259778276035,0.09964611393494019
