D,r2
5.0,0.5609749644537646
6.0,0.4937270540185955
7.533333333333333,0.5021749595806572
9.042848870874348,0.4072793274670362
11.0,0.42019823997860645
12.126230457440649,0.3494630807320202
15.13639035861258,0.2906895694830382
18.143396226415096,0.2649676827950534
21.154193548387095,0.2350482566197437
24.126631853785902,0.22030350898207496
27.133704735376046,0.20362455594602163
30.115437158469945,0.18534148833544695
33.137146795313576,0.1840862320460108
36.12473867595819,0.17234088159358535
39.12473271560941,0.16649679177765786
42.146492434662996,0.16145956736149283
45.12455516014235,0.15628257365396783
48.13769123783032,0.15023104532375428
51.117994100294986,0.14978936523593178
54.12783053323594,0.14599677598200103
57.12905551550108,0.14197974882995978
60.12926652142338,0.12533489006190132
63.121212121212125,0.13193495071649075
66.04683840749415,0.1242288725881641
68.0,0.15987821234910157
69.13082039911308,0.12425102757757607
72.13782302270947,0.12180149028658703
75.1300688599847,0.1223254512712016
78.14359733530718,0.12085016230851942
81.0,0.12413869589238402
82.52212389380531,0.10679670348626592
84.14207221350078,0.11141136394602423
87.14869888475836,0.10854570333574269
90.14615384615385,0.1009041392798653
93.1379833206975,0.10266360748586566
96.04487722269263,0.10377741695357255
98.0,0.11660778844360727
99.1592987804878,0.1026236110359665
102.14331465172138,0.10464796510190337
105.0,0.10649262813392983
106.47101449275362,0.07973530840204064
108.12727272727273,0.10047598427141273
111.15981012658227,0.1055492762953468
114.0,0.09939196969131277
115.528,0.0805085238842697
117.14865962632007,0.09250873924472003
120.15365853658537,0.09474752772779703
123.0544844928751,0.09701396793576618
125.0,0.11127765914785825
126.17570850202429,0.0963044865451292
129.14440154440155,0.09335683268417352
132.0,0.08919941901608217
133.54545454545453,0.0770538878345086
135.16313725490195,0.09569221072529355
138.1679012345679,0.09377826923903686
141.0,0.09107726573316904
142.4890510948905,0.07958741938155625
144.1689536878216,0.08689357111896119
147.17380560131795,0.08714602559912966
150.16333066453163,0.08616135616079387
153.16855753646678,0.08754831886217178
156.17149958574979,0.08179844339487585
159.17751004016066,0.08427484003314549
162.18570254724733,0.08399040212534599
165.18946540880503,0.08417485197060356
168.179766536965,0.07902614629637725
171.18686868686868,0.0884810434658663
174.18051118210863,0.08309114022256706
177.17772108843536,0.08180230272301416
180.0,0.08342131202055324
181.5241379310345,0.07825467475723451
183.1910471622702,0.08269896931318037
186.21091205211727,0.08364198411138235
189.0,0.07915375082505423
190.54117647058823,0.06667802313629645
192.1672,0.08248430401004701
195.22052586938082,0.08227914755245028
198.18059071729957,0.07250739681707513
201.21623794212218,0.08061491753522584
204.18642611683848,0.07664957943322669
207.2088772845953,0.0750416946464059
210.06896551724137,0.07393388652365047
212.0,0.06104469426797023
213.19357638888889,0.07588070945490785
216.20203735144312,0.07569710001184632
219.22663139329805,0.07150730286294509
222.2234685073339,0.06775243409270737
225.20069808027924,0.06892816657603433
228.2079646017699,0.06977167611122652
231.2155844155844,0.07387522502164165
234.22131147540983,0.06816075578220548
237.07861060329068,0.06704353498494219
239.0,0.04687869479622769
240.2303839732888,0.06833702286958768
243.23096026490066,0.0724182380878025
246.22884283246978,0.06851012397924809
249.0,0.06627949438454903
250.45962732919256,0.06537843259361306
252.23247863247863,0.0644028520178428
255.23070175438596,0.06437302251228358
258.218984962406,0.06963357453006035
261.22133333333335,0.06831169717120263
264.0,0.061804282767228665
265.510989010989,0.062426256480197125
267.21351351351353,0.06698364615153614
270.236531986532,0.06432142953839781
273.26991565135893,0.05931431425485866
276.2378854625551,0.06664411987800437
279.0,0.06616050453888121
280.5,0.05748165330885727
282.24622222222223,0.05952114074747543
285.2432432432432,0.0660857173022875
288.27613240418117,0.061449012678123804
291.24285714285713,0.05936428225314409
294.0,0.06367834891853352
295.519801980198,0.05836053124018953
297.27797833935017,0.059917942521037305
300.27767857142857,0.058602512232004446
303.24594594594595,0.06252733297583771
306.28149435273673,0.05679327597349863
309.0,0.06084498822163436
310.5431472081218,0.05931660820809486
312.2799642218247,0.06191965781219734
315.2788732394366,0.06256069791790504
318.2639780018332,0.058559760213636264
321.3278370514064,0.0589758418997703
324.2971996386631,0.05969751951379084
327.0,0.06205239643757226
328.5282051282051,0.06125411428311875
330.30297397769516,0.057273590725644426
333.28821362799266,0.06027309884798724
336.3073217726397,0.05713943167483694
339.2950226244344,0.059496329191945405
342.30064754856613,0.05526294375475924
345.1297405189621,0.0557290166632871
347.0,0.04896588882991899
348.30633147113593,0.05665693040934079
351.31302717900655,0.059063027753286305
354.32327992459943,0.058878878212589324
357.3178928247048,0.057183100743608155
360.29953917050693,0.053327680555930505
363.3050847457627,0.05026399170614127
366.0,0.059736367476675
367.5492957746479,0.0515376936160785
369.3333333333333,0.04865770809509936
372.37005649717514,0.05455301410206986
375.3503717472119,0.05352188365560567
378.3229461756374,0.05301384503331169
381.339202965709,0.05532884745237404
384.32164328657313,0.053700517785196036
387.1211146838157,0.05011314708447694
389.83634431455897,0.05177935512062631
391.546218487395,0.050268168002128216
393.3613595706619,0.05155958101072324
396.3276515151515,0.05516558625221089
399.32699619771864,0.04987784944917599
402.385162601626,0.050030659322757104
405.3797101449275,0.05033847729417126
408.3686313686314,0.05066738691452458
411.37590861889925,0.052674587843285485
414.12609649122805,0.04972286068514041
416.86147186147184,0.04992824418344477
418.48062015503876,0.044086532834031675
420.3862275449102,0.052067643229732265
423.3720491029273,0.04782478915309859
426.4024505183789,0.054049603857701134
429.3852534562212,0.046528175290130654
432.38357487922707,0.04970529851167577
435.3736991485336,0.04859483437874454
438.1125143513203,0.049292195180081315
440.9618473895582,0.05218324772700132
443.8574635241302,0.047469545479973424
445.57142857142856,0.047944295019985435
447.3762376237624,0.04635658908805056
450.40120967741933,0.049053864052068026
453.39375,0.051120328840432355
456.39324726911616,0.04555615530811046
459.4072948328267,0.04988261946421099
462.38081671415006,0.04910494710375481
465.43243243243245,0.05096279201368221
468.403785488959,0.04983496291236164
471.4141104294479,0.04607411548780068
474.4036697247706,0.04885134635650233
477.41437007874015,0.049625927091537694
480.13948256467944,0.04683190687116268
482.8187845303867,0.051644055321234415
485.59417273673256,0.04806080513610842
488.6264428121721,0.047430271022215455
491.60819327731093,0.04841050767324848
493.5608856088561,0.045945567496698314
495.44857982370223,0.050131444235274485
498.41324921135646,0.0498531398984395
501.42760617760615,0.0457828917228111
504.4475308641975,0.04738907127128495
507.436553030303,0.04848556751198295
510.4774066797643,0.04898157839155005
513.4881320949432,0.048622820907307754
516.437693099897,0.0460985911537274
519.4284294234592,0.048667861390565156
522.4686907020873,0.043861796177148756
525.1674641148326,0.046440266957864774
527.9628180039139,0.04604517463468948
530.807606263982,0.043920702208480954
532.5643564356436,0.04512782356956534
534.4763285024154,0.04354264763929321
537.4807121661721,0.0446320189739794
540.4528301886793,0.044875018715169544
543.4637964774951,0.04514219407280634
546.4426229508197,0.0410134779061552
549.4751322751323,0.04645700095743024
552.4723726977248,0.046004887882404144
555.4293139293139,0.0415984872996993
558.49377593361,0.04416100678131146
561.416313559322,0.04621207318841942
564.478813559322,0.04290066034717484
567.4971878515186,0.04319508117078451
570.5299890948746,0.04624819250275976
573.5025799793601,0.04729900753923183
576.5365591397849,0.043342600028494556
579.4968487394958,0.04270770946811401
582.5154320987655,0.03989954404306131
585.5127388535032,0.042419161966939546
588.508956796628,0.044950783737234656
591.5105204872647,0.04755142683519525
594.5150884495317,0.044343285022838005
597.4962325080731,0.04046005970093818
600.4963427377221,0.04232315834433639
603.5286195286195,0.041932064908062554
606.5316184351555,0.04477168698946974
609.5138427464009,0.04400509642370002
612.5225409836065,0.044387634304399626
615.4968487394958,0.044418373687867475
618.505364806867,0.04407200768781276
621.4847161572052,0.04353561428873188
624.471264367816,0.038702886052841626
627.5036269430052,0.04485895000896601
630.4737442922375,0.04353752701305361
633.4935760171306,0.046754256221018614
636.5368763557484,0.0459792723595542
639.5273109243698,0.041213291425490094
642.52,0.04159963005624758
645.5773624091381,0.04135011535654164
648.5104821802935,0.04459906959468201
651.5308254963427,0.04547721071087422
654.5899893503728,0.04308937989489084
657.558762886598,0.04155978919376685
660.5862068965517,0.04480486343197006
663.55,0.04329471389128503
666.564263322884,0.04340950230159346
669.5560344827586,0.04168162702880292
672.5921843687374,0.04115272957765611
675.5532786885246,0.041170234256275445
678.196335078534,0.045291157195302696
680.9633027522935,0.03945128173714737
683.9415384615385,0.04392173394343922
686.9688542825362,0.04322317449970401
689.9933847850056,0.04173777473040832
694.759863614223,0.042915705872167094
701.0604425256341,0.04013863130628824
707.9963488843813,0.04136875808642754
715.2133663366336,0.041122068767204145
721.8111545988259,0.04222238491545561
728.0545556805399,0.041081778755198806
735.0123404255319,0.04220987858539999
742.5426283560998,0.04016833689396505
749.0867178924259,0.03973357750160168
756.040494458653,0.04006609887914205
763.1483903420523,0.04186183341948414
769.8326467559217,0.040175418938835944
776.1393841166937,0.03945743701221306
783.2010412494994,0.040545641344178
790.8049270990448,0.041793777731454956
797.127374301676,0.04141908777087636
804.2617845117845,0.039939565927319565
811.8078491335372,0.0397915369826609
818.9829991281604,0.03838646091610544
826.1644535240041,0.039615499680976725
832.7976004173187,0.03682102312096313
839.9754545454546,0.03717410797843466
847.524223034735,0.03704293676035355
854.2001160092807,0.036209982573343985
861.2359361880773,0.03671699080771213
868.8739196746315,0.03835659106196612
876.0054545454545,0.040236587691623665
883.4743777452416,0.038797537161430126
891.0129932627526,0.03748941001326735
898.1412193850964,0.03776157071751214
904.8753926701571,0.03677329935418843
912.2852128126372,0.036389077121811296
919.7981943706851,0.03667146049039986
927.2489102005231,0.03650029608571755
934.9302702702703,0.03468925011900205
942.3175909878682,0.03457560722791011
949.8474934036939,0.03675485050620559
957.4250320375908,0.0346874389861338
964.8575297941495,0.0353297565274806
972.3670774647887,0.03446992988343213
979.886280646844,0.03609303448643114
986.9740566037735,0.034489136157483107
994.4380086165629,0.035266983402242706
1002.3276018099548,0.03578938318506787
1009.8358126721763,0.0349567936979725
1017.3182435491173,0.03486039683238348
1024.9016838674634,0.034950108384052984
1032.4223602484471,0.03494796108743013
1039.8801478352693,0.032776858121035535
1047.3837362637362,0.03462705695691516
1055.5677300046232,0.0330552883610017
1063.5646594274433,0.03330748408877991
1071.0648596321394,0.0344032718126361
1078.4961464354528,0.03302406204784099
1086.3605504587156,0.03413322091429685
1093.8838526912182,0.03234304581516929
1101.7617845117845,0.033554432339553936
1109.8926174496644,0.03284435523795684
1117.506134969325,0.03328924469714503
1125.7276632302405,0.03270428705879786
1134.0240334378266,0.033829451390537446
1141.5474226804124,0.032237858209871
1149.754006063231,0.03147471330394325
1158.2916666666667,0.033362403038722906
1166.6594031264804,0.03285882492602103
1174.5613590263692,0.03289970472163384
1182.3617715617715,0.03301367928333883
1190.5899483325504,0.03229596036650841
1198.4265477439665,0.030386179933923174
1206.364299610895,0.031005873499151754
1214.6175519630485,0.03113169360495212
1222.5292368681862,0.032547349170149474
1230.3602099236641,0.03043087059727926
1238.5458070770721,0.031790698510130395
1246.4560276679842,0.030780817196880892
1254.341170825336,0.0311208558027159
1262.587811900192,0.03033359342889839
1270.5895598771751,0.0305837256778316
1278.9093655589124,0.031790905574549694
1287.3693430656933,0.03083062310760846
1295.662220104812,0.0309500167518563
1303.5550314465409,0.030570421918080046
1311.834457939721,0.03123320038824043
1320.3174129353233,0.02942702676280009
1328.637108433735,0.029404513013794178
1336.5794583546244,0.031068993888671684
1344.8639787328311,0.029010917994709975
1353.448035803083,0.03075529136640238
1361.5445544554455,0.030172743713123677
1369.559295701709,0.029596523966285912
1377.8126442085834,0.030327599400711596
1386.4528782475802,0.030481232330100715
1395.0092081031307,0.030629826343114657
1404.0633027522936,0.029551457430107116
1412.5959446092977,0.029790321760443793
1420.5338983050847,0.03175797018418425
1428.8843085106382,0.02924651688368929
1437.3784202374807,0.02886528425423775
1445.9697912039094,0.030458790412529316
1454.5294117647059,0.02862923481129887
1463.1158536585365,0.028136148415126364
1471.5623327982878,0.0280895117929883
1479.8458233890215,0.028638722618975834
1488.9133752244165,0.03025521019337727
1497.8771186440679,0.02932032421579296
1506.3931987247609,0.02829899217180227
1515.0577012563983,0.026591955343651073
1524.0126701079305,0.02862521954706488
1532.5496489468405,0.026986428993736565
1541.0797266514805,0.028842180614268246
1550.2402101241644,0.02941266087469106
1558.5790899241604,0.027377940424670667
1566.8936464088397,0.027528361198938173
1575.8944365192583,0.027782664000831
1584.8363811357074,0.028699360626992736
1593.8803255146004,0.02642915889131531
1602.7933561309233,0.027298459115348183
1611.894964028777,0.028961380236339544
1620.8614800759012,0.029040432231675913
1629.3925380977405,0.028993195030741686
1638.3324526640247,0.029033685274941032
1647.9142720306513,0.027731361311388637
1656.8338150289017,0.02732363054554006
1665.4567053854278,0.028920655968494666
1673.8446272991287,0.02839130740981944
1682.8813070639117,0.027406940633234466
1692.4675147660155,0.02672382911225024
1701.8925143953934,0.027315254179447523
1710.906659939455,0.027607501167600086
1719.9220652703361,0.028446960260363568
1728.9960591133006,0.02554936259015947
1737.928537624231,0.026257349008629752
1747.0266731328807,0.025792414959992325
1755.958375125376,0.02592746314342733
1765.5881333910784,0.02693879481521083
1775.1160327395282,0.027231076451394554
1784.1016360932078,0.02525622175358793
1793.0963618485741,0.02651887067741358
1802.1313686313686,0.026903060738252788
1811.1587689301416,0.026962017425031036
1820.5298804780878,0.02715963142094315
1830.015414258189,0.02656992905995186
1839.0024390243902,0.028090414486375743
1847.9536159600998,0.027510387013634254
1857.014587525151,0.02775818591355617
1866.502700270027,0.026466772829555552
1875.9754540991655,0.02666943540030491
1884.9058709364385,0.025597163467196146
1893.8526315789475,0.02547216685951571
1902.8664658634539,0.02614032047539689
1912.5194174757282,0.024306394158935474
1922.008991008991,0.025104710924404975
1931.4590395480227,0.025792861976495166
1941.0402584493042,0.027034357336392003
1950.54532839963,0.02663659210496087
1959.9244512506382,0.025225179241690272
1969.4403195488721,0.02552541777129988
1979.4927113702624,0.02519175268972154
1989.478512795751,0.02586914671511634
1999.5070093457944,0.02470268003124733
2009.074362974519,0.0236294319294763
2018.463471382038,0.02357509367957529
2028.4940219990435,0.024404873937528465
2038.5291936978683,0.02602461455162523
2048.0786686838123,0.026493116386643544
2057.5208333333335,0.025231382693319218
2067.4516587677726,0.024864624477854542
2077.5388326097445,0.02467784269393202
2087.1142563046833,0.02522193719691954
2096.505424063116,0.026225342328815203
2106.529056252906,0.025622774295689044
2116.45349907919,0.022734788391427015
2126.507132316773,0.023609706294341892
2136.4574630667344,0.02468140227704802
2147.032010820559,0.02511103090375528
2156.893284747527,0.02413895517165112
2166.520903411821,0.02456857578413904
2176.4921911973497,0.02428035131294079
2186.4420255560813,0.024448736380563187
2196.56021194605,0.02403859386603483
2205.9487842731505,0.02377350743988286
2215.504412447747,0.024878746576321123
2225.5170565302146,0.023853419804990353
2235.4644391408115,0.02334591837282778
2245.4531925108017,0.024101661251081454
2255.958840037418,0.023100491670268716
2266.518409425626,0.022829674022979356
2276.44794188862,0.023109881451396346
2286.486797887662,0.02315878076851099
2296.530502684236,0.023748472514155208
2306.4460612142498,0.02429881911051356
2316.4099468855625,0.022478351145844254
2327.044005388415,0.023513246930788483
2337.356626506024,0.02470941744333327
2347.5247623811906,0.022749342504943707
2357.616377171216,0.023448820036515317
2367.380226266601,0.0232223983780833
2378.0314232902033,0.022768756565178166
2388.446981227803,0.022486479952325413
2398.984222737819,0.02381131901869589
2410.0460346399273,0.022535895025372756
2420.512596401028,0.02297520295610916
2430.4760975609756,0.02454010422376666
2441.088751779782,0.022497898574466123
2452.098901098901,0.023618317003470456
2462.522296258329,0.024181931182700324
2473.0091240875913,0.022836230514896264
2483.566009104704,0.024364814033977167
2493.505549949546,0.023720569150035658
2503.4567606306737,0.02351545610942856
2513.9592521572386,0.024282322490827086
2524.9288608734805,0.02421572907545365
2535.4094407388407,0.022951259355348592
2546.0649836372136,0.02314150248317616
2556.427394438723,0.02204267690119238
2566.817538896747,0.021417231322789686
2578.0481533426837,0.02295837801817679
2588.9444976076556,0.023258857662108803
2600.02497598463,0.021589803941945745
2610.503863987635,0.021381460700321903
2621.4776785714284,0.02245313322557539
2632.589613034623,0.023445419932101492
2643.0671918443004,0.02264340961950133
2653.959867799811,0.022545795390150378
2664.51030110935,0.02242092235660047
2675.4267202859696,0.021870999828831665
2686.9946757018392,0.02061791708135877
2697.47960251046,0.022147710279089947
2707.8895027624308,0.02115687388640868
2718.9615197272283,0.023382565611075407
2729.967038293747,0.021439079148863983
2740.986567164179,0.02069860578134994
2752.4522408329562,0.021430014289349333
2763.9357142857143,0.02219249984348939
2774.956281407035,0.022142659981099374
2786.0307167235496,0.02336489913987711
2797.5823255813953,0.021817901928239156
2808.9300699300697,0.020672375732687962
2820.6583908045977,0.021902154702098928
2832.0449494949494,0.021391136103805785
2842.9860240963853,0.02208640996670042
2854.020979020979,0.02272867487429471
2865.0956351152527,0.022393356011350753
2875.887594936709,0.021869406455948755
2887.579524680073,0.021765773337506455
2898.983564458141,0.021553274752559623
2910.514349775785,0.02119683197227805
2921.910910910911,0.021209108168955354
2933.0542787286063,0.02115558610351948
2944.0226377952754,0.021601377263156567
2955.5623003194887,0.021106685254398
2967.065012406948,0.022934083098372905
2978.401764979099,0.02171847176409485
2989.9667644183774,0.022614242979847814
3000.9402677651906,0.022093443939929052
3013.1178880291304,0.021567247611283497
3025.5604606525912,0.020487181471454396
3037.1395705521472,0.020857011880896486
3048.524154589372,0.021041959157057505
3060.545871559633,0.02072579751275244
3072.5582524271845,0.021755536036338657
3084.466571834993,0.020986118948390295
3096.511252446184,0.020948080973995177
3108.475448536355,0.022063493916059523
3120.003721424774,0.021931359752226508
3131.9608017817372,0.021822116195284774
3143.9720930232556,0.02008860850335517
3155.5320600272853,0.020316745819171055
3166.997522299306,0.020459739400006595
3178.5523672883787,0.020561329287859025
3190.4259789875837,0.02150421848588752
3202.5352180162913,0.020749948858090565
3214.559347181009,0.020176764274700866
3226.609575518263,0.021775379724948866
3238.425511661114,0.0214346309636393
3250.4328571428573,0.021437174223432588
3262.5571919489444,0.02241189612413224
3274.9556377079484,0.022735795947664703
3287.4026812313805,0.020539554418940793
3299.4425675675675,0.02193454588751974
3311.7043740573154,0.020874559850477526
3323.443806791009,0.01997115713938955
3335.3751783166904,0.020007108201065365
3347.540099009901,0.019616222304590928
3360.0539419087136,0.021645878221986915
3372.102630221764,0.021928324068450758
3383.835567470956,0.0210449873946213
3396.4588293650795,0.021532441546821046
3408.4248398225727,0.020341408372238034
3420.885948026949,0.020400966879411654
3434.077526534379,0.022275712924711547
3446.4884422110554,0.022337967120892664
3459.0778138026863,0.020728198224918497
3471.4440506329115,0.02121709339226742
3483.9027384324836,0.020429088797497354
3496.861216730038,0.02042036036259128
3510.0108541764985,0.020639747465803906
3522.471641791045,0.021061931987782757
3534.99765917603,0.021170385683964232
3547.9806669888835,0.019675547934942215
3560.5838031778576,0.01923949489509325
3573.0331620737975,0.020843963853435406
3585.6030876494024,0.020385961017112292
3597.95756097561,0.02050568575080928
3610.9618768328446,0.019999509868277452
3624.383143507973,0.01936748865177875
3637.43654822335,0.02043368427924391
3650.017943743938,0.021751522752300575
3663.574468085106,0.020731822146853107
3676.9544564152793,0.021033895331811502
3690.5635255508673,0.020326245943182622
3703.353627600203,0.02072896321018059
3716.5396971087653,0.020265932527573895
3729.9735682819382,0.021385780919358412
3743.484718242598,0.020824097060160727
3756.876643073812,0.02104225765860724
3770.3701811425917,0.021201100051117906
3784.142284569138,0.02017161637166822
3797.492380952381,0.020554583850277443
3811.501634750117,0.020122017269707873
3825.5847980997623,0.02013302140062272
3839.452575830525,0.01888871996911225
3852.9337349397592,0.020301430836085578
3865.957957957958,0.019977716142407273
3879.381758345087,0.019504873364847283
3893.5059495478345,0.02034689035518884
3906.9631499242805,0.020339781718561722
3920.505366308913,0.021624968417108894
3934.466242661448,0.01998158993901748
3948.6672845227063,0.019434806044218135
3961.916990291262,0.019321629014793548
3975.4825775656323,0.019911565153009698
3988.9591628381827,0.019276696421822018
4002.58452326117,0.019656677759134426
4015.9326065411296,0.020550500471951914
4029.4411196911196,0.01961203487603603
4043.6289099526066,0.020034261654151765
4057.558197127291,0.020488101137543843
4071.6774193548385,0.01951159333766065
4085.5130793942176,0.0195389272622332
4099.41910331384,0.020174117283704794
4113.1069465267365,0.020038403997498948
4126.514664143803,0.019719147117341348
4140.411476213831,0.020443328430525372
4154.585365853659,0.01942838386464372
4168.537054409006,0.020031534189780095
4182.544525547445,0.019022431921667464
4196.380240963856,0.019510982065398905
4210.560328185328,0.01918721532061357
4224.429319371728,0.019132802938052737
4237.94067370538,0.01909415263776344
4251.5,0.019911085758618982
4265.048275862069,0.018869715547304194
4278.52476238119,0.0196627112656984
4292.437799043062,0.02051209056862325
4306.564867424242,0.019777164184784046
4320.551128180509,0.021031642650657628
4334.58089668616,0.02011027772857065
4348.531157270029,0.019377356901013464
4363.065597667638,0.019444415592911584
4378.063850216035,0.020377484729793394
4392.976448422044,0.020695218727864718
4407.98309859155,0.019473442688494373
4422.500254194204,0.019655586425617582
4436.994808872109,0.019680341933201832
4451.512707722385,0.020508725537181235
4465.558353510896,0.019618277278770576
4480.09423347398,0.019962616213432382
4494.575438596491,0.019146236776374916
4508.903625516292,0.019928758999350763
4523.343515272909,0.020124966835658616
4537.9713174526005,0.019246265868081956
4553.036363636364,0.01884470461549332
4567.989381348107,0.021255535184828242
4582.609149676778,0.019257569752688466
4596.514929025942,0.017901436571950136
4610.9852534562215,0.020071145942573736
4625.821083172147,0.019583583769406766
4640.917153996102,0.020475810466002095
4655.9082294264335,0.019137264916973193
4670.95055744062,0.0188903375940986
4686.104038004751,0.01958402313952588
4700.987701040681,0.01864095419412308
4715.420420420421,0.020182915027673512
4729.970018450184,0.019620985733045472
4744.536646586345,0.01923469114540667
4758.967396367024,0.020647352790205527
4773.4379118094275,0.019219516812679898
4787.911057692308,0.019462746605949488
4802.945323741007,0.018428239508285555
4817.905019685039,0.017942264576016397
4833.046544428773,0.018205936437926288
4848.4358974358975,0.018047339632513627
4864.146599496222,0.018637332139602735
4878.891774891775,0.018351444257770032
4894.337121212121,0.018186392525872945
4910.38555922605,0.017838394386509273
4925.94612286002,0.018165131679540435
4940.919479267117,0.017427635209918562
4955.978764478765,0.018876713396071616
4970.88736532811,0.017499838159971845
4985.958579881657,0.01791919278503316
5001.564711150918,0.018272086748433135
5016.948039215687,0.019677676972191926
5032.1010505252625,0.018663113225608735
5047.766419981499,0.01832609118935308
5063.968270214944,0.017473340290192797
5079.403492213308,0.020281008057847882
5095.470894462849,0.0190566362380825
5111.068226120858,0.017656168035656655
5126.48649951784,0.018244318886314486
5142.552303262956,0.01873607420042183
5158.012030075188,0.019616540130188393
5173.36741363212,0.01868326570692644
5189.507944150217,0.020470353897564315
5205.568203198495,0.019589263744509425
5220.896362730444,0.019354110195623823
5236.323208353108,0.01908837340623096
5252.437407952872,0.018489589473298974
5268.90359168242,0.0176709097295567
5285.629863813229,0.018110984030994638
5301.516658619024,0.018640803263334515
5317.575375666505,0.019093082801568573
5333.651892430279,0.01888524053096571
5349.43083573487,0.01943273377499856
5365.505174035748,0.018844094463291834
5381.708476237139,0.01864606396113867
5397.259512195122,0.020224927374157858
5413.999540652274,0.01981862070083639
5430.36719146775,0.018719897948047785
5446.498798654493,0.01935034424448123
5462.470163618865,0.018922437433564688
5478.691106906339,0.019502723206459825
5494.017042606516,0.01849377710518887
5509.750716332378,0.018822058901136928
5526.410256410257,0.0175675492216177
5543.05071461503,0.0190247754823099
5559.47090729783,0.01924569189769818
5575.500735654733,0.01877384938292059
5591.919210897135,0.018563367646396465
5608.585594474593,0.02033004946478451
5624.725393700787,0.01828219639824325
5640.311459819306,0.01940084675752023
5656.847805343511,0.018493926042257643
5674.056420233463,0.019611724472049664
5690.812410501193,0.020345538349973824
5707.880684596577,0.019452803503845307
5724.328998073218,0.019780299266878278
5740.574406204557,0.020270413183811467
5757.178739416745,0.01976550275372913
5774.07358490566,0.02003189077165526
5790.545632015617,0.018434639601083665
5806.561770428016,0.01828924796702805
5822.906811731315,0.018948390832025364
5839.729524772498,0.018164388130295434
5856.487511563368,0.01975868061878135
5873.940860215053,0.01920542444623071
5890.987529976019,0.01884643131221608
5907.438162544169,0.019101286365319693
5923.645130183221,0.018091247376924795
5939.977016885554,0.018465741047088865
5957.177863702272,0.018998090112696042
5973.574701195219,0.01901626178452443
5989.82197496523,0.018945928847318126
6006.994662785056,0.018865118145322185
6024.130330618113,0.01846494248055804
6041.0161844041195,0.01767393876566909
6057.8234442836465,0.01714672436893704
6074.933916423713,0.01764461546512123
6092.406103286385,0.018854198726329298
6109.96676300578,0.018595733103208535
6126.855363984674,0.019316928875105055
6143.487967229903,0.01802745668993046
6160.490402193785,0.017688061228500716
6177.550978372811,0.017883723620359126
6194.372576832151,0.017666146202000816
6212.1490291262135,0.019661916550170303
6229.243035542748,0.01857829658729771
6246.037644787645,0.017534021222837468
6263.995802238806,0.018025015054583378
6281.857645875251,0.01886040904121565
6299.536252354049,0.019433981399426085
6317.296574378226,0.01815389194066775
6335.427945472249,0.018250374913867204
6353.428857715431,0.01741694315066996
6372.098926738217,0.019195128285574264
6389.981151299032,0.018179590966331087
6407.993604385564,0.01927424176416912
6426.4278799612775,0.017862385435715653
6444.798638132295,0.01892414266453051
6462.501215362178,0.019656563860921208
6480.721121314645,0.019618803620062138
6498.959905660377,0.019972431918360237
6517.004002001,0.01683301471367798
6534.524574669187,0.017812715389548265
6552.579529072561,0.019804885523826626
6571.153663177925,0.019679294812933068
6589.014070351759,0.018873596348736175
6606.933016627078,0.019284339165427634
