D,r2
140.72048793284364,0.6118198470210868
193.43969622860084,0.586481352350272
247.48318126106497,0.5767098007031517
303.1630135188345,0.5588243987025552
360.29819879919944,0.5548449385886727
418.10672146360866,0.532993876700812
476.89843643779744,0.5250863048488175
536.0419626414101,0.5107289425259198
595.7247694158535,0.49864119668914686
655.704287431548,0.48587614583861605
717.3888741370154,0.4782369987260093
780.2927154081768,0.474297008655295
843.4363881401617,0.4615718864422809
907.7494383507335,0.4504914766838184
973.4550778650339,0.4405373455168123
1039.3961082233773,0.43527214054450036
1105.7752207653198,0.4342272348027584
1173.1007251153592,0.42390482989763806
1240.0742826495039,0.41375847497206414
1308.460651828299,0.408592611238017
1378.1945080091534,0.4118949488435778
1447.0312871287128,0.4017416197290834
1517.95615332885,0.39826437208926274
1588.105151354222,0.3910443959847515
1657.4735596994155,0.3895734188585425
1726.635688754468,0.38800147493856496
1796.326451434114,0.3865152451960767
1865.3230747998896,0.37640342848359754
1935.9848484848485,0.37494130483189814
2005.714245965498,0.3729936778203362
2076.889164598842,0.3754320890153872
2148.7304954640613,0.3727739847351054
2221.2609173304036,0.3559485551191605
2295.0265462126476,0.3567423813064645
2371.016515276631,0.35185930577169194
2444.6310962901207,0.3519947532971496
2517.3040429042903,0.3463628237942437
2591.1038997214487,0.33900978309646984
2665.6256515775035,0.34451401469391585
2741.861491628615,0.3417918715402417
2817.1568491247567,0.3381080624497305
2893.0140553947913,0.3326587732130347
2969.684553521908,0.334202538563734
3047.376452684007,0.32402847851145283
3124.091597796143,0.3267000869993468
3201.3690558713433,0.3229179413181411
3278.4437002930094,0.32867847636044534
3356.436229709453,0.3186489604050329
3435.290169207104,0.31468788779876883
3515.173313095074,0.31914536289269085
3594.1357973421927,0.32307811229042005
3673.0130519300196,0.315110844142805
3753.030323914542,0.31850735222826554
3833.543531996704,0.31724335490440364
3914.724238631623,0.3131250213027923
3995.6720430107525,0.3100512104053579
4077.5445462114903,0.31063639169867335
4159.700855880729,0.30459891939320266
4241.129027777778,0.30648163195913225
4325.407975880499,0.3050073703818133
4408.070901239727,0.3128671630004095
4489.462883900289,0.3002058437673041
4573.13626282229,0.30114966761807044
4657.5459667445375,0.303595517800455
4740.863686840644,0.30073826952778515
4825.168537768538,0.29998225423277547
4909.143174559089,0.3046422531039293
4994.30930104568,0.29604004761130537
5078.844619858745,0.2923253969004045
5161.7834254143645,0.2909776896903835
5246.658865638767,0.2938289459313172
5331.879568106312,0.2917284701015064
5415.304087041428,0.2844093285047693
5501.083299025662,0.28762014005158537
5587.036820083682,0.2914104520117486
5671.685505043526,0.29345253032317564
5756.941078838175,0.28950340809294633
5843.663465495953,0.2929416440200553
5929.290634942592,0.2907888411405797
6015.249825929536,0.2904071493397305
6101.301492949959,0.284532666070838
6188.514840499307,0.28827593729734846
6276.284633374605,0.2935005006920291
6362.2176730079955,0.2873293458925993
6448.579631935796,0.2895476702115041
6533.244751381216,0.28201107946456916
6619.207168557985,0.2823112443277897
6705.3289947383,0.2822687603884815
6792.27107093185,0.28191593680886956
6879.023518085545,0.2822294871491134
6965.951246537396,0.28525288445500396
7054.033564493759,0.28524550982843516
7143.3008934707905,0.2766786595922357
7231.917048134276,0.2793339169495352
7320.276895456429,0.27725652241439136
7409.418108258928,0.27652529988857705
7499.12669058791,0.27750908659219026
7587.738656737002,0.28079791330610393
7676.792799006759,0.276679128558421
7765.685820587019,0.28615967960658034
7853.583563918096,0.2795740522995864
7941.11312595899,0.2772819801801668
8028.676313262927,0.2727942681389584
8118.667040044806,0.273121596368089
8206.172737306842,0.2754127537140043
8293.624844376816,0.2834039744858327
8383.656990277968,0.28248493014194637
8473.02148737268,0.27656721646561183
8561.050945740715,0.27791662085801094
8651.989142385926,0.2776420881567308
8742.734340354767,0.2824941881605162
8831.183069224353,0.2782977871923823
8920.663085399448,0.27528435418251407
9009.331707317073,0.27544919365427945
9098.437405316072,0.2846035226274311
9188.008549365692,0.2814049522283432
9276.451559020044,0.28235046028418953
9363.694701895145,0.2808579665493955
9452.106742350823,0.27711511004460704
9543.54255173359,0.28359641328488744
9635.58924374395,0.2845253913569556
9727.457174638486,0.2782078404677222
9819.588486434375,0.27438057920391273
9912.03770718232,0.28990518357009415
10005.090593784684,0.28853293046837675
10097.667821027842,0.28445526085191425
10189.198833657318,0.28845202416628385
10280.480660701996,0.2863107278786908
10370.772406150436,0.28391708303563007
10462.061398678414,0.2892928362294382
10553.188347633546,0.28841457284055394
10643.934706946959,0.2919419132777898
10732.18274391083,0.28904264423443005
10821.772739839646,0.29356183241605427
10912.016848501587,0.30298440942827953
11003.577458959857,0.29122503180652026
11095.148747751487,0.2946137575438145
11186.412107747848,0.291375335537361
11277.870811409583,0.2872788113899359
11369.798666110879,0.2859743165099876
11462.514959327174,0.2904262288049763
11554.58169482138,0.29165936063128123
11647.320132468607,0.28427457122609306
11740.481932714938,0.2931176858875052
11832.820442368456,0.28769095419192897
11924.388178025034,0.2924809118290107
12017.594244802423,0.29113173349639243
12109.944821849438,0.29559190260616003
12201.097358594938,0.29281558085375053
12292.62346105962,0.29071778713586094
12382.53600552868,0.29640149619175604
12470.089775561097,0.29902615443059516
12558.93949930459,0.3002981417579806
12648.115862068966,0.2957685443906641
12740.445012434375,0.3029084895970878
12832.083702268954,0.2935064140770839
12924.255134390076,0.3046620814171757
13013.874138406396,0.2906634285709064
13104.441475295755,0.297927989188167
13195.08417415342,0.29811118229835304
13287.248996539793,0.30196480490760613
13381.069436775262,0.29456640521870797
13473.627355875831,0.30209221237028555
13565.002908990165,0.30270543989263965
13659.089498970487,0.2975154016349051
13749.474840144565,0.30909173592662936
13840.30075705437,0.30250223852681185
13933.312908156176,0.3018446956566586
14027.530127142067,0.30179780692606706
14120.804790748898,0.2983783818276283
14212.381610157667,0.3064102979994811
14304.523191606848,0.3019894527680169
14396.415476355567,0.3108401166425277
14488.063399778515,0.3017740353674573
14579.830369357045,0.30627040360270325
14673.181754971492,0.30512567359824366
14767.201046543652,0.3011228477386167
14861.379588431591,0.29994083521824555
14954.302586087679,0.2974372892576438
15048.421118184335,0.29243898020552733
15141.209347079039,0.2957126313437484
15233.910540915394,0.2975496360679922
15324.561999447666,0.29192540061507366
15417.021953591775,0.29124160104637414
15510.606152993349,0.29312775789326867
15605.645316804408,0.29439593641011946
15701.940722360077,0.290258056454128
15797.782909292035,0.28682727877563585
15892.274857856053,0.2887932609717615
15989.092397336293,0.27784507037166695
16086.08713635737,0.28884294897929536
16181.56404930065,0.2848139079657622
16277.207882320288,0.2836236004735371
16373.758762886599,0.2909912743698085
16470.52511415525,0.283837449861946
16566.823898494145,0.27687184819861993
16662.69169086133,0.28750310701141224
16760.017018940434,0.28237433821988644
16857.99347222222,0.2780942093860165
16954.714403745525,0.2870657447900158
17052.53161039322,0.28893596013993683
17148.602549889136,0.2900276049727247
17246.613921433494,0.2863639017387709
17344.735953501244,0.2907866888406736
17443.522511358944,0.285420343609813
17542.539927657206,0.28337668898648277
17641.517370242214,0.2880688961486962
17740.921668502204,0.28923127925257147
17839.15788742182,0.28172528004554026
17938.571959785153,0.28054095833962356
18037.524802000833,0.2779522303410405
18138.47444751381,0.28791404513568863
18239.72199227373,0.2793109123526968
18339.058823529413,0.283106022445178
18439.542507897266,0.27869351830730327
18540.46851490666,0.2763866655475808
18641.426805822575,0.282969776107303
18743.844286312265,0.2772770451463774
18845.192676906197,0.27377148135602974
18946.092059518844,0.2773261284142456
19046.527101769912,0.2762317779987718
19147.92572614108,0.2736653129975771
19249.633231876036,0.27884979331745796
19350.109201773837,0.2827087824011259
19449.035570934255,0.2818120534202201
19548.921391399617,0.28232189823030607
19649.79731806118,0.2823799180841677
19751.136613523915,0.28367635756651105
19852.647566063977,0.28536438478358156
19953.51145876218,0.284801780587401
20054.680516953864,0.27980294275157236
20156.157494469026,0.28247814810202515
20256.727774710103,0.2877418721356453
20356.586402658544,0.2821683032570298
20455.842730790493,0.2742266369937257
20554.49544576318,0.27963936729708616
20654.901275651693,0.2830512522915551
20752.750729470612,0.2903212883422001
20852.679522371673,0.29072748987735575
20952.601979645893,0.2839916296269262
21051.658930791546,0.2858419842883348
21148.16160505703,0.2926845408180712
21245.090858802378,0.2873082051507028
21340.989810161922,0.2871799873274798
21437.66208791209,0.28277229492278305
21534.67910654828,0.2870974508384105
21631.719356627844,0.2818541590252893
21729.606530160487,0.2786943961180303
21826.43827074962,0.286277047006578
21923.4435483871,0.2854405320723775
22018.47334164243,0.2848585073459314
22115.278649812473,0.2867018011034363
22214.070656691605,0.28745094826798684
22311.81143014909,0.28560069804884647
22409.34030470914,0.2818041436995873
22507.464732572527,0.28361902666410843
22605.311769616026,0.2872069679536085
22703.71446366782,0.28424800172847575
22802.765925107087,0.28351479984221806
22900.645232815965,0.2930073686908046
22999.868692424036,0.2847544790501379
23099.738128297697,0.288211680158733
23200.159474412172,0.2910361909381392
23301.077146814405,0.285050507196454
23401.73197578426,0.2837088363365975
23501.830760673063,0.28864489786586517
23601.869881835668,0.28703717255784533
23702.257475083057,0.2900858425529996
23802.65254119928,0.29516053262310527
23901.370231654877,0.29553569959865594
24002.148484848483,0.29489045988040435
24104.021205821206,0.2922129296876899
24204.399449035813,0.30317235118002617
24365.027908140917,0.29500875658250936
24590.283503232222,0.2942110590251398
24815.448561981408,0.29164801850046623
25041.863208429455,0.29864819279342536
25269.173747582507,0.29721349967830335
25494.388372528225,0.2936991527494645
25722.279650981614,0.30107381276106404
25949.349794238682,0.2961696104222217
26175.852138620045,0.2943939570203995
26402.93405290741,0.29626465265228136
26626.503578763924,0.3013455368957132
26849.699787791786,0.30201307448369846
27076.448006499188,0.303135197255621
27303.70738246664,0.3028627077798963
27532.53014228657,0.30179857778352187
27763.392792568116,0.30239811324158955
27990.36022677715,0.3002205857393711
28223.055870798777,0.3035045423581141
28459.845380146187,0.30071536192730886
28692.454359038093,0.3022555198611879
28925.224403050383,0.29531467236650005
29157.13563663626,0.30039702651097905
29389.57833198582,0.29972481601465023
29627.21779888757,0.2989912582283775
29870.90052811432,0.30610111984012073
30113.668456878786,0.3015781170954842
30358.775778027746,0.29413791278177825
30603.888203786748,0.28911215621572955
30848.538030274714,0.2898485089506531
31096.75366112046,0.286304286934856
31343.450936329587,0.284069818369078
31590.37689099172,0.2852792687108365
31836.18478668835,0.2876335720250074
32084.84514762676,0.28350465735124114
32331.616160986854,0.2822730505749359
32577.37012012012,0.2806642083258412
32826.647033213085,0.27810013331809547
33074.45284197377,0.2804677501268069
33322.684079447106,0.27680358336355065
33573.608457028815,0.2734861610398955
33822.07754694616,0.274921319948572
34070.50986267166,0.2766242948307374
34321.0969912166,0.27605110684093004
34570.89040498442,0.2777519137123132
34820.391917176,0.2833071586932409
35065.39251403618,0.28406433593999625
35313.91743176566,0.2842927946489411
35561.02742537313,0.28283670208012573
35806.191526588766,0.2853352573305609
36054.19337566928,0.29222061428129736
36303.65458755789,0.2901489614604715
36547.45578358209,0.28638394312168364
36787.68506594987,0.2849816935512876
37029.07852165256,0.28292823681236584
37270.34753013177,0.28000561581527184
37515.85418222554,0.28209528274064233
37763.36836855557,0.28371652562041816
38008.25907415506,0.2836324238749007
38255.97651236683,0.2862770149278409
38502.02915106117,0.292573545286948
38748.586228365086,0.2911853208102747
38999.160821268095,0.2807630295597371
39247.70765675743,0.281269812934229
39495.384538528786,0.2842397045737896
39744.006960412655,0.2805600203230866
39998.64288387177,0.2834248053180683
40253.4243086335,0.28019246632156286
40503.7461682243,0.282113970965609
40755.04179682619,0.28114714184514195
41010.396086495915,0.2804218556291894
41265.62453230232,0.28122561361906956
41521.81105069067,0.27855881794956366
41780.620590801445,0.29004896803452346
42037.430144999686,0.2846003552056859
42293.17652201062,0.28286298215340094
42552.36753149557,0.28422167294116424
42810.92248785954,0.2827555956469595
43073.07460357098,0.28157156251113713
43333.54768153981,0.27272783594972205
43594.0334746291,0.2749387925209296
43860.02074120212,0.27503399043980603
44128.05500591127,0.2781175333930596
44398.430023699635,0.27943261160877725
44670.95715178014,0.273281725701042
44938.88988707967,0.2690841427761166
45207.21792793916,0.26983376982567336
45474.40595171252,0.27265323492166454
45737.020222194486,0.2743640777809485
46000.557346443464,0.2752050082525268
46264.9478424015,0.2771537444655571
46530.00087010566,0.27677291676180443
46798.173355036626,0.27902455851741886
47064.90170461615,0.2762772135749395
47338.77311814556,0.27332455097460073
47606.713787085515,0.2754348119212563
47872.18716778188,0.27431821002326945
48139.483561643836,0.2785380416697296
48408.34615864306,0.2792192022243907
48676.59978828071,0.27685438258720535
48939.472625,0.2766058876829657
49205.34712443143,0.2743248652435967
49469.19873876124,0.27543415415404254
49730.4453802483,0.27777792762370973
49995.48788237493,0.2771805120480119
50257.81519097763,0.2794832489099403
50521.84843010217,0.2793105335479861
50782.409020023704,0.2788062079271268
51046.4715,0.2750806408814236
51313.19928892216,0.28638044328657314
51583.95944596955,0.2848016498191215
51851.822859631655,0.28143426773699926
52118.41031879718,0.2814496205804294
52385.27609847304,0.286180088179646
52654.94336084021,0.28889531228101156
52925.81374501992,0.2835177544397372
53196.0134873556,0.2824436102821827
53466.48118329901,0.2846407158987861
53735.72130332048,0.29258830795871593
54003.40309059059,0.29288058836319547
54272.54698885221,0.2923895824171464
54543.92873634945,0.2852121164044106
54817.54984743757,0.287945239386178
55097.6299183139,0.29011204415755254
55375.69286562871,0.2858898599593116
55658.17443019056,0.2855998386013208
55943.21661573006,0.28699090735727184
56235.52661395754,0.28157004540506086
56527.98048536402,0.2802421198349651
56817.5579524908,0.28366627107218806
57104.69376087497,0.27616799208847964
57395.67705470897,0.2694792567336537
57686.55239520958,0.27297099797800045
57972.135355674596,0.2717218775494767
58255.39601121845,0.2723222528046769
58539.503625,0.27384184047412796
58824.249812827555,0.27321341428256257
59109.156028368794,0.2774716306799554
59394.335245697184,0.2775140357024299
59682.10450742914,0.26971040331327883
59968.48407802081,0.27350336646478524
60254.5821426343,0.27910820776417505
60535.037094860425,0.2833156714212834
60821.95800574067,0.28404597292282413
61105.139320811046,0.2846461705896918
61388.995508141496,0.2856985989048464
61670.118058592045,0.282021356403611
61948.37385449785,0.28009804668370225
62222.68564650059,0.2842956942878054
62503.37981548435,0.2798844038401064
62779.53983679063,0.27992567266559093
63057.48467636228,0.27498785257747427
63332.48716990533,0.2766857020557396
63608.93374960974,0.28042507196661887
63889.74258474576,0.2818687447148749
64175.47431346908,0.2782746515680899
64464.637311197104,0.27468714232420427
64757.20331794936,0.27560171550014256
65057.12609129459,0.2777795834869059
65360.71374212464,0.27745055272527264
65667.78799425323,0.2751491411525487
65964.34451845857,0.28058698335493604
66259.83598775842,0.2880605413251997
66552.17153352842,0.2925445896959724
66846.48782163377,0.2946161764861832
67135.63618253128,0.2858441868872905
67424.59793814433,0.29124999182079303
67715.39350495543,0.29358833615022145
68009.18320990728,0.2852456281292293
68308.10174890693,0.28669792523688314
68610.48729605181,0.28278582013532055
68918.47058456158,0.27802055856090013
69227.43480162449,0.2726262210768265
69532.24540144172,0.2783137949432614
69842.52826182,0.273799631917591
70153.45989038366,0.2684185811961436
70463.49771917766,0.2647175037955721
70771.59406310286,0.2694764995201383
71081.92041910939,0.2716029152208194
71393.01318255655,0.2738409016008203
71708.0446718243,0.2724616421744395
72022.54105197634,0.27705579991332036
72336.45599601098,0.27960341950441053
72646.08688596217,0.2809599978272515
72958.49831649831,0.2790109549482173
73272.8571695644,0.28014999277217806
73583.85501998002,0.28520597138361825
73893.22619641077,0.28441562640843704
74205.16617784712,0.28353836957839457
74521.20977406067,0.285967467197949
74832.53258566979,0.2805596797195102
75140.28745872532,0.28841166942584473
75450.59370314842,0.28673466907219264
75760.75857774456,0.2877371076138852
76072.8665668102,0.2850859479383636
76375.78301592257,0.29038580331722086
76682.06799377916,0.2819933731364345
76993.64850527367,0.28465435485618706
77302.29383471797,0.28794220170761087
77613.52509965122,0.2892384672117508
77922.50993831392,0.28747852136237256
78236.30229217414,0.29155204386762484
78549.46662515566,0.28797748866785383
78860.57864537857,0.28405036547309037
79171.70924065639,0.2877906000410835
79488.40364112477,0.29090298955406546
79811.01983656666,0.29031931111948484
80136.44853582555,0.2830555586909896
80467.69672386895,0.2860583806245026
80797.39148351649,0.2852435423425323
81127.53427733766,0.2807271558287026
81455.83215955127,0.28048464467961126
81792.1176727909,0.27811724261263476
82128.06754571464,0.2782866940023512
82456.17622107167,0.2839564164108114
82781.74348097318,0.28068076471944226
83103.42827741051,0.28259663219143494
83420.45143570537,0.2883424150215681
83732.76734744862,0.2895684151019063
84046.2992918375,0.29139968353453427
84361.80496940941,0.28224745469836826
84676.36129677057,0.28519563032126094
84988.55214762173,0.2773177885043649
85307.86880756784,0.28042073426777203
85622.05532313455,0.2719724446354
85939.88264638024,0.27807751953417065
86255.88229056203,0.2726287056572646
86568.0300498753,0.2758478061486472
86875.95674125788,0.28054536497098975
87187.06550218341,0.27935509588251994
87498.44092524472,0.2764262656612228
87810.48822390204,0.2840844681451051
88122.4200498132,0.282173819588056
88431.07359172482,0.2898522128604004
88744.37847634523,0.28596358116783854
89058.73501400561,0.27779499544225805
89372.1618952369,0.27190096175435474
89684.50660024906,0.270981434419887
89998.09204368175,0.27261262449410006
90302.22144768781,0.27418199322586034
90604.84124304383,0.2740174206814903
90911.80173165567,0.2757001031933675
91215.13413039417,0.2727021459248692
91521.25526742301,0.2692037174563083
91828.43560771584,0.2696278710838697
92142.20446606787,0.27512043714634565
92455.70600362342,0.2686939797067346
92767.1949210707,0.2687989492588929
93084.10921756437,0.26768569238658335
93408.8978978979,0.2705468254211118
93736.5224233377,0.27375648514298023
94068.74424695977,0.27190681759961227
94398.13333333333,0.2724812456229159
94728.11715141681,0.2667790337146817
95051.69728484245,0.2686281561519661
95371.29737482073,0.27294897213577035
95684.73168446693,0.2659671756566023
96001.26684955422,0.2615259912890382
96320.2134055265,0.2673759627210701
96630.6004241517,0.2706093622762323
96941.98319275226,0.2755200625195856
97254.14197684551,0.26895869358941915
97562.01178524662,0.26490728399405783
97874.30400849151,0.2707427212415713
98185.9758119818,0.2645957890160156
98489.77892175215,0.2607430453715659
98796.16859885315,0.26578095462344115
99100.13857374393,0.2649967305375319
99405.13969484743,0.26454667956848477
99708.40687464974,0.2617847458651077
100014.76256791357,0.25900757843649186
100323.20011196815,0.25875530370830446
100632.95397776944,0.2634104023380862
100942.53686047236,0.26675028789203925
101250.9433018691,0.2769175899166182
101560.95400149589,0.27175821898580993
101875.08744324897,0.2720994261153553
102194.14777062097,0.263603838301395
102516.3723337907,0.27194837427669105
102838.86389390449,0.2664589041927908
103164.27954913439,0.26181937263814103
103488.3103082491,0.2586114161142072
103815.10913515538,0.2592703685773263
104143.6626355816,0.2609764699600321
104471.80021214201,0.26285569469513315
104797.12946540095,0.26377789116387407
105123.77533341643,0.2600368989895973
105447.80678282514,0.2592493520093759
105766.76790616421,0.2595548438352771
106087.27541393315,0.26052500219406466
106415.33672259997,0.26332074097990127
106741.56401642403,0.26064388080472645
107068.98769288436,0.2611584073666024
107396.28689801258,0.26277053782677096
107718.78463648834,0.27021660028493916
108034.54736184826,0.27070951048531544
108356.8661682243,0.2678934438777989
108679.37207122774,0.2700648965916186
108994.9729510751,0.26911539320181194
109308.96302290837,0.26690845388624945
109618.99806757263,0.27054653172556603
109929.01472882731,0.27031255361024914
110244.37728207365,0.27568777175982495
110567.63375537953,0.2696709220683614
110890.78276873167,0.2656998576438584
111217.78885356274,0.27530906014148404
111548.90896620526,0.2704106368487782
111877.35755341747,0.27455548625380827
112209.26691190223,0.2729459872116101
112545.00336553443,0.26331557777895825
112874.60401972411,0.2632033816056339
113206.09127725857,0.2578021742616677
113531.55240174673,0.2631857813187386
113863.36368168505,0.2625640195691777
114197.90343320848,0.26446148688606924
114536.06751528766,0.2699586923928043
114868.7122911992,0.2704195100906525
115201.52689577885,0.27290135688577416
115534.16184177689,0.2723738349360988
115865.32908466105,0.2697509064085373
116198.38693404746,0.260440260271832
116538.60875538625,0.26161768912297556
116874.40606513481,0.2549658525759801
117214.42550009348,0.25629485736679347
117556.54820404091,0.25237198244493825
117901.2885755288,0.25866093492913095
118238.46878313478,0.25785246572951975
118576.48297792743,0.26227611749026514
118918.69277822858,0.26192718499234585
119265.65324845535,0.26863793884449166
119612.27874064838,0.26125213543510817
119963.21848896646,0.25905589667380857
120307.8402219313,0.2582138741313204
120661.5289498286,0.2573768471258716
121013.47435018388,0.257348041719032
121362.50758001122,0.2638799664448593
121708.44128291526,0.263396170159107
122053.31774767464,0.26573628684623374
122403.26125732818,0.2693819263706424
122750.12287263887,0.2737092013232233
123093.8681750187,0.27235652512179936
123440.01420914869,0.2740452246920185
123788.62330944219,0.2701259508438664
124135.76108128356,0.27076785606455206
124487.90465493573,0.2669945754279888
124834.33181648173,0.27104337729507155
125177.98529503396,0.2715430282551647
125522.48685607243,0.272690831205505
125864.80449438203,0.2687894359954711
126205.37183081044,0.2704899054555647
126543.73459597533,0.27047376148211305
126880.29384567322,0.26803532972224997
127212.12758663675,0.2669052270339501
127553.14771665317,0.26624528129095215
127896.81786427146,0.27030778274054856
128235.22113527323,0.2657467222070105
128571.55919945134,0.2724073961315381
128916.06894611826,0.2713503492961694
129268.3617034543,0.2707969183146017
129624.10024953213,0.26669537018334905
129967.9462070685,0.2622531490543989
130308.03220381214,0.2616842252582023
130653.46174471534,0.2576842898920447
130992.04924266035,0.2629933901035723
131332.00911987008,0.25921717211223116
131676.62879212608,0.26341329439052225
132020.8262037095,0.2623425409116482
132373.36803089766,0.2599824048847536
132724.81217640822,0.264483610890678
133077.37918354626,0.26903484892025725
133424.31444070334,0.26765398900243725
133763.79064100963,0.2615881007603005
134103.57166012094,0.26338882028102184
134444.60288808664,0.26608263933813087
134782.49965640032,0.2642469059810189
135120.85703606802,0.2677736056446615
135472.19428321786,0.26289747967463367
135822.39167342862,0.26325662053272264
136169.34770704998,0.25749740595558945
136513.29211727198,0.25795490068311633
136859.79556910822,0.2606006431957495
137207.61778276594,0.2653698003908317
137547.19933865734,0.26376850719007927
137883.29829049163,0.26558300475538876
138211.6032795062,0.2641242404121276
138539.07243573747,0.264756321005081
138861.23373629112,0.2628881054311177
139186.73562429837,0.26419293299412816
139506.67399313144,0.26085866632439586
139822.3252463515,0.2611625229736421
140132.62075636545,0.27040254978008665
140435.85951341235,0.269448409988503
140737.43172465396,0.27243694353393283
141038.44783825817,0.2705187311727174
141340.35578002245,0.275648489555553
141643.61106946526,0.2823066892455989
141948.6112324493,0.28001026437224236
142247.73060156932,0.27267785749034396
142548.1701902089,0.2759222983657456
142847.49302441455,0.28349557047452784
143150.91358641358,0.27874204159605037
143458.28111346898,0.27595935277703865
143767.99258428367,0.2826428540763146
144079.06836327346,0.27589946561312434
144395.90421026407,0.2780460924727782
144714.228155643,0.2745257883399234
145035.61059577912,0.2735607863076808
145353.6215507554,0.2785454301152526
145672.5260403688,0.27852319994092734
145997.4401997503,0.2717757915834661
146319.1491550789,0.27169640334495404
146636.14364950766,0.2700638254978496
146949.3644427786,0.26883636505187347
147265.64559721012,0.2739752074918861
147584.94388902775,0.26959470065871005
147903.32870485677,0.2687588454379562
148225.59565570188,0.2602485438644042
148540.49542312723,0.25876567698935937
148853.620650954,0.2600141138909549
149168.0775566232,0.2641581419751742
149475.18550652268,0.26298217432900933
149786.55613072222,0.26146137628785826
150096.059602649,0.2642450529700137
150402.18482115085,0.2692154618956647
150710.4579619819,0.2683602991951592
151021.88850021863,0.26669510794154105
151329.06609715035,0.2745427517547993
151632.39391293502,0.270302243640835
151931.02298492586,0.2684685161472969
152230.87157855267,0.2732987134509359
152532.75234778284,0.27125396261307794
152834.93368302734,0.2755795870968802
153136.97998503555,0.27768726979331504
153440.52165513803,0.2715595320502973
153748.87043978012,0.2683652488093031
154056.5135993029,0.27391757632388025
154367.250375,0.27425621879940976
154672.31799501867,0.277233691101615
154974.58657508585,0.28411008835707874
155279.52698828222,0.28661210913567137
155585.88980355472,0.27775933709866896
155898.511338151,0.2827680891803013
156207.0363534327,0.28241158706220887
156520.23344969456,0.27681402568314345
156832.3268798401,0.2780610382199299
157142.00985590418,0.2779319962903424
157448.57912793962,0.28053003264808235
157757.93090139443,0.2766006703248332
158069.16646900942,0.2780987459799173
158376.49330748062,0.28299240497181144
158684.7670157068,0.2785996552304202
158994.76314150472,0.27799375004411625
159306.60410045492,0.2775867479639025
159618.80370047345,0.27863699358139205
159925.8073916578,0.2759434188588029
160234.71048377067,0.276134188990286
160544.5707873574,0.28059825907953295
160851.92925322853,0.27769507157745205
161159.76147361848,0.2807995559597325
161462.45903171538,0.2817500814771435
161761.04961879764,0.2841188552706885
162058.16092669865,0.2777047077273053
162359.6954488778,0.27839056554328356
162664.37443007933,0.27776765152564364
162972.8084138361,0.2734224530897894
163282.97259932745,0.2819677907034809
163592.63219036913,0.28315457510202385
163898.07869445832,0.28178539120498197
164210.33391510317,0.2767586912440977
164526.43424981338,0.274298167359282
164844.89047767717,0.27308613771415724
165163.06575907074,0.2764436962874852
165482.46273021403,0.27522408922681857
165806.31786963038,0.2673189981393714
166126.9843691618,0.2685120428396935
166444.63094198378,0.2684067043874118
166758.90110507587,0.2700603114261612
167076.79356969282,0.27697956135578605
167388.84609614304,0.27218259682686535
167700.1919606745,0.2738463711316522
168010.24420131292,0.27518918609381865
168317.4881537218,0.2758890836126967
168622.60144746694,0.27457498845963313
168926.6523040469,0.27752989377354764
169231.0710811822,0.27600580786371437
169537.4281605602,0.2750372022458761
169841.92333519866,0.27456918401610997
170146.23858532935,0.276960480753049
170453.30918055295,0.2780540617175874
170766.34732443557,0.2777003172735719
171078.5209644259,0.2756085456723994
171383.5895852822,0.27143739590901594
171684.50349301397,0.2696797823847059
171988.0907955539,0.2661036351299431
172293.52850193338,0.27114209281722856
172598.20009983153,0.26702263716907026
172895.79776891437,0.2684947107276234
173193.08673405717,0.26679778150850664
173495.7397781102,0.264226459043809
173797.11138105026,0.26350411034076887
