D,r2
63.125104813013586,0.8369767468946785
85.5142110923337,0.8264579821306538
109.63805141225008,0.822648278381588
135.2062537582682,0.8155497494337688
160.55094207955338,0.8134855133801749
186.1519963002929,0.8004442561805365
213.06758064516129,0.801550785573897
241.68976997578693,0.7995809259055832
271.57689341354313,0.7860090354399883
301.44853173350174,0.7829872831389485
331.6491650610148,0.782072535780508
361.92734627831715,0.7918094318008129
391.82425336396454,0.7859442571123342
423.0971005738448,0.7878454098445704
455.6952606635071,0.7900976981007178
488.64472425884605,0.7778012813963633
522.417157408881,0.7827586630300409
555.3880886874899,0.7748140495530907
589.575073906955,0.7708183419568675
624.0113165444692,0.767761820779124
657.5961665565103,0.7672088448361982
691.7404707668944,0.7607697478970704
726.4081731545792,0.7528390342309697
760.7260557768924,0.75645418950034
795.2019489247311,0.757328118255856
829.7160852713179,0.7561594504066266
865.0591763942931,0.7493008338667055
900.0974470215251,0.748576096770813
935.5505198180637,0.760175366764975
970.8953117123173,0.7512928240258158
1006.4855036855037,0.7457174066410213
1042.2982485404505,0.7426556805916766
1079.3858407079647,0.7427769282324148
1117.1801179443976,0.7340501984777346
1153.9301671355288,0.7386505096028524
1191.3217277056988,0.7351017545394154
1229.4538211382114,0.7367793703912534
1267.4863206765046,0.7330986816509782
1304.8927234250366,0.7368258530270346
1341.6708648194794,0.7305699899550726
1378.4568286277085,0.7231965345609713
1415.8864505403158,0.7223527687171358
1454.1674008810573,0.731017445951151
1493.1960208741032,0.7136900876751988
1531.580661075481,0.7113216893658225
1570.0834157599736,0.7111648107858554
1608.3800860072774,0.7058654839288075
1646.7627983539094,0.7112217303393128
1685.0643920388025,0.7089106105309838
1724.3832296102194,0.711878697182712
1764.630313014827,0.7160486726980418
1804.3661456601264,0.71169038730529
1844.5830586684244,0.7041215861105847
1885.1007358953393,0.7085131001194251
1925.833087874325,0.7080218009847082
1966.3628318584072,0.6970457957227131
2007.2391412056152,0.6915054059342447
2047.8541873551803,0.6974593052922146
2087.729197199153,0.6938271573842627
2129.037757817698,0.6976100717831434
2170.559688159818,0.6959635782313444
2212.91699669967,0.6962259372913285
2254.48824206545,0.693506420149443
2295.856162089752,0.6902671238176235
2337.4877250409168,0.6876340974906803
2380.0256705611323,0.6871765254884206
2422.8493626882964,0.6989786083429568
2466.457638207393,0.6868420034975876
2510.3387285166027,0.6684262942240208
2554.3793611793612,0.6660672085395393
2598.429203539823,0.6638225281270163
2642.708388375165,0.6675936569742771
2686.4083306001967,0.6746987873542761
2730.192932507118,0.6740948364443953
2773.630705394191,0.6670166534931009
2817.785472700918,0.6605028542677562
2861.8017851128325,0.6638569234163529
2905.9012749264466,0.6635758104426462
2950.004785478548,0.6604701654830506
2994.70348647768,0.6630870287755902
3039.717808672625,0.656841118618144
3084.5421184320267,0.6566579870744006
3129.0294548413344,0.6578183303513984
3174.066020693053,0.6582731822616408
3219.3299325324997,0.6515047822051606
3265.5839318523467,0.6586726154281249
3311.8803992146595,0.6641743523815156
3358.7163469421216,0.6572111582011464
3403.8769637836945,0.6520522866816485
3448.501153592617,0.6555948939390198
3492.8710956866635,0.661939478389225
3538.3654353562006,0.6677605893720324
3583.223913043478,0.6643786021007839
3630.458788966868,0.6484741414084654
3677.3400197303517,0.645261203213903
3724.4591938707526,0.6508263789050993
3772.681676253081,0.6472058247488705
3820.0591833360886,0.6474630363292478
3867.0333988212183,0.6382684386493266
3914.062675706962,0.6482706334739944
3961.5303430079157,0.6414389395648364
4009.236679662118,0.6415645440653167
4057.4509084847473,0.6385639758088487
4106.251557887832,0.6350759667990374
4155.666002325195,0.6330029708289782
4204.594765929779,0.6339924449289746
4254.479742020837,0.6295652829667923
4303.56199438666,0.6314036274339461
4352.400066456222,0.6341078486416547
4402.36475409836,0.6333315505036622
4452.624772914946,0.625841137253906
4502.124609567648,0.6237702394477538
4550.596100278552,0.617451551386575
4600.006508678238,0.6207387446388478
4649.3239574816025,0.6231575487438844
4699.245920745921,0.61752942625208
4748.015522875817,0.6248450441726976
4798.236876857049,0.6230528276697991
4848.858152531229,0.610833631355032
4897.84607712766,0.6146993337008758
4947.351556067842,0.619906314090163
4998.558097728387,0.6179685871245265
5050.170343340521,0.6122424898951958
5101.057790182236,0.6086728761971605
5151.957545605307,0.607559925065683
5203.836009174312,0.607974424588376
5255.009481037924,0.6098518788669083
5305.854875654451,0.6130191532612219
5357.161879462062,0.6139600089540912
5407.843137254902,0.6118074401658274
5458.81755986317,0.6195572919937988
5509.189386401326,0.6153922660469732
5559.403595579746,0.6135166063531234
5610.198884148343,0.6208927078825898
5660.391676262543,0.6213694252731915
5709.120013353363,0.6130543660304151
5757.571146894512,0.6219760121505277
5807.867091711623,0.6173168565658387
5858.254575432811,0.6133847988260654
5909.178842975207,0.6116858905946082
5960.019288327237,0.6008552644617877
6010.9202031787645,0.6099585885351315
6061.171292494662,0.6036604109104712
6110.27413509061,0.6068438146064057
6158.9485244802145,0.6031605627540867
6209.422745735174,0.6027508372510781
6259.261215030624,0.6040543314925937
6310.242880794702,0.6008560473484775
6362.329645297755,0.6020483268827358
6415.478750209978,0.6074566878966537
6468.293393782384,0.603989557098542
6521.7234710743805,0.6031703232610682
6576.3937695731,0.6023252309082535
6629.9526903215055,0.5930822677742444
6683.576005230468,0.5971797108300863
6737.821522309711,0.6027610251507463
6792.6154859967055,0.5912075487509632
6846.4331515451995,0.5934125208001947
6900.253748558247,0.598847075574926
6953.006451612903,0.5952506088932092
7007.9554536521455,0.6017891190756901
7062.613609764254,0.5947331219109206
7117.318270481144,0.6034906570531021
7171.7044310171195,0.5962186050224428
7225.925390304026,0.6008010966016468
7280.666612324747,0.5938325318540716
7334.4570008285,0.6062308567001621
7389.386237332462,0.6007114397176619
7445.036363636364,0.6010656319830663
7500.375082290981,0.5921494358683193
7556.557992688601,0.5894126947274484
7612.631500742942,0.586997356217593
7668.152278376139,0.5897171959164623
7723.480506822612,0.5919677671605749
7778.638304971639,0.5843245468228775
7833.51462853386,0.5829831418636092
7888.007674722404,0.5815405130196207
7941.965104685943,0.5781938442450533
7996.0009958506225,0.5732848148415504
8050.734687192925,0.5703111394632784
8104.763591433279,0.5752097165102934
8160.222386587771,0.5765102232121788
8215.457766114483,0.5705417416631446
8271.399174917491,0.5710894082965163
8327.527503293808,0.5775669607019452
8384.049859666502,0.5786657731806576
8441.517338177015,0.5727830351075578
8498.331998665331,0.5767259771975967
8555.834040469974,0.5789301730168521
8612.580832366108,0.5746115633379448
8669.825560464737,0.5750757206526494
8727.92623901873,0.5666319045259302
8787.307174519783,0.5683748944742949
8848.435366257872,0.5683213733139582
8908.975729747459,0.5765465862013733
8967.995029821073,0.5683857773078883
9025.942904290428,0.573618746784627
9084.409232791195,0.5814936151022462
9145.2521494709,0.5735376813128644
9205.681293302541,0.5868339815628544
9265.87739400884,0.5819778123717352
9325.816550348953,0.5848808843583797
9385.546440900871,0.5832376010501583
9445.903400689995,0.5788579145303958
9507.281783523951,0.5927960431269251
9568.248116606617,0.5931434374525603
9628.677467597208,0.5922543754923257
9689.825311067452,0.5964330549974992
9751.119219416201,0.6033828137422591
9814.143402489626,0.591582772299325
9876.082813013474,0.5903104432835562
9936.848439821693,0.5897789248724038
9997.914543960558,0.5959995920443888
10057.606252078484,0.5936867625467075
10118.538047906142,0.5856905879033331
10181.58427152318,0.5893468338861299
10242.1825265252,0.591512093847483
10305.155408753097,0.5786345094635704
10368.689406362742,0.5876728316751568
10431.986813911324,0.5823774131860704
10494.97255095332,0.5820981640456429
10557.358075714994,0.5766314957668629
10619.329888451444,0.5811538615049927
10679.318421052632,0.5779250921330455
10739.125919732442,0.5732993424904785
10798.639462471321,0.5850853883422671
10857.52107786411,0.589046069372723
10915.47337962963,0.5784550216115726
10973.991267095073,0.5759155764546583
11032.300148343498,0.5615374567015329
11091.252643565967,0.5715846999814411
11151.008151721844,0.5712070169104954
11209.673569215718,0.5699571326883063
11269.30024979184,0.5762328617946493
11328.62906436629,0.5740278999280113
11389.86913298566,0.5832079369255043
11452.098341625207,0.5681510189043283
11514.12526539278,0.5729007019926586
11575.684289276807,0.567547853987049
11637.956357048748,0.5656576464832759
11701.93062633569,0.5737569566927723
11767.189760528488,0.5743191764786361
11831.811863292804,0.5775634793172851
11898.248178807948,0.5720803916993772
11963.658967167134,0.5717345275212593
12030.169879124469,0.5780544393039424
12097.70925987388,0.5806307045928285
12165.611476487997,0.5805491015453526
12232.864602207215,0.5675399793684264
12300.516483516483,0.5711237366721134
12366.20072214016,0.5646173102868329
12431.674113009198,0.5646553040157302
12499.629444998338,0.5639902034021427
12568.779898841573,0.5608829849650706
12637.137738330046,0.5614450089456794
12703.694811632518,0.5568369958049383
12769.947177286233,0.5574428330707211
12837.080862977602,0.5517069087266233
12903.067704022513,0.5526189049147466
12969.079050736498,0.5498905753673056
13033.056600632595,0.5562635160032211
13099.854115729422,0.5539530037701278
13167.798506224066,0.5590567486065007
13234.81946495979,0.5488743447784962
13301.461500493584,0.5317874325322375
13368.597497914929,0.5457956410376374
13436.724217084768,0.5592114427107945
13506.590013140605,0.5467536106135191
13575.598807354647,0.5442478349222459
13643.023434939365,0.5447048344743062
13712.368290668868,0.5522906424918875
13780.046457607434,0.5479480163629156
13848.032284496887,0.5466520624770779
13960.004748479003,0.5459182333129672
14114.985062425683,0.5473835432156327
14272.070608410379,0.5429047135440247
14430.481321945785,0.547457869462441
14592.5602878979,0.5425218693936508
14756.556806321754,0.5517034819221512
14921.770172964145,0.5496099730151217
15089.746983464918,0.5404913074464328
15256.94704488224,0.5516308121505734
15422.424161273526,0.5449209746161018
15588.278818979623,0.5368908915359942
15756.316387959867,0.5638275496151166
15927.807193923145,0.5385030929454759
16102.456429685759,0.5314541257716764
16270.657715133531,0.540826715503099
16441.453795256857,0.5428157736786876
16613.987829463153,0.5414927857221733
16784.28513253369,0.5446158357516131
16959.151824274013,0.5435662320792396
17133.33422539399,0.5442557288731042
17307.24032903513,0.538929055230983
17484.039049740164,0.523028154484674
17659.72796477349,0.5243816113522553
17840.495837669096,0.5265888020851749
18024.210074074075,0.5243523660654219
18209.774080950614,0.5274329705497117
18394.359755643298,0.5462792384069688
18577.218212930584,0.5491413838289237
18758.294156854034,0.5509638448506246
18936.973079497286,0.541409294125327
19113.870835507194,0.5337869237906488
19297.32673119881,0.5254904178456217
19479.77201036653,0.5224030982141871
19667.54367055675,0.5179187007201844
19857.927265973252,0.5259896914838973
20046.810536527126,0.5191278994399238
20235.619170984457,0.5198211799836568
20426.27891409446,0.526310099250822
20618.768424183832,0.5324763755853171
20814.137351190475,0.5207597725166484
21004.740798456514,0.5205845369763769
21199.418235950874,0.5224004155251202
21396.407605070046,0.5183449896913175
21592.937173945447,0.514254508637206
21785.802684265163,0.4993609347865784
21977.133124393702,0.49783881922782863
22166.821171938664,0.49978922859608316
22358.729433681074,0.48744162991904944
22544.093924295383,0.4856248269174416
22729.366394658755,0.49789149786224557
22918.342013243062,0.4950171272591554
23108.99635090855,0.48217714347811286
23301.02628062361,0.493969609002844
23495.063150847964,0.49493571432829325
23690.134886481675,0.5026441657231235
23880.742990654206,0.5108717506881804
24070.043208955223,0.5043173320574459
24264.4820117202,0.51017706120475
24465.893848099382,0.5046953094397202
24679.15243267371,0.4987044105449985
24895.02259594014,0.4852371911773208
25114.407977971274,0.49494313603414924
25333.294711824125,0.49176899577426403
25551.381560388985,0.5017908999285995
25767.169656815306,0.4850802266269285
25980.59081450654,0.4832711506073957
26194.04122637297,0.4859060346956173
26408.69500444708,0.48900495229765834
26615.858206177894,0.4801292080394223
26829.20257785725,0.472153652734037
27044.159336591143,0.4853229174020167
27253.448571003275,0.48520730452056243
27459.441620215533,0.5000215038539444
27675.03399033098,0.4935611710321827
27892.374387527838,0.490360700309147
28116.282240071396,0.49024760863521333
28339.93391382005,0.49690979078388553
28561.17203264095,0.5031545769956961
28784.473570738235,0.5017112856973925
29005.990079069074,0.48950574884378284
29218.730979869746,0.501486412693391
29431.345838916182,0.5136987003292179
29641.08304163253,0.5069356272214959
29855.204926546965,0.5082886238255897
30064.877373241008,0.5134319666118208
30281.93374879442,0.5266723513692482
30499.438759574627,0.5044015816624879
30718.074043817305,0.5028595768049575
30929.18453046916,0.5278158395342841
31140.60695266272,0.5195528524693118
31353.748417839328,0.5130805232121007
31566.82543343999,0.5246105688144311
31784.599614443538,0.5243190869011992
31998.78331842576,0.524373425342175
32214.7908496732,0.5285793523668673
32437.515063817158,0.5363970306944622
32660.26036471902,0.5196439269595843
32883.20325505351,0.5185996916920136
33108.14620710191,0.5329617597773519
33328.9552238806,0.5241117834930736
33539.32524921887,0.508646033989469
33742.22804669492,0.5114651805254851
33944.42571979816,0.5024322035771813
34160.75197260682,0.5183038493421047
34376.44539122703,0.5139626531326283
34598.552906110286,0.5257446679237804
34822.64128494944,0.5162637601754215
35041.8422806368,0.5051091412145585
35257.756066601956,0.4940365416978667
35473.660858604584,0.5091948114967519
35688.61647304141,0.5135732165349769
35907.21730114057,0.5022608175002012
36125.31896871982,0.5134142654911044
36343.9284915368,0.503962258025197
36568.847056203136,0.503498157960619
36798.5114260276,0.5009466374669451
37023.74200521804,0.4975929521532613
37235.19678595343,0.5026765480578531
37452.03133353133,0.5165727316257843
37676.007277587996,0.5086907198680967
37904.94269788183,0.48773489658137115
38132.79787943946,0.49296881289232336
38366.09282951502,0.47862655229777196
38596.99970242524,0.48545312547377617
38825.49925573087,0.4836460531109232
39055.70212765958,0.4847799479098057
39282.95616254838,0.4754551737997651
39507.746930575195,0.476450202418322
39735.052619843926,0.46593530898097657
39960.10450651769,0.46080229275647794
40183.70783266578,0.4554077964829306
40414.77586334942,0.45795315449091173
40650.60915860015,0.4580179609853527
40885.674446261335,0.46973860308149085
41118.1042994811,0.4697596073970005
41350.2997246819,0.47942563134544475
41580.531375464685,0.48050496772746415
41812.88890536933,0.5015739749433076
42047.39940520446,0.48607852421216946
42281.51111441528,0.48948251693495476
42517.762738379024,0.492540799786322
42757.41053493044,0.49321964135367047
42993.146135623334,0.47755605554228114
43224.22342087642,0.48347618288989325
43464.612167582825,0.4782815988089872
43707.09960515533,0.468472430871554
43943.120629240286,0.46927327065583063
44172.65735871417,0.4758071590418241
44399.29976997848,0.4785723276462263
44626.331915846014,0.4654203594062684
44859.379003558715,0.46889452642290047
45089.311018649234,0.4601115754987529
45325.78978286734,0.45360310247264196
45569.603509815584,0.4616418362603167
45815.46364445763,0.4562445813245244
46061.12839395968,0.4564150634681426
46315.83069490895,0.46050574937350214
46571.148126071086,0.46876221322377554
46838.168694362015,0.45868408416091816
47099.37144558583,0.4387738637523598
47372.54230626622,0.42663944762912026
47640.2704271469,0.4266776599638004
47904.62092764379,0.44183710401789716
48163.465544215156,0.4543226685948338
48419.90254772339,0.4443416522785781
48672.06372075752,0.45639417953275313
48933.55586155564,0.44694707827737296
49194.77899814471,0.4335802545305421
49449.27386355182,0.4469339128900867
49714.225679489085,0.4614611270358677
49968.83533000967,0.4672268408708028
50221.31176558084,0.4587489298775425
50483.763183267816,0.46762838535543794
50744.0081814801,0.47465400847014
51004.518634001484,0.45244049400434544
51249.82924830515,0.455452951009911
51493.488358297494,0.4580045703445282
51737.33484904957,0.4652116773276127
51981.30773230335,0.4643656208355254
52224.423305147604,0.4642331337538661
52458.49977681893,0.469335148398356
52700.17996137849,0.4590730597075995
52946.3056466031,0.45845213125428513
53188.588069237056,0.4598654862863064
53432.204812993594,0.4475786735935933
53681.57891222082,0.4444329613512236
53917.72521752064,0.4468444020242026
54157.04911111111,0.44874381972649846
54402.40230654762,0.44613406208534034
54655.060738978515,0.4451026508879174
54913.332665330665,0.45525898635240736
55171.48938705593,0.4511846482370622
55423.51058142125,0.450941338662702
55668.11963714774,0.45078713445974167
55915.58625046451,0.4514440145619198
56172.17567969098,0.4546632718470537
56434.040211482614,0.44823395039016356
56697.63555919096,0.44389085436055786
56950.54396379016,0.42985658289400575
57195.9296120113,0.42824665251570415
57444.28426849234,0.4354843118273057
57700.28036271741,0.4419773135975088
57954.462306317044,0.45677544565420997
58207.17371031012,0.4538232105345277
58461.60953866726,0.44243340377311047
58707.48193130169,0.4423984122118479
58948.43453087886,0.4488841896662618
59192.79557436697,0.4474428825750806
59434.8762210126,0.46518645675006864
59674.47571375602,0.47902625526005366
59918.43976172747,0.475504640285273
60157.20517587566,0.4818292265923529
60391.187351543944,0.49035067996498777
60632.607387039236,0.49393969390353026
60870.6707724271,0.5003168739913298
61107.22427891763,0.5033832145364502
61338.30226493816,0.503014189616979
61563.39216849599,0.5041132751817318
61784.149672033396,0.4968624501408922
62000.89194016522,0.5023003337592767
62227.49840705342,0.5128243591250409
62452.51185505518,0.5108605986752635
62676.64823747681,0.4992615008248322
62900.9763463255,0.4925043957662566
63127.79834747655,0.5037845874467706
63348.61325721065,0.5140391876410626
63572.99747061449,0.49925550072518016
63799.267348754445,0.5011484044344272
64029.8342636005,0.4891001564292574
64263.75879509111,0.48244477813924325
64498.48214551406,0.4744895058202403
64732.408656340325,0.47996365964879506
64971.7154229596,0.4673660628315192
65201.83303637713,0.4786233401631678
65435.64236783321,0.4920272923627689
65678.13053820994,0.4922616751131714
65933.92850766255,0.48118566787046874
66194.14943295531,0.4884938163844245
66443.3110101311,0.46989606806431145
66693.09683882458,0.4746103387416763
66936.68404976533,0.4739239190784578
67179.95793768547,0.4733119676905429
67432.38150374824,0.47638502756038836
67687.26379271834,0.4741523733792167
67936.65728083209,0.46666018719282143
68191.57109955423,0.4811359116787755
68433.25467914439,0.48189912111529554
68670.763575419,0.47914691431786555
68914.2410541945,0.4659647699837986
69168.16934165552,0.4641564814199943
69428.98994338498,0.4561989715172086
69679.27230849247,0.44534577910364725
69918.02621222247,0.44427182785799385
70149.80944940477,0.44804287732048775
70375.03735333432,0.44809197425343245
70600.36392051798,0.4495432126223594
70824.29672532858,0.4663886784157878
71046.77862652032,0.4650568620823883
71267.32998137803,0.4673579450186521
71493.39528815329,0.4850608892499559
71721.08748796207,0.48019021432126446
71946.63297241175,0.47718002949660726
72172.63607265148,0.46407827860266165
72397.18057210966,0.4619168276270877
72629.12100727975,0.4694091300848657
72862.18244495515,0.4788116938721235
73099.54152997315,0.48334865398385457
73336.48128898129,0.49043099658800565
73585.21506971226,0.48682257108095184
73843.68129984348,0.4888311099983525
74118.36927183747,0.4985953493386703
74389.83614978039,0.49721389285213
74653.00513125604,0.5039829649816581
74911.31831027815,0.5065115566468068
75170.3613787991,0.5058207706218522
75435.01397146254,0.50815519405377
75700.49698413881,0.5047019390666733
75960.65730629225,0.5042265853371628
76224.58646057814,0.5117293357960313
76482.31621581451,0.48984420376774757
76740.50446162999,0.5026009020518591
77006.69952494062,0.5166702069481979
77288.59218250724,0.5135790446424273
77566.64190902312,0.5048555872092835
77837.16853682099,0.5041274943366508
78108.84881481482,0.4980311270614255
78376.68305198186,0.5072186012968298
78641.23041406018,0.4967539134471155
78919.07554730984,0.4968174195716431
79203.3268887567,0.4961607745643518
79478.33457111029,0.5026402689245637
79748.88737226822,0.4950079842093425
80022.48106623106,0.49516176560587594
80295.34389845606,0.4928322195826965
80581.33750558784,0.49498662929274717
80858.32765137478,0.4890783811493098
81133.59708159619,0.484192869894412
81420.06466923762,0.4826560226212388
81714.63460109939,0.4969017446322793
82005.92553983619,0.5139572301355282
82305.08526268923,0.5039701342061799
82604.65503904797,0.49971317210262467
82898.69633702355,0.4848508143263024
83185.7080823853,0.48977740896754746
83476.56357004616,0.4926952880985778
83771.58870249406,0.49308723483468797
84058.49549817694,0.5117537014603166
84339.86864564008,0.5194503752284787
84618.13731765407,0.5029832343559314
84903.71705829863,0.5148397796401991
85201.44982904712,0.511696322317343
85493.69633702355,0.5116698740711035
85791.22040573679,0.5162977218165762
86096.14010846148,0.5236870574193662
86397.53051503423,0.5159818875790704
86708.38991609118,0.5162865704895738
87023.64266072093,0.5141934481051267
87333.72069862505,0.5117404865010128
87653.71065348301,0.4957701286278544
87970.86047721698,0.5029179283376718
88285.65700483092,0.5002656351312026
88600.29200178731,0.5030003576826851
88909.64637487965,0.5077804499869218
89231.87622658341,0.5117155343811886
89572.3890625,0.5096646582743611
89922.75679904627,0.5027068612790524
90274.82325925925,0.5271399395683065
90627.09960544927,0.5298819103577849
90964.86096455377,0.5465013808601805
91294.91516232077,0.5508115583717619
91616.0006702413,0.5516841367150833
91943.04631485192,0.5595050720437375
92278.52310549778,0.5452402675024346
92613.45946549543,0.5518895169889051
92939.52854279564,0.5821083289701002
93278.6235058282,0.5768979414431338
93616.87978873763,0.5697496397264074
93957.86702879678,0.573490529767687
94270.88402463456,0.5714226055724507
94573.36767992847,0.5562751349605505
94889.67905355289,0.5815703024837943
95217.22513205862,0.5785141514276799
95543.74515338335,0.5543729612010038
95867.55100980101,0.5426225671479536
96204.98407382601,0.5670301961118044
96542.61395694135,0.5745884040718832
96890.90953727123,0.5755525189235142
97232.3905959378,0.564316965380587
97562.44780994803,0.5646054613212069
97901.86853656721,0.561523674874709
98244.44026417335,0.5629166445953933
98587.6095783446,0.5577416871305688
98925.15378326148,0.5525039458273996
99275.5294205052,0.5522941942184464
99637.50356824264,0.5458441875760934
100005.75601400164,0.5668167037607917
100372.32128782809,0.5473398109044848
100739.4964423362,0.5358876536854399
101102.57762404226,0.5396372609073334
101463.30236185383,0.5339378090392483
101823.5199404762,0.5414579643520647
102175.38649393195,0.548718262082787
102513.54461173329,0.5541810743376306
102854.69064105427,0.5463796806838204
103214.7903729015,0.5315722809014006
103585.25152144872,0.5392731190110924
103947.39095784299,0.5416002432764422
104302.25519133788,0.534491034398207
104653.4922275939,0.5259948805399917
105002.0095103648,0.5153250849907868
105358.49575450618,0.5041005182129433
105711.24691724856,0.5221601064234553
106063.98419177675,0.5256543478639247
106430.91811082186,0.5189223808691376
106803.51667285555,0.509033351340457
107163.60888624712,0.5109017496376272
107518.0962296423,0.5059743724847919
107845.1772528044,0.5066718162167114
108170.9298245614,0.5039526166117861
108487.53524163569,0.5032585459808666
108817.65729794037,0.4938328205792633
109159.02895637933,0.4807134930438516
109500.58651918937,0.483421734594022
109838.05305849084,0.4777956409240176
110179.9534159187,0.46964735854061823
110519.91568058346,0.47868845135000565
110878.48128620228,0.47878605169917887
111230.26381461676,0.46055533972437307
111568.84109854123,0.46670907370413023
111900.8682349438,0.47055254223792287
112226.31479694112,0.47094723090203766
112564.84824411612,0.4836545590454621
112913.00759098012,0.4938861955472714
113259.26341572033,0.4901775360656808
113608.38576528335,0.47789992887939964
113951.37210166469,0.486251688456414
114299.88746004608,0.4754154054383
114641.93676153675,0.46770228165031486
114982.1046987862,0.48457233667464983
115311.57935742376,0.4664972099188745
115644.08095662507,0.46759404976187086
115990.7698483497,0.4737857471085027
116340.28511842694,0.5014192355229318
116688.46120657591,0.4855045809772698
117038.91171666172,0.5013225098407328
117403.41052866053,0.49505734370817356
117765.4617900684,0.49560587618259316
118117.85901151987,0.4974233234721895
118471.16421130953,0.49285453137784513
118832.88013647827,0.4977571669646484
119194.44535376831,0.48576222981579514
119582.41867895088,0.5018494243163197
119983.54853323431,0.4960559202304119
120378.48663937477,0.4943289700192612
120774.51509742675,0.48886277789116744
121170.55321046374,0.4937392878644181
121582.5129595247,0.4739394937181986
121993.94851190476,0.47979964629898175
122408.08257153475,0.47750856898908495
122794.97936920222,0.48811202798974607
123199.59201427616,0.5088516789715933
123579.59888558692,0.5042074102635027
123932.1946553521,0.488042396936208
124286.91456353919,0.4955204110871646
124650.09124711831,0.4803325101854011
125013.71672608437,0.49723662906146643
125381.13955741003,0.5068951699396413
125744.70615270571,0.4985075486681933
126115.09519904577,0.4995122955096636
126475.9766251113,0.52115023383564
126823.41693302609,0.5165520550296956
127166.44877033954,0.5142894736281909
127516.53865003341,0.5064591001047104
127871.96579671351,0.48750660094894
128222.29866171004,0.4809299429504192
128591.08167819683,0.4934563194616229
128968.86591348298,0.48400414657277585
129356.77135416666,0.48860888765218535
129744.30092042756,0.493241044491005
130136.46862235425,0.5061011145061923
130545.19753178202,0.5074269072053692
130958.5261396594,0.488398405193353
131346.3332591108,0.4746313585277
131724.0503055597,0.49147094221329846
132113.7985456704,0.46955113645195934
132492.52109015296,0.4796413841071622
132870.85185461046,0.4725392485670569
133248.95498034562,0.4843824926945885
133617.09548972908,0.47622568995732795
133993.1162168191,0.4822069348584278
134379.69976236447,0.4657077699120859
134752.03984212095,0.47346153607722513
135124.98894084466,0.4786581859074232
135514.84166294808,0.48922035732279784
135902.97860485848,0.476193763084254
136297.8833135392,0.4672324393018068
136704.83839737863,0.46320575665609054
137101.6464067847,0.4737399224693789
137476.93247755436,0.4701902412819876
137856.5153880464,0.4507830802883863
138246.17490890162,0.46495466902560817
138622.13354152726,0.4431165168281218
138979.3121009651,0.4327346346285857
139333.64946764946,0.4446341300775831
139679.52687374898,0.43553673686120026
140034.621085595,0.43170779628172995
140399.977604746,0.43364127744201497
140758.0310780669,0.4213916452559464
141123.68660269285,0.4458853743529109
141482.8997921615,0.4366960894110142
141852.3848840666,0.4317872982535819
142220.2261310278,0.43404403809023395
142583.51533377887,0.4208707096366488
142929.90901669758,0.4165558883728984
143288.30372407642,0.42709462818745686
143655.98759839596,0.4180349310158037
144029.47337807607,0.42784663504511183
144411.6289807735,0.4435915368370965
144776.4439824783,0.4350914215211645
145144.36609464377,0.45181777973359816
145496.1834288692,0.44407665956518766
145832.4108918237,0.4242084292151714
146176.38075749684,0.4470460307558509
146524.75079991072,0.4402249425481237
146850.71071375575,0.45063405510254184
147179.43587069865,0.4578334167345767
147518.8071672355,0.45340354189696247
147845.84765799256,0.4453372583702193
148170.33018376608,0.44311256813270933
148493.61011794378,0.44002367446253865
148814.92828922847,0.4320914872827573
149142.51028287178,0.4372034409407437
149480.3073660714,0.4216845013201758
149801.22945103858,0.4225397924771679
150123.46411305317,0.4295864096249912
150441.08234244946,0.44097493782582986
150753.29137598336,0.4412993346987749
151086.84460667463,0.4448397203158207
151437.18066478707,0.44437261828797736
