D,r2
46.516178149980966,0.1763334030089821
63.03153018529588,0.14986230146220209
79.69595573705705,0.130575680361398
98.97836129345976,0.11573894358750043
118.51240796291246,0.1043627008254156
136.8070992144312,0.10440795568806768
156.25375015756964,0.09590272889325706
177.20800718593608,0.09064778588669917
198.15752794214333,0.0871073771898541
218.8029689608637,0.08580191452082242
238.53768179814895,0.08153980855895689
259.39678510998306,0.07892494242033694
281.9835297268345,0.07690118794901397
303.30932439977664,0.07347433141264341
325.50031713814536,0.0734055315247898
347.6133225020309,0.07324554340148694
369.030679933665,0.07214252484753013
390.4384209063108,0.0680781143631688
412.9265183704074,0.06832068834457457
436.46657071830435,0.06964124695037822
459.12128435221535,0.06680625928932714
481.8862290862291,0.06479281807551074
505.2416821932393,0.06446441762943164
527.8886114578999,0.062030067474825236
550.7505582556154,0.0630788887647942
573.3200854700855,0.06189278240871317
595.9836329487523,0.06227376365982514
618.2531902552204,0.05927306179497307
640.9238299584283,0.06062186796351744
663.4170299331589,0.058786308878424676
686.2083772391992,0.059412020723515306
709.3644611948632,0.05924273496125377
732.010021171489,0.05708184880019217
754.5189821744455,0.05580445636891029
777.1080661110326,0.05533731832132316
799.7269194693823,0.05627066589957479
823.2776016540317,0.057678288523065786
846.0057560016846,0.055496504670583285
868.8667776852623,0.05412676295242755
892.1130722559294,0.05326511283157054
915.7766230260494,0.0537349895269107
939.1660280970626,0.05204207128774208
961.9297676931388,0.051693258884690264
984.4553868402024,0.05178559294077491
1007.3087863884089,0.05119462146254581
1031.3257554754643,0.05104984532890021
1055.2033801203095,0.050579078549363686
1079.3729163796665,0.051584933043606604
1103.3503619153676,0.050086029288834696
1127.2893379790942,0.04799788290277594
1151.9987813134733,0.04763848172446221
1176.9726738625495,0.0494985520354253
1201.879928067506,0.0501401330320461
1226.2438785504407,0.04880140988039747
1251.0244598450877,0.05048617097944234
1275.6390457368718,0.04828003505756273
1300.2021291303747,0.048683266166868744
1324.3076607947562,0.048621786621880304
1348.5374758886746,0.04923603655081456
1372.5464730290457,0.0477718638921663
1397.0457606156383,0.0467320865536343
1421.4561983471074,0.04605914545612956
1445.3397372510242,0.04526678500541637
1469.5562867544106,0.04605098140578759
1494.0361757105943,0.045571976014308346
1518.5567068048165,0.045698464943521255
1543.0545056149,0.0457372177117773
1567.926292629263,0.046604169320140255
1592.4296599407367,0.04847358445048715
1616.4653437674679,0.04734924522302323
1641.064791361152,0.044777936836280924
1664.942561746123,0.04673447562419655
1688.873422818792,0.04597503253833279
1713.5588650479956,0.04618440867310226
1738.3047043010752,0.04614412031341437
1763.385437446566,0.04557458500012985
1788.066921084912,0.04482800581308945
1813.0783378746594,0.045979245938088886
1837.6576884708566,0.045140981437490124
1861.9444521401856,0.04398784212286301
1887.527494635193,0.04523015356671865
1912.637257656645,0.044412538817810876
1936.6704529519002,0.0448435265814345
1960.8607331296862,0.04403785382137568
1986.0742810412976,0.04418300712779409
2010.9073342736249,0.043275298877410655
2036.6160579948023,0.04313449297047568
2062.6676356589146,0.043171045851009254
2088.6073384446877,0.042543009920030996
2113.9459839639894,0.043432934604788746
2139.516601693776,0.0431482746015456
2165.03693141309,0.044185559137427756
2190.2604708458803,0.04275865356965698
2216.0322715259426,0.04315691713467517
2241.4657079646017,0.041489017383833135
2267.4730870347307,0.04150487485142253
2293.6520907351737,0.04247284512354708
2319.470346527873,0.04178372592888318
2345.4935136627105,0.04258985569714441
2370.9970267591675,0.04326575016730032
2396.0092230296254,0.042769919118963745
2421.521214585875,0.04307015787988507
2447.5580326041522,0.042248580032905325
2473.148353938047,0.04165965772370791
2498.4504480043443,0.040676449694994524
2524.1505346088916,0.04099205017590257
2548.9831217743063,0.040539265474738934
2574.086268086268,0.04011925949743368
2599.5168785021183,0.04098448034899288
2624.9579051105165,0.040776890298175356
2650.504403197399,0.040041546245874936
2676.0046070082367,0.03886858699508705
2700.9465945346096,0.04106487376970175
2726.415241483103,0.04065860245233686
2751.938320395201,0.04073480515132858
2777.1478260869567,0.03826829871207605
2802.950909577314,0.03871924983709134
2828.957939308398,0.037386710665048256
2854.4581639803782,0.03792034923791839
2880.3860966948923,0.038454673016712015
2906.6745977169576,0.039477523350824814
2932.400138792505,0.03948323131991798
2958.5235479884664,0.039919179315650775
2984.4523484434735,0.03882325329470085
3010.593444508338,0.03870719483079872
3036.9922439154852,0.038183274684481655
3063.5507430997877,0.0385198697734536
3089.930472569256,0.038095304636825165
3116.6146416573347,0.04019673660486257
3143.075065184575,0.04001619125675089
3169.9225255031706,0.03816179388031133
3197.0009600877793,0.03858767570901534
3223.387760897345,0.03705270160599036
3250.1333706137284,0.0377025906361471
3276.9707666850522,0.036108967930648043
3303.9989072531075,0.037576922292975115
3330.990456714383,0.03858953887143892
3357.5729224762968,0.03810156965633254
3383.64725365719,0.03711751383428087
3409.53943739658,0.03710668090746291
3435.7154166666664,0.03734510135540489
3462.503036294309,0.03616500437769108
3488.9502063273726,0.03741391413882543
3515.9674708593116,0.037446210012218865
3543.1585113714677,0.038786014008528914
3569.8957929698313,0.03595766630095493
3596.536529680365,0.036686469431746735
3623.004812319538,0.03656028269370314
3650.0343689854276,0.036589505812150966
3677.123335669236,0.036653006745477605
3704.001359434475,0.03629763297916225
3730.9768626910895,0.035919115858512984
3757.9156275976725,0.03696564471871001
3785.0779148759184,0.03530609033119141
3812.17039800995,0.03544793806717969
3838.86325136612,0.03562789331034237
3865.5274882193344,0.03635218510813489
3891.931704005431,0.03537297122512029
3919.174452252997,0.03557553732401024
3945.842579750347,0.03567054994985129
3973.033365908139,0.03605258186416255
3999.995424292845,0.035954183364213674
4027.546129520143,0.03487472537234769
4055.6232221006567,0.03496636214955584
4083.0556027164685,0.03699211039557797
4111.146315223238,0.03657174230937051
4139.059824213213,0.03599301759554441
4166.46419786827,0.034979328715797495
4194.47570822499,0.03407357304970778
4221.994921709691,0.0353847179576603
4249.316268332428,0.03658912952917049
4277.019367423714,0.034938992823415546
4303.502406568517,0.03541118172827036
4330.374193548387,0.03666249014545346
4357.975903614458,0.0363483322993036
4385.020671476138,0.035435963743376146
4411.987935475126,0.03402791075897912
4438.896907216495,0.03441945003531073
4465.881589958159,0.0358791310000115
4493.545842786601,0.035606998877572404
4520.83451202263,0.035257323022120944
4548.320027720028,0.035235267303396545
4576.574585635359,0.03516911946849237
4604.711657284086,0.0339682950140255
4632.13141654979,0.03405159078359609
4659.633522727273,0.03382015640033256
4686.900266143718,0.03382719989139327
4714.387561779242,0.03323994752373652
4742.344803566453,0.03471126097827451
4770.633484162896,0.032685568303868026
4798.472969226504,0.03394955232925074
4826.357044389302,0.03385085305884278
4854.627009646302,0.0344364535089249
4881.943438596491,0.033958010380525684
4910.039480800433,0.034100810254157184
4938.027130681819,0.034675419441841215
4965.023835920178,0.03370025864645753
4992.460088841029,0.034502507601613996
5020.1292960088695,0.03445095873742245
5047.036510590859,0.034850454218456235
5074.441047436249,0.03438507507326007
5102.509018311992,0.03431075448695914
5129.997084143293,0.034395768808071894
5157.5919178082195,0.03451871302816829
5184.874787294385,0.0348009451041482
5211.985866703616,0.03401033724671695
5239.569487841326,0.033895164969095545
5266.818485989126,0.0335553406991394
5294.189573459716,0.034195871423223334
5321.424138873702,0.034416914095211026
5349.287763829494,0.03389362852467586
5376.462029808375,0.034003933010764764
5403.474204468517,0.03232325647329871
5430.84386825508,0.03390131385852967
5458.609900717043,0.034851156279119125
5486.617703480406,0.03361371128079374
5514.018130709768,0.034026809718125425
5541.32462585034,0.03222924167830607
5569.469278350515,0.032894461390124266
5597.453362856352,0.03271938319631269
5625.463842119791,0.03268780148573971
5652.364429818286,0.03328156497892437
5679.579191066322,0.03364874314875541
5707.532616190871,0.0333549432114929
5735.635194912911,0.032696815923963375
5763.055993247046,0.03310968871644941
5790.942601016858,0.03313593867963503
5819.151730876605,0.03382809458561923
5846.115071568903,0.0324470747890945
5873.072695035461,0.03386793595605324
5899.3570418552035,0.03245715003275709
5925.957178149876,0.03349229028592569
5952.96996996997,0.033691483076713075
5979.967665505226,0.03348753664348277
6007.118784143438,0.03341557292799707
6033.950472020796,0.03301698083557163
6060.934588429298,0.03342113736686401
6088.572641380255,0.03312167241614992
6116.052110909851,0.032141707863107535
6143.403419528048,0.03235004723252629
6171.584740040513,0.03263442103363031
6199.209730346697,0.03317278550373421
6225.933731592109,0.032136465666459633
6252.875256743804,0.03235920162287348
6280.637610319077,0.03255611636075463
6308.086151255788,0.03199790333600308
6335.085565882996,0.03245231831603723
6361.892007153666,0.03231903520903335
6388.972210526315,0.03219467943925464
6416.502830318928,0.03284844943243468
6444.628752409804,0.032114627090351164
6471.770648656255,0.032946985157999674
6499.388835550679,0.03190059034811526
6527.658621167984,0.032134152613106
6555.499931982044,0.031996144666723784
6583.456428670073,0.03133604042240587
6611.009385665529,0.030515927006306155
6639.095064724919,0.032273789458929995
6667.499168053245,0.033864795985348195
6695.32287435215,0.033323805596403105
6723.49972090427,0.03355213115503661
6751.628026006363,0.03286326006659831
6780.473122636413,0.03265905916987685
6809.344741235393,0.03232329944900291
6837.364864864865,0.0336223014498388
6865.485248665355,0.03223496288882107
6893.3712026633375,0.03355610366652867
6921.881591497479,0.03280356292843935
6950.509957924263,0.033524179867034334
6978.9538147138965,0.03219208121938957
7007.976486671224,0.03287406936755338
7036.556919170546,0.03223395108765477
7064.686681526888,0.032855494223499475
7109.188524590164,0.03232523868499775
7172.2283488903995,0.03209781427640083
7235.80246065451,0.03168957128564742
7299.001736434108,0.03202343559344435
7362.145885442721,0.03168148446797315
7424.858404288868,0.03225631010683951
7488.383182182738,0.032277419296443816
7552.233556962819,0.03248872478439379
7614.405989291496,0.03310935869242334
7677.274896913657,0.032348313277169784
7741.550631328916,0.03256484237248271
7805.483895177935,0.031893151301529976
7869.567696108709,0.03189669524060307
7933.659315256778,0.032375131070944016
7997.429154116466,0.03288538075433911
8061.965600895745,0.031914204298902904
8126.912818272591,0.03171745235831985
8191.1815006548995,0.032777434372162996
8254.764735202492,0.03277899268165825
8318.883632746938,0.03296965230090009
8384.255188413066,0.03242774590543286
8448.830200346278,0.032872366234333525
8513.25076414447,0.0325281742079485
8577.284155746442,0.03252203827411562
8641.683605943314,0.03261723801267345
8705.968870147588,0.03231926930362126
8770.635944413287,0.03342827397942309
8834.517237072196,0.03319208692086862
8898.2535540532,0.03332106854695364
8963.235635376164,0.03266731185796468
9027.1111808257,0.03227600720421339
9091.093910355487,0.032272771284519074
9155.847039473685,0.03228293216351735
9220.970196418613,0.032075988355117754
9285.952237494508,0.03189031947070359
9350.97250200828,0.03167388283785579
9415.593659942364,0.03180678442994078
9479.99217537105,0.03242136270316227
9546.216710509834,0.03179032964794943
9612.778510135555,0.03174051026867716
9678.618481187003,0.031352926818246654
9745.442426871592,0.03135329900026308
9810.767580827776,0.03202918883096011
9875.001688027509,0.0320664338765485
9940.466013968571,0.03198651917498294
10006.905764966741,0.031346173219114364
10073.43372350522,0.03143975212264023
10140.199688861232,0.031098690425264752
10206.814707514024,0.032250206245683796
10274.39398704321,0.03160455730282458
10343.39655601144,0.031376308582571115
10410.490509302763,0.031898289794128266
10478.568489341984,0.031315902897946016
10546.382315682797,0.0316405842120721
10612.761836709333,0.030756797860660826
10680.653805529668,0.031717932002990855
10747.913343272456,0.03188382143731873
10814.082168492632,0.03194126828274477
10881.174140692374,0.03231297561012053
10947.921759929503,0.03237972142590691
11015.010780831308,0.03211166971980903
11082.618264498848,0.031016964908158775
11149.783328168578,0.03063528926487487
11216.940539178635,0.031183826793310655
11285.103612345834,0.03153340418422764
11354.038650910881,0.03279532805267161
11422.453,0.031664516196861746
11490.801510046174,0.03199981869131941
11558.741184590288,0.030886487356090016
11626.804364043268,0.031332886276786626
11696.232489846923,0.03146213526294623
11765.589922188756,0.03163723547391662
11833.877780523975,0.03213680035250587
11901.895667439965,0.030870256147731773
11969.270983063558,0.03135951156420603
12036.739526524541,0.03147700617986704
12106.076069233664,0.03198937028188117
12174.658898305084,0.03222344615102679
12242.284057425866,0.03176083590603919
12311.379276275164,0.03178994307146929
12379.105090725807,0.03180316913204821
12448.750954551053,0.031722376649769644
12516.87243290916,0.030675651113863785
12584.536647744993,0.030961290880200856
12652.922932917316,0.03225973089312396
12722.983771060455,0.03137944193602056
12792.889595808383,0.03217805528971683
12862.002311922019,0.03144048526217956
12931.73454749579,0.03052787804301534
13001.417530925903,0.03128756584605066
13070.84044154541,0.031462048891402805
13140.299639213736,0.03099194911766838
13210.442355423182,0.0314859984394846
13280.610108077715,0.03114631951736418
13349.745843230403,0.03142449013827031
13419.712818586011,0.03205189633822514
13489.355239343444,0.031591014347290274
13559.045760098674,0.031227403929401192
13628.995236304376,0.03164418957200226
13698.039201045362,0.030860908700601493
13767.27469638162,0.030675085706949674
13837.953797032493,0.030888364781652397
13909.014113151732,0.031105654164227132
13979.178183425973,0.030679751026456783
14049.811418254265,0.030696236173544212
14120.503122658007,0.03167267230399928
14192.594115101687,0.03191403110708863
14263.77335683707,0.03193644293918067
14334.22013007123,0.03152834372443228
14404.42715169698,0.031381568081538205
14474.568103824795,0.03194401886660634
14544.318942457232,0.03236033149607078
14615.03184991274,0.03214882469631661
14686.101850109751,0.031276329038933175
14757.951914069818,0.031148716275992562
14830.446267636273,0.03132665736581267
14901.540111298693,0.03125671353825943
14971.985134291068,0.031934216110242664
15043.3442989262,0.031360409557572126
15115.858161746464,0.031647619975452325
15187.702745445344,0.030726517439378265
15260.203715247475,0.031990700964610534
15332.283412145345,0.0325626825328164
15403.31987035652,0.03220343467887368
15475.91284147928,0.03175301376968262
15549.392861592127,0.031444142571206694
15620.289021329987,0.031360260263404764
15690.910049588852,0.03159950338556505
15762.51173796625,0.031055727538596808
15833.90712998073,0.03201253996308255
15905.607456955284,0.03168364340819058
15977.262960415233,0.031553909764784775
16049.139591530822,0.03092855721243114
16121.474331883157,0.03166687453922612
16194.617208077261,0.03189686481580735
16266.436835522201,0.03182441154491386
16338.780254383799,0.03239846900908447
16409.436927547216,0.03253582729772279
16480.27369727047,0.030931703478956206
16552.493847110007,0.03141415339848286
16625.397996640328,0.03133390504085396
16697.16231284846,0.031202845594871666
16769.04238765094,0.03242693805848496
16841.104950989575,0.031759383772680144
16912.589566192968,0.03179673584483363
16983.421875,0.031647901908666565
17053.945113204016,0.03260041348629347
17125.75090342679,0.03220416413929354
17197.020465640257,0.03153331520263032
17267.866691560866,0.032507029542033716
17338.90125382072,0.03201821818560611
17410.859392646504,0.0323744777510114
17482.942389890355,0.0322090348828336
17555.519511282884,0.031593168856556886
17629.808658870366,0.03177757499735319
17703.270241588114,0.03205280147261183
17775.91788638055,0.032293416711181605
17848.03060709327,0.032175047427325944
17919.428465023895,0.03200356515136964
17991.25079286114,0.03192674033003811
18063.15117796979,0.03265900528068355
18134.9533619818,0.03215203378621133
18206.951713491817,0.032111712025490485
18278.977410398787,0.03246405557620228
18350.86274144463,0.03188846694753095
18424.587519308003,0.031556327266198
18497.171459200403,0.032434298729377406
18569.35232680304,0.031786058242708255
18643.086912961804,0.03165042136771689
18715.557877713505,0.032301159593608804
18787.852756541735,0.03251093705528545
18860.400401027633,0.03250106421546462
18931.637606090862,0.03218071438025657
19004.903364754355,0.032266584071067264
19077.758914680442,0.03186750932027044
19150.670870983937,0.03219389372843833
19222.07287828639,0.032618394333198235
19295.471603563474,0.03248680363419546
19368.251267605632,0.032497525102405826
19441.39294819974,0.03203222865928721
19515.499094937895,0.03327468618781129
19587.55883461007,0.032215298873973786
19660.408876181005,0.03199880597409617
19733.73238376106,0.03203294691945767
19808.339733300407,0.03174962344186999
19882.65416200075,0.031921621502211756
19956.597625,0.031042533355901233
20029.97591117245,0.03181207197434285
20103.74229102167,0.031831444710220945
20178.668537200505,0.032344114861483315
20252.97277936963,0.03273869969463134
20327.3696099844,0.032073620074661024
20402.490266361783,0.03177463245557239
20477.29661604386,0.03141847756748069
20551.038830715534,0.03218405516962187
20625.551123734254,0.03243115236517308
20699.39527005834,0.03194623336307694
20773.20884383357,0.031799559450187594
20847.98592522777,0.032832101468506035
20923.88239292998,0.03278664251140974
20999.325168440275,0.032410767978135815
21073.803705558337,0.03201361467916844
21149.770875953134,0.03233642942961116
21226.151627906977,0.031893398742043916
21301.83101429201,0.032450029263865816
21378.630754834685,0.03239123962974113
21456.392903504977,0.031290263230305065
21532.984417216463,0.032375790682829024
21608.52141120738,0.03150933461187057
21684.323683227492,0.03183618461141741
21761.89751881102,0.03125637940089727
21840.32532696177,0.031348958470511744
21917.028408386057,0.031712869102847895
21993.463096870713,0.03189974615489565
22069.296261565392,0.031482833922392595
22146.092756676375,0.03208179553733564
22222.72733529375,0.032693478499437774
22299.656335744574,0.03225300840205184
22376.07953552254,0.03248332166330151
22453.210552482753,0.03223203379023479
22530.780031496062,0.03210510826276294
22606.685224307195,0.03156125763755847
22684.429094065854,0.03178245903644485
22761.721787427417,0.03235320292397039
22837.977459396036,0.03122700360102089
22914.302487749716,0.03142667352696987
22989.102231866087,0.03182820342821298
23064.89209215442,0.031808506534662113
23141.301444381916,0.03204184959985367
23217.27018692177,0.032045448020020684
23294.403657860705,0.03248317114518389
23372.026601723494,0.03283279662123932
23449.213686976105,0.032033662757289
23526.992746826738,0.03278441211762416
23605.5467207995,0.03203824797389738
23683.790532178216,0.03153614581140426
23762.657041065067,0.03142252856039701
23840.916901320317,0.031223338387701752
23919.989832200114,0.031327849808769175
23999.743357299158,0.03165872279494549
24080.507270589693,0.031287897941382724
24160.72603344904,0.031190118242164926
24240.068546880837,0.03152353773496855
24320.922653641646,0.031307192055731244
24400.46292106586,0.03180647913119955
24478.87423483584,0.032289902922289886
24557.583354271355,0.031851518036638
24634.744261074575,0.03310829416704263
24712.653264755692,0.03211303702330696
24791.104083665337,0.03188650840428093
24868.503168329255,0.0318610271388553
24947.09691002539,0.032609183116559956
25026.289707988293,0.03142158433335358
25106.037651643725,0.03161566331345963
25185.751230759644,0.03153186593108806
25266.648362533277,0.03170065894384861
25346.88841336774,0.0312612589764059
25428.370727159727,0.031830912598102716
25508.17365719294,0.03108860901187994
25588.056741118646,0.03268887433833785
25668.992712096675,0.03216089987696537
25750.14186118892,0.032807335655265786
25832.20963915595,0.03232543797064714
25913.90049689441,0.032314417953025885
25994.58316093035,0.03272977297026888
26074.353036842436,0.03273563044475002
26153.162200986822,0.032794516042091576
26231.956535295583,0.0323371169796224
26310.727982023593,0.0329020717813502
26391.152487961477,0.032041020532318075
26470.203624194975,0.033142238263463276
26549.512984592446,0.0316504750848908
26629.86279765615,0.032319836164169835
26709.154258301664,0.032056410570294847
26788.045153634775,0.03224462725307727
26866.588246280273,0.03236468924684117
26945.644028687246,0.03183216227026092
27024.836030744234,0.03226425947209281
27104.093678267884,0.032031462191060435
27183.739508956533,0.03331563206962362
27262.198607138416,0.03250424085723752
27342.21834713832,0.0325103033669006
27420.88006044198,0.031798542800467545
27501.162571357658,0.032200262933572664
27581.341772939348,0.032412076497510496
27660.202397303034,0.03219847063283952
27741.63471811954,0.03214325667207915
27823.58345292319,0.03194055264450447
27904.596144309446,0.031972951232798655
27987.386827689243,0.03268105574222707
28069.104441098985,0.031839191969540735
28150.740754506598,0.03232169935802683
28232.70485327314,0.031057606857013437
28314.06425952396,0.03186900561367277
28396.88681366731,0.03232590410864414
28480.659302469903,0.031275961807374617
28563.20632425976,0.03256268288179108
28643.912128174874,0.03263019305145403
28726.451182876455,0.03239995040182554
28808.31342077454,0.03224882186964154
28888.529250513988,0.031474168922798064
28969.190051179627,0.03263132797242623
29051.012529758176,0.032254809529913914
29133.174614001364,0.03224785442183445
29215.893904199886,0.0324252622052655
29297.335693252302,0.03206888532579992
29379.92721499284,0.031405812774210694
29463.003646477133,0.03169014542954736
29545.518824493913,0.03237797554224546
29627.739827297013,0.032270187459352014
29711.806314473273,0.0321340238166026
29795.526413690477,0.031165103180680356
29879.6035,0.032222230902353224
29963.518107769425,0.03165587493864924
30047.971407398258,0.03228638974777888
30133.778731132963,0.03162344721843253
30217.687868153906,0.03220588062282357
30301.447770424886,0.03170097492441869
30384.992421870105,0.031215479077153354
30468.089076682318,0.032144038401857825
30551.458427106776,0.03291961110600522
30637.093746122348,0.03263012333114367
30722.1150781201,0.03186795706073163
30807.71276001242,0.03328126813352238
30894.205110626364,0.0322536963457014
30978.5353259181,0.03235205791419833
31062.654295532648,0.0319196793021288
31148.55233064015,0.03206416222527801
31234.298247817624,0.0316972178871572
31321.431052729877,0.03269149333979061
31408.232264092185,0.03217116035858552
31494.63244637353,0.03179127418761114
31580.093225605968,0.03193524636961428
31665.88770252654,0.03236690244680425
31752.545465924024,0.03188081385845444
31838.71149311158,0.032132495972385516
31924.522724427195,0.03166953040717647
32011.825240896007,0.03195315488168869
32099.506185953513,0.03233193529253696
32186.670202146244,0.0320400703446519
32273.31598467054,0.03155366189320832
32360.213781911243,0.03193465793688714
32445.501942842817,0.03324974624365874
32532.671292823205,0.03197273843011313
32620.26798807009,0.032263971633541826
32707.29573341638,0.03154922905670162
32794.243418590144,0.032354904152042695
32881.63681188366,0.032579967145742204
32969.96724083934,0.032037655693788004
33059.61438804111,0.03140700839763223
33148.07361620178,0.0314931259250783
33234.49386503067,0.03201601319025879
33321.83272841051,0.03118672451594732
33410.90374331551,0.0319007884291549
33500.137767220906,0.03234560135011483
33588.19582164016,0.03295776030329565
33677.489745183346,0.03221375813415675
33767.32964505501,0.03260422017969276
33856.30057767173,0.033833459852565174
33944.92955655885,0.03386418237833461
34032.371930487345,0.03439903347439998
34119.30874197769,0.032956405106515534
34208.03851401637,0.03327317077606953
34296.22115985502,0.032595409589375644
34383.731825018804,0.032568447373780784
34472.027694982615,0.03301123869308529
34561.479582971326,0.03239676707426085
34649.398451645124,0.03268253489451259
34738.347757720614,0.03264081922692368
34826.4600099975,0.032442687450971223
34914.60162702602,0.0320146449503495
35002.28816199377,0.033696641320839806
35090.51985740197,0.0333865261333461
35179.18041975462,0.03246898041941095
35267.70283754288,0.03289701537596545
35356.03499343873,0.03279624879778618
35443.90742014127,0.032533084545519245
35534.14526733656,0.03292188347401601
35626.103032562765,0.03289741252252378
35716.33400465731,0.03323220645889506
35804.73226088041,0.03349524254860492
35895.08717789506,0.033193075471179445
35984.6679427639,0.032845313748049144
36076.950520833336,0.0327483560230041
36168.35225,0.03296178889349106
36258.46552802803,0.03245792198197682
36348.95636588381,0.03258102498349214
36438.78577258743,0.03202365883257173
36528.929792810784,0.031962462386132276
36619.81343839186,0.03282291700076877
36709.97717268268,0.0328667455270858
36799.57601246106,0.03212784057748448
36890.24504950495,0.03231721390050632
36982.44724439138,0.03247644790949908
37072.70425611582,0.032487780639671116
37163.76919257742,0.03214866084869912
37254.464643931795,0.032335707386414406
37344.87292369177,0.032274509401178264
37434.64814470668,0.03282759516072964
37523.11291227632,0.03285131382986722
37612.287666105185,0.03238784356964792
37702.99626377732,0.032771205427809806
37793.83094287852,0.03290928994018101
37884.998740236835,0.03271379590840491
37976.77686821706,0.03326325924317198
38069.159348177636,0.03258565839323449
38163.427189917646,0.03195726763355584
38257.061457036114,0.03288043011940369
38349.612001256675,0.03278937444033263
38440.41795897949,0.0326750699704269
38531.06667082061,0.03205087373324098
38622.23490513565,0.031832633622375345
38713.89811627761,0.03319447567587675
38806.11679104478,0.03310992519578835
38897.945470481434,0.03300366955513792
38989.23756802402,0.0324583161296631
39083.11972882199,0.032812698282858134
39178.3751634801,0.03201668638251731
39273.875326939844,0.03253467027884834
39367.97770401453,0.03252041650040338
39460.80918507426,0.03157660045926881
39554.92396170107,0.03172400995234871
39649.4200623053,0.031759279813436195
39743.034884449175,0.0323641698321341
39836.411223665404,0.031405269057284864
39931.544578614776,0.03187748985189085
40023.692062699054,0.03161311265985798
40116.82871176324,0.03284842169776399
40210.13071161049,0.03231143991370129
40303.869075198796,0.03225740836975234
40396.55677359078,0.032722287999695385
40490.84031036856,0.03158151643971289
40586.43760534366,0.03159594802742834
40683.13458094003,0.032323727384896875
40779.763465749136,0.031557557391828084
40875.62048230504,0.0316497833883838
40971.942245254744,0.03241926497069079
41069.17610691313,0.032752568398817496
41163.752745548176,0.03166548673083176
41259.588544272134,0.032323758798634424
41356.007891139554,0.030738451233586612
41452.33368617684,0.0316797601362658
41551.65935168349,0.03178451989523102
41649.419437340155,0.031581782199179134
41747.60279156327,0.03198438109832088
41845.714535028674,0.03248950583322793
41944.213096281455,0.031972930506929655
42041.24215274732,0.03156778453559672
42139.0616840933,0.03211869937153723
42237.605585959616,0.0327750231578256
42337.06293489066,0.03447624040882026
42437.28487719736,0.03326682684697657
42536.19116455854,0.03328168689312409
42633.68446389497,0.033500032505680455
42729.15594835151,0.03256105367369814
42825.957512696645,0.03318911771139985
42922.31350128793,0.03240353183035728
43019.86646699114,0.03301045140688637
43117.83243209646,0.03132702410150312
43216.076721556885,0.03158345921126797
43313.917772379,0.032484977748192784
43412.85797083385,0.031686049511310425
43511.36371033361,0.03185194298208192
43610.79378373348,0.0320380610220518
43711.04741000878,0.032283597530874626
43811.16729018581,0.031799348442078275
43911.75321861847,0.03206455365408829
44012.39362369775,0.0311874420575138
44114.79013654218,0.03104247088219283
44217.37932536719,0.031491254540672184
44318.680929708054,0.032391999847625155
44420.32815401758,0.03194086955177922
44524.1640938755,0.032227782803438715
44627.13839174745,0.03191789773771901
44731.58353043695,0.03166117258977008
44834.64741830881,0.0313331527674814
44937.372485114385,0.03160978490895284
45040.166323538586,0.032074319954158444
45142.91247741855,0.03220120711773092
45245.569683683054,0.03100812038823901
45348.867673678295,0.031006452928255376
45450.11187200398,0.031360202869528855
45552.51455649157,0.031196342153308628
45654.19287185569,0.031610842006206286
45756.34929789368,0.031615980944451255
45857.72134005853,0.031630275709387715
45961.27349140635,0.030668984452139277
46064.93698596252,0.029965935707257925
46169.640699126096,0.03123437943370807
46275.49825087456,0.03216334491321013
46381.26733229329,0.031028073598577437
46487.654939276326,0.030612345212683318
46595.06301079294,0.03105073501074874
46703.57810555141,0.030634537015577692
46811.74424982859,0.0316078444703066
46917.414257228316,0.03157462078677484
47020.957284228985,0.03265500105438006
47124.583779409935,0.031766747571072694
47230.329280397025,0.032056752232859836
