D,r2
5.0,0.546544284856138
6.04524886877828,0.4705428247160909
8.0,0.44288453603371614
9.133185349611542,0.37817001210839335
12.123575470966742,0.3227526602864154
15.124740953291886,0.2882552910571273
18.043845292445518,0.25898265474390403
20.0,0.28314879539430265
21.14475331830704,0.24186224289616004
24.121652173913045,0.22426424483053298
27.12434954243675,0.21131659620926058
30.121610950250066,0.20068640509952418
33.136464137260106,0.18742903813622996
36.125316684762936,0.18321172312279232
39.11734556244942,0.1826527375138493
42.12957593330917,0.17943216578086288
45.12073204042611,0.17317348566333746
48.132378275455615,0.1734421690833484
51.12334593572779,0.16867436818529757
54.11741191782095,0.1655481192433006
57.13424408014572,0.16364321512086422
60.12931681681682,0.15309450797776988
63.124164810690424,0.15837079644239907
66.12723235833575,0.15691616097587982
69.12827652424387,0.15178219397807396
72.12967798085292,0.15105209444920703
75.14190494590417,0.15177150103635415
78.13399822257333,0.14832361429326726
81.1409234904483,0.14494212444955037
84.05164416039584,0.14952954112295136
86.0,0.1600828194418398
87.153935296958,0.14634874021984917
90.147859922179,0.1438171809929298
93.15115937775168,0.14468598618692424
96.14101934596877,0.1413194552819452
99.15384615384616,0.13998555120211428
102.1340579710145,0.13782311009894788
105.1633281972265,0.14197757385604562
108.13457295934447,0.1414102951029924
111.14702534919813,0.13510930946153882
114.1381572204571,0.1354037765995968
117.15395566402277,0.13312334240683696
120.16301902229495,0.13516428926329954
123.0,0.132925158279921
124.57380254154448,0.1371614788732923
126.15540186524154,0.13393971840905855
129.14686154770249,0.12923115271912317
132.15956686076208,0.12921552903977243
135.1614085080399,0.13252017040697045
138.05191405823973,0.12939829430963232
140.0,0.1345225634894772
141.16500951978,0.12916490405818054
144.163478812216,0.13005578765836878
147.05679287305122,0.12613436814306622
149.0,0.13355571584080078
150.1537823834197,0.12510488679689907
153.17354060913706,0.12815835762212596
156.06002265005662,0.12578765023621322
158.0,0.13733209504059854
159.1867552462301,0.12231385715528469
162.18850674793208,0.12272424986444162
165.18170061429032,0.1250125172534858
168.1651424366656,0.1237845891301323
171.17592592592592,0.12413996305792051
174.17587886488775,0.1258647947087465
177.1790297339593,0.12418707176240057
180.18261978115373,0.12158565634316841
183.18685702288474,0.1210871031630293
186.19673154991153,0.1235837098437047
189.20656329651658,0.12328910003347235
192.1811931457584,0.12009515147510329
195.19676848162905,0.12155916736730732
198.20202766923646,0.11798040453875436
201.19959483953514,0.12105400699585359
204.18260488552963,0.11779146608505753
207.20594229325326,0.11911963785510851
210.19648158328752,0.11645973128642836
213.0674077578051,0.12146912327305151
215.0,0.11122397307826944
216.20578457446808,0.11635347826503603
219.20187282229966,0.11840342418779205
222.21820716277074,0.11566053423746099
225.20432396101714,0.11560653486247366
228.20611526616807,0.1199208341658477
231.22804469273743,0.12247317603568961
234.21432612877675,0.11418283991679108
237.21787709497207,0.1133008484214241
240.2092092092092,0.11291275931095977
243.23150805917422,0.11487411770385338
246.06440156268496,0.11473484591480028
248.0,0.09996500118515367
249.20541036221917,0.11034127121702095
252.21846625095722,0.10855902080407076
255.23549107142858,0.11462478864152484
258.08069128434664,0.11489527579438413
260.0,0.11057679864700584
261.2329583802025,0.1139025472109201
264.238743809095,0.10920890498504512
267.2300432112804,0.11400928916487207
270.07796446271004,0.10825966124982349
272.0,0.11659187055459508
273.2727170109493,0.10858480853867211
276.2292449607106,0.11092868835289092
279.23190863862504,0.11165651269890335
282.08524507960385,0.11084156273134316
284.0,0.11723542886844457
285.24413253566496,0.11093040944095912
288.2543597980725,0.10963486827511895
291.2473634872276,0.10330103313191394
294.25008931761346,0.11026998930588536
297.0871093259696,0.1108455495738539
299.0,0.11484599127630461
300.25063554425697,0.11072572688948733
303.2464487816145,0.11341405872881459
306.2688981242278,0.10884267300607771
309.09152372605485,0.1063372133341689
311.0,0.11154514796641325
312.2748456250728,0.10931270046565297
315.28394768133177,0.1112279566210939
318.2844109033566,0.109607999348804
321.28972986128014,0.11047591009264755
324.098547846593,0.11050257500871083
326.0,0.11400163952908202
327.2685931383836,0.10700763391923149
330.3004158004158,0.10585737937466758
333.3033813033813,0.10944504289036444
336.29032643788116,0.10904408709550782
339.0846969498626,0.10535868425226096
341.0,0.1047398526826683
342.2852129153018,0.10614020402475774
345.2880390561432,0.10724699513198785
348.2881219903692,0.10488697566920605
351.2973166368515,0.10765976996584496
354.09193396859484,0.10956375857449106
356.0,0.09861141383327429
357.3085143454524,0.10593308033214838
360.28884325804245,0.1032406180839323
363.31944274715875,0.10400112984559315
366.31309565831276,0.1053371512103334
369.11183946488296,0.10433512856177847
371.0,0.09412696333795947
372.33046451308655,0.10634437382671745
375.33923058655904,0.10349841051911127
378.3141853756428,0.10458060987458967
381.3241034398634,0.10016607326820158
384.32764378478663,0.09907400626334091
387.1092249895645,0.10344755693454206
389.86122114465235,0.10294766206013105
391.56089743589746,0.09654533814463584
393.36062676720076,0.103425831992981
396.33868856360823,0.10310448238142947
399.3511153074472,0.10030587698140303
402.3564525993884,0.10069006882485572
405.11885129371626,0.10042802006834922
407.8560279870829,0.10319897839762679
409.5777777777778,0.09771221416136408
411.32754716981134,0.10657745679646154
414.35,0.10181014689894147
417.35835120324043,0.10106536763339141
420.3548506086315,0.09769835165990653
423.37557105073336,0.09971602348562832
426.12629194393315,0.10151624094524084
428.0,0.11139845718785664
429.3853334971134,0.10166412755693212
432.36965216337416,0.09613140799124013
435.38345679012343,0.09661658859210195
438.3859130648935,0.10029337383331205
441.3657128822301,0.09739622501737026
444.1196013289036,0.10030023170804832
446.8416111035515,0.0989489697986576
448.53985507246375,0.09363783958598365
450.3945979899498,0.09724000616524162
453.4043961533658,0.09923211884140014
456.390792968256,0.09590536388610747
459.382893081761,0.09760386114449059
462.3745670460168,0.09953767145633716
465.4266317887394,0.09722380912743413
468.1347346136398,0.10163760298322426
470.98264248704663,0.09868630082454508
473.84264832330183,0.09738881261911034
475.5700888450148,0.09043388700995364
477.4126824358329,0.09836598256625582
480.42653850954935,0.09460653436248515
483.41535132382893,0.09711875173943102
486.4001312335958,0.097363158692908
489.40230185718025,0.09620233627867099
492.4360706860707,0.09619520867552264
495.4359939759036,0.09701873465221575
498.1319070340157,0.09697427975780977
500.9698361469712,0.10029838405583326
503.8277484671325,0.09596936452098435
505.588319770225,0.09463819291672594
507.4050697733965,0.09543608831587239
510.4381994834584,0.09733191256363222
513.4467044284243,0.09879984560090241
516.428992944195,0.09614738577633536
519.4102497735214,0.09874555140083277
522.4442772972295,0.09368165232079309
525.1471413798198,0.09143983065096392
527.96373902133,0.09575822031028755
530.8086280056577,0.09968847515436163
532.5696996862393,0.09112846348730852
534.4382855706385,0.0946081962492387
537.4497701904137,0.09741397369401321
540.4570883661793,0.09185682444818512
543.4584295612009,0.09451757437727341
546.4405666452028,0.09463680464446733
549.4691869497669,0.09465015514637337
552.4523366967605,0.0960445895593642
555.1657350052878,0.09242391676002866
557.9798498617147,0.09753137949101938
560.8083588175331,0.09225149166434095
563.5717113075603,0.09686675229598414
565.5235482395976,0.0944754283865938
567.481415704681,0.09432100220550635
570.4861038280021,0.09478114258904459
573.491193991194,0.09565299702727034
576.4645907239521,0.09412087480425335
579.4783296008432,0.09399722061169086
582.5043235333245,0.09149828700895246
585.4900617781359,0.09348070090877397
588.459595959596,0.09218721092302198
591.4950548706138,0.09584922567337947
594.5036749966591,0.09375397111302598
597.1715026746637,0.0959201203232864
599.9641786979025,0.09116939979052645
602.9743204480262,0.09129084602428476
605.9695081532547,0.09426052252403658
608.7851317440402,0.09480199781190142
611.5379273504274,0.09662209442165533
614.5252659574468,0.09105497328575633
616.5617792421747,0.09048116632194188
618.4977777777777,0.09429102484228624
621.4829583726256,0.09420054780745088
624.5231915713736,0.09050926352932159
627.4981554677207,0.09329975332749949
630.4804484550177,0.09298030025373241
633.5052974735127,0.09341440977650224
636.5038929108046,0.08922967181872468
639.5245879851143,0.08940953097293691
642.5176454741379,0.08791081940457735
645.5459602649007,0.08650169320778923
648.5209110282366,0.09175446754262778
651.5127650952317,0.08966916585899402
654.5754901960785,0.09535532635001631
657.1954925729896,0.09305678650034203
659.9612143907984,0.09043807848672188
662.9556135770235,0.09340620887357312
665.9614853672005,0.09128123791339919
670.7671793599603,0.09013521104806214
677.0411360757383,0.0897705173432666
683.0696580063627,0.0888898952060934
689.0552739726028,0.09075637433224572
695.0424861234839,0.09004076806391124
702.0393639207508,0.09041508443307009
709.2479513444302,0.09221607200676404
715.7968620974401,0.08864210277647959
722.0844137542277,0.08874564055999289
728.0739000427168,0.09040165911405343
735.2997598242117,0.0901145390641366
742.8065356983915,0.08748940015974299
749.0872976602814,0.08876810512586372
755.1099601035907,0.0906597441849103
762.0005852309002,0.08938679184786914
769.2135416666666,0.08795114965480437
775.8491510390269,0.08854284651398205
782.0715956617282,0.09020510021054771
789.0118856763779,0.08919329944145972
796.1941767068273,0.08751366314484395
802.8147147938348,0.08769485634299543
809.1494467595919,0.08967452887568726
816.0045256453235,0.0867345269701108
823.543057890944,0.08470439011843325
830.1025945144552,0.0861461453673846
837.0627767056419,0.08854946995362396
844.1702213550427,0.08450301613055682
850.8370760919091,0.08532353650462862
857.1913055995394,0.08635246707185301
864.2895658634965,0.08390324355574641
871.7973911903514,0.08691282994627156
878.1579448841982,0.08436860621138098
885.2714435434939,0.085554890642079
892.8568954030646,0.08543582600250817
899.984176847004,0.08469114756320768
907.1277624309392,0.08470035053164204
913.8564415549954,0.08543235635183262
921.279758915118,0.08570284958856024
928.7625737194354,0.08532701891028237
935.2482027998486,0.08426386800345873
942.3488513029586,0.08417827822053377
949.844178542619,0.0840370149178998
957.0316108713403,0.08448457607931562
964.1171028101912,0.085974966972055
970.8424893842888,0.08278361258565778
978.019929167417,0.08238792686386946
985.5164582166635,0.08357999465829935
993.0266770577304,0.08170161146707172
1000.1194594216091,0.08343793243456227
1006.8723660019799,0.08286681189404776
1014.3250469309972,0.08117176313928576
1021.8647529671543,0.08187724976361349
1029.3552161383286,0.08267733140860566
1036.8433718276744,0.08030802159633463
1044.3339729119639,0.08275403405112015
1051.8178013392858,0.08070044914293498
1059.3844738560151,0.08154705339822334
1066.8773768216515,0.07969042343637105
1074.3849740932642,0.08236957010073707
1081.8857516699952,0.08047872923822509
1089.3470920416837,0.08225657828283871
1096.8925492395038,0.08198747347799336
1104.354823584574,0.0822086250732735
1111.8574164715897,0.08103069760479005
1119.3418793367048,0.08182471150258395
1126.9014877641823,0.08205038450947019
1134.3409783192976,0.0808065466095015
1141.873830080534,0.08120851947165279
1149.76938509923,0.08086128393901776
1158.0177569476532,0.08135507964885055
1165.5133558692914,0.08104804620208507
1173.2866069819142,0.08139387119151491
1180.905219386292,0.0799525522126136
1188.364980828921,0.0801380933270596
1196.5476148357805,0.07951376923184814
1204.5398072352787,0.07914094039800693
1212.3989297008027,0.08047719755875549
1219.893037405794,0.08030620063897431
1227.3559598646034,0.08025950491075161
1235.5861472377999,0.07909933305541914
1243.561646546606,0.08233301305734639
1250.96373575095,0.07929795558555684
1258.5113724980504,0.07853127145935383
1266.3871584530932,0.0788317251250952
1273.8833216045039,0.07925877034920971
1281.8256795265233,0.07822138282688046
1289.9946473338302,0.07789221599866664
1297.5259586243246,0.07608296133852777
1305.379165622651,0.07768286423260885
1313.5967898832685,0.07710890871667159
1321.4975742672957,0.079065950685886
1329.4134489426735,0.07600281055756
1337.6493592443294,0.07760334460458009
1345.5468038015883,0.0741411492679213
1353.3820092735702,0.07755821600800251
1360.8893563625627,0.07656642025586821
1368.8611818081222,0.07579828381821703
1377.0166040314316,0.07599653642603875
1384.5256591813338,0.07646784208721537
1392.8777383927015,0.07585744966244971
1401.4396975180973,0.07909387512910418
1409.5444660926403,0.07766969838575931
1417.533439808345,0.07502085831944602
1425.4121285550314,0.07700000769538708
1433.5356000983768,0.07488542517975072
1442.2111764705883,0.0745548257179874
1450.4842345364282,0.07491421014121
1458.410824742268,0.07487097525169456
1466.5077988479711,0.07580246295192021
1475.1523277245972,0.07516586687605649
1483.567223382046,0.0755149781771674
1491.8404651162791,0.07381702142770637
1500.3680940159395,0.07452974207420046
1508.8716080859588,0.07698660929436314
1517.5674969739441,0.0754097210492355
1525.5443196875653,0.07576363571921704
1533.9190049516624,0.07631047261393505
1542.401494927923,0.07525491654318235
1550.930100113902,0.07580824903816712
1559.5982441197668,0.07532582931364704
1568.1797793235787,0.07391632614205389
1576.5337367199043,0.07593045243935871
1584.8894927536232,0.07380744680717684
1593.880187416332,0.07299362056129505
1602.368084227911,0.0744753720923939
1610.929766297663,0.07628422804642447
1619.522691292876,0.07580441292788015
1628.1429875266201,0.07200580660848052
1637.0521526717557,0.0754074985773879
1645.5267687098822,0.07508513471298799
1653.8970206453207,0.07281548220253595
1662.8981287701588,0.07350679952567488
1671.4083995154126,0.07229859895406082
1679.9833702882484,0.07520121031331327
1688.915625,0.07125791568008087
1697.9786492374728,0.07445518484733822
1706.9603457996618,0.07443937395663207
1715.533545676335,0.07354237029410476
1724.11669770329,0.0727808336982996
1733.1136250929828,0.07229090346586198
1741.5311788154897,0.07103605904975412
1749.973156853043,0.07271221829881283
1758.8710379117465,0.07369528599296124
1767.8657713928794,0.07248464276838494
1776.931597912525,0.07091065787965499
1785.9414869935763,0.07018572545896427
1794.9008405485686,0.07116655638271045
1803.9160310236523,0.07229017929323014
1812.998557541549,0.07214256097088087
1821.903284442773,0.07128252670398702
1830.9514732448763,0.07222597235085304
1839.4659169790366,0.07063459681248918
1847.9017947421637,0.07106575333810537
1856.9836977368623,0.07270027779044436
1865.936637190661,0.07134978288523791
1874.958343916688,0.07010171347320272
1883.9563408272265,0.07003240795564125
1892.923919969415,0.07286926134649487
1901.9752197732196,0.07006990824467337
1910.9729160012776,0.07170980003271223
1919.978752,0.0689897014973721
1929.4460598148587,0.07069981908465418
1938.9451338582678,0.07064031761305369
1947.9463201201593,0.07095753258387104
1956.8983050847457,0.06982753169620338
1965.9182102791547,0.0705948560380657
1975.5662998057796,0.06697918228057653
1985.1011574228942,0.07005909891376891
1994.1010074405742,0.06999453230249132
2003.5208258527828,0.07024683427653934
2012.9511684231197,0.06949509648762213
2022.4442751812808,0.07120769531817357
2031.9724830042085,0.06950378941916796
2040.990557996197,0.07009327996055208
2049.903634109741,0.069155371378341
2059.5423019431987,0.06908172244987802
2069.0803355704697,0.07024340370352947
2078.519750648068,0.07050971630726569
2087.9831125827814,0.06860568516654403
2097.4367710813945,0.07123355818147946
2106.9634491114703,0.06900626843412552
2116.511713716762,0.06784730399768153
2126.057955387829,0.06908269877457689
2135.5193977293425,0.06906213734439728
2144.970015497608,0.07040890985542836
2154.4808572116544,0.07038058157157026
2163.9729765886286,0.07089312377850598
2173.5080703012914,0.07026867257796901
2183.095615671642,0.06930798043724828
2192.5198035001536,0.0689356414824722
2201.9654405026836,0.06899373018918391
2211.44766214178,0.06827231250546942
2220.901463811331,0.06834494427135736
2230.4848101265825,0.06813591378092647
2240.118109205185,0.0682433200163396
2249.496723377442,0.07082111793016486
2259.433230885028,0.0718186511681955
2269.4912966469187,0.06920104740846651
2279.0366689513367,0.06915912473062263
2288.483300836531,0.0688180046413502
2298.4796118967593,0.06811184302913938
2308.560960399127,0.06626841336942609
2318.485902971806,0.06880706249561899
2328.4787852001514,0.06831656711701972
2337.94262295082,0.06771564060123317
2347.9556192660552,0.06935707057839219
2358.0760382946482,0.06690581147002066
2367.4070993141986,0.07012334650040351
2377.504876649455,0.06830744722798243
2388.039051439358,0.06688427462579771
2398.5229299765956,0.06748969314119628
2408.504365003505,0.06831439800741514
2417.96796734468,0.06755191768270745
2427.43687696958,0.0680810657572646
2437.9374707807387,0.06823925510488502
2448.450637452752,0.06605299768478705
2458.460690437193,0.06796406763663984
2468.5677109974426,0.06824712005343928
2478.452,0.06721472733248182
2488.5494449079124,0.0668479260349377
2498.5385064555894,0.06832428436851007
2508.38402920082,0.06565923307166795
2518.9871637066994,0.06754475412081853
2529.4787752714037,0.06642427276891479
2539.545624556652,0.06658117571585045
2549.9998783380984,0.06660016271274044
2560.6013741164033,0.06825223280823625
2571.0380291208453,0.06618446585687347
2581.506404892179,0.06788204382352013
2591.542678100264,0.06653954841421494
2602.0412266571207,0.06688135759516521
2612.5001704506717,0.06620860847635072
2622.9749427779784,0.06656290114197506
2633.532691264243,0.06608993173891795
2644.1035217519975,0.06794974172137144
2654.5267227810855,0.06720044893679439
2665.0891318956565,0.06623911019755005
2675.956795511222,0.06710933097945357
2686.40317775571,0.06629870305790499
2697.007037513004,0.06613590429968566
2707.5082919822407,0.06639225104772786
2717.518464302349,0.065576367331961
2727.9364820846904,0.06617634703344079
2739.0047501425042,0.06740493713727773
2749.9911471321698,0.0661207496563589
2760.485309155362,0.068754147438202
2770.96025013931,0.06569244637539808
2782.0453765490943,0.06698686645328243
2792.950283471435,0.06750393668310553
2803.8974798140443,0.0660807331171186
2815.0453880872165,0.06587070082100611
2826.0069022289767,0.06743401168806996
2836.492917655032,0.06660324731595524
2847.016430738119,0.06698117500910374
2857.9199309111095,0.0683093562555758
2869.0065130260523,0.06659710334772377
2880.023379174853,0.06598657895854458
2891.021880508114,0.0648546704072122
2902.050797514573,0.06723095969290835
2912.9778346653347,0.06721333873236288
2923.4564568732217,0.0669867477529239
2934.0244853599283,0.0678739191185708
2945.3963071512308,0.06661244353361509
2957.032590706556,0.06615285602460695
2967.48752787068,0.06669459901928819
2978.3996917239742,0.06807711504947608
2990.0082822279824,0.06729071352948356
3000.9178665977915,0.06488939738783502
3012.505477117819,0.06553194827374847
3023.9880099048614,0.06486640960767838
3034.986712470832,0.06453001668815017
3046.000914614229,0.06434713489015306
3057.5237894736842,0.06534279615474693
3068.917262103506,0.06380159558970759
3080.494983277592,0.06537544857104123
3092.0025198938993,0.06421399286317334
3102.9981479031617,0.06658107786478086
3114.506640907993,0.06591074448946828
3125.978693654704,0.06437051293125817
3137.470028426647,0.06395195581718899
3149.0417505356795,0.06410800968980868
3160.475593160168,0.06484289887418751
3172.02374301676,0.06521253255140227
3183.56920436435,0.06426878719751432
3194.9193268331774,0.06527081289535712
3206.4148736287048,0.06404922302997725
3217.9064437853867,0.061752392284642035
3229.587950054552,0.0649598227337056
3240.9952545017227,0.06465268026445505
3252.486675165422,0.06479227100182197
3264.0582989934474,0.06545227778888084
3275.5397797574856,0.06495025844015738
3287.5017582824357,0.06537612858509195
3298.9554317548746,0.06341819185703262
3310.5592461868146,0.06262797332907509
3322.35870110331,0.06381769118805612
3334.3658429777915,0.06483552065890116
3346.528675308252,0.06493737807828347
3358.508575451171,0.06533499399822058
3370.086734350837,0.062538956671125
3381.4184345723784,0.0649080365091658
3393.509948652118,0.06531041628836767
3405.523448275862,0.06450681149486343
3417.548751524488,0.06422709383083001
3429.5184222496587,0.06354268152341119
3441.4560375901133,0.06648491346825021
3453.983550092048,0.06492321990796683
3466.0393135512104,0.06500300236283431
3477.5871886120995,0.06444962115722323
3490.0201820577313,0.06365504991015876
3502.5166506256014,0.06285925495065736
3514.541903776513,0.06417188382206464
3526.501168224299,0.06371713025885103
3538.503897116134,0.06482787930506412
3550.949009009009,0.06299641047672613
3563.438064516129,0.06403250703784502
3575.412864282469,0.06298983940006209
3587.4352144469526,0.06413833281050244
3600.0151186604025,0.06290422225672616
3612.5502145922746,0.06409821719774125
3624.946117274168,0.06190324485369867
3638.03336828471,0.063706299156556
3651.018195321203,0.06406194905930825
3663.6039603960394,0.06492598995471201
3676.024278256494,0.06309054307375161
3688.9423229669455,0.06495852844695268
3701.5105358217943,0.064156653017308
3714.4806408544728,0.06481387328101178
3728.053507504867,0.06307517823044345
3740.949213483146,0.06423763385794248
3753.991056492086,0.06319301032178597
3766.9831087492885,0.06403127069432087
3780.1274776525456,0.06247923550745024
3792.9316890495866,0.06264892859593396
3806.03906100897,0.06297580211029616
3819.4898736473006,0.06297428270013036
3832.3401879340868,0.06514548160891277
3845.4391283751775,0.06434901359043509
3858.8880790924645,0.06314742718848063
3871.434482286965,0.06332237992775529
3884.4525628967785,0.06503069931911312
3898.0664575196874,0.06438537602351276
3910.9620549854303,0.06386469539417486
3924.0677394238255,0.06431500916135398
3937.003299902944,0.06326822903941276
3950.0647650799533,0.06284985659363553
3962.980603448276,0.06280921129146895
3975.989010989011,0.06412844460038403
3989.429718875502,0.06318954593676161
4003.0758553905744,0.06475755019575556
4015.8646223806304,0.0624883396347709
4028.545398309162,0.0640563594314741
4041.5274638950996,0.06340558395876052
4054.897417456685,0.06422424767726478
4068.5128251445085,0.06363746767403153
4081.951104,0.06176607465568824
4094.9609640407666,0.06045241835076178
4107.982629785002,0.06260544916404247
4120.912059489169,0.062366164112004276
4134.531005637388,0.062228074013779215
4147.988476653567,0.06456558272568014
4161.421978021978,0.06289564967740514
4175.011055868114,0.06390398676030826
4188.455897655628,0.06382857237080067
4202.066083514238,0.06293379283426735
4215.097070426179,0.06094550308579453
4228.614527904962,0.06147730867512079
4242.103318598667,0.06285963610892398
4255.655844551379,0.063323640144912
4269.443383097166,0.06244577225486899
4282.940796483751,0.06164759803429649
4296.444306315266,0.06251658620513945
4309.916105208603,0.06176084623973929
4323.404845154845,0.06081234107537669
4337.554256782098,0.061479932615015956
4351.468328925828,0.06167531962913573
4365.465025824141,0.06146376598597754
4379.468045594263,0.06314655930125739
4393.49929505255,0.06501956881032837
4407.495886596634,0.062298864195721365
4421.512745036638,0.06141034228086684
4435.561986125385,0.06056246483310676
4449.48506218746,0.06153174098052629
4463.421914042979,0.061087652841461795
4477.571328937357,0.060957611832417845
4491.4871477842125,0.06062296322945238
4505.534019583229,0.0605510438472589
4519.509780907668,0.06105678743823238
4534.08990948302,0.060375903261023066
4548.43583709224,0.06188878485134639
4562.529561862086,0.06211833479942604
4576.553931802366,0.062187345935642055
4590.4446337308345,0.06135499852740509
4603.987462286289,0.06209172647148178
4618.055395197445,0.061875450692098405
4633.0756474753125,0.06349606168000689
4647.470196447794,0.06249452203339494
4661.918577910374,0.06488886278153558
4676.778055642389,0.06117238822755722
4691.45803971813,0.06207648549764227
4706.041996386068,0.06126767957637776
4720.493133248476,0.06275578351106027
4734.957151626765,0.06061842312151826
4749.463027819996,0.05998300631321646
4763.896709267148,0.0625094940678384
4778.954862221086,0.0603015253986298
4793.915065017443,0.06080230094941479
4808.947593582888,0.06085257864762118
4823.907225579053,0.06211918995935059
4838.888302766362,0.06251787598999752
4853.967976061628,0.06282172807999263
4868.632437491643,0.06037471022498047
4883.468027128497,0.06215450163031968
4898.9764214584,0.06119048269042992
4913.992553886349,0.060859763837773855
4928.874573486668,0.06273131719391854
4943.895617984654,0.06119809097772443
4959.011278436398,0.061697376412947404
4974.442519098193,0.06123871265729048
4990.003250130006,0.061287955992329606
5005.087455151204,0.06277981952253817
5020.512217304311,0.06137280041640151
5036.077649932507,0.06109213279456641
5051.425341909699,0.06123874424579388
5066.923789638523,0.06257641006184893
5081.950086058519,0.060563495431164495
5097.473943091962,0.06235163878185252
5112.919285153182,0.06019262255465249
5128.529852154766,0.06074697113235817
5144.534288383681,0.06127256192266712
5160.006430024277,0.06155308893271224
5175.371739807034,0.06130684627385778
5191.52947342459,0.061746325163993865
5207.512389885291,0.06079194936327851
5222.975882744837,0.06105519552594172
5238.389027113238,0.06279915075085737
5254.524165671548,0.06094657784208875
5270.593559837728,0.060862855979198445
5286.533459476505,0.060810038689569815
5302.490636942675,0.06066124718858564
5318.596866739733,0.06087983852216916
5334.543028770155,0.062392087636776124
5350.496191926885,0.06175885594404785
5366.414505466565,0.06198029763423622
5382.578322385043,0.06303346963364533
5398.909246261825,0.06404899159797124
5415.001353912808,0.06371270853231789
5430.970667981267,0.06199400705659893
5447.494778236204,0.06087454100226837
5463.498979591836,0.061450372065898255
5479.490155244226,0.06070847952976924
5495.511362908905,0.06104021940824993
5512.002420721375,0.06191497422898422
5528.567679112659,0.061743757097498776
5544.481025510851,0.062429900957249075
5560.534476166199,0.06336475655948307
5576.521798542426,0.06094386192418896
5592.972358908936,0.0605163117378946
5609.528267868642,0.06111181751438374
5625.518839655722,0.062297313738950845
5641.307129917184,0.06152964393779407
5657.922125457529,0.06097834665078464
5675.017291602107,0.06231870365530628
5691.333112495031,0.061742922170943126
5708.465502658289,0.06199870765620477
5725.338123092573,0.06233620361301512
5741.537607402512,0.06095800963158839
5758.105898288388,0.062329361992636285
5774.562920394436,0.06422718811239313
5790.861979327846,0.0610572646094409
5807.414556757107,0.061947439474483765
5823.434535847087,0.063034733795783
5840.059715346535,0.06135876880052981
5857.073248997223,0.061046948516835564
5873.539143670174,0.06312745461249002
5889.942829160801,0.06176591205037745
5906.956037700044,0.06286150758569994
5923.56068420709,0.06152255195872742
5939.978690357852,0.06201322738690827
5956.98834557892,0.06223882313723387
5973.53354248715,0.060583940475002325
5989.88523973676,0.06165635964037561
6006.895760056277,0.06330711673856813
6024.079338431885,0.06059435627268126
6041.020436482907,0.06398383616890733
6058.015150558677,0.0621115234822023
6075.006083504099,0.06522414630540062
6092.4973265356875,0.06345251968525659
6110.061280800822,0.06275597784461574
6126.945780442687,0.061907038427820964
6144.037821482602,0.061518583876860565
6161.456760718212,0.06264910426523189
6178.97792988741,0.06173316977578546
6195.912972937894,0.0641989425013804
6213.523940492561,0.06264040016222379
6231.064921465969,0.0614548491230879
6248.402507383521,0.060922076528970956
6266.0850328838105,0.06294115157483299
6283.475319148936,0.0639244558505365
