D,r2
16.5668016194332,0.42324659158256533
24.0,0.3617797648841921
33.046132971506104,0.3027318449002053
42.05584319526627,0.27628273224723027
51.09467889908257,0.2527489341397259
60.03173996175908,0.23229596113083745
70.49857097491267,0.22359875131605908
81.08961845607809,0.2204633822197323
91.50424736663268,0.21547062776166745
103.58512160228898,0.20742378905135814
115.61115107913669,0.2036786996318219
127.6089364844904,0.19037743613546926
139.7177177177177,0.19086947719677744
153.05801282051283,0.18046012374697362
167.9100511073254,0.185388153489588
181.45844044558697,0.17074214645597893
195.1276378488768,0.16702851248780134
210.16262482168332,0.17044197198609035
225.23039723661486,0.16194860354570875
240.2819647544057,0.1593136355156342
255.164566078502,0.16354379550906398
270.09775817714075,0.16772447636791757
285.17606899029823,0.1511211210795339
300.14088820826953,0.15996077564712993
315.2613808801214,0.15181375805929084
331.41113704568187,0.14584898183786207
348.0818735719726,0.13827166481394282
363.3217741935484,0.14741917472671492
378.3309941520468,0.14230231052303544
393.36356558972363,0.14579662720902506
409.70929466051416,0.140432190426901
426.27835914608625,0.142009873427967
442.72482075793783,0.13040940599938966
459.4045376712329,0.13089020079488514
475.7444996451384,0.1320522784780239
493.91772381297574,0.13343974985101634
511.79773640014605,0.13213173257493818
529.7591486183719,0.1306966827322466
546.225669358266,0.11492733781718277
562.846211272863,0.11347696611755988
580.6827917282127,0.12245038799535177
599.1506696428571,0.11301916123155031
616.7621621621622,0.11735033131068914
636.3405698778834,0.12041715087771232
656.0531400966183,0.12034118168676002
675.1323685139428,0.11610694851263083
694.3063763608087,0.11484327925506656
714.3793604651163,0.11793962190824464
733.7044926413632,0.11439995177129372
753.25,0.11491786066639122
772.7775551102204,0.11106734250889277
792.6015379238029,0.11017519566960686
812.9969845457972,0.11124165967690686
832.5165967188096,0.1062871618897426
851.3154929577465,0.10730276453296003
870.4607948442535,0.10765021331377513
891.2099670208868,0.10708795620900624
911.9492726594555,0.10532030482953333
932.5918367346939,0.10434056825873013
953.1709940652819,0.10191860361858544
973.530998389694,0.10569974869296318
993.673330953231,0.10488795342212358
1014.4207203861864,0.10204342910573806
1033.9875851021225,0.10672144157034925
1053.6002824858756,0.09719096031031989
1074.4010819165378,0.11146778259890026
1095.1843452816386,0.09798235583443228
1115.6390262457207,0.10039860855005622
1136.5830174374526,0.0984740904499608
1158.3720248993043,0.09584375302268233
1179.604471858134,0.1005525960853195
1200.684452975048,0.09682586834901338
1221.4783109404991,0.0901451069916885
1243.4833215046133,0.08600746024655795
1265.1391536408692,0.08552370057826479
1286.168850617746,0.08717929565460775
1307.2030381622824,0.09128007670556466
1327.4938271604938,0.09087300965713356
1347.7201187824796,0.08613277802422083
1368.801282051282,0.0877197903245027
1390.8941605839416,0.0874049200119717
1413.4498894620485,0.07875093168309215
1434.4290159471022,0.08062760600126341
1455.464152352502,0.08153167856693205
1477.409090909091,0.07990632641491377
1499.4205882352942,0.08043952551418439
1521.3351226993866,0.08244858416747226
1543.7712922173275,0.07803455889662071
1566.9401515151515,0.08006769583903325
1590.6685372240927,0.08039680508737682
1614.021439509954,0.0800028128999266
1636.984911354206,0.08033895505761339
1660.4673178061607,0.0791301075716705
1684.0029850746268,0.07324427237666586
1706.5953101361574,0.0789979491337907
1728.5344499429007,0.0757537179664477
1751.2474226804125,0.07548043343725641
1773.9674858223063,0.07182640209112835
1796.996261682243,0.07258618136410865
1819.97614539947,0.07115642323037978
1843.520817843866,0.07512230233623111
1866.9996175908223,0.0747239179026375
1890.0257380772143,0.07628337890755818
1913.0399260628467,0.07668143325566659
1935.5876830642133,0.07727019008200188
1957.8410748560461,0.0756610725164171
1979.8681438430804,0.07291623257058105
2002.415035238841,0.07771306158042605
2025.3684402332362,0.07809980685445296
2049.156001514578,0.0778114639025537
2071.7702398800598,0.07370018070022784
2093.332572298326,0.07119506056693578
2115.5546697038726,0.07268626715072532
2138.0329385640266,0.0763184210488025
2160.2306813856108,0.07739865153069245
2182.9828529733672,0.07598613797702171
2206.234822451317,0.07196545299437554
2229.0435591958303,0.0782045355009834
2251.8987341772154,0.07570538001966239
2274.5962293794187,0.07106514337156555
2296.4415975885454,0.07640481106564086
2318.925172539048,0.07578000725012879
2341.5364583333335,0.07264243298988565
2363.4121647147713,0.0784855492336625
2384.9302059496567,0.07708719632739267
2406.447852760736,0.07668424782518281
2429.030631303698,0.07627180931323099
2452.0889387144994,0.07168148119013978
2475.204261572373,0.07079797918835662
2497.926210607225,0.07158896912745785
2521.5191806331472,0.07306054677817077
2545.433345711103,0.07100541975091829
2568.9579349904398,0.07160215904001016
2591.607677543186,0.06830034542829204
2614.181484202792,0.07343536445385859
2636.857571214393,0.06584937168894396
2660.1510204081633,0.06835489127306042
2684.4493989918574,0.0676856228302229
2708.719291774253,0.06546185337377043
2732.7523593808983,0.06733385716755194
2756.9352571217164,0.06643444026490951
2781.6276355421687,0.06889349011549296
2805.369074492099,0.06825481240668636
2828.760076775432,0.06736095700840793
2852.432422451994,0.06765611435936625
2876.9262448521154,0.06492937839783583
2901.4654701521654,0.06565727548205116
2926.7860787172012,0.07028230860012052
2952.6691928760893,0.07210988537026145
2978.464537690308,0.06932988713188934
3003.8446153846153,0.06530155533174783
3027.75286718461,0.06468865919998051
3053.076923076923,0.0632249167657418
3077.6082202111616,0.06386711432435649
3101.6398973230657,0.0655692210772375
3126.2534945221005,0.06675072874445631
3151.0623376623375,0.0656312445934858
3176.1967087638727,0.06783647672618558
3201.6297681376213,0.06067979954538594
3227.023121387283,0.06321382301797349
3252.569703622393,0.06858199548717435
3278.0335570469797,0.06581304289786215
3303.4038975926633,0.06801483956267047
3329.379842045882,0.06583797151013714
3355.4233468784632,0.06856878051409154
3380.421298095608,0.07038921261775567
3405.2628884826327,0.06592161618096727
3431.1541082923136,0.0648856377082794
3455.9267924528303,0.06390984338926238
3481.6211419753085,0.06431964834969048
3507.762029093622,0.0645795170204975
3533.4473493100945,0.06598014354730344
3558.8786821705426,0.07039451894991973
3584.4732965009207,0.06196055833202121
3609.7750748502995,0.060721483208118425
3635.0207055214723,0.06198700101443095
3660.056603773585,0.06301802679494896
3685.4655044510387,0.06289168666921532
3710.9435783221975,0.06566138836601718
3735.9501499250373,0.061853666563199544
3760.8684920940996,0.06262869709362777
3786.4545788892974,0.06458748197264753
3812.602957906712,0.06316852975555907
3838.7439070116234,0.06756607146174194
3863.9329545454543,0.0682095654354664
3889.2538167938933,0.06622853462760195
3915.343408594319,0.06525434128231347
3940.490852471779,0.06545772861833662
3965.537172011662,0.06328426639276855
3991.5909439754414,0.06286561719563265
4018.2616407982264,0.06228140391686896
4044.5161414296695,0.06631655301865746
4070.6462175385773,0.06331558738939781
4096.717721050684,0.06361181952042556
4122.128871892925,0.06761035309191277
4147.5677997758685,0.061192495989569114
4173.046247156937,0.06289121048142546
4199.423889293518,0.06077887928537357
4225.455681818182,0.06232454496921603
4251.0057164634145,0.06513091421258893
4276.505243445693,0.06562751292206351
4302.0231343283585,0.0643719991381292
4327.273271028037,0.06480799979195034
4353.772239263803,0.06483657618949189
4379.503018867925,0.06903681912072303
4405.005171776875,0.06421579959132624
4430.63149962321,0.05901026430229728
4456.394146712277,0.06193489416152469
4482.4766493699035,0.06415588200178204
4507.983455175067,0.06273492457160221
4533.55720653789,0.06458464879278465
4559.609351988218,0.06432209190926029
4585.481779823552,0.06608690106487979
4611.515995483628,0.06620191936150782
4637.473508706928,0.0634702714204183
4663.345726331928,0.06319855181903487
4689.391626528344,0.06512683546508292
4715.616412922392,0.06404994217214185
4741.410943396227,0.06094972112146523
4766.956422018348,0.06382943117291211
4793.325185185186,0.06429171323524
4819.2125475285175,0.06543651505836748
4843.795454545455,0.06449491711834042
4868.933979858261,0.06247468832120523
4894.9182460052025,0.06592888671776698
4922.285286409585,0.06623782746966232
4948.677927927928,0.06063404722364519
4974.396358000775,0.05870116461520983
5001.16312849162,0.06017632764005788
5027.404044257917,0.06267906135133117
5053.9599264705885,0.058873432613703466
5080.482874162323,0.06228132852785849
5106.330174374526,0.057362692585246795
5132.653076923077,0.06109711906834301
5158.433171096967,0.05992460183178752
5184.537093111279,0.05948852369028967
5210.295142751205,0.06241969111422278
5236.674658797491,0.0632194344181249
5261.811391927575,0.06230822996387022
5287.192816635161,0.062158368066377374
5311.83212790255,0.06167159594553044
5337.196696696697,0.056710377584882884
5362.3784082535,0.059767658273948386
5389.01667312912,0.06261380868106013
5415.993975903614,0.06199735886182395
5443.022484334685,0.06304537644581538
5469.9925093632955,0.060494740228605154
5496.911474164133,0.06255821627167846
5524.210252600297,0.06583734949937127
5551.828947368421,0.06497004200425319
5577.339925373134,0.06365342209943287
5603.563092080333,0.0629760340591317
5629.535810034469,0.06406194611768998
5655.7773709264,0.0611543443965832
5682.156699470099,0.06452294342290175
5709.735870384326,0.06454440444139095
5736.478760045924,0.06426054148705229
5763.855018587361,0.06594663838905371
5792.715498154981,0.06389087040912311
5820.059256390395,0.064304860535831
5847.552661381654,0.06276094408773766
5874.9589800443455,0.06245847147862967
5903.736881559221,0.0631009564318533
5930.389239332097,0.06159492540138599
5956.380748246298,0.06444242612216734
5983.239838886855,0.06695681275517443
6011.475037821483,0.06374131362204088
6040.041635687732,0.06448073748015347
6068.356431852986,0.06320959698715843
6097.601980924432,0.06363771098154926
6127.415633220594,0.06719035403978466
6156.502144249513,0.060383717388395916
6185.20258780037,0.06153062206404552
6233.129479377958,0.06611301990329499
6295.269015754701,0.06109155370861493
6358.035985808414,0.060418042209304294
6419.572252374491,0.06465711661934025
6481.028258263401,0.06438274319218935
6543.436731255265,0.06257922004883236
6606.141929974381,0.060613518980244474
6668.454068685502,0.060517887816417516
6732.7859548669585,0.06296616941545825
6796.525806451613,0.06451681858703893
6861.159757330637,0.06277868447050058
6927.901015228426,0.06467314516067939
6995.097276930981,0.0648621096715569
7060.231040860938,0.062004251407571515
7124.2901475326435,0.06145998004573735
7189.370053109474,0.0636262113750533
7252.9360990297755,0.05967093813809583
7315.434409340659,0.06267632545089054
7377.929006085193,0.06445043987402845
7440.915953699044,0.06276685778254291
7504.071075507073,0.06498985694146936
7565.140386571719,0.06470038974068332
7627.787636239782,0.06566829211199263
7692.371940998994,0.06813308771382146
7757.813758962103,0.06888001968277027
7822.455972696246,0.06790002190319844
7885.882038429407,0.06522931748101407
7949.952055963146,0.06726604279107105
8015.140964673913,0.06444281983812364
8079.54502529511,0.06645346511280631
8142.261282660333,0.06452571787109425
8205.628924343799,0.06398308973732887
8271.366216216216,0.06125564628347063
8336.053313151699,0.06541244800176645
8402.425160853369,0.0629625749470825
8468.72808647188,0.062468073371639087
8532.49669098931,0.06064776545212701
8594.816215295521,0.06205935663338965
8656.088545207342,0.059467171943766994
8716.485052065838,0.060871230107143834
8781.524782830864,0.061301167237234465
8845.953250298584,0.061862096022994695
8909.856925160853,0.061513577578753545
8976.261636699714,0.06191829321349923
9042.367982306907,0.06182489152624134
9106.77698331631,0.06330507356319788
9173.71353549043,0.06008478367411147
9241.695333787466,0.06208757193268406
9311.294068364612,0.06188704075342499
9380.789054557777,0.0631036692757691
9451.42148337596,0.0617904399415619
9520.296089385474,0.06545657795551306
9586.400845308537,0.06551754894212548
9652.7248016208,0.06250377555825491
9720.07726344452,0.06631902424624125
9787.671088435374,0.06256021869613188
9857.076988012832,0.06103260837019887
9924.364342394058,0.06083088365114776
9990.13729159578,0.06439738558247288
10057.009196185287,0.061017086471261126
10127.517926275037,0.061670377354677314
10198.118781725889,0.060718112597543485
10266.859109449355,0.06093228998006933
10336.738638283494,0.059466998389603065
10405.254483347566,0.06430181632137631
10475.124048062278,0.06399472810001892
10543.939928729,0.06559945928291915
10614.777174834662,0.0630030614584351
10686.382993082503,0.06132600672101609
10759.700084530854,0.06129110735282342
10831.74134419552,0.06290874591832578
10899.424401832683,0.06516611813038904
10967.071099744246,0.06421432783274325
11036.478488274,0.06327378797442337
11107.594370018654,0.0661423079101892
11179.35114893617,0.06613608794899924
11253.803436078828,0.06351722178166522
11324.241197482565,0.06500449324413314
11393.102628918099,0.06315299005194203
11462.63835241839,0.06185890586983165
11534.007589812785,0.060127229082408064
11605.44316057774,0.06234461288640673
11675.881669752567,0.06428367565810943
11743.623076923077,0.06124337391494025
11813.82716675114,0.0642521210570243
11884.260223048328,0.0627709072677414
11955.993908629442,0.06050015662336574
12029.175925925925,0.06229998566319668
12101.274779361847,0.06248110172244611
12173.47509318875,0.061728890300415104
12245.542241669471,0.061217296039282276
12315.95729415784,0.06152327968204203
12388.202230106437,0.06070040671818359
12461.1759714916,0.06332799050312735
12533.267639077341,0.06076573790236593
12605.802262749072,0.06559501235039406
12677.685719103018,0.06532114601317039
12750.536263736263,0.06162433558952436
12824.004265483705,0.06314575460664328
12893.27149397999,0.06406549649078865
12964.665485829959,0.06396690200969685
13034.544478527607,0.06585089473749468
13104.800135501355,0.06092926434134664
13179.083627797409,0.06562660024865788
13252.936068376068,0.06672696822150878
13327.442350144336,0.06477282054691252
13399.26820245502,0.06264530379610374
13472.25841550493,0.06847448425433578
13547.323869432166,0.06651234197506994
13621.729885057472,0.06668598194675437
13696.24540503744,0.06250604306290693
13769.443307614894,0.06131947540327741
13841.832254768393,0.06436130866860416
13915.545485403938,0.06355055972809966
13987.232070365359,0.061778624714516325
14060.191467576791,0.06366350375318502
14135.188235294117,0.06441905860606745
14208.410851390548,0.06278601396076564
14281.199831223628,0.06553774798799356
14355.095318573602,0.06478119706298459
14427.921285277116,0.05950331755188302
14500.262350936968,0.05864336159381282
14571.871390194761,0.06090114585510908
14647.58555197558,0.05961823116979309
14727.281282139184,0.06009738692059618
14804.969410174075,0.06356359874596419
14880.455373713514,0.06459544682399837
14955.170356599629,0.059281774011738946
15030.94804306956,0.06264167749182137
15107.859672794737,0.06487946485009599
15188.513700947226,0.06449150189885272
15268.337032610552,0.06432605030157104
15348.15919395466,0.059242662455257125
15427.703201761817,0.06237076297650077
15506.150785519125,0.0614482712710343
15586.925054982237,0.06439821715956438
15665.977560317193,0.06345363459061155
15743.173005093378,0.06124867999781035
15822.258501099644,0.06333858508603127
15900.692751655068,0.06425620559717254
15976.926209952284,0.06252474504923128
16053.452594220043,0.06395269669268694
16131.773674402846,0.06607428589267794
16212.115254809314,0.06366693744677944
16293.119605844377,0.06674602483382422
16374.000511770726,0.0658711325740025
16456.76915288559,0.06395729777542392
16539.123271500845,0.06438378347685782
16620.172378516625,0.06475966162342234
16703.305213430067,0.06468609796674411
16786.88369730828,0.06725574218585728
16870.789924605895,0.06056369243396689
16952.063508064515,0.05859677420776208
17034.03461734261,0.05991441322011394
17114.43804477867,0.060979767443806315
17193.547455064672,0.06344432930183658
17271.73316283035,0.06627286279491569
17350.54737019555,0.06329900806269782
17431.041037815838,0.06206078988091271
17512.433553411207,0.0644717117458729
17595.047837150127,0.06538518255527305
17672.842276144907,0.06140829117417977
17750.436234817815,0.06196142543639212
17828.321690236837,0.06024056738571794
17908.463770546798,0.06377555190500006
17989.979414766927,0.06266272098421155
18071.35467393155,0.05940723353491945
18148.56352286148,0.06114535150075115
18228.62180896027,0.06206836275939981
18309.247419191066,0.059213530682033
18390.720997286295,0.062151316018897534
18469.140969162996,0.06190001767777751
18550.00340599455,0.06115134417660272
18633.027518260573,0.05979703029465683
18715.836559501768,0.06311434056930171
18796.794203395642,0.06569388726198445
18878.45226130653,0.06602353905993509
18956.867550809508,0.064271855195463
19032.840650134047,0.0624944819312084
19114.468506603454,0.0611994490915932
19192.596180081855,0.06481871933259079
19273.64747356052,0.0634751993283498
19358.770134513878,0.06784106704267404
19446.084363882772,0.06069392784410261
19532.884212305613,0.06598467764409185
19616.477949940407,0.06559878243407982
19702.052613770935,0.06565410560292408
19787.520872063546,0.06530559295690196
19873.402728047742,0.0629777604275218
19959.37497889583,0.06165166423462194
20042.564505234717,0.06151795990926677
20126.11541072641,0.06326832118371671
20210.486092265943,0.06562293361534562
20294.221655617883,0.06387425841111324
20376.478613694,0.05918013304184125
20458.031526925697,0.06013969064680788
20539.55273902688,0.06098915676400102
20621.213647851728,0.06024942239981661
20703.950160500084,0.06115659926696676
20785.265354597897,0.0625627698724653
20868.465804695476,0.06409162306408506
20952.83235244661,0.06328609242230268
21035.630703259005,0.06316156744990312
21119.656034916905,0.0667708890172168
21206.327919302446,0.06432691571786489
21291.606515867657,0.05960394663005268
21375.85719125868,0.06477906260852137
21464.072869005253,0.06401441085657954
21553.201085113596,0.05905650751934249
21638.775520568815,0.060823067707907165
21723.502201151372,0.06182508761647988
21809.309673047603,0.059496839226437996
21891.125851498637,0.059810314988058895
21976.717318059298,0.06204389040744551
22062.803948264125,0.0626670909342855
22148.460795935647,0.05988033028433768
22233.564758009543,0.06089867147404157
22321.93733153639,0.061598991384222396
22407.99215552524,0.06221446538432291
22492.575844594594,0.06268140388150671
22579.40220713073,0.06310197077959909
22667.04849301229,0.06326391212537086
22757.670419651997,0.0659405134971542
22844.130449476175,0.0639101757027882
22930.872383524646,0.06140533728822249
23019.132914615515,0.0648049306580046
23104.926887192538,0.06075377378929551
23194.48399119092,0.06438220108683562
23285.888247282608,0.0626331150057132
23376.1973351324,0.06284846902535927
23463.366094201665,0.060500671605110745
23550.470497953615,0.06256163304515762
23638.440040650406,0.06353783824189872
23724.62442825682,0.06313362099404116
23811.6390104342,0.0625605281867738
23899.064735945485,0.06087289703990834
23986.31498987171,0.06257096404437056
24074.050067658998,0.06282920869652188
24159.114911080713,0.05817498746743502
24243.061245149318,0.05813252264568993
24329.76919183398,0.06033549178752705
24416.957504674487,0.06578653727831532
24503.512257405517,0.06374633172061686
24589.894754539342,0.06096091242532728
24674.79935053837,0.06340019933196774
24759.09589502019,0.06317136998231708
24843.744568906994,0.06257478568333084
24927.863357215967,0.06082628054314993
25016.405574324323,0.06257316272032004
25109.990814764416,0.06417539937596639
25201.688715953307,0.06285081429121936
25292.056166469294,0.06325417580566708
25385.08932498731,0.06277812355332352
25481.858620105104,0.06117975480312078
25570.34829351536,0.0621500475121036
25657.721064226404,0.06025843689931516
25746.675598247388,0.06206375022170893
25838.659383468836,0.05932875289678392
25933.81917063222,0.060148795701075425
26023.431699511537,0.06216351579084335
26108.345681119838,0.058135224279662515
26193.673324306026,0.06064668497788652
26278.995112084947,0.06322632253883992
26358.962438108247,0.06236512069963216
26436.409935789117,0.06234367351485223
26517.082047804714,0.06039298165698624
26598.836856460963,0.060134119972421914
26679.429270762997,0.05836468459412072
26758.41121495327,0.059700874503577105
26835.883068604257,0.05825659680320693
26915.99454483464,0.05687029521844635
26996.992223161455,0.05828498067822021
27080.019068511643,0.05914623505650476
27164.604834561975,0.05642660066762758
27246.817085427134,0.055718551400146
27330.62930153322,0.05965569041200327
27414.896743715202,0.060251681267710036
27497.557349192863,0.06660474894626282
27579.476801079803,0.06314764729926044
27662.729173808708,0.06559061802474818
27748.538667559424,0.06283090063783624
27831.966843274655,0.06255957546537885
27917.03897644467,0.06610951007888363
28004.99186854142,0.06329253620396008
28092.451207072423,0.06144884992634532
28179.52137327499,0.06326435376994931
28266.123523455957,0.061120230352232754
28351.655882853738,0.05998755379312861
28438.935352851582,0.0639796512712054
28526.853546521517,0.06412338540323506
28616.795577312627,0.06234586894923323
28710.82062552832,0.06620503934640483
28803.124343554126,0.06510514857906409
28894.344686648503,0.0627232128815558
28981.55427015992,0.06348013604354846
29071.11829599457,0.06272080413171634
29161.727027936722,0.06437439048556226
29253.584838160135,0.0616520987630217
29343.296171361108,0.0586362520381386
29433.522210918956,0.06429637535391818
29526.8610400682,0.06351899945014784
29625.078644067795,0.067282723289327
29721.149183364203,0.06490750329825647
29819.120198902605,0.0649560654677632
29910.866677874918,0.0637830244235621
30003.273372781066,0.0648491525348633
30096.165367671976,0.06560025033025003
30194.981148097828,0.0641828288404869
30293.679669030735,0.06292799571277051
30388.811272850373,0.06091968971471569
30481.13634033829,0.06265900620836937
30575.275008420344,0.0617904253438929
30670.63405920381,0.06618984201243679
30770.54810938555,0.06402184678411073
30868.927966101695,0.06325877266095857
30966.355767592435,0.06449000742527773
31066.777345731192,0.06364152430077666
31162.94124599021,0.05896193265683704
31264.04831575366,0.0623409263170573
31367.104464894343,0.06519987569398655
31467.249789455953,0.05999363907318993
31565.34442169908,0.06120622435064705
31665.022631312277,0.06437035759563142
31764.851921115267,0.0619741431815954
31866.1303178073,0.06516687712313482
31964.329886421427,0.06190411889076191
32061.033361847734,0.059980175517249136
32153.503210544102,0.06467651296548572
32244.706605999327,0.05906305717488687
32332.748589984618,0.05846991699369865
32425.354398382206,0.05845255702956621
32525.87449255751,0.05978591953507866
32631.81938102486,0.057252986333234446
32734.846507666098,0.058230824486028954
32833.76811103588,0.0596597451232363
32931.047375596456,0.06155396182022338
33030.1812057932,0.06209102388266107
33126.90044398907,0.0631071824726508
33222.20439932318,0.06077695198713002
33318.709400269545,0.06308481777934347
33418.8360013624,0.06279367132114635
33515.55386436665,0.062197987857802915
33611.4953239245,0.06241814809180371
33709.118478626726,0.06488062825147049
33807.712157534246,0.06662036146688396
33908.852459016394,0.059547347690289194
34007.97708508846,0.06287854539365582
34109.618363205955,0.0631854209416655
34210.40874167663,0.06050009235723702
34314.39274261604,0.06274672557527965
34420.920710059174,0.06339593572792428
34528.108517887566,0.06428468174634784
34631.92293391922,0.0606694171836132
34737.30388151175,0.05819345808926896
34844.07502551888,0.05796985404191997
34946.75595741085,0.06177046995679029
35048.494916977295,0.058472018554183214
35148.12034529452,0.06188020658033031
35248.95199459094,0.06300194321812193
35351.59496684237,0.0631387696916147
35451.92955355627,0.063481565603484
35554.18548523207,0.06136763548905118
35657.157742648305,0.05953142454216637
35760.33580705009,0.061260837069904574
35862.718605843154,0.062148931754030266
35965.85478714454,0.06494431056413656
36071.21262119408,0.06418942678879522
36174.75262979301,0.06055027221926827
36278.769100743746,0.061039905769215155
36383.53632043449,0.06063138395184976
36487.63853584138,0.06507584384390581
36596.67203389831,0.062073663893261
36706.356113277936,0.06270111348720568
36810.545746659904,0.061094559542688394
36913.14821700186,0.05948333654825127
37017.33668085106,0.06469666268063885
37131.93821742066,0.06386788106787662
37250.4584040747,0.06416250746910311
37368.44289598912,0.06330658997288746
37480.95346082247,0.05985555645127091
37595.00745636333,0.06111944281940921
37703.36199557296,0.0653489451898771
37809.11558550969,0.05816884024953429
37915.144572201556,0.06319580963304862
38021.83452138493,0.061428496860711446
38131.09972677596,0.06317951191152507
38242.9057273188,0.062180068314247945
38357.19885115729,0.06295264238246892
38473.271711528694,0.06239762443417289
38588.63471326773,0.06324933479231552
38701.384328989676,0.06499348919206811
38816.76779661017,0.061276426931309726
38939.59706834839,0.06617047783630547
39059.125530110265,0.0631292474488582
39178.390564448186,0.06702242211026783
39294.56527659574,0.06323269543039552
39409.64817965294,0.06193234281958865
39528.28961104563,0.06463337437981732
39656.43746826874,0.06570672459919764
39777.848258283775,0.06127874110080359
39897.9835704607,0.06057543018022611
40021.08368698014,0.06080507190983364
40145.96844414445,0.06246041721546214
40269.56357740229,0.06306322818899941
40391.1317921026,0.06313606723578707
40519.214902624895,0.06231359566852731
40645.48114656202,0.06250085924554302
40769.7400806994,0.0638948966284236
40892.581530073265,0.06112112163620488
41016.550736913436,0.06468902721611929
41139.94916977296,0.06351646959316685
41264.65915636117,0.06151542069170754
41386.6380451383,0.06301788967523164
41511.09284627093,0.06431894520882955
41633.804087147444,0.06301221115561455
41747.96080436264,0.0635486661724158
41868.31928220755,0.06460415082096609
41994.193898305086,0.06500171376732435
42124.71263193735,0.061405321965711836
42256.26800472255,0.06283697659998344
42391.35389555518,0.0630289080344932
42525.26016949153,0.0601527441707252
42660.604536152794,0.05979482182678345
42797.7129786513,0.06330342024402646
42938.8320687911,0.06689728199431776
43083.039877821146,0.06201863153173415
43220.6164453524,0.06040668225763635
43354.42253044655,0.061360500176012016
43486.11556006082,0.06253394866025155
43625.49226585076,0.06248399151847235
43768.943566207716,0.06163443607484894
43907.3194655843,0.062390703486692234
44044.51108478592,0.064264657835024
44185.86393636825,0.06537543386578104
44324.90188103711,0.06397547357844192
44460.548233695656,0.06582926971295171
44587.69409569053,0.060563282070554045
44716.04978062774,0.06302477229860136
44844.801052452895,0.06710922339157709
44968.99508057676,0.06388822563761425
45100.91097168052,0.0636225970205934
45241.00594833447,0.06489626421882237
45378.82478920742,0.06560094638222641
45509.410860655735,0.06324082719067287
45634.67121212121,0.0631223685197693
45761.12538174415,0.061868892882080515
45890.28738754032,0.06353073227935088
46018.19360838688,0.0620783828931927
46143.050575101486,0.06280960397341717
46264.4760197986,0.06185419575785372
46385.949300993765,0.06640932745153813
46505.709759403595,0.06395697924772002
46624.190605854325,0.06201662091754638
46747.52335654833,0.0629213114009289
46877.96586107825,0.06092117542396993
47013.08886255924,0.06079100054883007
47142.92017738359,0.06405042811756714
47272.91254431876,0.06099821570185585
47405.03025693036,0.06330802299840342
47537.118546195656,0.06835677662818515
47668.46575110207,0.06353232743300993
47802.469810040704,0.06334309640892932
47941.30520250805,0.05963777868877814
48077.18381483359,0.062222850246170594
48218.3232443462,0.062356853272351465
48359.68621800305,0.06240249821741144
48495.15572519084,0.06113692719500949
48628.77061113933,0.061865078717769736
48760.79380741749,0.06115196867127052
48890.64541160594,0.06246232883339209
49028.31829700963,0.060768543693325267
49158.3609073853,0.06336523534780436
49286.53367174281,0.0638846843833066
49415.74741656785,0.06207164883963502
49540.171157430945,0.05997127967958421
49661.40462427746,0.060619228549642155
49790.57029535865,0.06336552018068703
49919.90887412707,0.06457492014042464
50047.42264214611,0.06509976275760343
50178.359573387504,0.06143992060212746
50313.2669960811,0.061613533271976044
50447.63983122363,0.06119056163846785
50584.8111580727,0.0640080883976223
50720.138200339556,0.06227208683248067
50852.58704865231,0.0633862798887966
50980.77057525878,0.06513729603418876
51106.338250254325,0.06532423248190487
51236.063540604824,0.06006969326641232
51359.93577208361,0.06380791395211229
51488.4637433885,0.06412317274387745
51627.500674081566,0.06170152078595126
51767.23528416779,0.06477284724962644
51907.78538579458,0.06338211920176262
52049.85774983005,0.05978411941456576
52188.36960568624,0.0589339010245489
52335.35885733604,0.06561007181548661
52491.56697713802,0.06423917805005164
52648.14140040788,0.06506675902169104
52793.60179843909,0.064649713077527
