D,r2
10.58366935483871,0.1309007605745231
16.695108077360636,0.07750968135565446
22.632575757575758,0.07049083513660515
30.01531914893617,0.04903133336629391
37.5171939477304,0.04345646134554357
43.78232189973615,0.043791710292316134
51.19457013574661,0.03808175157069141
58.6771978021978,0.03896250874964303
64.59779614325069,0.04292112286596867
71.9971346704871,0.036944769861968575
79.63165467625899,0.036884234808821914
87.27895266868076,0.03253412273869755
94.65507246376812,0.0325552575698197
102.17526777020448,0.03321429082769341
109.68941504178272,0.032558004458814446
117.24636275460718,0.029331380072663085
124.64766081871345,0.03253017769428869
132.20289855072463,0.027918401763350864
139.707423580786,0.031567619264411526
147.25025536261492,0.03080356158161516
156.06910994764397,0.0293004667168517
163.73792093704245,0.029089586982848435
171.19037656903765,0.02978828406456551
180.28481012658227,0.031928028353614295
187.73065015479875,0.029898139521558818
195.23223223223223,0.027954676467581416
202.69093610698366,0.025269965035238
210.0852557673019,0.028666174556415458
217.65727699530515,0.024594387059312228
225.23839009287926,0.027057598053380667
232.7122186495177,0.027547133970544313
240.25200803212851,0.025800459558861455
249.15723981900453,0.025328269988765334
256.51523947750366,0.027599197122329146
264.0093457943925,0.026634731759173094
271.466472303207,0.02283310082584534
279.2838847385272,0.026317414967693863
286.74959083469724,0.024408408287512152
294.2934196332255,0.025893317019070303
303.2416851441242,0.023391139270498674
312.1156930126002,0.02482804224881233
319.5070224719101,0.026032661713043238
327.28950159066807,0.025275171451903135
334.8009708737864,0.025274710488136863
342.32553191489365,0.025804179076489683
351.26553672316385,0.022917157589030263
359.92417061611377,0.023232547135522783
367.29583975346685,0.025334172857403216
375.31098901098903,0.024238434937409556
384.1879120879121,0.02450603420499972
391.7325769854133,0.024390813702849658
399.3632567849687,0.025818375442188235
408.419795221843,0.02225046419579214
416.97849462365593,0.023108281632711232
424.5743440233236,0.022838676231513817
432.4117647058824,0.024323871016093318
441.3524130190797,0.02374014904787184
450.1141826923077,0.024118691277906352
458.7339782345828,0.023697992917457493
466.57507507507506,0.02490524695494598
474.51903114186854,0.022611991749739265
483.2934131736527,0.02036876954179682
492.33608490566036,0.020797971450550706
501.4222222222222,0.021485504724937047
510.56280193236717,0.02171334497670598
519.1850220264317,0.022337670411652553
526.7386541471049,0.021279648285493377
534.5080731969861,0.022318857725426886
543.5786516853933,0.021793070629913244
552.34375,0.022567153278203626
560.8180677540778,0.021370709666580504
568.5757575757576,0.021272040061419098
576.5846681922196,0.022572024825189156
585.5377468060395,0.0207346539928736
594.6252983293556,0.02068306136724972
603.5876168224299,0.021366237687160176
612.5906862745098,0.021600863257999762
621.5507075471698,0.022253626746333306
630.6925837320574,0.021291579496255646
639.4445828144459,0.020352927347185988
648.6638655462185,0.019406577478865948
657.290523690773,0.0215085069096693
665.760663507109,0.024166403704075416
673.4877384196185,0.021114649852278854
681.4774114774115,0.020297389605253763
690.6705744431418,0.02230411502216032
699.5266742338252,0.02005080027486754
708.6411543287328,0.02327236412826643
717.6900921658986,0.02045548748152755
726.5532435740514,0.020277120645932598
735.4919254658386,0.022881138986441805
744.5749385749385,0.020572429782995845
753.5864928909953,0.021291210943198864
762.7171717171717,0.022195845969795902
771.5792141951838,0.01989113478434893
780.7771226415094,0.020779634823823192
789.5365853658536,0.019802238911854085
798.6133004926108,0.020154109472657857
807.8288707799767,0.018843303721682216
816.2851662404092,0.01804536676722467
824.9855595667871,0.01688215638975426
833.9854368932039,0.019993864226928896
843.4132712456344,0.018858452111225513
852.6863753213368,0.020043145778716447
861.7784360189573,0.019519866078417533
870.7817509247842,0.01938782463954316
879.6826923076923,0.019053281513695203
888.6903914590747,0.018807839504433977
897.6054254007398,0.02054786778047343
906.8540669856459,0.01955188050193087
915.2927135678392,0.023088255164360916
923.8706166868199,0.02025024209110166
933.0303398058253,0.019547798127036612
941.9022646007152,0.018785481891826696
950.8861076345431,0.02111972827703658
960.4583821805393,0.01714944750219177
969.7665463297233,0.020570534720645326
978.4151670951156,0.02020648659279329
987.3873325213154,0.020156897050309545
996.7299741602067,0.020062016321506233
1005.8157575757576,0.018236396498814377
1014.7490996398559,0.021504506451610002
1023.825,0.01783114301571369
1032.78335373317,0.019632375743307142
1042.8488372093022,0.017610615083411198
1053.0300261096606,0.019492424235471283
1062.327124563446,0.019420289352223175
1071.7131474103585,0.017913183936758018
1081.545157780196,0.01813565114831045
1091.5681265206813,0.019118321500942646
1100.588679245283,0.019254325008972693
1109.1851851851852,0.017524115698225068
1118.9204152249135,0.018226080184612196
1128.646505376344,0.01794632479476168
1138.6485260770976,0.018815787486260123
1148.5837320574162,0.019459928272550844
1157.854033290653,0.018942172367279336
1167.009708737864,0.018662155164591503
1176.3589108910892,0.01842780760640973
1186.4619686800895,0.019064145864959223
1196.1179422835633,0.017893318192014944
1205.1601016518425,0.019636397205061187
1214.4890173410404,0.018365037330894077
1224.359096313912,0.01969365641266684
1233.8284960422163,0.017046265378043074
1242.749373433584,0.019507969937278893
1252.4682814302191,0.01893683970761412
1262.393111638955,0.017248448037031103
1272.466091245376,0.019915550520638422
1282.4649227110583,0.01914852959037855
1292.2949367088609,0.020042638426880463
1301.5866819747416,0.019067330754983798
1310.8893081761007,0.01807720917820532
1319.8962962962962,0.018250029867090126
1329.4233918128655,0.019053034960657023
1338.8795031055902,0.018611616098612123
1348.145958986731,0.018570536177655805
1357.4607390300232,0.01726120882621143
1367.1485788113696,0.018711750017920657
1376.1727493917274,0.017163751007792657
1385.0925,0.018252419643776708
1394.4675324675325,0.01812389458917408
1404.4135514018692,0.018319287250125868
1413.9539641943734,0.01846973759123346
1422.858418367347,0.017581531187731394
1432.4247491638796,0.019371427160399038
1442.0843373493976,0.017794562984253144
1451.0479704797049,0.017982505420570543
1460.5721096543505,0.017118973232817816
1469.8985879332477,0.017145571077217665
1479.3905529953918,0.018403527666994886
1488.8409371146734,0.01971737420781665
1497.9364881693648,0.0190184059658417
1506.9092039800994,0.017524196884639402
1515.8663303909207,0.016096864979891042
1525.89704271632,0.017221353361914354
1536.032869785082,0.01575991854249587
1545.491898148148,0.01738753622063019
1554.9226869455006,0.016510628195302322
1564.713422007255,0.01905753384203272
1574.1256097560977,0.01748856143632511
1583.0396927016645,0.01870987052834775
1592.4678692220969,0.017332354827862776
1601.903350515464,0.018085032901455182
1611.5496368038741,0.017880325093963666
1620.9350961538462,0.016574212771363887
1630.3724792408066,0.01789731442462197
1640.110275689223,0.01919630084619908
1649.4051825677268,0.01703110785076531
1659.6794258373207,0.01817618647837472
1668.8970976253297,0.016005323492944628
1678.0524390243902,0.016516176837945092
1687.5061867266593,0.01824696201047155
1697.4491017964071,0.018544487232453003
1707.4776119402984,0.01745115101028643
1716.9721871049305,0.017491081645557505
1726.4567474048442,0.018478627647139038
1736.603305785124,0.016536802868529012
1745.941634241245,0.017485157061416123
1755.580684596577,0.01643563910557974
1765.6184690157959,0.017380268259394514
1775.493552168816,0.017889228480812116
1785.4561403508771,0.016462753255495555
1794.840616966581,0.016927838348850935
1804.7407862407863,0.0161901315922809
1814.390452876377,0.01652037911211635
1824.0545229244115,0.01638939674824049
1834.0454545454545,0.017406603816288814
1844.7185990338164,0.015866645895783908
1854.3246592317225,0.016856143294424877
1864.3416965352449,0.01641964850992184
1874.013071895425,0.016854882127637954
1883.294674556213,0.017962267047529627
1893.4409638554216,0.017946865901669603
1903.7861205915813,0.016454641879341526
1914.6062111801243,0.0170290114263832
1924.684147794994,0.016680436079532505
1934.0496815286624,0.01677010656147682
1943.7070588235295,0.016709575982165305
1954.5397590361447,0.016387174172154535
1964.021711366539,0.01712774205439229
1973.4340527577938,0.017746200565554753
1983.36690647482,0.015259122425346926
1992.8392405063291,0.017174846946626528
2002.5917647058823,0.015890888779558788
2012.577380952381,0.016989246382478007
2022.4667458432305,0.015540496611907078
2032.271375464684,0.01659242617852159
2042.5333333333333,0.017501120578644187
2051.9261658031087,0.01698401522489261
2061.570414201183,0.0167876202892333
2071.5278766310794,0.015518470231317295
2081.502409638554,0.015603538315959882
2091.426783479349,0.016196719585988388
2101.6324582338902,0.017336327970494253
2111.5485436893205,0.01632190549480254
2121.5854858548587,0.0156609126010796
2131.0689655172414,0.01644353530745124
2140.614668218859,0.016096481310164616
2150.0975609756097,0.01622937564653746
2159.4466130884043,0.017632122675438133
2169.4758961681086,0.015609468286775967
2179.0167525773195,0.015521924944735803
2188.522093023256,0.016140922081153145
2198.4518518518516,0.01626090924461581
2208.4956843403206,0.018043447384580965
2218.9473684210525,0.01592569478199272
2229.9405469678954,0.016649338667890538
2240.940281030445,0.016342665249548076
2250.8339920948615,0.015744166858540395
2260.577108433735,0.015742888584130275
2270.407451923077,0.01672114042544808
2280.4193548387098,0.01504803048166657
2290.4218928164196,0.017705060709987227
2300.4767025089604,0.015334731799904749
2310.3500597371567,0.015453119786862991
2320.6188679245283,0.015591156921134976
2330.5353535353534,0.01648852986099117
2340.6112440191387,0.015184221220976242
2350.6136890951275,0.015447963156143957
2360.4857496902105,0.016325580107976828
2370.433090024331,0.016854421126307313
2380.5342820181113,0.016932910739876798
2390.8845726970035,0.01592696917973131
2401.532687651332,0.015992667340801157
2411.74412855377,0.015876409372449492
2421.5609167671896,0.01670764131621448
2431.7653429602888,0.016309722856904855
2441.4934210526317,0.01566417542097663
2451.4749373433583,0.016012608630362305
2461.4598370197905,0.016114350060965017
2471.623296158612,0.01712321341291683
2481.752808988764,0.0164358330001819
2497.9188741721855,0.015481954802720839
2519.7616150442477,0.016710374558311356
2543.4244875943905,0.01601433427049519
2567.053362979433,0.01577246252238132
2589.460612691466,0.016769385949161577
2611.7480790340287,0.01633775336295114
2634.56718924972,0.015652907892812956
2657.045926735921,0.015929279955997057
2680.15672823219,0.016204223587681546
2704.0327595780122,0.01566263809153332
2726.4529247910864,0.015631533685217226
2748.822006472492,0.015920545517507267
2771.460360852925,0.015203695133978066
2794.184168012924,0.014668621307988588
2816.432356257046,0.01610129829163995
2839.0100369783413,0.01502604125508381
2861.1218697829718,0.01546081879394244
2882.9419813902573,0.014894816924732414
2906.1811713191023,0.015229198201655242
2928.768975069252,0.014816862926117065
2952.307027027027,0.01387063988214092
2976.0665566556654,0.016951366351148925
3000.0609492988133,0.01605831425810201
3024.494008714597,0.015405220128758623
3046.867955801105,0.016642553997545412
3069.764836383805,0.01525187886401532
3092.861186717474,0.015531046539020767
3115.9703745109,0.01505232493285523
3138.935307017544,0.016591012464047504
3162.6416309012875,0.01591457543763566
3186.3882606354337,0.015564879645419315
3210.3808188446437,0.014603728332099946
3234.8698001080497,0.015753096968755122
3258.402216066482,0.014644078553441929
3282.0381215469615,0.01517695050119995
3304.976438356164,0.015166306335474179
3328.566792861006,0.014957733282600182
3353.2199124726476,0.015818020063125743
3377.7224061810152,0.015155676003047536
3401.184836745988,0.014665161850377199
3425.034611288605,0.01513386270311195
3449.253143794423,0.016233484707721457
3472.495280399778,0.015586786233620581
3496.796646836128,0.013908674267141987
3521.702819956616,0.015288248245416795
3544.847285067873,0.014701860664218871
3567.968262506724,0.015131153015978387
3591.469074986316,0.015338188576658945
3614.006148686417,0.015215505269339747
3637.3248785752835,0.01510373751244699
3661.9315589353614,0.014844822534484268
3686.7949134199134,0.016433880739681776
3710.9573879358054,0.014833315889892977
3734.4695121951218,0.013777888416969631
3759.386301369863,0.013975567461641617
3784.3276231263385,0.015666508317269526
3807.7318156579677,0.015333765215944034
3832.2592391304347,0.015411024079104316
3856.0675152185945,0.01565592459910432
3879.8229613733906,0.015001458172536569
3904.7178924259056,0.015012268381519875
3928.2353942144073,0.014515701962881891
3951.765273311897,0.015336028073015439
3976.513558384062,0.014404141769044056
4000.7603439011286,0.014418405615610603
4026.85199556541,0.013854491957112207
4052.230727173319,0.016115211987873624
4076.4413223140496,0.014908909610506088
4100.36289445049,0.013602537942510907
4124.791913746631,0.015150910477851708
4149.501949860724,0.015108425212581843
4174.464169381107,0.014892630058481416
4200.048056155508,0.016042059303019662
4224.581316826111,0.014670549642670614
4247.839869281046,0.014455731113825808
4271.971538040503,0.015595690948452468
4296.512315270936,0.014183970537262837
4321.0898815931105,0.014668902961178266
4346.511716621253,0.01448361041390014
4371.574125485841,0.014404879718691366
4397.05953693495,0.014102495170378574
4422.265217391305,0.014605286891421548
4446.856675749319,0.013818821082118689
4471.5508615897725,0.01375217115782201
4496.106359649123,0.014927908023646576
4521.093184238552,0.014745545012822252
4545.73322147651,0.015397220340873638
4570.5082508250825,0.014706578051147954
4595.923034934498,0.014611065006213035
4621.009402654868,0.013819845031109362
4647.054874800213,0.015029826244917744
4672.526228602982,0.013519351981306759
4696.614484679666,0.015048672603580917
4721.2532188841205,0.014607753806099386
4745.788439955107,0.014365262208213287
4772.141798941799,0.014269312339656606
4798.307522123894,0.013419442563454483
4823.9517470881865,0.014943347223879352
4848.4856988667025,0.014098397040413381
4872.455598455598,0.014021867255800369
4897.422869471413,0.01627687580509868
4922.8184357541895,0.015114375033928148
4947.103485254692,0.014359224304821222
4971.413929784824,0.015234774124566457
4995.670114316821,0.014278390641307745
5021.034388646288,0.014548109971902546
5045.5218317358895,0.014432527880774398
5069.987878787879,0.0142924607738142
5095.38241881299,0.013938608253871873
5121.062061521857,0.015868730859764188
5146.1461538461535,0.013945513710571856
5171.452380952381,0.013939037199183643
5197.41270718232,0.014752294597885896
5223.0270121278945,0.01488996015407935
5248.480965147453,0.014499887045271616
5274.293854748604,0.014952661083999737
5300.1126992853215,0.013843687533910298
5325.521975040694,0.013353054310211908
5350.7548746518105,0.01432958437915869
5376.0565524741705,0.014649828208894471
5401.409139213602,0.014492720853936191
5427.470686767169,0.01397254815248914
5453.524250681199,0.014436876529828111
5479.620032661949,0.014759100073069471
5505.309328968903,0.01432539062734372
5531.7625,0.014098629324002803
5557.756205184776,0.014457423283467838
5583.26084538376,0.014237007484299966
5609.635962493106,0.014447536726319713
5636.333876221498,0.014147716629667115
5662.185225420967,0.015015531121063148
5688.418528610354,0.014075469761368748
5714.900658616904,0.01429570306489584
5740.637206764866,0.013473368726152879
5766.237090505275,0.015237827565436573
5793.234077299946,0.014546347498494934
5818.9405225125065,0.014483950091186089
5844.9750406945195,0.015144515009980469
5871.251867662753,0.014909057347155733
5897.052660449808,0.01419256071865566
5922.7186644772855,0.013536080233757094
5948.338682899834,0.014379234420580034
5974.189520624303,0.014152681516790144
5999.423286180631,0.016510192642565532
6025.516495402921,0.01459951645213162
6051.0106442577035,0.013805690943056186
6076.81837721655,0.01422603949013223
6102.456906077348,0.014747143357626582
6129.145922746781,0.01475771548201916
6155.119638826185,0.01498008266979383
6180.6682564917855,0.01432135661200454
6206.579614325069,0.01422735380819127
6232.858310626703,0.014191982629149329
6258.0127494456765,0.01426199290351689
6285.202490525176,0.01293636492866162
6312.031543995573,0.014125172117576228
6338.797573083288,0.015202087637214118
6364.797709923664,0.014245688068442692
6391.711507293355,0.013343162430933172
6418.1041080472705,0.013460047147749883
6444.1427810335645,0.014882115552636658
6471.82281952825,0.013932725897747326
6498.305309734514,0.014113297457338405
6524.323481998926,0.013962376395328805
6550.384745762712,0.013758248887456588
6576.708401976935,0.014483683338706362
6604.029946524064,0.014136597243142288
6631.389195148842,0.012985921103439591
6659.079105291871,0.014138950865193756
6686.173724212812,0.014166328069127683
6713.479155086159,0.01356630955152995
6740.701533406353,0.013539300572309796
6767.61072386059,0.013588586017925043
6794.981961668545,0.01460133367934183
6822.347897323867,0.014590526618456444
6849.669560499186,0.013924962077456325
6876.150384193194,0.013367893789492534
6904.478425026969,0.014521735115909186
6931.2608206857785,0.014466070197451431
6957.899624261943,0.013953827432888291
6985.305555555556,0.014290623901979379
7011.594803758983,0.013790146853377233
7038.092004381161,0.013746216353694843
7065.621964679912,0.013248222998031871
7092.938562808557,0.013728089165963056
7120.347125201504,0.014308718920529458
7147.777656078861,0.014100994211603693
7175.3817679558015,0.013939243729773895
7202.508361204013,0.013059982014945133
7229.208663497095,0.014474243599895215
7257.572611816676,0.01366858063243118
7285.495119305857,0.014139536133014712
7312.657703081232,0.012717338629144438
7340.535126234907,0.013924109528100553
7367.848209513629,0.014036545430011446
7394.938547486034,0.013102193890504906
7422.433205057724,0.01419323293997215
7450.725745257452,0.012788471966364925
7478.213096559379,0.013909112468426823
7505.592391304348,0.013395860954416304
7533.346983951301,0.014650350442505065
7561.195870831128,0.013757322845643277
7588.197427293065,0.0135029206879805
7615.542656587473,0.013259443148607657
7643.127272727273,0.013831709772337865
7670.983498349835,0.013628315064894543
7698.537634408603,0.014616352569917264
7726.167594654788,0.013331957820373722
7753.395489548955,0.013726427878047296
7781.910800644815,0.013274615951632509
7810.518316019683,0.013626193576860414
7837.741051454139,0.014807789253714782
7864.948590381427,0.013925315174635747
7892.579117330463,0.014643767562436738
7921.995594713657,0.015073027473986401
7950.085855806274,0.014620333823403659
7978.204266666667,0.013830230625154238
8008.092857142857,0.014298692659802065
8036.943375481033,0.01421214953419648
8066.20232172471,0.014972402766164447
8095.330560177482,0.013331940820090211
8125.626841243862,0.014279198199311173
8154.363735070576,0.014534451385027654
8183.020833333333,0.01365818489990952
8211.679265658748,0.013716529175537215
8241.5733995585,0.014031338717004873
8271.39027027027,0.014829028317765171
8300.679465776293,0.014301567949278955
8329.26072786529,0.013226774766746578
8357.263101026472,0.013644502799430634
8385.87980241493,0.013356322910017161
8412.957470621153,0.013253653672739146
8441.606406080347,0.015122519399396458
8471.079004329004,0.012637034954129212
8501.271733187534,0.014694623189684423
8531.008913649024,0.014692196555726535
8559.964562569214,0.013293244175696488
8588.879114948732,0.014152410995385764
8618.186199342827,0.015158872683114308
8648.901323043,0.014212466123758783
8679.733556298774,0.013541841585380363
8709.397442727757,0.014871140619687011
8738.80803080308,0.014844773148855408
8768.027624309392,0.014429848422572219
8796.810825294748,0.013615923464309471
8826.350700280113,0.013173148479673148
8856.194414607948,0.01428726152294724
8886.765547605944,0.01409761861415941
8916.371851040525,0.013725642106968635
8947.027041942605,0.013989616359203335
8976.079459459459,0.014551516613739665
9006.93417443774,0.01386074498590895
9038.303309820943,0.013905148620206111
9068.194288913774,0.014247519417554071
9097.546681057744,0.014408538237696987
9127.821717990275,0.014325206046274262
9158.218802462226,0.014035106827432831
9187.295217152281,0.013925256974046478
9217.504934210527,0.014254389278638367
9246.71329418046,0.014202629300493914
9276.462353597322,0.01389174166647279
9306.253723110865,0.01346733206066986
9337.295342465753,0.014927864873995148
9367.911987041036,0.014393045428096536
9398.378201634878,0.013605411340902008
9428.819073569482,0.014808584675683589
9459.177463255308,0.014807455508814961
9489.937086092716,0.013148108986411874
9520.97830802603,0.013867822868139592
9551.966923925027,0.01377737682777183
9583.09972299169,0.013604664115035305
9613.820385674931,0.014486460604877557
9644.903402854006,0.014201879477580967
9676.208559046587,0.013432774108748146
9707.481121898598,0.013286810639612843
9739.12360178971,0.01417271555805156
9770.560150375939,0.01488131321534339
9802.271530444323,0.014419876027288107
9833.546621998883,0.014349214502609993
9865.381515314348,0.013459355395527558
9896.939772110689,0.01333099027106485
9927.783397471138,0.013575916033304145
9958.88265019652,0.01382683742088049
9989.583925642428,0.013337540813151683
10021.725447639717,0.013968019807651543
10053.438775510203,0.014249260151860624
10084.210201793721,0.015284976616253946
10116.168204015192,0.013541909078703826
10147.903581267217,0.01399159305738364
10179.152478448275,0.014209787974313598
10210.440594059406,0.013767175510565673
10241.350301039956,0.013864643618736504
10272.468508287293,0.014954393670136118
10303.820304017372,0.013704772415435518
10334.646153846154,0.013856014803020504
10364.520798668886,0.014001477996257004
10395.727961060033,0.014115900228697329
10426.406077348067,0.014820747399609705
10457.212088505126,0.014091407794430107
10487.432387312187,0.014148240610913292
10517.786559139786,0.014459269371665067
10548.634320175439,0.01413743885409101
10578.236414565827,0.014095172705780968
10607.105147864184,0.013715227942849224
10636.766345123258,0.013895862298932833
10667.365311653117,0.013297524678049033
10698.375555555556,0.014295859033112857
10729.46288209607,0.014717346301400305
10759.862242052426,0.012513765458042237
10789.159913560237,0.01349524367148323
10819.173376274826,0.014687918667167916
10849.191583610189,0.013107676609186037
10877.875900277008,0.014164534433396221
10908.828250401284,0.014352763268341387
10941.13694091662,0.014149382474215875
10973.49266702879,0.014302357621243357
11004.850195640023,0.013176099247304132
11035.430652995143,0.014955811479830917
11065.730444569499,0.01500601268868312
11096.454106280193,0.014911352954691606
11128.392974753018,0.014138599348325736
11160.157088122605,0.014046625060545803
11191.560506050606,0.013585809490282756
11223.835230352304,0.01526507629703532
11256.898037077426,0.014355355533051454
11288.608913649025,0.014077290422836121
11321.385477843032,0.014642628387834747
11354.556997742664,0.01329321685708927
11386.47634584013,0.01416150436988391
11417.918122270743,0.01347477606227321
11450.315618221259,0.013333112280679151
11481.311951754386,0.01322800968007194
11512.863238512035,0.013122611531088402
11544.03501094092,0.013243533781559692
11575.684181415929,0.014038402137895995
11607.523731587562,0.014525199957679317
11641.623789020452,0.01465008574052118
11674.685855263158,0.013921984166448454
11707.055432372506,0.013170332065871235
11738.076923076924,0.014441359000060647
11769.048660470202,0.014353926008537896
11801.121951219513,0.013604725980509205
11833.746896923907,0.013282789054233472
11868.593048128343,0.013398714342185236
11903.130892956184,0.015052829078360317
11938.250675310643,0.014013337361197833
11972.898678414096,0.01375182473309917
12005.712548369265,0.013621196627828003
12040.420708446867,0.013089525173113445
12073.871319520174,0.013670529955037288
12106.715859030837,0.013570977361046234
12140.316722037653,0.014226508391102947
12173.716223548563,0.013891880869206431
12207.345819761129,0.012705572315626332
12241.270391061453,0.013518718819797769
12275.616042780748,0.014108767346052686
12310.531456953642,0.013262354516343501
12343.470173535792,0.012745259852252956
12377.267729521715,0.013783880884719733
12410.459251101322,0.013282509259531372
12444.90597826087,0.014408687223167658
12479.042238069116,0.01327086743258258
12511.338444687843,0.01403762576156724
12543.729907053035,0.014480678608344474
12577.41448801743,0.014634390962192554
12611.389617486338,0.013700310004060846
12646.589010989012,0.013450400014667248
12681.090258668135,0.013333369147481917
12713.656830601092,0.013590504507450798
12747.664477285167,0.014255381829249751
12780.87699066447,0.014237244495515946
12813.83214089158,0.014667021606876555
12848.115214994486,0.012811163826180904
12883.029972752043,0.013601840292510587
12916.47921225383,0.013633891070307932
12949.379310344828,0.01428058221238952
12984.347016967708,0.014680097645318994
13019.004383561643,0.013563343431638522
13054.001112966054,0.014143321463908417
13088.11486849168,0.013986150336596144
13122.702163061564,0.014825077531290918
13157.541576673866,0.014235230356216747
13192.941885964912,0.013710817539966424
13228.01805251641,0.013347367143083587
13262.782800441015,0.014331057127898884
13296.8591160221,0.014333260087248011
13330.970572498662,0.014139448234925446
13367.616013071896,0.01431330867652609
13404.11013215859,0.01442715257430585
13438.603678929765,0.013226587164773115
13472.392895586652,0.013300286735502872
13506.14564732143,0.014298114587218134
13540.38996763754,0.014478991045867445
13575.918918918918,0.012592489657175856
13610.570189701897,0.01331907277958789
13644.991712707182,0.014327618492900287
13679.849567099567,0.014616084388745811
13714.849344978165,0.013804824351378822
13749.565241532482,0.014858856203727882
13784.187089715537,0.014331138220195359
13819.816702819957,0.014306615761733622
13854.18794520548,0.01332515779329931
13889.335352422908,0.01309395171461618
13924.340623291417,0.01452933437644062
13960.07554347826,0.013993177123554842
13995.775881057269,0.01312279668993769
14031.814655172413,0.013978230162184083
14066.73206278027,0.013521528930462913
14101.151581243184,0.013832457302171662
14136.273965141612,0.014398063813499703
14171.79406919275,0.013295999391571767
14208.682766191,0.014251406787355595
14245.067545304777,0.014636074381962098
14281.405655247418,0.013494384251988518
14317.061379684954,0.013825869935135886
14353.005975013579,0.013672003214016902
14389.5421686747,0.01459679447062765
14425.747107438017,0.014200092196392271
14462.563387978142,0.01458684324664296
14499.431318681318,0.013438085381345376
14534.970974808324,0.014334535725344377
14572.204582651391,0.014839497606593012
14610.044035674471,0.014820025276801022
14646.820512820514,0.01319384375330425
14682.648108108107,0.012963363790807309
14719.887897378694,0.013385532545389782
14755.375806451613,0.013860056948415952
14790.241917502786,0.013632548046432267
14827.164516129033,0.0138327220269473
14864.97783933518,0.013394631790298357
14901.048966267683,0.013338245333112843
14937.030484485575,0.01383148865328878
14972.933152173913,0.014098019133939627
15009.068169014085,0.013269315081212449
15045.545948885263,0.014265260838840436
15082.98388829216,0.014400195249207777
15121.440482720789,0.014341406538513122
15159.847137298499,0.013965171268788766
15196.430365920261,0.014101868473626331
15233.070453304206,0.013984183700311535
15269.766097963677,0.01393410448326196
15306.234019501626,0.013624554988233197
15342.438363736872,0.013874229395226178
15379.985460420032,0.01363632933161094
15418.795200892857,0.014789985621904719
15456.174689021092,0.013876434591199523
15493.571897211592,0.013305352658244764
15529.174655647383,0.013795840424141382
15565.113238512035,0.014119230546822355
15600.651648351648,0.012970508609735235
15635.769020251779,0.013950288496458687
15672.3295638126,0.01395999009681591
15710.03056768559,0.014124534219658123
15747.566629955947,0.014352187317978953
15786.016519823788,0.013844735374039664
15825.092880978866,0.014400878959822607
15861.985058697972,0.013917188712079715
15897.977753058954,0.013807738104517115
15934.686759956943,0.013386798719560238
15971.213885778276,0.013732772668087683
16007.31768558952,0.012663732182624881
16044.813586956521,0.013880238952673972
16082.513336962438,0.013147427243202522
16120.346717308736,0.013922223267014507
16158.173245614034,0.014394968120793735
16194.753232152894,0.013350411154825253
16233.563965884861,0.013403330955416421
16273.257816785519,0.013536412264385815
16310.723799126637,0.013466680430852817
16348.080175727622,0.013269941489085555
16385.096792035398,0.014777513816455236
16422.49594375338,0.013916017644355074
16461.298293891028,0.013334686066980768
16502.30103995621,0.014142170367872115
16541.49470752089,0.013951335361978975
16581.24496461622,0.014484883511399442
16621.764578833692,0.013722251843727674
16660.919463087248,0.013810449714407752
16700.163636363635,0.014328944129415945
16739.85274356103,0.0137932242069835
16779.78323545115,0.014233078366989992
16819.647222222222,0.013885365333029634
16860.08864864865,0.013326251354127072
16899.797125483692,0.013629239886334719
16937.826784726065,0.013292011156576633
16977.822364901018,0.014814087878760245
17016.380952380954,0.013909902895320304
17054.497054097483,0.013649521381349384
17092.722469410455,0.014321466866844913
17130.65733113674,0.01394477330835385
17169.07135135135,0.014159476230675682
17208.037746170678,0.013101893799833196
17248.928331466966,0.0137753831086443
17290.164346895075,0.014133138916041009
17330.26805251641,0.013390919661450626
17370.5390070922,0.013477148103816677
17411.30575740637,0.014514070576972272
17452.14643440392,0.014733491794368905
17491.68392370572,0.013893439049978626
