D,r2
94.28652190671977,0.6245533353039676
132.01650422352176,0.5896073204671421
170.910259844629,0.5580166043707044
210.16669007161914,0.5361718393262607
252.17660015548068,0.5216399574358976
297.11524464213505,0.4973150814917544
343.639319929834,0.48902760148667523
392.9969772637666,0.4737264265958798
443.7675906183369,0.4594634737552831
498.32844155844157,0.45692803024011425
555.403121636168,0.4430047850926109
613.8518615971583,0.42978682322077777
673.3601984712351,0.41676441706784967
734.3694613955956,0.3995431881908508
796.2605805751492,0.37510232791317594
860.3675270830547,0.3736945122140167
927.575622542595,0.3735869793984728
997.9417694654463,0.3604466906896361
1067.0613093640998,0.3474136362997078
1137.7606064636254,0.33925380607792455
1210.892108425691,0.31723081804344033
1286.3278710365041,0.3056928756311492
1361.9354362416107,0.3044958571941823
1439.493727716889,0.2869061702172876
1518.277001797815,0.2816242160251357
1595.014172571905,0.2712192988075292
1673.3478380233357,0.27326374774105844
1754.8147531891293,0.26019753392096473
1835.612536402718,0.2600509267952871
1916.0533778148458,0.25837346612165607
1996.8043986254295,0.250324330599624
2079.2953353574385,0.24678959334882825
2162.371524381724,0.24580355453609198
2248.839528185434,0.2432823645815922
2339.239154462559,0.2480518769469555
2432.3292954608746,0.24448524861330642
2525.167754478545,0.24326240029611285
2620.1573080099092,0.2540056703999522
2714.582631506282,0.24913997198398966
2809.6610682819382,0.24718515149815448
2903.9872681981733,0.25662603846555804
2999.2408464429905,0.24613299299154404
3095.632644628099,0.2508846459752256
3193.292740371294,0.2560852308938555
3293.8006088280063,0.25135851571126655
3397.6687005963113,0.2456651733546176
3501.8719579646017,0.24540358542399443
3611.063389034664,0.23540353240820955
3722.755776947558,0.2280790645069068
3837.9864434914925,0.21827366139097898
3955.4377682403433,0.21920267454151193
4076.5695309256953,0.21687390323559258
4201.689631463147,0.21740789369453448
4323.231269907215,0.21017577279038904
4441.218511847028,0.21596355573660547
4562.936220254565,0.22553222695437466
4685.083471302428,0.22026140432760266
4811.367141080558,0.22795744868922757
4940.110324729392,0.2362194658548072
5069.189383466962,0.22790762733224024
5194.992657245774,0.23660385905807077
5323.882930200415,0.23639352137857997
5456.661746447786,0.22233284000865897
5591.831805555556,0.22865309872451736
5729.467230151033,0.21837159845402612
5867.212334437086,0.2109729630513622
6004.725024181291,0.2166001861477381
6141.024986118823,0.2057667509660695
6275.134039043168,0.1977832534428765
6412.208391413437,0.20319313666712532
6547.638888888889,0.19702948683007773
6681.20288848771,0.20158018526328583
6821.46167656401,0.18928708029467287
6960.989749272752,0.19397866219865578
7100.354304635762,0.20541420078216246
7237.270505385252,0.20793991740178203
7373.086509040334,0.20802240930721214
7506.923897976158,0.21173722617461108
7643.487694211467,0.20305456381077386
7785.985206691553,0.2013383089523267
7925.9419184918215,0.201939212667607
8061.672380425767,0.1977844671974217
8196.78937881309,0.2060569324898625
8338.389951823812,0.2099255983173557
8485.465354767184,0.19946990304122786
8629.590896513559,0.20443005783656182
8769.983139856275,0.19812643239214175
8913.131680974799,0.2043776435432633
9052.662272790343,0.20325539983885318
9191.71688993233,0.2057048312509688
9330.60918903958,0.189066705921107
9472.468841082582,0.19000864339391652
9610.24851989536,0.1911160979665517
9747.642177808408,0.18814584277967303
9880.177028157235,0.19145815630573498
10015.756500206357,0.19114365032002703
10157.400889012362,0.19343944834124036
10302.47943125345,0.20507757143909056
10447.32670258323,0.2029786548144082
10592.250381044756,0.19723484735323676
10737.43315804041,0.20660832667009743
10880.046241174028,0.20904238722003915
11020.981285262144,0.20408782178615636
11161.159855435084,0.19184540666027755
11306.279994477427,0.1978373757050399
11461.29602539332,0.19122125115222655
11624.313635733111,0.1843591951315219
11786.761037527594,0.17886214120480287
11947.777020447906,0.18075989057727598
12106.944819044998,0.17736642634258917
12267.095514950166,0.17599864508602703
12427.349687282835,0.17994860793861378
12583.320473959768,0.18278207790602807
12738.276993355481,0.17944016089775797
12896.48457601328,0.17219609138566405
13050.158395368073,0.170638999483662
13201.705018020515,0.17106949975733132
13352.88051623647,0.16977256848574013
13501.353450646136,0.16600188773345056
13648.918528799444,0.1782107459876011
13792.664582464917,0.18114414560128686
13932.967418201815,0.18935833571406718
14075.617304492513,0.1785667261045729
14223.257107369584,0.19231413636825995
14373.220252112482,0.19777417206688971
14525.77487562189,0.19660052877940462
14672.085531796723,0.1910005592876468
14818.452101998622,0.19182880707491662
14966.651043826905,0.19594916804882073
15112.691477587161,0.20095957179169602
15259.521437491328,0.19314793019146256
15408.778131487888,0.19059188734509339
15558.23108836952,0.1929236292377864
15709.923278236914,0.19192259979890902
15867.103901494189,0.18675473172829332
16025.186618744816,0.19118762418321367
16176.083333333334,0.18389392764448353
16329.93991416309,0.1778066857435161
16489.815340126686,0.16878938579923314
16649.8634092171,0.15922750505766067
16810.20372157133,0.16610498021326936
16973.20894489061,0.16610160047990838
17136.495832175606,0.16629138486857184
17291.543820846004,0.16789819961660585
17443.12987012987,0.16274517367318317
17606.573979238754,0.1654796808997471
17771.74610183524,0.16610789384518954
17936.852277447044,0.15946399129684544
18102.62368566685,0.16217860466339892
18265.48005521049,0.1600008059069879
18422.35298196949,0.16777693329614407
18573.340460753207,0.16734461863802438
18727.740187949144,0.16203487760612523
18875.485555555555,0.14720697559102766
19021.355341144037,0.14665529749017617
19171.901977049634,0.14254936027533932
19317.80086158977,0.140800981936037
19463.918279867255,0.15208798008950933
19612.243074792244,0.15453076402860275
19767.451919108542,0.15658696889674212
19932.042290626734,0.1602750120938259
20096.02606405102,0.16548460368839488
20255.503316749586,0.1636883114215503
20415.67392202783,0.16550689108067398
20570.6228984299,0.17093250938398588
20721.453517241378,0.17239415660560795
20872.199694910552,0.1612625538826589
21023.83661035724,0.15883629515067355
21174.271345675603,0.1569131680577329
21321.583540802214,0.15323292478645698
21469.194815938234,0.15680604408548773
21614.606693403402,0.1533854756484996
21761.078998339788,0.15224940145727786
21919.3453307393,0.15289918888620263
22078.85446785075,0.14913046426195284
22237.594549499445,0.15296589165071772
22398.58951724138,0.1551678543136717
22562.55557089604,0.15448349061380157
22723.014141134063,0.15340048223074562
22883.865983663298,0.1524320649722511
23042.03810575728,0.1549307424132274
23201.343949044585,0.15595971823181468
23364.60471240471,0.15886542434049095
23528.834251860015,0.16342518177045165
23685.787010109405,0.16725487191806343
23846.3343481871,0.16425529921801008
24008.97002762431,0.16660132402997213
24173.842665560624,0.16620039593126956
24330.440405161648,0.16814014371769181
24489.062430786267,0.16729006001055463
24651.02478194656,0.17106336690511037
24811.768741355463,0.1714421189773176
24981.06497797357,0.16825227825709516
25153.080338559732,0.16190634842378682
25314.49537484468,0.1621663578128631
25478.20896973063,0.15963789155790598
25641.148583275743,0.15558778905815585
25809.635521769178,0.15847667217837683
25974.837109698812,0.15398495902154158
26139.15570023549,0.15291183482194268
26299.098236428767,0.15412771553776605
26456.17346797621,0.15733989267455317
26617.05504079657,0.15551877973464867
26780.80795895729,0.14498646395774312
26946.596700402053,0.145035373235808
27112.302900552488,0.1493043505634278
27273.064814814814,0.1562470678693225
27435.71258479856,0.14978231488555763
27603.488098533075,0.1489847773708268
27768.222283660492,0.15393671689877045
27936.803040774015,0.16269884989713196
28104.878649508788,0.17052852365043877
28273.759922286983,0.1758605227984608
28438.98787377704,0.17931215484581262
28611.525747508305,0.19001500616885517
28784.390847504492,0.19809791964052753
28950.990428630877,0.18454846272409453
29115.850846990772,0.18119617318276043
29283.174913374914,0.18082163053541347
29449.492755623018,0.18141442063864505
29624.35196773745,0.18633096666323562
29802.379743342073,0.1839459379334327
29979.21793275218,0.18567143662944666
30154.883633841888,0.16633015824513123
30331.724541821688,0.15502371887807762
30509.552624309392,0.15849908123701495
30692.19392004442,0.16101433301673773
30886.46459197787,0.16421286409023667
31079.386958919218,0.16991439212842904
31262.51848262495,0.16314974898474438
31445.486295681065,0.1654968930569889
31633.163850415513,0.17533508732589306
31821.922928176795,0.17642224592420677
32004.369904656625,0.17139722112559058
32191.84957832158,0.17774975689731135
32377.90343676082,0.17672438291425616
32561.49311863474,0.16796038683552345
32742.066629650195,0.16523726994972354
32917.792306627925,0.16013842382938617
33098.14514791263,0.16653790577864636
33275.120365246265,0.16495097011152143
33445.083034482755,0.1619654737616551
33610.52206390925,0.17587650380201744
33776.469656992085,0.1710658692463273
33943.44727373374,0.17004168132185313
34107.318131716725,0.1713053229999281
34278.01643646409,0.16669487916356346
34444.340036056026,0.16598986547357442
34620.2089263507,0.17059349333476578
34797.11224630678,0.1608562723853148
34979.05409904286,0.15073127665806202
35158.819554078385,0.14578907129459875
35339.07563606195,0.15095049916380435
35522.994893029674,0.1475639568542067
35706.187898973076,0.1596123832443148
35894.367403314915,0.16468804042731983
36076.81673582296,0.17488492164145522
36252.09684094358,0.17633243494605785
36418.62842513147,0.18141214024536167
36582.58424629039,0.19630466898393373
36736.37613918807,0.2120317747545821
36882.72447280799,0.21398646700538287
37028.42167841836,0.22105889016539607
37172.07380227084,0.22146919514999405
37317.99059604481,0.21937033445010592
37463.866851211074,0.21393797564231093
37609.919762463745,0.2132413086790402
37754.37329624478,0.20122472601800281
37903.55912208505,0.1879781574722866
38056.946507760535,0.18368575606720228
38206.08020501454,0.17695903104744906
38352.37646733876,0.16115265673376358
38491.88451917732,0.1535386113518276
38713.50964770323,0.14866558971140373
39015.46475798403,0.15566792145920608
39319.08276466537,0.14172062742690963
39637.062877796474,0.14057757463548978
39963.41034247001,0.14798192417364348
40319.5486002868,0.14852903785433025
40686.065427555666,0.15397746315253985
41052.993369612814,0.1664217151518758
41430.85671586027,0.1668643039709113
41808.467065868266,0.17684170489408074
42173.70586030238,0.17798800167954595
42547.34002118512,0.18312510456103523
42914.682866043615,0.18735643236699162
43291.852893489646,0.1784985043375473
43695.48622022696,0.17231420345130471
44075.77884675455,0.16070032706349968
44472.51614914578,0.16423709552060992
44875.33420609688,0.16165565632435427
45269.126706990086,0.15136985863127603
45683.252710956,0.15204463004492672
46091.42154903185,0.1440935052893143
46493.67975811982,0.1495085583737355
46894.04408280334,0.14753440903595794
47302.80757235529,0.15358374122008905
47700.680152338144,0.149326268717898
48091.525084238114,0.14733372262705946
48475.41148235881,0.14972832561220242
48851.69686954353,0.148287585585782
49228.92018954982,0.1534019329657279
49607.02843779233,0.15934944105295804
50000.67224581564,0.15589282085616313
50405.492232828,0.15959652627475182
50816.430635118304,0.16213225094459008
51224.09885172242,0.16188007802561766
51618.238478328654,0.17605216979254865
51973.84942277691,0.18500463524965902
52321.21854345928,0.18541289929483687
52649.467106902564,0.18604639542303616
52967.13405412162,0.1794310828157667
53307.36484803189,0.16911470449156085
53671.779659957494,0.1585949894845791
54046.58478694244,0.15393012729944947
54418.558739255015,0.1522977274005028
54779.97314849507,0.1514226030567953
55131.49422344345,0.15065404536907745
55466.00180494181,0.1436986999580796
55780.770274495095,0.1503955012455838
56099.34408267447,0.15097678101015932
56430.97276240339,0.13673576414640598
56764.881523096126,0.13740081644647828
57104.065910082936,0.15184577878229621
57434.602456971814,0.16974095282087343
57747.99344323717,0.17024309221889108
58059.71947112386,0.16944235748469433
58376.941851759424,0.1734553093346937
58710.707930970035,0.16833780775049004
59055.71865424301,0.16168580336857172
59404.82403834184,0.163551557571186
59765.363437636624,0.17001864403493724
60131.095475507915,0.1712063297313107
60496.87527284066,0.1799971603255874
60856.82909973851,0.1702723729694677
61213.189628241176,0.1622828349319137
61570.20922251342,0.17383965889769518
61946.81048563057,0.16627818693245017
62344.73357049242,0.16043213214434332
62720.22114125351,0.1678660975556076
63091.72091141132,0.15910537513018472
63456.2720074813,0.16884276711227303
63821.665751886736,0.1682302730777979
64187.998065764026,0.17663255613776854
64561.10798004988,0.18416165513581556
64933.05201771347,0.1749309580189825
65318.29745926712,0.1902105292462663
65687.84551577897,0.2122555521652562
66057.31960112184,0.21481654011994084
66443.19370974801,0.22939233926825692
66830.96310123826,0.218971422524615
67230.5269857116,0.19856273526953286
67656.16554222889,0.18672316339349007
68104.75493308435,0.17602508715217852
68559.54431485062,0.1823592260817783
68994.60228621401,0.18605533585053918
69403.56118695842,0.1830794957222953
69807.45071740486,0.16937630638935014
70190.66920722184,0.17575977834088244
70536.80694764365,0.16269070427678353
70887.7363818091,0.17599620187032883
71247.58956013189,0.17428437658011894
71610.84810837808,0.17087366989870986
71976.21362442136,0.1584606600749332
72322.39275263059,0.1622709663164111
72671.37616735151,0.16986557971494684
73023.29543185222,0.16229082336730008
73391.02518389228,0.1530641538129273
73768.08852540891,0.16450806774874477
74139.39510794959,0.16395190015566097
74502.44429890219,0.17083650078388912
74880.00685742784,0.1685895658743423
75280.95412043386,0.16367037070988363
75679.3088446414,0.1628594255716709
76070.94677801321,0.16758278808450044
76453.17317423628,0.16014100926633268
76829.18203339148,0.15197704518468574
77206.02839845212,0.1446990305548911
77570.5020897012,0.14327277853361223
77937.30630574441,0.14049255422420437
78314.5910252415,0.14017256295785202
78677.45962810433,0.13850855510463456
79022.02304809494,0.13972370523101568
79364.17092472583,0.14034434887130076
79708.6359897813,0.14214403978915835
80053.22464265651,0.14664353616868658
80408.5109034268,0.1500434931612749
80774.80794453813,0.15606919727079313
81145.21403224803,0.1580035983089476
81524.07175448466,0.15740977694496827
81900.9573394781,0.16237182374967588
82296.4878185907,0.14539716156375965
82716.62211694302,0.14096782420777382
83140.53372854914,0.14390731768472761
83572.32228108445,0.14845667403651272
84005.77138937391,0.15473031936557094
84425.10183044917,0.15716938049654705
84828.43290178015,0.16692299725636647
85217.23271500843,0.16677531003874074
85602.53349118325,0.1613411547853265
85990.73689459577,0.1758310909934166
86345.7346760616,0.18595951345303752
86693.18977144998,0.18424961963628467
87028.10803721976,0.18334647893783934
87362.91963060027,0.17128409700572203
87708.7927109895,0.1635808222775253
88057.22741180143,0.15620647594334197
88414.98528494824,0.1620546313248796
88781.1407967033,0.15748965044281873
89154.95903629459,0.16491095729570612
89505.82000249563,0.15870594690600812
89851.7411500281,0.148681553933641
90202.46562168238,0.15079399003714236
90559.37102099296,0.14499174112470037
90921.69542165668,0.15077477068543957
91285.84896255219,0.15329623347621424
91643.2258004119,0.15037802603539802
92010.4017483609,0.14518825532950566
92369.38287137964,0.14370815124903072
92708.94437507803,0.14079601726272545
93057.56212612163,0.1407240893226239
93411.11106255463,0.14254156135662727
93755.54912466514,0.14631699675841053
94088.53534154115,0.16020973593949075
94406.58488922082,0.1807557245583099
94727.35002806711,0.18201142754050484
95046.54397902491,0.18836331192226
95358.85072951739,0.20128971188760678
95682.60973169054,0.20387149997447443
96018.1428482587,0.20582652959962597
96378.87825435474,0.21182141989033873
96757.95417082917,0.19189400186018302
97146.38482115086,0.19417575186967861
97538.7854556804,0.1979201356391213
97933.84112032937,0.18569501281191497
98327.66575171554,0.17953731223494945
98729.54982517482,0.17438425250679102
99146.40163067156,0.16725473589714507
99585.81519161153,0.16545970171573657
100028.0018703242,0.17083517174108026
100458.1574547723,0.1743198344687707
100913.31605894105,0.16529907425991444
101379.51960356542,0.1659370135973683
101847.55917399713,0.15854122516532657
102311.366658351,0.1593418291121972
102766.4208294356,0.15158155767086476
103238.50829797854,0.15156396322449936
103700.39504018943,0.15558153259830923
104158.29455090195,0.14876480299660852
104605.02473299607,0.14665230944198154
105022.45076913496,0.1508753902951018
105444.83944153578,0.15346495468270985
105878.76469853171,0.15312216477964666
106330.41187464955,0.1499438173611151
106767.40612333978,0.1419576140912821
107197.12463352254,0.14885781943456702
107618.45556180127,0.15067782025062332
108024.12223399614,0.14082675386726437
108415.80282129705,0.1506688608511498
108800.66321760269,0.1469129119878425
109170.0,0.1518722577987136
109527.01082628174,0.16035600162305622
109889.741533088,0.16247987641748035
110246.79141641641,0.16216496397422456
110607.17876712329,0.15388990886514975
110972.61938858104,0.15438292843935603
111322.92648068402,0.1578345707852069
111664.81188798104,0.15542282666788126
112011.3714928451,0.15466167493481997
112376.39481393754,0.15121526399793922
112751.70937986912,0.15351117035614167
113133.68999313316,0.15047812641088096
113523.70177514793,0.15437595223000006
113913.26012606878,0.16139195236968318
114316.43353323339,0.15933621304240203
114715.23303026528,0.15740810181087495
115096.57785531809,0.1589916724304224
115481.84774741046,0.1625023829615096
115865.99301571464,0.1603222179399716
116258.14989065917,0.16201991850309164
116635.85871731008,0.16786332372704763
117011.79339616753,0.1616813661248525
117395.66133766314,0.1699188907976562
117793.33916236232,0.15885722291083457
118204.67259231537,0.15332564216588224
118609.30661999124,0.15351398759364884
119019.02994832202,0.16159546731390784
119445.53037295747,0.15827672366831488
119866.06783042394,0.15397393578245475
120276.82358449341,0.1523118880833569
120685.34235301452,0.15137600908243057
121077.54344431257,0.15357757636542402
121443.2996196296,0.14075066253114768
121814.30630574441,0.14585175735837919
122190.91661473265,0.1411150650296397
122570.6654198616,0.13859451915240598
122949.74630034342,0.1429310334358982
123335.05784197745,0.1433705948746569
123723.32663755458,0.14805283593277754
124095.08313568843,0.14190702050968163
124478.08984204283,0.1494578443633227
124846.9572729541,0.15395288203189428
125201.27096733903,0.15056940968357962
125555.39505326771,0.14155882092812866
125903.64308882235,0.14320733922032455
126265.95733266795,0.14350058817493216
126632.77799215783,0.13989300183318257
127027.65911502215,0.14106077883466345
127421.76208317722,0.1440139464390617
127814.60289258775,0.1506507592260451
128204.61160992642,0.16454074183191125
128555.32825856368,0.19729155526770845
128890.6133125,0.19765155082351155
129236.90148826204,0.18078847335442438
129633.46867214749,0.16703634057086375
130038.95672777154,0.16177477151854103
130411.32976860538,0.16431756571449818
130783.44345330921,0.1651957421457693
131145.04352428394,0.1598267321440291
131512.39977561706,0.17158568272854677
131877.56903008363,0.19118980715253772
132226.39643235825,0.18503358476315884
132582.05418227217,0.16833450267147645
132967.35280199253,0.1573840389888677
133357.60973478938,0.1624484661938684
133743.0631743062,0.16806770807234234
134142.69794135995,0.15827768437861672
134557.91154469518,0.15364361934081275
134979.49285937013,0.1522165851334778
135415.549731686,0.1532144589343992
135847.18754286427,0.1514062235522042
136287.15632413534,0.15054042297340012
136743.58127340823,0.14996147633017576
137197.0492927027,0.15788829965517767
137633.77144638405,0.16163119544631468
138067.91160117448,0.16698643039555364
138500.59683548246,0.1685387728529289
138924.96488930465,0.16265206141844452
139345.44395178917,0.1714631345494541
139761.52741091454,0.16167460261067956
140196.95317371242,0.15703571477066477
140658.0400674031,0.15605598414790367
141113.94534463418,0.16619400884073665
141560.0381879446,0.1582556508863743
142017.44612028668,0.15586923521965623
142475.58411885885,0.1639384459981705
142912.7195929071,0.17508394900055796
143331.01875740013,0.16758123618904128
143783.18111561233,0.16951906286801294
144266.44654677156,0.171754647534997
144765.7335950645,0.16894996988898453
145270.30809089774,0.1615242511461239
145763.59239401497,0.16654837820302537
146216.5595787112,0.1788400020658142
146644.41404736612,0.17800859012793385
147072.9355221272,0.16346125762652677
147509.62219179788,0.15530200515827525
147927.58349460017,0.14622967483410976
148340.08975159156,0.14886715976221354
148756.83681096233,0.15598480863893038
149176.07336702227,0.15104262101544716
149592.14460463086,0.14616111705415066
150013.4747896541,0.14858179275875114
150416.77566539924,0.1534441843862931
150811.74318337804,0.1513290479510628
151178.5678742907,0.14466998897527492
151542.77722246517,0.13969501199045983
151942.39314000623,0.14452194606944124
152368.84742383653,0.14713646567691369
152788.76504369537,0.14739940012424269
153214.46954948208,0.15185842281846643
153662.67589474996,0.1580981950558087
154130.72020693094,0.15728582841565814
154614.4609340899,0.14807815449982975
155097.63574011723,0.14421054700371405
155555.0423527944,0.13815030459061386
155990.6451270525,0.14740035620074823
156414.9645504953,0.1352733326371459
156839.27450858033,0.13367592872111742
157277.05894105893,0.1550348789197422
157724.96468829794,0.1664817221663269
158175.60684828792,0.15090121689344577
158611.34946068955,0.1411990035420457
159047.6992209411,0.1545839917067096
159485.1866500312,0.1443108493243184
159912.64240723418,0.14945060724209985
160334.84311892296,0.14969964349409828
160769.09639381082,0.1466373077454529
161205.90533358345,0.1400694192614408
161643.0275651795,0.15006487398612445
162077.61536063836,0.16145498115771928
162524.8463554668,0.15507021692996106
162974.4565828079,0.15008668934760833
163418.77644635836,0.13437051249175588
163861.28088418432,0.13495432677112082
164296.17817024465,0.13683369952962643
164721.19316196657,0.14224315287831796
165133.583972082,0.13636057194411513
165555.84173424827,0.1413333504159922
165977.46333707444,0.13842800839311745
166389.2326961519,0.14494121548731187
166806.39997509494,0.15293818998090333
167220.77176764523,0.154236357937305
167617.78589247848,0.16769165571232866
168008.88033441477,0.17356254782009217
168411.09813463097,0.16946884640346876
168809.33368617683,0.1606919848318337
169207.3861423221,0.15487246281026587
169594.69217793326,0.15961660712445458
169998.16367489405,0.15676271247756338
170414.8396508728,0.14781905470296483
170826.57901296113,0.15610109858185242
171251.99850290062,0.16261034501812474
171689.32882433612,0.1484548887436469
172128.69152521217,0.1543145435884851
172568.44376367616,0.15341359008412866
173005.0383872375,0.15335080561093223
173447.90789637563,0.1437015584050853
173871.3705900718,0.1446295321191797
174293.08075269486,0.13877908371275124
174711.50900928985,0.14133901513394947
175145.51255936016,0.1476665207698448
175576.6790208048,0.1527424379666858
175990.26394702317,0.1460100030059818
176407.0941301229,0.1431940897851263
176819.2784423676,0.14082852667715456
177241.7357690629,0.14353169238445831
177662.0642567778,0.15056426484213908
178061.26651665728,0.16352501297099567
178449.87801232954,0.1617395485469179
178836.85872005988,0.15735954263371243
179226.8850037397,0.15696251965028069
179602.5236013986,0.1593328288625854
179972.85268414483,0.16689733076286814
180356.58484092326,0.17664777161996048
180731.2988340919,0.18582702540056087
181103.20109780438,0.1813445393816961
181471.89504555098,0.18576893632056718
181829.55506415846,0.17099603081377063
182202.71761253668,0.16670718444480664
182583.48482771512,0.15941216675750025
182965.61031339742,0.1593969902841236
183363.66344956413,0.15350820640425278
183779.9390457157,0.15041952995736185
184164.59691808597,0.1646003153385314
184542.86719382353,0.18575068163762992
184931.50221999874,0.17485034377634673
185329.26392432634,0.14686552297511413
185727.9518810149,0.14741706343123465
186143.31626168225,0.13905903334806397
186561.02108941163,0.14326135412485091
186960.43046894486,0.14057370380315745
187371.0127388535,0.1551894907128955
187771.62173615006,0.1731618756391724
188154.33824355534,0.1553023914747769
188547.87485212626,0.13818698393726236
188935.45062691037,0.13427634211936745
189336.10526644203,0.13713141523062003
189743.50685272863,0.13803581730234435
190155.3501746507,0.14366509111389478
190565.00768653917,0.1405268992818391
190976.10839247913,0.1427265988268297
191385.29692576855,0.14919850125765666
191792.46405880153,0.14531133640079105
192189.0937032419,0.1402273928780036
192576.6533732759,0.14259028002973573
192965.4647333957,0.1438782267952529
193342.6428036917,0.14029419524029219
193738.58709073902,0.13822679901309098
194133.69736842104,0.14101053043840384
194526.53618482672,0.1423803327490914
194902.84782473004,0.13894053860446376
195264.2870780558,0.15121915908195288
195619.7220493028,0.15678483620544276
195966.25248297834,0.15796515231403171
196330.82782901297,0.16127007735699017
196701.34047738067,0.14876830617908476
197069.57540299994,0.14761440640657325
197433.95620392353,0.15079094803942686
197810.98318699794,0.14879201244346454
198181.10407691827,0.14732053926593086
198544.7386781287,0.14880346852151832
198915.43461418306,0.15001236384782296
199269.40725731032,0.1514860019027385
199610.82730047972,0.14671892722906552
199968.80139633463,0.14671753041234004
200354.82928807638,0.14609990391341263
200746.72742589703,0.14618693619319764
201147.9097716211,0.14939367816818563
201557.92188376005,0.14773670593649565
201964.25286205817,0.14475468810438827
202353.40344977894,0.1532839795798839
202732.41501310372,0.16135016477181688
203093.49545284663,0.14993377411826647
203448.04675876728,0.14294988009042262
203811.76610042935,0.13792734705991064
204177.21576711643,0.1353481575692527
204548.0715664902,0.1407726105172584
204920.51057194537,0.13655903501249017
205287.83938503845,0.13825842868062777
205652.92029616726,0.1443397383288489
206016.40531934818,0.14119156949044798
206391.18124571358,0.1449693840828821
206775.9022730111,0.1488738696916823
207165.82669074603,0.15094401984727784
207560.52397901836,0.14980689394208863
207958.90497850333,0.14820370241630776
208369.65922554093,0.14977708196769526
208791.91406445167,0.14517048626020634
209196.41542583017,0.1413130755085536
209597.96325639426,0.14709418124833987
210032.96678529063,0.1574834713027991
210476.97618453865,0.15244309681571086
210924.8306215323,0.1476860100704125
211375.86542300973,0.15367996198281753
211805.89973153523,0.15492574472143267
212224.32703343313,0.15437341218924686
212661.9030446718,0.16231644124331593
213094.37532677705,0.16150941644492078
213533.68043233786,0.15222516145789847
213961.8403864132,0.14854246840156005
214391.0394531494,0.1560962778802043
214845.54210264076,0.15377525916668697
215302.0742636046,0.15674598516813032
215753.42967629264,0.1677803776500064
216195.8543108285,0.16846262720909927
216613.95339830086,0.172451251390058
217027.54626623375,0.176797656415152
217446.81958730752,0.17498653401813757
217854.5435756972,0.1661311115978962
218270.05287141073,0.1580152327010534
218694.48558261193,0.15491719570003643
219143.11462302454,0.1456399098123662
219586.4669952583,0.14503829424234777
220021.19318252633,0.1487298097003093
220451.83828485833,0.1476992679063786
220871.25223033252,0.14161075927293224
221285.41872659177,0.1386117767146209
221685.6881271424,0.14403806771222633
222078.80326540786,0.14669069646207208
222469.7072319202,0.1514292075595987
222858.18790941418,0.1573323062179734
223251.8871983538,0.14698333215708526
223643.3959739935,0.1433960679469676
224040.9481952497,0.1424871148747879
224467.43563247012,0.13749928182184717
224888.6616085925,0.13240321957614487
225304.89793499283,0.13450716329412857
225727.09258566977,0.12866734478677327
226174.20922827173,0.13248907360255036
226628.9392447657,0.13465160865798956
227089.53946053947,0.13106579893174392
227555.64209081835,0.13955168473210164
228011.2858746492,0.13441370064108435
228476.55561790746,0.13781369971958157
228922.52248940943,0.13838539135843464
229372.01523952282,0.13890687240445662
229816.80698254364,0.14074320362920456
230280.57442295697,0.14195299099761716
230760.49090115918,0.14668794104143254
231209.82945252513,0.14603469032986544
231669.02548286604,0.14459793253267453
232142.7861690176,0.14912579751162353
232586.82196308306,0.14405993463111805
233010.29784979744,0.1446273629297586
233420.1467099513,0.1414397395878947
233852.9579072088,0.13761648244728245
234318.31689041524,0.13827859650357718
234792.1919242273,0.13958937228405668
235249.8741333,0.14295110445884915
235714.11238332296,0.1364657452340748
236192.32879450344,0.1388788538426886
