D,r2
152.9414231790857,0.6499479139802288
207.07512919040678,0.6357976315533638
264.9542638724133,0.6100114991443137
326.76956972524624,0.5908084303167115
390.01990116201415,0.5760361558474801
453.25821852407586,0.5685895306549024
519.2507185785211,0.5436184839543626
588.0657545164719,0.5352085180824178
658.3877659574468,0.5065275790952501
730.5577051367578,0.4998277799559996
804.9831072093642,0.48537345882170035
881.5102919413426,0.47645423409565324
957.4712765957447,0.46076325374923593
1035.116821192053,0.44479953645132236
1115.7383488681758,0.4375297317150196
1197.774357601713,0.42292386157442813
1279.9925660427452,0.41108121307170425
1362.3807290270704,0.3976945263652408
1447.7141903617674,0.3910887841879359
1533.3444976076555,0.3786616193577799
1620.5400776127392,0.3782561563007058
1707.3563986107401,0.3687733280137631
1796.1251326963907,0.36948619509960445
1887.250066436354,0.3604667419428799
1978.1851084403922,0.34805470053838644
2066.6301084236866,0.3370378062279479
2155.7695909654317,0.3413603316874992
2246.0628618693136,0.34057071236432374
2337.2220833333336,0.33373296682433873
2427.9675720620844,0.32194764373676826
2520.1866592705587,0.311048887357277
2613.3334703947367,0.3036760393467892
2708.3477653631285,0.30045255699641954
2801.122816668959,0.29031882346728016
2898.1883698498,0.2867277273655264
2994.565525876461,0.2782291953918813
3093.03878421125,0.2706159848345402
3191.923896499239,0.26204813597968357
3289.607454621034,0.2641778393052737
3389.3288618448346,0.2549284016029613
3494.0509246480815,0.2512642419405503
3599.9889395824694,0.2462330553690158
3706.0446205170974,0.24110207896713717
3812.798489010989,0.24393201822946545
3919.4818144101782,0.23897852256725413
4028.146776215012,0.23483809915649465
4138.422886257229,0.22630596079923226
4248.288461538462,0.22251941738568623
4358.879651404067,0.21711663789187582
4469.921652618488,0.21846477362107436
4582.588940981798,0.2116399861998071
4698.0018048035545,0.20795367252135658
4811.1233954451345,0.2007431220873242
4924.041353383459,0.20377838703800466
5039.199642513406,0.2009867986852517
5159.998207391064,0.19356453285943598
5280.593092884,0.1933448774375526
5400.332046332046,0.18559002245180448
5521.107192254495,0.18550967128560666
5640.831931614504,0.18411925963110223
5763.289823008849,0.17587498606619978
5884.461559772822,0.1738999168339188
6008.121602884082,0.17595957747423327
6133.985962014864,0.17133800667310675
6260.148184086498,0.17664109058354155
6386.7550935550935,0.17140338512529507
6514.587086046834,0.17422182732312144
6644.14696969697,0.16691102554808432
6773.583574479812,0.1702061057200017
6905.327827897294,0.17419444256641653
7036.471436494731,0.17196015261288058
7168.728439354216,0.1637140382790381
7301.936938182824,0.1609555816941521
7436.611996121346,0.1605738866238816
7570.436582664082,0.15603971079374918
7702.708557998065,0.15382070111345417
7834.715588723051,0.15120409223766207
7963.825328719723,0.15638672558118763
8091.318344334433,0.14696320811116503
8224.47723183391,0.14629603659606877
8359.435191589431,0.14352397309480278
8493.411430943814,0.1422655930081926
8629.512403528115,0.14173238362451093
8767.382053782918,0.13705873020281806
8905.751512651264,0.13985764059899483
9041.558909040565,0.1358262298930451
9178.686033673752,0.13908444434176473
9318.214976512849,0.14090732193311944
9457.087663239789,0.14153475523797668
9594.540909090909,0.14107141947480803
9730.577339627882,0.13673032355441578
9868.35194375517,0.13316574371428938
10009.197443379186,0.13789951723148178
10152.36607880959,0.13872193749910086
10299.95203870076,0.1373849866588816
10452.879817654371,0.13288477643553906
10606.41095700416,0.13317061390443155
10761.486602804387,0.13068517984642658
10915.54532948136,0.12596314741716017
11068.523085429913,0.12454470149795994
11222.283314825097,0.126574252279597
11374.349228224917,0.12364520770072826
11527.680359612725,0.12302677519534708
11683.740914743677,0.1252012566164917
11840.624428115902,0.12533931633508705
11993.888414382147,0.1252734761058063
12147.643612580017,0.12065740928905645
12295.222145899163,0.11667611910175382
12443.649951382136,0.12294406349546812
12590.115847750865,0.1192569688246455
12735.713376677271,0.1204070590533757
12888.299255993386,0.11736868024530879
13037.31518585049,0.11592579462786075
13185.923002354244,0.11789722060330898
13337.715748685303,0.11636483428078805
13491.816236366147,0.11837555216673096
13646.04144144144,0.12024497345701005
13802.029582526957,0.12112423679115576
13954.170298403886,0.12027352681510836
14105.592164948454,0.12283620580206671
14261.386602209945,0.12147321184033746
14417.173167358229,0.1254296557255203
14571.521341463415,0.12323532147816617
14719.473662380755,0.12052919677902198
14869.614534401768,0.12239396019330878
15020.863535297387,0.12017348638577557
15172.053827092512,0.11819925448482042
15321.860219535918,0.11889182346409738
15470.392709196354,0.11741373449947663
15615.477659427306,0.11231964705922344
15758.657865634505,0.11375956984653929
15905.478787878788,0.11140617090567634
16048.938247566064,0.11150539939945396
16190.679513744992,0.1119393176905715
16336.310344827587,0.11123147014231632
16479.63200661066,0.10659980161331353
16620.373268698062,0.10806906234184457
16762.562248995982,0.10708006664832316
16904.46617059391,0.10950794259570884
17045.331581131555,0.11158494968109632
17183.082060538738,0.10562697682094158
17323.413100678576,0.10680522076103188
17466.675303197353,0.10876637498503794
17606.863085399447,0.11162218201424848
17743.38619636162,0.10799933950651275
17879.35374431113,0.10687412903399302
18016.21788482835,0.1088535718811675
18157.263208718443,0.10886821404191563
18297.132825484765,0.10569161621940515
18437.295388450355,0.1048588011679534
18579.98256055363,0.10304875225731222
18720.186255530974,0.10542324022655156
18861.5840388619,0.10196783725960877
19004.042274855412,0.10559438050991046
19145.764233273305,0.10468414699254885
19284.91453464251,0.10718735542734831
19423.574418284454,0.1030909231003062
19564.792710072343,0.10462226081217624
19702.630801104973,0.10515338205793015
19841.715544540824,0.1050242474702853
19979.07013418177,0.10317647470003875
20114.730463852906,0.10712393748288328
20250.01686780033,0.10527432045965317
20389.607043815864,0.10781352743472038
20528.41920309906,0.1073056098426513
20666.028126292567,0.1058315217913002
20806.004996530188,0.10603782662286013
20945.591673559415,0.10523756598496713
21085.815429282455,0.10409084867214351
21223.817485730196,0.10298985546015889
21363.393431359076,0.10258207476587469
21504.412907702983,0.10532127785940817
21643.55918423591,0.09979034844162811
21783.51854414614,0.09693213600807962
21923.099031811897,0.09858872867855331
22064.63694267516,0.10003957663812993
22205.480827586205,0.10002208398955077
22349.054346319146,0.0970159364251237
22494.10005520287,0.09501939209342429
22639.15956558062,0.09739789865382113
22781.916976968692,0.09641695992329621
22925.768476308884,0.09900386957844459
23068.013112491375,0.09827886257222951
23213.00539493706,0.10201582389988266
23354.049132546843,0.10109304245825905
23493.178078409717,0.10041026565266051
23631.449055563215,0.09750998464328207
23765.985336837737,0.09536160198538282
23898.96789437109,0.09684112268414831
24031.54189095928,0.09412724830331352
24166.730106192248,0.09528294635978446
24303.632432432434,0.09534302421847768
24440.3785576126,0.09577415123009868
24578.635684647303,0.10116158800348458
24715.692680226926,0.09694177839983571
24857.29216742644,0.09795764175477475
24998.115879828325,0.09959041827172405
25138.757492059107,0.09686761568067373
25279.527697195746,0.09432691757802752
25423.547334813993,0.09154503457338733
25569.180864282756,0.0902618508509331
25714.42868954113,0.09044484199099606
25859.43078841624,0.08984774276635461
26005.667822468793,0.09096543335802489
26155.375569987566,0.08745751870202285
26300.809747992247,0.08923227742872357
26449.511123393673,0.08572951123440264
26599.433011049725,0.08463793606112106
26746.98142243172,0.08648381676859514
26896.421633554084,0.08518293608441943
27049.170065196282,0.08964513487880205
27200.551076753174,0.08993302407047356
27353.628907330567,0.09157520616575457
27501.026848409747,0.0931504323416305
27650.900235229,0.09183048798717341
27799.56396721767,0.088778294584986
27948.737553440904,0.0879809638287483
28099.041620575223,0.08595595999251471
28250.282716731086,0.08882959374482555
28398.71182676291,0.08788646237677798
28548.346441428967,0.08890532051560261
28697.188752245405,0.08907446795192242
28846.437543133194,0.09166730913921821
28996.14675862069,0.09283395722649888
29145.69847856155,0.09016029144946142
29292.494744121715,0.09130141591921753
29436.285516860145,0.0910544880702618
29580.045089903182,0.09620787700472501
29723.901958061382,0.0939979510106141
29872.08487186553,0.09490777015746575
30017.387257617727,0.09348812897123848
30161.94479800775,0.09530089004515224
30304.775814467146,0.09675427094149527
30449.815544760582,0.09611700807643524
30593.532727022186,0.09792318445554507
30737.758530183728,0.10215354162615915
30883.812205270457,0.09912333251139918
31028.076486074548,0.10331040311059872
31172.37758478081,0.10211882457256033
31320.206772633035,0.10001865359778325
31469.931358981456,0.10167248107186272
31617.74733785092,0.10144392603680433
31766.267931320963,0.09926183027120423
31915.613316790736,0.09775134852513408
32064.55876659292,0.0962562040924136
32215.59608985025,0.09849145155947457
32364.776856076318,0.09955357784525538
32513.456464379946,0.10143307126129923
32662.862715368712,0.10098291945940006
32805.90559006211,0.10066892382763776
32951.860223973454,0.0986360178707476
33098.144971641996,0.09609719278804585
33242.24889319314,0.10004298112291156
33387.0178645617,0.10035608493700028
33533.9545768328,0.09711503654489113
33679.25,0.09958439647739516
33828.86236111111,0.1021615371967993
33980.781215469615,0.09965566069753343
34130.66606921274,0.10352758594516351
34280.62316227462,0.10248854746451033
34431.65747540529,0.10539353001073556
34583.079623997786,0.1038383516714908
34738.742082699486,0.10370703057288784
34892.969349716965,0.10060925752929567
35049.39914635826,0.09839676258985257
35204.507147814016,0.10179130287922465
35360.65837135352,0.09935631998027517
35515.28478471549,0.09984559581837502
35674.00138523341,0.09586169245564628
35830.97122004957,0.09788831580752486
35985.72805436139,0.10066145561292432
36140.39599447514,0.09763399018890159
36295.39588795364,0.10241900677447492
36544.49225387306,0.09694657082488549
36891.371289598406,0.09666564125097211
37249.19635299975,0.0979354806913706
37613.684958842605,0.09830017594946802
37979.418053737296,0.0979469504141727
38346.40549484858,0.09626871814226687
38718.94959238285,0.09240849458258035
39089.132347435414,0.09264378593696206
39451.64467195205,0.09126658625288347
39821.64486971699,0.09132285120995061
40191.39098964183,0.09578826827323246
40562.322886161135,0.09835192146283124
40936.60054821829,0.09845566235069207
41317.331502403096,0.09792780961406576
41697.0708543653,0.09657421573176506
42073.66783085943,0.09658017952079007
42451.76540210553,0.09760044863617488
42836.78408594092,0.09690309417431904
43235.619582164014,0.0947257907271849
43618.948344535725,0.096525344940147
43987.57495634822,0.09657131195959373
44347.3567145534,0.09606565089264683
44700.33472490498,0.09401314467331764
45057.54870676223,0.0916668590091812
45414.07329548999,0.09210146872906565
45775.42725403452,0.09128621559804359
46148.81716743548,0.08772752895460766
46517.28093394931,0.08919326036530525
46891.802743997505,0.09267483051086649
47265.15038110709,0.09018902112928882
47637.266625155666,0.08985328504368131
48007.46787561538,0.08780413963123793
48370.33558094525,0.08770108588987002
48728.30863506284,0.08717701028128187
49070.869548942544,0.08633806681105637
49404.380512756536,0.08574321455373664
49740.576875078,0.08582395742625089
50079.12732608967,0.08993252911585375
50421.60877411326,0.0920918945301759
50760.31849357775,0.09399437650388562
51100.094075785004,0.09065659776719255
51435.02405883819,0.09017460814444779
51770.508553946056,0.08985699698327443
52113.02157241723,0.08688302107829952
52460.25668349224,0.08701902838176026
52808.95207787346,0.09039499607734443
53160.43782673637,0.09007305116243418
53512.3080716649,0.0907268645008412
53855.809889013595,0.08724674298398927
54189.87390303106,0.08813600996636775
54522.25883673088,0.08691994267668383
54850.09170877784,0.08452432120710363
55186.27326016463,0.08701711476063927
55539.482130605626,0.08884530353273949
55897.01254603333,0.08845799244704428
56258.951117753284,0.08801473653913135
56616.47569119391,0.085383295281931
56965.25289503175,0.08283939632329282
57306.85311405703,0.0847691046604932
57642.64549869257,0.08381944954495787
57981.62224023949,0.08327808040966736
58328.09507746127,0.08424661933269591
58684.71672057726,0.08547443300031246
59041.71869339829,0.08393264010882688
59397.429282558645,0.0842666564578076
59753.459403841356,0.08552072081132188
60103.193278882725,0.08299694590857287
60452.79131574022,0.08427013945903145
60805.17218584347,0.0847203051616286
61155.49194152924,0.08863274138477788
61503.4623957166,0.089118198543483
61858.25895248178,0.08817385278151804
62220.478157763355,0.08965188921845192
62577.49725685785,0.09157818467634474
62934.82617114304,0.08816120846079083
63299.424917543096,0.08819152257588447
63669.93056768559,0.08970431540663358
64043.2419868791,0.08957231190548956
64409.60172134215,0.09093691892001832
64772.99333250249,0.09323324349802431
65132.44599303136,0.09490606069856644
65497.09127776391,0.09629049902365429
65860.87014767276,0.0951952337929355
66218.38207370394,0.09825798166349094
66570.26324317587,0.09673176957021766
66915.39534012118,0.099578893154117
67260.47319985076,0.10135537823780026
67613.17556442559,0.09918262950832173
67964.40974605354,0.09609332187055548
68316.82247597654,0.09319490091730992
68671.82461288711,0.09428651059275935
69030.95334786671,0.09237820195649826
69386.95363205193,0.09622970038142106
69751.38973561431,0.09624543739349063
70116.01747487986,0.0950747777674163
70500.072243346,0.09545469130120501
70887.08166957824,0.09528184929904203
71275.1585145492,0.09421049807516299
71653.24106307318,0.0971010286783807
72024.31919267427,0.09742033440461914
72398.05479195302,0.09734676799383972
72769.65019011407,0.09921508195039841
73153.97352024922,0.09845090420274065
73541.37351273905,0.09945223065478576
73916.72577319588,0.10807507016917957
74273.68742216687,0.11046814885781177
74620.31732750546,0.11048690936792444
74960.48783379086,0.10587397829196633
75296.7811001059,0.10280204671190611
75637.19553142358,0.09898619835413956
75981.81046526133,0.09890029467797222
76323.51093526077,0.10081446178968141
76664.69469219734,0.10244547049598741
76990.21646721516,0.10281942427592632
77307.5237054157,0.1006474482312487
77625.2399377916,0.0958822586010217
77942.60505460219,0.09442358518600272
78262.42335493519,0.09197748168938248
78581.76552369077,0.0959743077191025
78903.83614127044,0.09596753987271556
79233.95779038593,0.09917385126354851
79568.46287637927,0.095541369340104
79897.62958115184,0.0923121170132529
80230.83952776564,0.09113628057659269
80554.47097658196,0.0930359243764191
80886.18152309614,0.09115867539437039
81228.86978484565,0.09149125459983434
81569.6789892955,0.09164938769881723
81899.25976379428,0.09239162794528963
82225.67541350579,0.09185016740047754
82555.41513904477,0.09278845021218309
82887.6138125,0.09546429478504007
83223.30727057504,0.09242467848161695
83563.58150548355,0.09602227869345988
83908.96559461481,0.09482791561741725
84253.48330623984,0.09061199639884902
84602.49819292124,0.09428911129576295
84956.68886673727,0.09150860157955136
85309.09124929832,0.09199071109920486
85663.66891133558,0.09350743990312435
86020.47596513075,0.09515200501289837
86379.65684499657,0.09373761174443118
86741.58967645408,0.09310616601818911
87101.83428891936,0.08943519242328883
87463.60140818743,0.08945098231598382
87818.88324175825,0.08833874134287406
88188.08100018707,0.09079216544048739
88555.80178104372,0.0915482433969384
88923.65061143,0.09263689964002551
89298.31963527354,0.09434971707214539
89671.68023690773,0.09538688527107865
90047.38649389484,0.09650981039790651
90423.97751059059,0.09746283245496153
90800.23922009749,0.09789302929627812
91182.65949351297,0.09848743483791257
91559.82525962316,0.09815600876322297
91931.91068640309,0.09769578447008594
92300.05169940754,0.09729579343973764
92666.20831256232,0.0975461410305406
93030.94737170683,0.09734398860670727
93404.30955493309,0.09475796123580459
93796.18366583542,0.09232269351044153
94190.89019436286,0.09432969517293129
94585.60259125452,0.09600064162655536
94986.08635514019,0.09421280985183057
95383.57447471787,0.09315883372457182
95775.24569825437,0.09174729757625626
96165.43848462116,0.09500097883887548
96557.06069849966,0.09408834162523519
96951.68811634004,0.08975761462987701
97351.53332918017,0.09153264679153743
97755.97759610585,0.09068589308034722
98147.71239710652,0.09147454569702368
98538.94509608185,0.09307726654843469
98933.83307400261,0.09239792016602066
99317.41691107645,0.09286027666052643
99695.80654409474,0.09686947995806341
100069.9010413419,0.0971691408623654
100439.09930715935,0.0988447042766179
100812.81309575727,0.09787095612182113
101186.59973843183,0.09825738308553443
101569.18702790437,0.10194868573393233
101971.06963840399,0.10225601930617521
102380.08067635864,0.09802874292683375
102783.07272727272,0.09654878716402948
103191.28422693266,0.09717383525222244
103602.05992509364,0.09862962354675713
104010.15020923116,0.09632490232292097
104420.40473225404,0.1011443144827186
104823.5466167758,0.09840949829468419
105223.03232436473,0.09887148077522495
105627.6325308719,0.10177276376286966
106035.42947958865,0.09965516360391942
106435.16201047643,0.0990144404351324
106833.7325545074,0.09662617326605238
107227.27255744442,0.09850119717570832
107617.55867315126,0.1043915825511705
108001.95531423579,0.10713260525752633
108392.86556089044,0.10510233121069347
108784.3263348078,0.1006550756136967
109170.77280668913,0.10070294031134487
109558.24421433473,0.09801981097070274
109944.29577990789,0.09858977235766363
110330.23897564023,0.10029792063036
110728.198231301,0.09754168355285342
111127.61522608044,0.096403640514398
111529.83657974983,0.09096304892144318
111921.95939783871,0.09208169580564646
112300.42447120484,0.0902068029977943
112673.05183059939,0.09017309608105882
113051.62074120212,0.09349347133413849
113432.62837753704,0.09230788217216584
113825.4530128005,0.0920317072574493
114213.7337905237,0.09602760058045344
114599.25514788469,0.09333544234005242
114991.85911722592,0.092393628641481
115396.9784697953,0.09019994752979704
115809.6951508352,0.08902567773910555
116216.57526210684,0.08798313637173873
116607.27299388494,0.08959867137433015
117006.53570761472,0.08910199950629802
117388.9071611413,0.08946136443472469
117762.68560558812,0.09145999407651156
118151.97657466824,0.09253025949772692
118546.68817070128,0.09399895633768368
118944.68755834941,0.09335658495740994
119340.49190169471,0.09509111875403999
119732.80777618544,0.09595704020951377
120119.27609385697,0.09440211264961432
120517.71823514727,0.09555836117184636
120916.70387229531,0.10056141611025768
121324.6096543133,0.0963290404264078
121748.049341078,0.0937123885049313
122179.04257573868,0.09379582386143612
122617.07584743117,0.09770827583117243
123068.142990596,0.09791015358020443
123521.67976792065,0.09823238018746568
123968.72634987856,0.09931848470392295
124400.78441396508,0.10086433195135242
124828.4528549142,0.09972908408892099
125258.365167488,0.09813423328824011
125696.72703493803,0.09745041759212622
126135.86771132475,0.09210068450741384
126562.9271560319,0.09391336407482993
126981.20288227587,0.09181299601701971
127391.2340332731,0.09345200794614095
127799.28398376521,0.09310078644474984
128212.58109961351,0.09224625298342243
128626.1229676696,0.09198698305250501
129036.60856001996,0.0896859859907411
129434.9754011363,0.09001205389127713
129831.13055399763,0.0898189349105338
130242.23326900329,0.09199527609725525
130652.10244877561,0.09404513916153277
131060.60757679606,0.09297679301597188
131462.5562144953,0.09391782574743797
131850.15133956386,0.09588978576976985
132242.25211864407,0.09822669404092432
132643.82705265784,0.0976209617701254
133051.239808004,0.09975180816474197
133472.71155045528,0.09982837102733487
133903.62660516147,0.10142097640417441
134320.18386292836,0.10539473525025587
134735.0762886598,0.10394380264398868
135155.56821579864,0.10180983178516614
135561.35412512464,0.10129733628071379
135961.71319037527,0.10231414123134613
136375.1999251917,0.10424088844692893
136792.11581709146,0.10661356841987721
137203.7870618268,0.10560600955672955
137608.9374844023,0.10197563946619108
138027.34910541738,0.09942951780096211
138453.206582152,0.10002835133331936
138873.35556248052,0.10049779727222548
139297.1023017903,0.09824828095281286
139723.88898585053,0.09625314284927182
140147.72337905236,0.09670029689768928
140576.0936565304,0.09889725077895327
141014.21522538812,0.09598741708259868
141443.44010725198,0.09746505595171562
141864.83142910656,0.09828178074337905
142296.65257192677,0.09962314325736148
142725.9432009477,0.09701232568839811
143159.14477379096,0.09967571889452742
143586.96540978499,0.10450328134618576
144009.0255465334,0.10473287044254898
144413.90900597908,0.10689004852573865
144806.4682732424,0.10819746538157737
145206.54186669993,0.10322807835063523
145600.0595245523,0.10455314560866165
145989.9526837479,0.10471950006048827
146374.88740314922,0.10202987414602195
146757.2755979073,0.10243479562135364
147142.85527381473,0.10452978080144204
147520.39946380697,0.10542816808276774
147895.5779346536,0.1063840450425817
148273.24375350488,0.10924556668730777
148640.66735176882,0.10813925646610878
149002.82121929934,0.11166289555826635
149364.87858526525,0.11134023519089711
149732.24570361146,0.1085562548578367
150093.38672897196,0.10763010383684538
150442.55936972424,0.10897469884364006
150787.52480239,0.11143543780332209
151135.11377394994,0.11382179636829938
151484.30799451235,0.11187770585945433
151842.79268064979,0.10601951091503148
152201.93265153404,0.10544791321046122
152556.13125389893,0.10290291664101227
152912.43737909515,0.10211072490556257
153278.82243573747,0.10166562988018678
153651.84361576295,0.10279139201704741
154024.81341562246,0.10338563778046679
154399.55831405165,0.10482382613912522
154773.63941678609,0.10442945995022691
155151.79210755634,0.10586222451073705
155531.29828285982,0.11097065511446769
155918.12511688797,0.10736249841721013
156298.00410907733,0.10742187288303437
156663.5387014283,0.1085610941278511
157029.9054602184,0.10935430198861675
157396.83600624025,0.10868171680309907
157766.33709757923,0.110206861888743
158140.8711989033,0.11156211004399989
158517.61053352425,0.1070132508622231
158889.29855217173,0.10748006495024279
159257.96414317784,0.10659730010522174
159645.00417757826,0.10829997367028348
160050.68334061,0.10597998952062027
160460.7090501122,0.10661472673171599
160870.12210933116,0.10654939326684226
161263.4931395784,0.10232565748048962
161652.98570982838,0.10414141423030586
162052.62398652863,0.10604682219190857
162453.16402743143,0.10757975459763586
162853.51959135363,0.10901205809693415
163251.46628407462,0.11252937163422672
163646.0117228908,0.11432431994797637
164039.44953212727,0.11175351828221809
164422.6889871683,0.1144512298419146
164804.0374648767,0.11542723545343014
165193.51154374142,0.11133945507902783
165591.14662683595,0.11242276332023808
165992.37623206488,0.11618992946150332
166391.05360374416,0.11109571401924745
166781.63003548968,0.1128921510579752
167167.56967008248,0.11212397092571964
167546.15383656422,0.11184818382398652
167928.33852867832,0.10895620739804741
168317.7612303469,0.11521921184478252
168710.43734812137,0.11072117064735912
169105.49269662923,0.1144794768148638
169497.41256387884,0.107749573101962
169882.25028058363,0.10832263254949646
170267.14823807744,0.10561778851657039
170650.97863968523,0.10354058403691897
171034.95590344912,0.10789818914540271
171417.43504268178,0.10888081949894877
171803.3714660176,0.11478437517671147
172194.3297011208,0.11193087682825203
172584.7312015988,0.10847826543735739
172977.7785807738,0.10838651516865327
173377.99600823302,0.11043487704430952
173776.74599513807,0.11075476337176764
174184.4888778117,0.1084163431713266
174591.67909935757,0.10682508479447628
174993.383331257,0.1116674939868789
175403.76913480132,0.1081666944640629
175805.8655793026,0.10856814099295363
176212.8330425028,0.10250701374665419
176631.3714250109,0.10212338705744063
177041.49703846872,0.10318772856374378
177451.62605120539,0.10008865533061692
177861.14245548265,0.10030747469451794
178284.21144139091,0.10204422102364322
178713.36274632078,0.09951876763412826
179137.55658673312,0.0986146490711289
179543.09153346653,0.09805565902395266
179943.84012461058,0.09368153494794493
180348.3960383705,0.09099887061582054
180755.34348097318,0.09215702940469386
181149.6682067932,0.09662864701801974
181538.86984166564,0.09580708252184696
181928.9698802694,0.0991282705941083
182306.80199314855,0.0980806424252738
182683.56807541044,0.0989960942254684
183076.13675213675,0.10106254071538821
183478.94638186574,0.10253104852362713
183876.4554924833,0.10217862188691638
184272.2383800623,0.09800700434889373
184660.51555861035,0.10034615487977194
185044.67775286498,0.10248304746286932
185426.07723450637,0.10319923332423711
185797.05728385807,0.1040579389219683
186176.59030589994,0.10185289356823353
186551.7568495288,0.10300424052339657
186932.90140230602,0.10156009621346464
187321.9438804111,0.10361214100283342
187699.62617755317,0.10879319010060803
188069.64442504366,0.10772310948449164
188444.3582797578,0.10670858678424835
188815.92365176236,0.10431336395511795
189193.01185943448,0.10266616354123992
189572.39611239175,0.09801542629494917
189961.876528575,0.09964621533994517
190358.7937507796,0.09989415451943501
190761.58694839192,0.09996901242809753
191174.3898389714,0.10198350725428337
191575.6022833614,0.10282383194126812
191968.3860850084,0.10533142082516458
192364.42341049478,0.10378705838611675
192766.80119805317,0.10516279068972924
193177.50654205607,0.1052032538149778
193581.69118931735,0.10463805299955468
193983.40955525104,0.0997653807907877
194386.4140469062,0.099653472545025
194786.9294403893,0.10226049299838676
195178.96710280373,0.10026427845818496
195572.6381308411,0.10022791132397711
195962.58076610634,0.10075681860500574
196350.93067148374,0.10564477362666574
196729.13823015476,0.10423683936547423
197106.3175414537,0.0994524235396072
197492.60839204438,0.09714377518722767
197879.90292048073,0.09172141706071645
198267.14890164754,0.09231441451238767
198659.2967794283,0.09602156716104282
199059.14808818034,0.09468775021205193
199461.12826277007,0.09735015408265225
199865.6956657118,0.09735758533596996
200279.48912162584,0.09236373687266104
200689.968901907,0.09138197256460175
201097.4347392064,0.0912826945816485
201504.374766122,0.09111747822473482
201921.523349336,0.09601518004902825
202342.00823250593,0.10007826124634817
202754.5247086683,0.10069565027984785
203173.34929155483,0.09959275295057832
203601.85805124367,0.09909855125873537
204029.45766518998,0.09573411210645334
204452.7051745636,0.09652883579176635
204874.6472203157,0.09626180028979456
205307.3844859813,0.0986997766069535
205735.56915026164,0.09817330015079362
206147.2838588823,0.0996136560986186
206549.69973207053,0.09746011689414161
206954.55574967244,0.09376306979953565
207355.71193312955,0.09508513541385175
207755.80594318465,0.09537981501654333
208156.5935785536,0.09644069309196118
208558.93922204213,0.09718108146689693
208967.14932070297,0.10460998697485673
209372.7690626366,0.10292755443526694
209773.40404544887,0.10168843560296371
210166.35905266437,0.10361082832679815
210569.1991414707,0.097915197554487
210978.27342041122,0.09282404718631918
211398.28021670092,0.09656137879571561
211819.87641362075,0.0930295602422233
212246.48085662702,0.09282874974035002
212668.11607309923,0.09037857850601246
213091.04918645968,0.09407518400446441
213514.8395415473,0.09416754989534946
213931.2093923687,0.09551003385358976
214337.66330406626,0.0951039811644741
214745.3235771343,0.09503344907673597
215156.35841757143,0.0964659702248288
215563.35980581315,0.09760193022634012
215973.01436691862,0.09759475743112961
216383.1292631317,0.09442424732154918
216792.73172710818,0.09000455866071921
217200.79151084519,0.08774243305045458
217617.21517327506,0.09109188863563951
218038.81571241666,0.09260189640295521
218461.98876404495,0.09554278719710244
218883.4202654702,0.09590270854351594
219301.6448196374,0.09481266043216992
219726.51284289276,0.0879504904553111
220160.77554208584,0.0916348039089605
220603.5002177565,0.09413423429352319
221043.8529081378,0.08790516909273118
221478.40958374875,0.08543717740226292
221909.2119358262,0.08948197697164434
222339.786163914,0.08674506021891912
222776.6224826984,0.08567391608290462
223224.91515378378,0.08373344350905683
223669.77768770268,0.08358865855491429
224116.08740039842,0.08396278711246054
224550.89055874283,0.08533745502193628
224975.2895936076,0.08678154872223141
225400.5545511222,0.0850518547956164
225814.17351455826,0.08362511783616534
226225.29272250657,0.08491866670170667
226636.43187340352,0.08698323527770027
227041.06545091182,0.0869304740848732
227442.17165855484,0.09249122517887359
227843.1880012434,0.09299741280518312
228251.9483943521,0.09145343460455424
228657.0004361099,0.0934425819970735
