D,r2
31.44492668621701,0.7391101616142002
42.02129975124378,0.7239608586608632
52.594712587921414,0.7085169936485286
63.05438711797568,0.6913474842959598
73.54328433220253,0.6816941249597819
85.56351334099324,0.6763567784541743
97.58185404339251,0.6718309944721736
109.61177683288236,0.6619659943679129
121.54701086956521,0.6523373033602123
133.6097793516753,0.6408944676601511
145.65171688857743,0.6362215352826122
158.96292470156106,0.6313022479193945
172.5280353830789,0.6200891914167671
184.61584129742252,0.6166551374979194
198.19496487119437,0.6120142403294615
211.67857142857142,0.6148084416999414
225.10261080752883,0.6002725299885983
238.6650761890103,0.6083073373676074
252.14776632302406,0.595934512626199
267.11560030588834,0.5879295729538075
282.02345080571206,0.587666794489011
295.5043668122271,0.5768610013982595
309.20669955855624,0.5803279171680165
324.1447124304267,0.5753256910553712
339.1962452728255,0.5717254409849991
354.1894667544437,0.5720828646706175
369.27070063694265,0.5750905585680189
384.2923307451301,0.5607441636858446
399.1617996367193,0.5561633175297871
414.2263036588879,0.5574033810244667
429.2505418292154,0.5553515123348197
445.6321036889332,0.5494026135847793
462.17719933184856,0.5394266426620371
477.3695909899229,0.536444536675206
493.4861341853035,0.5378017815341878
510.0748502994012,0.5322979146026067
525.4029314986539,0.5282376220783622
541.7867518156775,0.5134802254114128
558.359413202934,0.5199986271170491
574.9010555767519,0.5187444866768272
592.5409134814406,0.5153293619730076
609.0108335841107,0.5076474853215358
625.906771860618,0.5142481894296437
643.8543253536453,0.5133150436931486
661.6825352505933,0.5044707034584107
679.4581976112921,0.5054224796092599
697.5032302405498,0.5020101392236677
715.4353321162758,0.5022710007008837
733.5381110190555,0.4912852393448535
751.4649405178446,0.5005432792139409
769.777202778156,0.48566779342052113
788.0591428571429,0.4775573155061032
806.1376159885796,0.48574566013532955
825.0397749574774,0.4815385631933116
844.4579594090847,0.47241999643462845
863.0465352276022,0.46986020599648187
880.939247005134,0.4660190368846446
900.6411495422177,0.46484007282149986
920.0485986881336,0.4593296465479565
939.5615076803924,0.45563247261390655
959.9008184214176,0.44410354670223756
979.6026602518749,0.434169397014631
999.0298672566372,0.4421191117326353
1018.4124946512623,0.43625150574934884
1038.6454956152006,0.4373492288983386
1058.875516956162,0.43423371994248494
1078.5729301655867,0.42852977285572713
1098.6357286769644,0.4271611474998522
1119.370083102493,0.42298250338717075
1139.4937220982142,0.423450274245007
1159.5716346847496,0.4144204003237486
1179.6122001370802,0.42360212348116816
1200.7458442093694,0.4123849893728105
1221.7537764350452,0.4111082539252073
1242.8503705775415,0.40710867347498214
1264.4721591667778,0.4083010129388468
1286.532335575999,0.4004028765665998
1308.0770631918174,0.3970189475301521
1329.4434997257267,0.39686637914570927
1350.8180014174345,0.3887402092732397
1372.4649396446493,0.38894275464434436
1394.9420603763367,0.3911033167048802
1416.7773785570566,0.39037449138632074
1438.5703562167325,0.3913597177832676
1460.471393034826,0.3792113472313059
1482.3768709404123,0.3680630166922461
1504.605820467277,0.3817527728041274
1526.9297004991681,0.36765048964887165
1549.914239914507,0.37448848702224313
1572.5114967462039,0.37429166176297063
1594.9678173566222,0.3621472804357091
1618.4496228448277,0.35958644206779766
1641.9995837380325,0.3690076378668129
1664.9406587166384,0.35435910861643694
1688.4266758811334,0.3565546908746977
1712.3795312074135,0.3525710552447907
1736.4261555806088,0.35626399132164926
1760.987118193891,0.35218580239459396
1785.597263365778,0.3529047555867169
1810.043531492314,0.34708034414783123
1834.397409109904,0.34253476967203444
1858.459429053579,0.3409882561930177
1883.1234550947543,0.33840119156694903
1908.009196980096,0.32811706853801964
1933.0984911986588,0.3278166229710385
1958.0030636401616,0.3243884419206693
1983.436948554364,0.31733286416560935
2009.4230239603414,0.32804933368645767
2035.4310737681571,0.32519382315282175
2061.501090809926,0.3194152663877864
2087.5193625052425,0.3264688437841854
2114.140595140595,0.3129625200330666
2140.519949245735,0.31550505085204245
2166.912537640296,0.31582820401803885
2193.907619047619,0.308920670733888
2220.562570621469,0.30380418570777024
2246.9863908546545,0.3069114419465981
2274.118942121296,0.29969839133391674
2301.032418264588,0.29287007733677556
2327.9655124844808,0.29608972366877767
2354.9535213263425,0.2905035145975285
2382.534902488231,0.2943282834267724
2409.8673773987207,0.29148867977191645
2438.165577342048,0.28184542357583925
2466.5600055432374,0.2838786464829597
2494.5760508849557,0.2752438654700665
2523.522633744856,0.2745141499284441
2552.514130745076,0.27377982579176635
2581.4623843368645,0.2698505789578214
2611.033850493653,0.2717047905629419
2640.4952535937077,0.2625098586919606
2670.2427857935627,0.2678503183442048
2699.06531018782,0.26817253687205517
2728.443975493533,0.25640004018874546
2758.8165212649947,0.2585539364273407
2789.8237006237005,0.25949540988713393
2820.3680339462517,0.252030170788649
2850.9608599779494,0.2523838164131921
2881.893137120066,0.2554842096435765
2912.892479108635,0.25612439868454806
2943.4435819240366,0.2497264966880726
2974.053725222146,0.2480956700651191
3005.0611210086336,0.24644386151409522
3035.8382805936712,0.23984034300833534
3066.9970817120625,0.23898781410386957
3098.0542733249404,0.23768260235196553
3129.4058543226683,0.24173281683120942
3161.4726450020567,0.22968648119586252
3192.8854712969523,0.24188854702456772
3225.002024018351,0.2324192912674305
3257.538580463809,0.2320395652429457
3289.515231237884,0.22620264016754804
3321.7639152864513,0.22388293124751352
3352.9858784438597,0.22450311812689666
3384.433296275709,0.21472694655523036
3415.9905246782632,0.22019810798993505
3447.128184059162,0.21854622714365168
3479.9896935550364,0.21252315494796886
3512.961993941063,0.20488978000010424
3545.572463768116,0.21200476176429328
3577.510813450537,0.21161329943619678
3610.045983379501,0.20649944082164595
3642.8780754510663,0.21140696994560346
3675.506565307533,0.20631314027243314
3708.0398217766638,0.2042475632366793
3741.348713033954,0.20385115306894608
3774.9269001799807,0.2067786310324498
3807.9933166248957,0.2110780161619114
3842.0680642526545,0.20946585760364506
3875.900979020979,0.20271740024433005
3909.393602416255,0.2068055631034355
3942.904875315214,0.19934158457648254
3976.065151095093,0.1935485518026256
4009.6029533535743,0.19058478997313305
4043.700181792756,0.19699727696308722
4078.058535257283,0.1879597152603608
4112.549496644296,0.18839294124122258
4146.601906867487,0.1790121777198707
4181.003017832648,0.1806368363902658
4215.950314026518,0.17829809841265126
4251.124914112958,0.17259874825214977
4285.417379310345,0.1717649145833263
4319.266451068616,0.17199887791342688
4353.771085997795,0.16932631950646437
4388.911934950386,0.17105362340821967
4424.604300780715,0.1685433673850888
4460.108726150393,0.16505569570478962
4495.693782525335,0.16179867903797018
4532.054268877621,0.15985778734806472
4569.069683509161,0.15969085594251414
4605.361816130851,0.1624199149034548
4641.944294940797,0.16103000845594143
4679.0427988174015,0.15735170095127785
4716.491662110443,0.1585798769905705
4753.840257378654,0.1578868686048769
4791.601090661214,0.15749610327283212
4828.388787666433,0.15058016870674026
4865.491228070176,0.1529636444630034
4902.315288851588,0.1579357073389357
4939.420040622884,0.15362043142994586
4976.995795964125,0.15044395175281652
5014.050416666667,0.14971438883992957
5052.153585008148,0.15119964988913775
5090.468858854675,0.14844695428257115
5128.038369641602,0.14965578875073546
5166.537505068252,0.14552901505272972
5205.436476566912,0.14271120642338958
5243.41082495524,0.15021402194797212
5281.631126279864,0.14860588222994028
5319.624551228942,0.1470413986356957
5357.4258172673935,0.1432142098987527
5395.0266442294205,0.14185604797333087
5431.926214921286,0.1441966097141436
5469.517340644277,0.1451817470219824
5507.539597130243,0.14658593866326253
5544.993871866295,0.1437456760214581
5582.598387993329,0.1415774256355223
5620.422304730473,0.14292369055048953
5658.0121627289245,0.14823865583627793
5695.46177243191,0.14162343950377632
5733.396016483516,0.13816536518545616
5771.487620357634,0.1388898099581071
5809.837718694035,0.13743988108528526
5848.468873239437,0.14274004938627904
5886.7453627932355,0.1314516528811481
5925.412051210687,0.13355024499862153
5963.922387648194,0.13238888050931902
6003.123842432619,0.12913515249980068
6042.021099389228,0.12876767859706065
6080.908154745338,0.13232847027174816
6120.008130081301,0.12691471370891774
6159.017585484997,0.1278163793641583
6198.352770885029,0.12875030553226086
6237.228563512952,0.13081650594509503
6276.408303546879,0.1257231932239349
6315.980383973289,0.13207576317097355
6355.821216719548,0.1260039691390452
6396.328265376641,0.1265813857971147
6436.509842244869,0.128295984134614
6477.101615995618,0.122566774387822
6517.418907563026,0.12823081142557108
6557.848912892951,0.1295396919260873
6598.809439367072,0.13083454921787774
6640.030777762374,0.12503455030097316
6681.052128102038,0.12112563882462653
6721.896052451851,0.12255289473808399
6763.505518763797,0.1194521823977764
6805.097970608817,0.11761755976727502
6845.970238926925,0.11736036274104021
6887.466630567213,0.11448030486326967
6928.618658399098,0.11562275799532075
6970.0497252747255,0.11711681109275357
7012.39321192053,0.11791279427026734
7054.444749108857,0.11615294126968784
7096.346563814866,0.11189086405135389
7136.875486922649,0.11359835261799962
7178.613037447989,0.1141000214761912
7220.437953208373,0.11311765183187988
7262.3310411222665,0.11235686920420865
7304.199719887955,0.11346877288354702
7345.011195577056,0.11263914983642388
7386.076083916084,0.1117982826679934
7427.209371614301,0.111300798371952
7469.079152731327,0.11046635088454938
7510.041109253066,0.11351611705201799
7551.425593594699,0.11156135260303778
7593.806723832857,0.11030446399130626
7634.164553395322,0.10701852219170069
7674.123049548317,0.10624611333024245
7714.622434830838,0.11113934328068853
7754.490967204002,0.10701587727492318
7794.41352441909,0.10331150257090625
7835.589192886457,0.101774210173874
7901.76775,0.1037961279023763
7993.174989117592,0.10400496287466772
8084.64752870694,0.10259474959899832
8177.4161990273105,0.10125309616592128
8271.083104223944,0.09801217394633277
8364.943996526916,0.09723875040425192
8459.358543592305,0.09433693376002493
8555.36360804834,0.08993775415553766
8652.883652152026,0.09202453445434329
8750.172950665916,0.08889591025032903
8846.673965634885,0.08724829502334684
8942.774687324996,0.08926089350724717
9037.410640431131,0.08826399483799892
9131.745310649965,0.08903148538090516
9227.873044449963,0.09092992818105547
9324.618409517845,0.09212428174861031
9420.525776397515,0.09224425656738551
9518.149833448557,0.09377869433804127
9616.960791635549,0.09278548379314659
9718.11225252148,0.08855255069325706
9818.386840471756,0.0867032615294965
9917.923512391495,0.08613725661198898
10019.670818615605,0.08611023628796753
10125.384150896414,0.08854701517639586
10229.211679288977,0.08356735002043746
10333.170053945552,0.08311457885277468
10435.542231100568,0.08323924063439678
10538.955414803775,0.08156161279494238
10642.016362727954,0.08036198623615494
10745.62413900093,0.08210904435556549
10850.423685362346,0.08224109304746874
10955.471367841961,0.08035879847942427
11059.766404362104,0.07935648550501113
11163.270464636358,0.07456402690468115
11264.557707980692,0.07660593414716452
11364.59558869214,0.07402480348593118
11464.457360946006,0.07796316743621536
11563.056917633914,0.08007042969811644
11663.189062206353,0.07899427653753328
11760.014592647789,0.07697010027782838
11857.278375149343,0.07782591659068205
11953.955486862442,0.07754674389347428
12051.13825,0.0727805619896077
12149.077110541773,0.06874541882284037
12248.079995015887,0.06954029253137323
12348.094357249627,0.06891173658598501
12447.622779584688,0.06663110623162403
12547.917705267113,0.06540670649433301
12649.489377608872,0.06424213042751963
12751.936668540378,0.0672111527606653
12853.099558485168,0.06781194238351972
12951.662271108056,0.06557187484328304
13049.00733192494,0.06412148212875379
13144.620629151523,0.0628942183317621
13241.117289690657,0.061591568310600475
13339.10922224298,0.06091627706185668
13437.751622161219,0.05986371853533439
13538.067597034453,0.06022090752617111
13638.157223618091,0.06077098799750846
13735.947338830585,0.060925287024864515
13832.907325848273,0.058642064899840064
13928.488566787455,0.05809184345972066
14024.174015944196,0.05806745925702527
14122.378521236242,0.059191877667915144
14221.824467751052,0.056851516218891895
14322.124205013093,0.05600021717560347
14422.65670621855,0.05466471839327392
14520.749952833155,0.05364874238733002
14619.861049245237,0.05049405879610833
14719.677737545262,0.048695877411867164
14820.523892701185,0.04807456850502892
14921.758820235207,0.047946371426349575
15022.30504128096,0.049886518511567716
15122.185362173039,0.05090191591155485
15222.534118376201,0.04965338996082464
15323.24384899518,0.049553293076397914
15422.844463807805,0.049168643864366965
15524.122605603045,0.04994270958556129
15623.267155021287,0.048589188126415085
15725.185364943065,0.04674189576992598
15831.364146356667,0.04479395385985579
15937.3883005233,0.04665441571517654
16043.485005299583,0.047706764623835565
16149.93023255814,0.04855703233964773
16256.682494818164,0.04705685067653272
16363.338068358042,0.04594683520328981
16472.126395907417,0.04577175781718276
16582.406483790524,0.0461016770385041
16693.308583530583,0.045369454729186284
16801.480202664665,0.04366554847949515
16910.412612838514,0.04306023045972142
17021.78183172003,0.04309431172082583
17133.311371279113,0.04258126575213057
17246.786821946815,0.04443048301834774
17361.35896637609,0.04456023186190838
17475.48068103286,0.04470801073908483
17592.694140454005,0.04512410081073486
17712.61436895611,0.04302495406018147
17833.49054608782,0.042974183741987304
17953.288562172937,0.04357443944085975
18072.282250485558,0.04345474188152401
18191.049975012495,0.04512779466186804
18308.76687842551,0.04736244943213855
18426.156325694057,0.04775585849671443
18541.594832463696,0.047844343199914846
18656.62163001615,0.046871294470151675
18773.139698994568,0.04638365916254674
18892.417438319557,0.04694959675615794
19013.749279899814,0.04872072125500418
19133.171792948237,0.05068110644521335
19252.337043024123,0.05060380827363735
19369.89146851401,0.05443286996272425
19485.60600750939,0.05247262331585478
19599.772198142415,0.04915641277617737
19714.79088623507,0.048257560612456896
19832.73259000872,0.0478103255935058
19956.092740426593,0.04909570707408352
20078.569436663554,0.04810784105163788
20204.380934556117,0.04879674109536777
20334.15877454636,0.047804089602859964
20462.955796965725,0.0461814493826848
20591.823153542566,0.04898721464664343
20720.636577951485,0.04663794239194407
20847.925731104013,0.046654761094706655
20973.322482450145,0.04594259632253838
21098.922314257026,0.045274579126952236
21225.896603210153,0.046828553000934706
21357.162006630388,0.048714837387901624
21488.544490605815,0.04985028463986835
21619.574474756977,0.048167673428943694
21749.668672456577,0.04621772126515481
21880.970036281746,0.04505370706825952
22010.632802249296,0.04322762525360441
22140.46991172448,0.043735117703951394
22269.276898040935,0.045445329939942394
22395.69256651505,0.04793949681616596
22521.134762348556,0.048594437568421585
22644.381976126493,0.04784273146207997
22764.521467408285,0.04799242785465846
22885.436632862566,0.04504950883640308
23008.205613292674,0.043070919273194334
23134.46853103103,0.042824694987631924
23261.581644074122,0.04322377570649464
23388.93227041617,0.04332533635222489
23517.78337265615,0.043981029082974334
23645.266056770473,0.04550673022302262
23769.982146178165,0.04528495401723156
23893.83271886521,0.04651053634834953
24016.632612354297,0.04646276359356468
24142.22939671845,0.04498645054504748
24266.880339215564,0.042388916812031156
24394.29413236582,0.041694109267892875
24523.349071255514,0.041847506364548946
24653.285776860022,0.042506603004429655
24784.25410958904,0.043540223736847114
24911.377625885747,0.043215190091868715
25038.046685807014,0.04331925653324821
25167.03469286247,0.04290746865762456
25299.094437176853,0.04391411318522088
25432.48356455443,0.044119213590396666
25568.75320773612,0.04425430863691517
25706.724489795917,0.0446056940477468
25847.63732438145,0.0445159651852412
25986.933258412937,0.04344564258351123
26123.76126294771,0.04187554642543283
26261.81300205492,0.04053996734874492
26402.08671459831,0.0413744868657203
26546.007553058676,0.04396050324942696
26687.822059189257,0.04256890075795987
26829.01904821384,0.04368889333621646
26968.487653169122,0.04268746497488918
27104.97389280322,0.04200613035916081
27239.537646472203,0.04068301459501593
27375.095288413726,0.03904604182819314
27511.051836658586,0.03988040950147602
27643.131372671975,0.041127203892324306
27775.37510105093,0.041830808037065764
27908.637866265966,0.039601786359308576
28040.010980783627,0.041108850846484864
28169.488645605255,0.04329734337796089
28300.65344998759,0.04299030884806426
28431.868368368367,0.044852269855763856
28560.206819728945,0.044738480919967606
28690.62254226675,0.04150726254107407
28822.81420833074,0.04142206376127866
28953.150103067026,0.04137969444954283
29087.180112219452,0.042487513260647605
29223.415798340302,0.0439959458762538
29358.268969810146,0.043672985994435275
29496.409958816923,0.0420283779155545
29639.29024603472,0.0413757253484256
29784.322179375544,0.043018875165542994
29927.6448316931,0.04290873679989449
30073.296146423458,0.041701820845331604
30222.0963523744,0.04194609359940748
30371.363698375295,0.041780728112819486
30517.030094905094,0.040381448062157294
30662.9311748497,0.04168792897340598
30809.531625849067,0.043655624549824475
30958.643626626814,0.04303434796964295
31108.913171036205,0.041583683568037315
31260.362595419847,0.04171584705371255
31413.049788924756,0.04130010752777763
31565.727840980122,0.04216445293666911
31721.259788921503,0.043876084870688364
31878.16319033684,0.04292996814872786
32037.55946806518,0.043819293156314595
32198.281166449047,0.04408307343654051
32362.980805419647,0.044391931188025494
32523.58037319447,0.043485040728404804
32683.81671142197,0.04547229212293653
32844.60809716599,0.04585913101702714
33001.808053607216,0.04492046979275846
33157.543602840415,0.04609347283959869
33316.750501127535,0.04755585684216472
33481.03937843235,0.04777090441468798
33647.94123871771,0.0458292560163256
33816.16783085943,0.04384345887287858
33983.24928402441,0.042146970197986064
34151.55692173262,0.04123244666211153
34320.47488299532,0.04267784623642645
34492.68133167393,0.044293011739886125
34669.48588345279,0.04390579198637255
34842.247834486196,0.04609328716868343
35012.668250891125,0.04955592602908288
35183.08722604884,0.050612689202003416
35354.7488689185,0.04971058904834331
35529.45289059067,0.049166706223727485
35700.56136970977,0.048970280926446744
35873.2179375,0.05005543944225303
36049.89648948089,0.049838314152941814
36226.551870060364,0.04954844955015486
36399.0482629108,0.049625338964109984
36575.13092354512,0.04883869270043017
36749.917942283566,0.051157363759428406
36922.47016499194,0.05089090240489063
37097.09814572017,0.05466918495295381
37268.50970812978,0.05399638553961318
37434.73524294768,0.05244534649015624
37598.71243507103,0.052870655523877395
37764.19590971443,0.0527416254397515
37931.76583936144,0.04983554099340548
38098.56029962547,0.046920399290751605
38269.77010778145,0.04626415937050228
38441.246423886565,0.04444742221372709
38614.498011681375,0.04515067279510019
38785.38507257257,0.04519625200704606
38957.94240935382,0.04616518096865949
39130.65416875313,0.04521869144607973
39310.58131294293,0.04350210654018432
39493.049953168906,0.04492074358875011
39680.58569736268,0.042162826921359836
39864.28522250735,0.04096500821273081
40044.34927662759,0.03860223825917863
40222.14547259976,0.036613382892480055
40395.9326832927,0.033902767594206976
40564.51579340851,0.033398946906339745
40732.34823499906,0.03273463360394048
40903.2552914158,0.03362330465988847
41074.40218408736,0.0331870689608718
41248.37626970773,0.030046304332908867
41428.04544887002,0.029821671480005637
41608.43199502023,0.029912552630667773
41790.12076961644,0.029944980641113467
41968.88214085908,0.03002456695263249
42144.04453315038,0.030808990793280193
42316.98906181636,0.029513962965718038
42490.90171207198,0.03065090672848036
42669.07156214936,0.030775313168282192
42857.090298924864,0.030728588353592372
43053.188747731394,0.03107315947812938
43250.316964008205,0.031806833073571926
43447.890429785104,0.031234370707122965
43647.5396042694,0.03258917026195573
43845.30122504819,0.03104658655567125
44039.107133917394,0.03035487443759822
44236.94784340574,0.031017623317145068
44437.44836397631,0.03381553135436895
44635.93509735397,0.03505631579418803
44840.77517344834,0.037099164632926646
45054.42721105371,0.03988176463511178
45265.4991558807,0.03963553515222104
45476.78063191939,0.03797031056540264
45683.80113956546,0.0383555630199047
45889.641164396344,0.037242540468405166
46097.049724448894,0.038356426162231116
46312.49306979924,0.03688835256153415
46529.63339145597,0.03541550318732377
46743.7016058211,0.03631619351733839
46952.60205160087,0.03694678756247648
47165.55107644306,0.03544490154621656
47389.55140537164,0.03540211252127426
47615.73291422881,0.03370698315953709
47845.23261032162,0.036361547018874424
48074.7001995759,0.0381355451842602
48303.21481112081,0.03854881245047546
48540.70598172944,0.041663092596606444
48781.046351023455,0.04365152851729604
49016.822340093604,0.0414628532810096
49256.43297226223,0.04268783781613432
49481.96662108404,0.04002941892845911
49706.42253082576,0.03893341781699526
49928.331081926204,0.03784095303312635
50153.957003297866,0.03702485847021451
50379.08849060139,0.03594364593258728
50603.63633528751,0.03674719807306206
50839.23398676489,0.03659509932201664
51080.381680819184,0.03630643926436056
51320.65454092438,0.034815082131438246
51556.63574632444,0.03601841210489812
51789.8712834258,0.03599314639447182
52023.754917930084,0.03433990697772921
52256.7776463999,0.032529478146182705
52497.91886143259,0.034769408951360284
52740.40160268356,0.03797037204257818
52978.8554660673,0.039854830340168006
53207.44221764375,0.03989116964788032
53436.68556636727,0.04269472616335296
53659.895577318945,0.04330372767065858
53878.03737032871,0.04112710761529225
54093.66677049589,0.041414147009436075
54314.341998628515,0.04284878216046296
54540.6376612853,0.04139139354259846
54773.9376633072,0.039661167481528675
55007.309732299225,0.040497616230989
55236.72576625965,0.04192566969580765
55467.344991256556,0.04341196363592312
55687.81410695387,0.043003966884388276
55907.18453460024,0.043145564537650415
56122.65070756187,0.044498015636085735
56353.27318076947,0.04533002475170397
56591.73800162267,0.04465525131368588
56838.7266558765,0.04123299659698234
57090.017945351094,0.04143035303786148
57339.214147347375,0.04241544948068038
57585.91957605985,0.04407414858525185
57841.999003860044,0.041367530717609825
58102.073514727905,0.043735909758618276
58376.03165029225,0.041080604790936004
58660.90792679118,0.042902995423250594
58945.37637225549,0.04171389217622602
59228.10784191497,0.042784626112739726
59509.48811380795,0.04341973318853484
59794.32897196262,0.04036104360118214
60078.1514051449,0.03641544632119756
60353.087073049115,0.035664429529461625
60620.986231387455,0.036753684506023995
60896.45489143998,0.03941854285388355
61185.569958205975,0.041567218413008394
61480.894163084784,0.04396223749537868
61773.242752945574,0.04655623234427451
62059.184421105274,0.04669690679885521
62347.856091782014,0.04621801570009386
62632.62203400386,0.045139014093652986
62932.09555014667,0.04706093646708799
63237.93947154725,0.043431440280396354
63543.943297361366,0.04621461792188367
63842.95914045469,0.04878820315201274
64136.21984532868,0.047614179002780053
64415.06974135245,0.04632887576147119
64692.38252220693,0.04876953855969083
64979.59288070197,0.05034276406709194
65264.25043695381,0.053013316741582626
65539.30653704742,0.05178992943503013
65811.44619225968,0.049331663454103274
66080.13161828827,0.051959485046000044
66342.17111999002,0.05413314095999962
66595.27449756584,0.053280526797158216
66850.73100910566,0.051205030696250056
67111.80932176951,0.0487678546028168
67380.73582201172,0.04490595563555637
67658.29011921852,0.044179413411520006
67945.38400199352,0.04566281858952482
68235.70933932248,0.047341377939257016
68526.97243701671,0.04660873416906277
68821.61626239322,0.04672662812022992
69125.08973958659,0.04876092490569789
69423.25196702885,0.048663111385365054
69720.47906281156,0.0516647060662683
70018.68886258877,0.05121136543609568
70327.63504380475,0.05111165258534645
70644.19665402078,0.04949178681704524
70960.94585808065,0.04353297765206194
71281.40807426328,0.03940941291284376
71601.73527762199,0.03553521348191849
71912.89463171037,0.03790431951197563
72222.60513814227,0.04039106499122035
72548.10995773248,0.04123040615721861
72854.08355710984,0.045700920614506015
73135.39317146245,0.04239710416110607
73418.01498782239,0.040048272988332516
73697.59612509345,0.04394171384243326
73966.54512567828,0.04508504699471055
74230.50321493227,0.046289071163227835
74499.6256222001,0.045513419060462044
74772.26857071277,0.04696707340149583
75032.16160986855,0.04336092445964893
75297.36607421267,0.04268125799032922
75561.0669951968,0.04134814423006083
75821.48259078996,0.040998907502025894
76090.19209427021,0.03928285471597454
76361.34510023658,0.03861069749510861
76636.96171831162,0.03885312644353336
76920.32220002497,0.038781845993522766
77201.31135668352,0.037066667733525606
77477.99438762784,0.03749917022228137
77751.67003556054,0.03901791664384054
78036.52328767124,0.03931147977672552
78341.8158617247,0.03802143017570059
78640.625945608,0.039976611647990525
78930.80064668573,0.03893986357531437
79220.97071861147,0.038264155386242824
79501.03978052126,0.03985060292677592
79783.14300860671,0.040110944325534616
80064.6733928906,0.03916224508163553
80359.64340844018,0.040982063621009826
80678.35478021634,0.041455817114256166
80996.16213689066,0.04162813388671447
81301.52906324061,0.045109909804523736
81626.5875723803,0.050519457337935766
81959.01054667999,0.05405084966042211
82282.97872207663,0.05656691748900976
82632.74766180322,0.05682994364003382
82974.89056556713,0.06259954802210382
83304.95483265561,0.064197183244964
83630.53347839603,0.0704573927614682
83957.20389683382,0.07416341042780186
84288.63950586473,0.06627626977500388
84614.7382231663,0.068261857849887
84927.81594175845,0.07250746873508784
85246.67637701952,0.07664367672802327
85555.76880710978,0.07160529840221197
85847.00398381575,0.06699036100932622
86151.12170929507,0.0612618613825064
86464.5359143533,0.058436915026508274
86775.57600749766,0.06167799366881825
87078.07795849691,0.059295406481873654
87396.9177381101,0.05859077428761345
87727.97819178765,0.05869600519958784
88058.56549740511,0.047192834885730645
88389.27590286426,0.04171766740600211
88707.61982801596,0.04533660530874607
89032.5551739212,0.04365582926070587
89355.86234413965,0.039149945301978066
89689.72939045716,0.0371239378922412
90044.90018092208,0.0364110774671191
90406.73817388594,0.034839481130202736
90752.44579818807,0.03453149506205057
91080.19607109448,0.034703039454365654
91420.05447301251,0.03629051737746692
91791.26083427001,0.03964590175170798
92164.24302441455,0.04081970172632375
92519.17800949051,0.04559293769279302
92866.4300224327,0.04647358236482715
93224.31621689156,0.04332429589016132
93605.12340452027,0.045244997759745706
93989.77228216802,0.04616702377854848
94377.64566437929,0.04485780160489547
94781.63530292631,0.041478232415282035
95215.0931843715,0.037535548291724466
95665.86753149558,0.0340980147976562
96103.55283489097,0.03177135208946435
96537.05351672397,0.03322051139774667
96963.11808325024,0.032481736714063965
97390.20835932627,0.03599224061671118
97831.7152202355,0.03696483284510774
98268.41484253196,0.03793884762321681
98674.14579170829,0.0379427171765163
99064.16817303497,0.03863495507170712
99461.04040907958,0.03533261690494117
99884.38065161654,0.033345598720164495
100283.12703643825,0.034338869753907604
100684.41416349217,0.03816048238805564
101111.59239401497,0.03545276671561889
101517.99382407985,0.036603113701063554
101915.29332834051,0.03432426448379878
102322.6517099351,0.035847373406080504
102752.80098448502,0.03462597410428783
103173.57492831317,0.03333731854513264
103592.83494660589,0.03280651064921938
103998.18284396235,0.03613791668333258
104372.75318272591,0.03609210200682419
104726.64150237085,0.03538728428015045
105078.82085178026,0.036822740139160565
105438.4401246106,0.03768184347857168
105806.35788881246,0.035184541320660505
106173.60264240309,0.036634204875890086
106524.66907775769,0.037359681506313705
106884.4321880651,0.03868397045337739
107234.33931575995,0.0384936475630135
107587.57502184497,0.03877081584794748
107926.43315041157,0.04349043003835276
108261.86254445623,0.04445598500156765
108609.09983786481,0.04688528224361173
108954.98976471323,0.04538426484494319
109293.63220042484,0.04365539488364078
109634.8453203811,0.04559682355665162
109965.30952826074,0.04595188562136883
110292.62120361709,0.04238192812204341
