D,r2
92.74369063772049,0.64185833773297
128.7868787799106,0.597780264009388
168.02570412906755,0.566277601173228
208.49692206941717,0.5486787799997561
251.91575091575092,0.5195825937746082
297.0496015388843,0.5069441879025336
343.49366406039366,0.5005742576936918
392.99973811706167,0.47660945132728966
444.2732844770153,0.4586231677030306
498.13490082753185,0.45193069428259897
555.2421404682274,0.44106336375552624
612.1380855397149,0.4331563964335045
670.6650730411686,0.4145352442604628
731.7414742917103,0.39970634421207696
795.5021727322107,0.3816116879974501
861.3043026127649,0.37352207108767527
930.4336782690499,0.37515990411522276
999.6740502080817,0.35270771084822666
1069.9659636946076,0.341274156295449
1142.25357763809,0.335958827113385
1216.9680419122462,0.3166254137774243
1294.3639396770318,0.30368063869489587
1371.6379011852443,0.29355872643544323
1451.9178137110785,0.2803381078436638
1532.9032571032571,0.28110262120618423
1613.7648518263268,0.27210611492531855
1696.9914032168608,0.2775123238562423
1780.4086273428886,0.2634644576429154
1863.1168651343119,0.2593902392820898
1945.3669074742984,0.2546238153553146
2028.6797675062276,0.2554267004156039
2113.913859745997,0.24503608133045268
2201.6707350901524,0.2427123198822886
2290.5541269182913,0.24493492890096527
2382.233485036547,0.2435581352015321
2476.4709068184975,0.23656176819649954
2569.3464196848217,0.2437732054501659
2665.408483679934,0.24181477474463278
2761.551198558958,0.24392916997781644
2853.3951219512196,0.24646324827142943
2947.958035222895,0.2459137253024405
3046.559446366782,0.2531337340996242
3147.021191135734,0.24578152885564447
3246.7604914411927,0.24075954969863173
3346.852879944483,0.23683754323280679
3451.517483480176,0.2403662374971895
3557.0435508557116,0.22550917813414353
3665.8027154336382,0.2200024061577915
3780.077809798271,0.20635718621588056
3896.254537896633,0.20189332962359763
4012.441757634379,0.19592329304911418
4132.945474674785,0.19763128781569164
4254.331660393141,0.19418310367902583
4373.535729094679,0.19771164509589462
4492.667356226727,0.197733153021244
4615.437155457553,0.2017818190150078
4738.904397439465,0.20107640786888403
4867.413335177756,0.20124336759353334
4993.168762957844,0.20084303552523577
5115.946188961128,0.20211846982647796
5239.864404432133,0.20590112321756096
5366.180805719786,0.20432223468041985
5495.109073224955,0.19771418394230242
5629.420580110497,0.20339703297758988
5763.261062560688,0.19818174619991533
5897.702001380262,0.19421521033027975
6032.882344770107,0.19146140502903236
6166.113971094288,0.18751781244221818
6298.442966042966,0.1817114350767962
6428.048709810956,0.18104356050980494
6560.467654799833,0.18100788231801437
6691.775051975052,0.1832532126342748
6828.220177138112,0.1761664449665358
6964.502763194252,0.1845113361804327
7104.011478357073,0.19240829806400564
7240.092163355408,0.1961274529660012
7373.878885017421,0.1919843457176629
7505.62741046832,0.19766678436365615
7639.291637775621,0.18643898721002225
7776.918401102688,0.18463093884185575
7913.041516745087,0.1816426896987
8048.266397998888,0.1808072953205217
8185.08716039167,0.1868799993340267
8323.678768636113,0.1868830620661848
8465.484206151288,0.17744745681440038
8609.657971014492,0.17915413577264028
8748.555386108415,0.17381929554665546
8889.778897942273,0.18090413546756645
9030.354861111111,0.1840557889175282
9168.6654651324,0.18332036841972374
9309.911525189786,0.17111060297689482
9452.615107415108,0.16525873860768345
9591.478093138605,0.16744690192172984
9731.151561415683,0.17388474942350776
9866.523100262033,0.17748792825769183
10003.53232044199,0.17284152678644843
10145.87477489957,0.17020199441197312
10292.407690172127,0.17384051550986793
10440.046961325967,0.17015725359562467
10587.048750172627,0.17012946704103055
10733.285101673813,0.17491211056781314
10874.460291060292,0.17794602431746642
11010.885343279459,0.1731531862899684
11148.648760902672,0.16749603491711337
11292.751247228382,0.16823778646448675
11444.217890225356,0.1607220486321023
11603.10554710195,0.16370835487391233
11765.90924137931,0.15832406293169918
11925.947302904564,0.1614493821642914
12087.50423199667,0.1621994023636902
12250.316227461859,0.15774921210359233
12414.782818532818,0.15863486636603336
12575.833472106578,0.16330662733165288
12735.911276948591,0.16084144526787392
12891.99625260236,0.15944713613489858
13049.594910591471,0.1634813709431401
13207.044917257683,0.1689514662624094
13365.059107192064,0.16586427761401745
13518.13762993763,0.15793179145530434
13674.510204081633,0.1659811085659575
13823.611627584292,0.169102543515157
13969.774475767255,0.17318587191872406
14119.735747727898,0.16206700046408096
14270.210205213532,0.17116979995570009
14422.473742246726,0.16961749223101982
14575.609806629835,0.17023350582943272
14724.813808401497,0.17009844859723974
14873.21715631929,0.17222346642416475
15023.057442695388,0.17848466354328585
15174.369439071566,0.18204203861181703
15327.312760633862,0.18356385755282328
15482.65229408513,0.176688270498623
15637.128413793103,0.17302959195106685
15795.581560283688,0.16792732638035818
15953.715759075907,0.1714163490317942
16110.22629969419,0.17541748226676485
16258.84200332042,0.1643828663523858
16416.07579933848,0.15646031507152408
16575.44071310116,0.1445711036322732
16736.78023045953,0.14538310288985787
16900.479455857858,0.15126380031231287
17068.6105292172,0.15166233573160198
17231.745138888888,0.15118429383261248
17384.107093758594,0.1527168826021503
17542.312629973658,0.14972912339650968
17708.58326417704,0.14688782605322726
17874.035267981115,0.14636536594795058
18040.12417218543,0.15100128161422757
18203.53055017971,0.15122857868315484
18361.995548135783,0.1510485628822254
18509.943297550235,0.15279168773409488
18660.583171879323,0.1458131862042265
18809.92031206464,0.1420962847545661
18957.569522761656,0.14012936140538723
19109.842709053213,0.13996721871920936
19260.91180536356,0.13954371442230257
19404.716264893323,0.1373866968660654
19555.413769220115,0.14365233012565368
19712.08723814774,0.14809636011271637
19873.162034463592,0.1488265547019097
20040.271085997796,0.14486539132034226
20200.445122797282,0.14683171896030173
20360.2110942039,0.1447439066454544
20515.99779553596,0.14630220502991115
20665.256537982565,0.15039053321492374
20816.58747061264,0.1466599285069717
20967.770952050036,0.14431251880158763
21115.21680742074,0.14680839016525254
21261.27453416149,0.14220171704977175
21409.3520110957,0.1400245226977956
21559.554555524785,0.14747074675578276
21710.884143821462,0.14620283864017178
21866.277608635482,0.14634539072818484
22024.566930226105,0.1447782815277122
22186.938950276242,0.14777128110547047
22351.2175900277,0.15073326416921162
22514.031587697424,0.1475026240766696
22679.410975946917,0.15274419687901986
22843.184199641528,0.148185164224191
23005.305686546464,0.14383868930243762
23169.15848275862,0.14560676492492483
23333.735909153856,0.14776969491947928
23499.07625242181,0.14532913624215005
23658.274260436825,0.14803272627595315
23819.31363071399,0.15072076515324284
23981.410099889014,0.14881424033031707
24145.85418392709,0.14835376526048846
24307.589141905028,0.15248174383234686
24464.538047231046,0.14921524200952982
24626.69786170508,0.15317383034814167
24786.07613933636,0.14492929039454308
24953.790887688687,0.14181331157388638
25123.208518312986,0.13766113576137032
25287.548373759648,0.1445393180635614
25452.826425591098,0.14471967455117682
25617.514951081714,0.14561235791030885
25782.040171176144,0.14476958935014383
25945.78934960477,0.1415673401041403
26108.96334716459,0.14866603611546136
26269.328770911103,0.1537405387655547
26424.992926490984,0.1489199968229948
26586.160209568454,0.15589278163206485
26751.560149336285,0.15019094244963827
26917.2030449827,0.14478614185650768
27084.369868693848,0.14539403712598697
27251.5731741183,0.14471442768939757
27423.762437810947,0.14655824517902846
27597.830698835274,0.14943287837034736
27770.470142049373,0.14471927565759626
27948.222329828444,0.14524400053005496
28120.60402777778,0.14170819774984528
28294.79627842867,0.14876960744161147
28466.733803011466,0.1513324434828143
28642.4053192963,0.15715045927150995
28813.06916146916,0.15669330214501553
28978.288232028866,0.14921047166630133
29149.91296551724,0.14928082760350786
29320.77486549869,0.14506749137791175
29486.033014287696,0.14744043061993467
29661.462517289074,0.15180539622500022
29838.94659859252,0.15214565578617054
30022.68723994452,0.14697715704724268
30201.9617297596,0.13458838955991637
30386.276077018978,0.13332786576994718
30565.478789553683,0.13997037876433427
30750.537717601546,0.1376128629092841
30941.708866036686,0.13991805570863708
31129.829842931937,0.13656585127163293
31313.80732417811,0.13386165131478273
31492.82832322118,0.13278478390612916
31683.70037401302,0.13992239520819658
31872.737838584853,0.1425061609122356
32055.169620603712,0.14568714900205162
32246.027385892117,0.149853270801821
32435.36692542279,0.14463185873373974
32624.720354227204,0.14253423743017274
32803.973246465204,0.13970092813391558
32981.29504349027,0.1400643040971499
33161.998340478494,0.14023257968878708
33335.23417196572,0.14014026637886412
33499.865797864964,0.14017768678068884
33660.22268269098,0.14230450656243365
33821.27337130157,0.1461615955720875
33982.473445239404,0.14448735744277427
34142.98450899032,0.14038888488604476
34308.71389042612,0.1393488037732937
34477.48699861687,0.14466328923367008
34647.446507760535,0.14506597831519819
34817.00319311398,0.139382385352561
34992.209670753546,0.1311664556072303
35166.26456714761,0.1283676614694167
35340.82981074734,0.12951031104544306
35515.57156673114,0.13060125417033466
35688.18242306626,0.13128549885274443
35861.16977483078,0.13322797747393594
36036.948118428336,0.13952469349959984
36206.43582628001,0.14226959142115994
36369.61724993111,0.14845140131709386
36532.83778177292,0.14764341094346145
36687.05911740217,0.14964721993186825
36832.18621071577,0.15224262487009654
36973.10505890506,0.16169680666887123
37113.579623997786,0.16505585517285706
37254.978631885664,0.16641403583909917
37402.20043962083,0.16475546092915208
37547.32879944483,0.15890390109808722
37694.51627198449,0.14718314927286322
37845.19168975069,0.14712067089786401
38000.36951724138,0.14106152934396135
38153.72305347742,0.14008635819106358
38304.358511371465,0.14362784352514105
38449.08922347693,0.13450852679650557
38591.94135546335,0.13431048617783672
38822.05554170303,0.13368441062183806
39139.53020969448,0.1302292112372385
39464.148684950334,0.12082466394653356
39803.418079800496,0.12356509259699448
40167.97543028187,0.127991067587285
40553.35483669908,0.1298991479956738
40934.92032022015,0.13639610001267377
41321.3091622059,0.1386920824445667
41705.80199625702,0.14096125811314533
42077.33356245704,0.14554794406539448
42467.5596187391,0.14866309324219362
42852.44867797456,0.15595736763449655
43238.445027486254,0.15308498851638963
43642.547934090624,0.14382537638238294
44032.288372961535,0.13790051425231886
44425.22709387296,0.1444827547657196
44820.303732784945,0.14446080582716384
45206.59026521061,0.13805959339341448
45612.630311349596,0.13756463584540823
46017.414623494915,0.13190846136615966
46421.543154483705,0.1371753090941826
46821.69804829226,0.1352724368615513
47235.28590110848,0.1321705687389389
47643.645610746644,0.13727573463465342
48042.686938622755,0.13516543877183032
48437.00977462334,0.13713573324810768
48828.18363273453,0.13377678888274228
49225.35213728549,0.1348979688042333
49615.03707865169,0.14023476784060865
50011.784151131615,0.13784498454269986
50416.336849990636,0.13777613374488315
50830.47479725515,0.13946787295845312
51241.660452646676,0.14202519319025936
51637.32609645018,0.15452843805383623
51995.215769446695,0.15906556719113177
52343.88931917551,0.153336624785424
52673.783348924226,0.1576950077329667
52994.32172016204,0.15259539340916997
53337.19674482415,0.142963368936202
53701.72946317104,0.14654756078073722
54081.142233856895,0.13564071738346178
54449.047461437585,0.1337882407697768
54806.5147334249,0.13116991664263536
55162.07474419766,0.13190277481212506
55501.4372116224,0.12643441123125193
55825.51172362185,0.1353511917701443
56163.4554973822,0.13940986212160364
56509.5222846442,0.1316981573337917
56856.09181125952,0.13507990971352374
57209.73431757304,0.14229878572797608
57547.12485974318,0.1456932482358674
57870.1264224084,0.14661930327536696
58198.73888091822,0.14870319903296916
58537.03858861667,0.15212895401629248
58892.05946586796,0.1439156980314892
59252.670757538,0.1450399563246071
59616.18397551989,0.14101674524092273
59983.693127962084,0.14203234965892442
60348.00342850019,0.14704915824793674
60711.005809958144,0.14446863802937676
61064.48004489898,0.13620356976913067
61422.79981279251,0.14219501596857312
61790.06600249066,0.14398782623959688
62176.68948059254,0.13948410574343312
62560.96079900125,0.14177152800830442
62932.378186350885,0.13710603694766307
63293.96163905841,0.13808113682606546
63653.31794071763,0.14455083985079106
64021.5845088004,0.14662175844481015
64388.5054354617,0.1488599151357377
64757.427956855165,0.15197769752318033
65143.78437733965,0.15091002907403864
65523.55511982571,0.16664288071164782
65879.35210299357,0.1685080402759499
66254.96303453435,0.17478151119850646
66639.45144176757,0.16935272067995621
67021.47497038839,0.15647391956740422
67434.40842787683,0.1461497878688022
67862.71633864417,0.1442350723242826
68306.88363386785,0.1407033136687331
68739.99464408046,0.14396675603024733
69151.07108501469,0.1471831269759236
69544.7875825134,0.14346461683957742
69922.35465551673,0.1399764306033545
70275.93141965679,0.14253985227158436
70605.95205950372,0.13937576903227472
70950.97227068794,0.14560014401631396
71296.81829511466,0.14736296510566074
71650.9984353486,0.14384196277889466
72013.385103998,0.1419972866217927
72352.79692077542,0.14479135475070273
72692.08850553159,0.15163098668554995
73034.5279456664,0.13934756512661325
73386.40997385133,0.13019495117417004
73750.56452015474,0.13809256549150897
74111.38941706279,0.13723289877391423
74458.67672306544,0.1388523848383145
74822.97661219908,0.139958814510377
75215.2198302758,0.1378951299684932
75606.34427252309,0.13782759771874165
75994.51004241518,0.1389539365276851
76373.54437094358,0.13360156405991527
76750.54346333853,0.13019273358998523
77124.53618215845,0.12695846812925635
77488.11197657029,0.12459786719836306
77846.16579243162,0.1264180594353228
78217.96592823713,0.12421720240505654
78583.60013721698,0.12166181134668536
78929.59666541776,0.12014828305051922
79281.18677892111,0.12359780333165149
79633.7907542579,0.12421250211794752
79987.2205882353,0.1269099494930046
80346.39564892158,0.12755748999059172
80715.44404174217,0.133831599906081
81085.72202121023,0.13748127401726348
81467.25614166354,0.137109257785611
81851.61666666667,0.14195403245115104
82243.78333748753,0.13040128812546167
82662.84123518402,0.13146422432695104
83086.74038041783,0.128674059577034
83519.78727919605,0.14231589747771917
83948.99164796808,0.1471769538888675
84377.38667998252,0.14809827102467257
84790.44626707416,0.1590077356924032
85182.50259132063,0.16172901395832162
85566.77991772625,0.15326746509665473
85955.99607403253,0.15829075635794634
86306.25367164552,0.17489568230899638
86646.96195347096,0.1735705336150628
86983.79471976034,0.16910483362693796
87313.79441292012,0.15364472031137671
87650.42077354959,0.1446458904642374
88000.10029296266,0.13908662862250526
88355.59291648447,0.1385305004833438
88720.14778540237,0.14581497031232246
89090.26972168607,0.14496687668485492
89449.78376858679,0.14171681211156717
89803.51799189273,0.13570031871773278
90158.53577443703,0.13919121502495815
90523.78264395782,0.1355831874507545
90889.0970679975,0.14271729680615156
91257.8509258682,0.1394535544067035
91620.34867311895,0.1360556512225388
91990.33607630448,0.1315861920279899
92357.2435681804,0.13627510591206826
92713.61539421158,0.13225220218887204
93078.65911077807,0.12991933618041449
93442.67766893367,0.13484499763985663
93791.58221057884,0.13949540516388578
94136.10464319102,0.15676734837658432
94472.20651017214,0.18052232606320526
94803.28105754277,0.1837561211794642
95130.5311622684,0.18938890967017757
95455.29994379566,0.2020668840052948
95795.51268307884,0.19293686707493968
96148.53828407532,0.19418582428725287
96517.76189585282,0.18930858857522528
96891.71257335498,0.17346150884927303
97279.22148780944,0.17425451540049783
97667.00093744141,0.16729176904144513
98066.25182050165,0.15784389956044412
98461.0608331772,0.1579254618413168
98871.71186969546,0.153139199315141
99301.41912176892,0.148085082827513
99750.20890582063,0.14724786288218045
100195.67601770464,0.14335000097866624
100634.89579308196,0.1426074282829511
101109.04282414632,0.1448358965623957
101577.03055868017,0.1392973470825598
102042.74102691925,0.13750338106765722
102498.84145277848,0.13588876795222712
102955.92296629776,0.13073467933766048
103409.60226706527,0.1290479425870388
103854.67543804951,0.13672221926789419
104299.4201286937,0.12864197114149897
104726.828908003,0.1314930007710945
105139.03236064347,0.1315088506183958
105558.96370666001,0.13976431766607034
105998.47121561778,0.1370298656652128
106444.36372162821,0.13663964439856538
106878.82720129708,0.1346029150835083
107304.32222430257,0.1292001610288066
107713.29803432137,0.1318721670493783
108109.03372187247,0.1303801138891232
108494.34244953899,0.13729042270984182
108875.93225625351,0.13260900648107266
109241.54367902159,0.14401802040390915
109601.94473272898,0.1458818803128291
109960.63238130795,0.14772718121141026
110316.38740708352,0.14665543450463064
110675.02075542259,0.14423591968147537
111037.86006996501,0.1417668371310252
111376.2753225706,0.1406747373879629
111715.01590271281,0.1390205342193797
112060.52473828514,0.13939477221309035
112427.76975408813,0.13562643856578063
112803.3799375,0.13873370950544237
113183.49570468128,0.14040811401814626
113572.854939428,0.1406281786139167
113962.0776141752,0.14126960433663718
114364.7291432847,0.14042540597512598
114765.77164765289,0.13917114366864483
115157.10791097811,0.14134740287265232
115552.33089568098,0.1395532036158372
115945.91042264056,0.14196180090099594
116341.93693075483,0.14246264708930323
116729.27027027027,0.1433135570722458
117114.66234737105,0.1405527087289657
117497.00679763018,0.14106266393755962
117898.0518888542,0.13669427404867104
118312.7092552197,0.13349591012933676
118716.02257519856,0.13554727280335002
119131.44623052959,0.13821471207486202
119559.43574547723,0.13393874540011058
119978.67648159701,0.1360238934512405
120389.44580789834,0.1337746762512723
120796.48908078343,0.13588721821098373
121191.09553743698,0.14263531817798897
121563.54795886569,0.13579290843901082
121935.28833666333,0.13438148551055132
122312.62794759826,0.12578105413100796
122701.43884802394,0.13200107371184644
123087.02523422861,0.1297041424414664
123486.32871756487,0.1325415202444857
123878.41066749844,0.13125819594494126
124260.51392183793,0.12771077266347414
124636.11911288313,0.12850968206533198
124997.06380720485,0.13599309254845232
125351.37640309305,0.12992583003695754
125707.00305982266,0.12730750780402086
126063.10300536227,0.12790824435856574
126432.50387354742,0.12975015028766604
126816.95903884462,0.128687488313323
127214.44970672658,0.12912128393366018
127609.90101665315,0.12853239711806225
128020.20722575815,0.13616084059324077
128394.37884747455,0.14898298540309837
128737.0793591422,0.15715182551700513
129081.30565426096,0.14853440811257074
129458.81309635173,0.1418078501908906
129862.30385360065,0.1433620494818083
130237.06048135678,0.1432184829899453
130590.5256665836,0.14467159658723716
130951.17038286178,0.14437532728884542
131308.94966275294,0.14321000675880782
131680.6323520259,0.15180693308796672
132043.8764985015,0.15107796886887298
132404.42053103965,0.1417539813923544
132784.1755787109,0.14385782122088242
133169.31225838634,0.1464856279571896
133559.78290171607,0.15358543509707825
133949.14672996438,0.15067477936773352
134364.3732302127,0.14578819025629636
134787.68339985033,0.1362269041633528
135225.0074798978,0.14095622390904636
135667.81267957526,0.14388198979676517
136106.66417445484,0.13639290519262187
136570.36225190363,0.13858857775742672
137035.852467208,0.1403646813698922
137478.52703964154,0.1447470590634474
137917.26444888278,0.14725502213240182
138364.75,0.15028297474501234
138791.74793956045,0.15075955097794813
139213.12262564612,0.14464921693262048
139624.46122602012,0.14915661015520285
140046.48862148513,0.138027630277271
140487.9509626768,0.1347070741573418
140945.20268498283,0.14146110725778144
141391.8827564702,0.14197631084246193
141839.48408835643,0.13539104919763864
142291.47630642442,0.14189682569101247
142733.06951105574,0.1453178481842227
143155.74711280354,0.14435958689581574
143587.16430488793,0.14276530739415927
144045.5108878767,0.13706776603280219
144520.45046111665,0.13921594057870443
145003.457019789,0.14080536107098096
145487.77068513667,0.13767405086736667
145947.4802615193,0.13999706798550557
146376.34922817323,0.146906802896211
146793.54690419833,0.13835358331065228
147214.2487990517,0.1327177451608264
147632.14215992994,0.12515818911672758
148032.26548507463,0.12295174451227174
148428.2564375,0.13262762577527537
148832.36248597433,0.12954717588859194
149236.184563549,0.12888492002541152
149645.70529863323,0.12187212490399954
150054.79080201907,0.12033126011433015
150455.87159678523,0.12780413745550784
150843.38849010674,0.1248687774784927
151204.20559755107,0.12106247107756418
151563.47856741748,0.11981068174014343
151961.09330843447,0.128107810942121
152387.7402273011,0.12852980888928955
152803.61788364407,0.12958657378226895
153229.0640977678,0.1340774674367331
153689.83333333334,0.13355109841978993
154156.0533300106,0.13110386672533697
154631.2313647147,0.12830439107138297
155081.16507460823,0.1261822060948998
155530.33777722402,0.12369730581631866
155963.81323758975,0.13026723165221513
156389.81781881707,0.12564344548863685
156810.61010920437,0.12381372224153551
157234.25121555917,0.1361795079288279
157666.88726864834,0.14245882636548207
158106.85711605803,0.1338398985360087
158536.60783335412,0.13303910045102849
158966.80719890396,0.13545363325437249
159390.92075683776,0.13202147257664343
159818.22768942936,0.1295413884236226
160238.99088752965,0.12725027017297255
160670.72453559405,0.12899862714842258
161116.87258759604,0.12468565716377653
161556.77661365762,0.13056751931491686
161980.9575780228,0.1332443710763366
162411.20721057884,0.13024910422484381
162854.12737144282,0.12734303338029043
163293.69101123596,0.12584260134357772
163722.77833863028,0.12064499283467285
164141.64241592312,0.11935377459404024
164543.5010314434,0.12051107734907186
164937.18614071165,0.1253134104072696
165337.41974693013,0.12659780372604154
165761.01290523692,0.12059536428624656
166185.02266483515,0.12210518698215833
166607.39200897588,0.1284009539315094
167028.51957051002,0.12544683470130222
167434.90084915084,0.13151200327498538
167830.70339458113,0.14167132828300316
168230.81353392845,0.14047384056294324
168629.0815027459,0.14200676345528887
169024.96118380062,0.13491564823710364
169419.96279650438,0.13598222084485237
169821.54905260535,0.1378689236446989
170241.0237410971,0.1290897579755205
170656.22736054845,0.13320736620281295
171081.62666333478,0.13567122775397092
171515.2155226112,0.13433400818902222
171962.15890068706,0.13656355634096692
172412.1069201995,0.13655368674437732
172856.81770573565,0.13468241152198865
173307.13926499034,0.13283127073712223
173749.71857633468,0.12954391667579998
174178.28077713432,0.1304561035550012
174603.60068642747,0.12043573040901726
175040.20596307385,0.12751033399399503
175473.35992254358,0.12808948490671584
175890.0553268463,0.1235526196192041
176309.96483132755,0.12463853616155118
176727.94506180545,0.12244117187365838
177153.65083120603,0.12801171617734736
177584.6496723869,0.13249854987750567
177994.76610233024,0.13659459147641828
178382.06538389687,0.1369847575959568
178772.8204647676,0.13825242834864612
179170.99114878764,0.13400062275516103
179560.51729942023,0.1381478990822984
179947.58187718422,0.1371153685516946
180336.43087859327,0.1437444528201611
180708.85545630584,0.14724238116853738
181088.01409153262,0.15523200549415186
181455.9060918463,0.16476696340854027
181809.75516554643,0.15282641566595356
182179.55633275045,0.1468879703145145
182556.82836844074,0.13886368211491076
182941.9550365328,0.13234970137392543
183336.9363880392,0.1328805606780309
183741.9608270536,0.131998895590353
184119.32314901592,0.14096315423071357
184495.369580136,0.14865701718581992
184877.26915876186,0.14478365360841158
185264.94728971962,0.1311984338264029
185657.28483146068,0.13162389663155938
186060.63045375218,0.12195365862732835
186480.18617419517,0.1287985889830901
186872.78693429747,0.12804610871977826
187270.33327093473,0.14277531958031045
187673.5847711928,0.14839761877192206
188061.4424370795,0.13843008074846325
188452.61934759558,0.1251680500021595
188839.5988538682,0.11794445692346882
189240.67912170172,0.11873358014027141
189651.37966377102,0.1222335473191724
190046.57853761833,0.13027644275323566
190442.9535362355,0.1291771625015257
190838.38228671503,0.13242683993014154
191222.31410576202,0.13069222437464878
191612.98188721522,0.12909797234959328
191996.01562695336,0.12710185499697857
192379.64666292764,0.12675755217784265
192767.52450430227,0.13190160434238563
193151.49498160963,0.13332759729709984
193539.1071227917,0.12641392972269339
193942.21589916386,0.12617069568044123
194339.62860892387,0.12621953549477233
194718.79628475252,0.12335732427758365
195077.6564505077,0.13082254792123685
195433.6774374649,0.14258410923010734
195783.3924327705,0.14249273461517278
196133.21190565333,0.14490286403987762
196495.58109452736,0.14007031429951644
196855.50524606544,0.13088445409120342
197217.0608120751,0.13525049216052723
197576.32692187597,0.1386465027495568
197944.90608804245,0.13278971435414127
198308.06641767817,0.13063318134263457
198662.52976078945,0.1319187758587596
199017.3516121001,0.1315461341566265
199363.34982155156,0.13264151420715284
199705.46028386455,0.13158258495071218
200071.93923134514,0.13126121829079324
200458.73747819586,0.12933695195247585
200845.98038358218,0.12835558418202347
201250.29800498753,0.12474859107391698
201661.3756310377,0.1287061413363112
202057.03938826467,0.12883939568986175
202449.9183915212,0.13258988946570546
202815.3796053453,0.14443311915275722
203164.78633385335,0.13001274683892355
203523.3635571055,0.1291586972641817
203881.37182852143,0.125557403196404
204243.75525478701,0.1250260642317547
204613.9425273011,0.12731750773345665
204989.5156883538,0.1279992340106279
205362.0143808753,0.12875057098391907
205732.811753673,0.1327434134395978
206089.00953449242,0.13731772140094936
206458.78266292484,0.1409666798633358
206838.9651489601,0.13681307010477672
207225.6818606389,0.13897688660314053
207621.82036227357,0.13499221943828033
208018.49242187987,0.1314079559898927
208423.73715748082,0.13409135316409435
208832.47216340766,0.13072654039174006
209223.8417966313,0.13108339281538933
209611.92158452902,0.13589664048791916
210027.80853985893,0.1410491957599491
210459.7857543816,0.13462767685658938
210904.2083125312,0.13274072597179198
211351.89778609292,0.13151096274352495
211783.0239326893,0.13607770568293417
212202.7547605669,0.13569124986731745
212634.76529276048,0.1404665875859781
213074.28949993764,0.14110776332056524
213523.1902652106,0.13218414605002254
213952.4986571732,0.13594292756402054
214380.18011841696,0.13708397588744825
214824.9953241895,0.13305648004372606
215282.59082683307,0.14129455755919884
215744.3345406857,0.14436823319599573
216187.087113659,0.1473531613183757
216605.99063787292,0.1476037634547128
217009.02806186082,0.15362094550859864
217405.97364476643,0.14966487869513695
217808.68737924588,0.14464216430327353
218222.83551974013,0.14097881596746342
218634.2602406634,0.1390847220936113
219077.1125724615,0.14054679163848782
219515.28314382106,0.13322611727823827
219931.47604231487,0.13509217271006566
220357.78369768895,0.13366453009069507
220773.47658006495,0.12464990219774773
221195.86831787915,0.12345278137582293
221609.8459903744,0.1282809011095696
222005.09122632103,0.1292035046115023
222400.24444860278,0.13097846740380695
222781.0278142384,0.13112047856089695
223176.52221599052,0.12441654534229268
223578.12372098828,0.128619015259252
223974.5472168547,0.12330246404886229
224393.83802024747,0.12192673520657539
224810.01089256816,0.12034546371784828
225213.13959295792,0.12356206571594638
225615.44983798603,0.12116074450411539
226041.51261396278,0.12238455702257117
226484.4122342084,0.12668635147893018
226943.518192048,0.12057512141375011
227411.99178900223,0.1268254349485284
227872.22519990004,0.12697433027676763
228343.339670864,0.1203046984692011
228797.6257018091,0.12210513875747857
229243.44463171036,0.12287767879220783
229686.0581961078,0.1267831939482095
230141.27438872255,0.12806334113063358
230619.01689947618,0.12977842624463634
231089.61315051417,0.13567535357398827
231542.78536220128,0.13198553121563955
232009.75190220782,0.13025845424461385
232467.03215936056,0.13722154303829456
232894.6334852932,0.12890028543147805
233311.23290571678,0.12846203285120347
233736.9708743919,0.12748251830340288
234208.48195103672,0.1305699650965628
234682.35654179394,0.12565820129594638
235140.15352878664,0.12461959832465805
235587.96431907342,0.12485273956632381
236044.56179845348,0.12746248136710242
