D,r2
107.79335381178441,0.3544121602780276
148.41844256802037,0.3255539415137266
190.47753194997938,0.30464631628390665
233.82023089609675,0.29582544095985813
280.6715732613099,0.2864233628078872
328.8305693753455,0.2723417460463846
378.00879149717883,0.25927876313184306
428.508795854357,0.2519470191349154
480.17862616692213,0.23876976977099967
532.4446986006459,0.23227786575570133
584.8000273935078,0.22458057539777537
636.5929105510938,0.2154399203936257
688.9582435344828,0.21656637032304593
742.37414500684,0.20586760898113005
795.998204171847,0.20410902480458207
851.6679291221426,0.19878579704089186
909.1116169977925,0.19204367768031663
966.4903103401545,0.18700950322315313
1024.9837209302325,0.18815764325384948
1083.469010561423,0.17990529795513613
1142.2175145054648,0.1788506050088089
1202.0503726193763,0.18113532518297018
1263.0591368478558,0.17986918109312955
1323.5198855897575,0.17122641136829808
1384.1492009616745,0.17442166503208542
1443.432944191344,0.1823563906557337
1501.3119852314683,0.1734470110721047
1559.9417309340188,0.17064111234613194
1619.624124404595,0.16830257325751066
1680.5035755148742,0.16334822830178514
1742.7863746266535,0.15566813410168875
1806.3379454926626,0.155363787409792
1869.2131006864988,0.15153821395382205
1932.4304588719988,0.14960064613593785
1996.076168821941,0.15222581087572987
2059.3630214205186,0.15356575425813926
2124.9865458150402,0.14982490269119142
2189.663153396952,0.14660430271637012
2254.17351404772,0.14792057020689253
2320.3057569296375,0.14488262216662193
2385.745508982036,0.1453864515116435
2452.236879432624,0.14035070158641919
2517.367847025496,0.1383328193453199
2583.0547964502043,0.13971860220281515
2648.532721010333,0.1435853204861006
2712.9490826340493,0.13913726815302802
2778.832583637897,0.13916776971911637
2846.193721719457,0.13646345152280995
2912.3965961098397,0.1405487693139961
2980.1816004508314,0.1382292709618235
3048.017441860465,0.1365472173298041
3114.192285714286,0.13698373491073187
3181.176744843176,0.13223739097465978
3250.063219207274,0.13326535737471323
3318.2728431789205,0.12729637698044022
3386.3432161513483,0.12661745978972563
3454.360092405429,0.1294157591506161
3521.672433035714,0.12787903211695548
3589.2,0.1260243892622938
3657.1261983116324,0.12487975556822455
3726.8273767481282,0.12708342549175833
3796.1054038840416,0.12439223141962073
3865.596164772727,0.12400298593388233
3934.7187679083095,0.11952652229591479
4002.3413216108906,0.12420984875979281
4070.870354609929,0.12089291468610097
4139.124315212811,0.12101967994965272
4206.94415733563,0.11847184369570078
4274.015627199775,0.11937636523333404
4342.995617755159,0.11480998372753767
4412.04205274412,0.11525290985984393
4482.031725888325,0.11584769849621383
4552.657491486947,0.11808471662850213
4622.364926871236,0.11331087775246382
4692.170467342342,0.11028072699926401
4760.783822476736,0.11287643592474189
4830.6526642232875,0.11113952786195276
4900.654607605754,0.11255210485272933
4970.959858657244,0.11362648192055984
5042.25995149094,0.10781396687065024
5113.329423403053,0.106001457797014
5186.024518888097,0.11212173220271814
5258.058881256134,0.11347202846089506
5332.310482150477,0.10765268721454496
5405.888239486814,0.107885686137654
5480.189470720721,0.10419122871992473
5552.4681487815305,0.10570350604313214
5626.0851305334845,0.10606928366354076
5700.247654250782,0.10389249626005458
5772.542969850662,0.10949510625070923
5844.260794967115,0.11039126206965141
5916.685811288726,0.10786196648819889
5989.080477747761,0.1070286302737298
6060.617169703873,0.10723408063403327
6134.19161172675,0.10630795424506148
6209.887718798918,0.10802179813496988
6284.04571185961,0.10670082154250275
6358.027499283873,0.108272104336232
6432.354346289752,0.10531307796367928
6506.727619316577,0.10480079372686363
6580.894274376417,0.10494434992634746
6656.390157424479,0.10406207985406846
6731.318220701454,0.10273442447253756
6806.509792709078,0.10810405325544091
6880.499015471168,0.10785905288646282
6954.29221795419,0.10431530299767831
7027.144695898161,0.10432501460106185
7100.235009257941,0.1036332880453965
7173.8221972147985,0.10259524699183598
7247.332907438955,0.1060658420511669
7321.1818827204315,0.10909120258065032
7395.190327613104,0.1029555575537455
7468.692669039146,0.1007996991841754
7543.056601083547,0.1064016341036556
7618.523492782338,0.1038974847044297
7693.888951761211,0.10550626317750254
7767.677041690463,0.10577952214653798
7839.088089505735,0.10190829904372138
7911.99957764325,0.1018654230241434
7985.858198351804,0.10198582458162912
8058.200284697509,0.10171549490214445
8130.822231650403,0.10035177981823454
8205.26213177743,0.10076452655324766
8279.17388833641,0.0999401349229763
8355.323233753363,0.09865848761728982
8429.691606099474,0.09826037311987035
8505.273647224174,0.0997609206341168
8578.301262948773,0.10101186036320595
8651.309517045454,0.10306166603637767
8726.081088825214,0.0982316952788437
8801.692155196828,0.09766099455794865
8875.447727272727,0.1044338425366169
8949.751915980698,0.09787762730664287
9023.508012369975,0.10253973219789925
9098.627706240271,0.0991878540826186
9173.994449188727,0.0953725491432996
9249.11096902529,0.09483308834207994
9323.786908472655,0.09282680441875066
9399.855082708893,0.09393059974780008
9477.02751899097,0.09353309808464796
9554.662215909091,0.09131822404688014
9632.702855527283,0.09218674015053778
9711.117713638936,0.0912938610799208
9789.459375441571,0.09006206477827798
9867.452123111998,0.0932731857825668
9945.57627118644,0.0915540473037798
10022.778278630793,0.09368070516009591
10098.787103231341,0.09310197200762486
10174.403037547461,0.09118572271801495
10250.258647911583,0.09373629160859279
10325.593962585033,0.0953636203410729
10402.598136119741,0.09561675658214716
10478.491828904364,0.0951660042319268
10551.769154370035,0.09715812674876197
10624.57017419629,0.09593222997897732
10698.215207830897,0.09469650247395811
10770.742067409392,0.09637151214718852
10843.007278435849,0.09390177385678251
10916.191510505394,0.09678395784563454
10988.054905875642,0.09478543883067674
11061.898550724638,0.09268292224216583
11137.970717216014,0.0931286731682751
11212.687365552847,0.0965162227566856
11289.180837652333,0.0934898495985991
11366.530366116296,0.09376859900095509
11444.23866213152,0.09601956389874905
11523.157181189097,0.09582721697957572
11602.297129118937,0.09185336143975689
11681.509137271569,0.09558033609442407
11760.145901873837,0.09487697886292878
11836.73425280819,0.09458617727821869
11913.660812916018,0.09244206370604466
11990.837022416466,0.09379741576785464
12068.679856630824,0.09258563043153081
12147.452726504156,0.09479483374315524
12226.630601247873,0.09201111962168973
12307.821115199547,0.0914984589977517
12388.792244551372,0.09155765713862896
12467.330800114712,0.09109726899148088
12544.726875967901,0.0884766408350206
12624.00141663125,0.0938183398343427
12702.750178647992,0.09193975740378289
12780.471523931259,0.09003433785295088
12859.875583203733,0.08990601002939423
12941.038749823221,0.09028906809413403
13019.859445701357,0.08907368382269537
13099.829022171689,0.08947315904603086
13179.353606182027,0.09255503673172404
13257.706064443506,0.09064609664775225
13334.447241183163,0.09582378710917733
13410.377939290294,0.09755080211151633
13487.038813106456,0.09315758206736276
13565.593489030432,0.09569677838657105
13644.628260246489,0.09523117667788557
13723.109627547436,0.09289736932742887
13801.512469716403,0.09083053950974279
13881.299235993209,0.09334622052419739
13961.426583357,0.0927874107104867
14041.857224361718,0.09411972825658768
14122.036683063949,0.09808455221932895
14203.217328934155,0.09412348376982194
14282.563562298075,0.09543415651338238
14362.13224559897,0.09142668733071949
14442.749787234043,0.09262011019964633
14522.281041103684,0.08930579371770721
14601.973621103118,0.09015304188329433
14681.89810894722,0.08740902406393009
14763.344906415203,0.08797050647555828
14845.562280084447,0.0870739276091778
14926.513366690493,0.08780850844070733
15008.275620896375,0.08811130551183191
15090.119560625264,0.08891040665083141
15172.645659255062,0.08823046507072706
15254.307069846678,0.09296493476250241
15337.108847414162,0.09083319313248545
15420.258200760241,0.0915628802574053
15503.573094425483,0.0880242992254952
15586.345042492918,0.09070565701089708
15667.176579660534,0.09024266636657666
15749.640045312943,0.08993104931259695
15830.559307604994,0.08925674265398298
15910.868279569893,0.08817320561142669
15990.322516367776,0.0895460917469306
16069.410941475828,0.087823575159745
16151.544168096056,0.08862567214265703
16235.284460798188,0.08841683154733827
16317.33622528801,0.08964412904585359
16399.378895184134,0.0894617215315771
16482.51649746193,0.08791389312377748
16567.344174208145,0.09028925816521069
16648.702702702703,0.08783473163092788
16730.311623955826,0.08827800339704668
16811.142455350866,0.08654987748136436
16894.01375691391,0.08887835667965775
16976.369154228854,0.08877297892736051
17058.394328060425,0.09037806165171346
17140.527072758036,0.0914741721742838
17222.65562535694,0.08963668473551258
17306.07952455073,0.0934645551915163
17391.862747875355,0.09149349801739841
17475.5896346644,0.09147355722934528
17558.885917496445,0.09041784798779386
17644.477878615995,0.09144196668179327
17731.365461275625,0.09068753438420689
17817.484295415958,0.08623092793827167
17901.565229803025,0.08978854345068431
17984.586550610697,0.0879273942926423
18069.13272571917,0.08726134238848617
18152.78884800453,0.08487420805837616
18235.5270289545,0.08941328539128869
18315.37310256774,0.08617229960546237
18398.105577689243,0.08742174877990135
18481.903166264376,0.08359982702854131
18567.78743484998,0.086416759348781
18654.750424688562,0.0875581695820703
18739.877822234925,0.08319199417535551
18822.725781360485,0.08880900138738408
18909.03552798534,0.08770428107571172
18996.8179235904,0.0839160090198723
19081.33973811557,0.0875019549327153
19165.97142857143,0.08695092271435252
19251.225688073395,0.08974235502135804
19336.21640188922,0.0901957811524138
19419.97583930327,0.0880349979451502
19504.236061852745,0.0888688599033761
19589.20574026712,0.08716913285407789
19673.96843901052,0.08988629346071543
19759.853554096488,0.09064434730150997
19841.699151343706,0.08910820170366071
19924.479461756375,0.08536060912742563
20008.65638267761,0.08557945715353807
20095.973026689382,0.08517039211384675
20182.80721868365,0.08527827546460948
20319.65477797057,0.08479312853969584
20508.050214016483,0.08169269893961115
20697.463733878176,0.0843069913642807
20887.694519144577,0.08313309635554036
21078.056133852737,0.08612623531678709
21268.619797019528,0.08681353170647622
21456.56637337414,0.08836534902596653
21645.098883470226,0.08651243568175307
21831.417081260366,0.0894980813202252
22022.882525697503,0.08741838907138196
22216.28675054564,0.08826360849391214
22409.11808707883,0.08850591971642323
22604.80858127953,0.08610563126581725
22795.66230097586,0.08576000265831957
22986.945581276377,0.08503556071668579
23183.623311241397,0.0850744812839495
23381.374888064474,0.08314301648818205
23579.346148917084,0.08172900158697818
23780.535444173824,0.0825597530915621
23978.77081336656,0.08274799240667706
24180.702792298864,0.08213194065474463
24383.726858682403,0.08069668201189571
24584.689736707565,0.08000370855573481
24784.478586518147,0.08032055903102095
24985.12825933756,0.08051827309737508
25183.242838001657,0.08076050789963607
25385.414794906254,0.08142736680547663
25591.656627661614,0.08034082141766055
25794.177378056585,0.08125208156523234
25994.277168686287,0.07976738375349796
26196.50341482096,0.0810989966874454
26400.326905829595,0.08216113639893138
26606.081191402514,0.08450338162358544
26817.554370865182,0.08031747012402446
27029.767975522693,0.07848873973248452
27239.214559877175,0.07837072095699402
27450.911071360122,0.07977458357312237
27661.979213447103,0.08238755154806145
27874.57555243326,0.08140653010767322
28090.51943485488,0.08376982163624692
28301.532302559826,0.08587941813541224
28505.448862183584,0.08541630318831472
28711.174395611404,0.08469080160506316
28921.011987947946,0.08466163930194336
29125.668177755077,0.0873279417776784
29328.26481172086,0.0851129635296313
29534.41198262647,0.0841267679168287
29748.473233678294,0.07995149880034472
29963.54122689183,0.0821446907719004
30169.215664961637,0.08227044789569349
30376.820888831968,0.08224248802812903
30588.37675132749,0.07983048430161097
30802.303167709797,0.0809788211769184
31013.953735062943,0.0801129580820168
31229.099056906398,0.0798926310806874
31446.501663893512,0.0818540530943966
31664.382270408165,0.07945919053853594
31880.564459260208,0.07991963999068806
32100.262757385855,0.0822970083279088
32320.38581969843,0.084698240809497
32537.332417055553,0.08525739671405949
32760.310905020786,0.0831546651674005
32982.8725102145,0.08426043313569354
33202.926483726864,0.0831681718011503
33425.91362616223,0.08324783118870037
33652.06277998208,0.08399090531353072
33879.43380894491,0.08396712605067093
34104.845401048995,0.08224134115844084
34334.21491143935,0.07996015979445835
34559.91997185261,0.08119283907262778
34779.922200895715,0.08049321454806534
34999.3463161934,0.08038960479077939
35215.10440613027,0.08186354048969716
35433.691515229075,0.08173558476182669
35651.87243983615,0.0802255731442946
35876.87259354013,0.08171559411522011
36101.619157382505,0.07873688958515933
36327.63488208602,0.08268012861984077
36551.8487491982,0.08215104914444206
36779.920068895124,0.08103585816266724
37003.72035364213,0.08086138604499361
37225.00614911607,0.08121564585723957
37448.906813243004,0.08069891843301306
37671.52658793489,0.07783616529124168
37893.08074335149,0.08075853725781638
38111.40294211704,0.08205837141845763
38326.47899590164,0.08438202621658987
38549.3627038736,0.08223465733288352
38777.56751203852,0.0869074269475615
39008.70204186136,0.08501249316910783
39240.90648307516,0.08784958136433035
39466.9725615606,0.08734646772879223
39696.710511163714,0.08889419508396845
39929.48554950336,0.09049439286210667
40162.71461479396,0.0861143020100705
40394.8696485623,0.08337374746982708
40628.165640631014,0.08507831331888717
40865.78706715133,0.08341483665276925
41095.209546356135,0.08128689983364618
41324.78278374233,0.08020021106502767
41560.056492465534,0.08311805111935677
41790.516963256945,0.08205889499527372
42016.305720677534,0.08224421590663727
42242.63648,0.08342578109079131
42473.171224124715,0.08339941994737311
42698.5837164751,0.08337954072309517
42922.948666880824,0.08137797102828552
43150.01656156443,0.08275256034518497
43378.90245151379,0.0823588023977366
43612.350812124314,0.08172645435623997
43848.00500352813,0.07805718363826455
44081.62642427346,0.07973781986617684
44310.397370436556,0.0801625064436392
44537.70137021386,0.07862123495924099
44767.94387918346,0.08044115445752159
44994.63283543981,0.07832999197043856
45219.89571181335,0.07620821045819444
45446.644528253644,0.07753736529121089
45676.718338658146,0.07984216433371753
45903.84006669232,0.0777518215840296
46133.59674942411,0.07660862697389369
46371.14534066215,0.0765203334690742
46607.453437938515,0.07896141634351148
46838.99897567221,0.0787667587456744
47073.36595037094,0.07875031426385001
47305.95881637097,0.0767800532992166
47534.85543554675,0.07867591194216099
47761.19573432396,0.08004447628325193
47989.4528531218,0.081307970600482
48223.077671145234,0.07938653551819796
48452.51660917338,0.08215634340275144
48683.98453377644,0.08198642788117026
48912.67831719361,0.0808572671452361
49143.27703694251,0.08450932167021263
49377.19323795471,0.08479877889183063
49616.03857718636,0.08656206965423316
49855.382557619865,0.08535652008853008
50090.15853736496,0.08502476737048772
50330.09433478595,0.08751867185407912
50571.89171771312,0.08385198481593692
50805.63201024328,0.08570120909788427
51036.07775930426,0.08745676521912206
51259.705394990364,0.08668118126550212
51484.37615438507,0.08413921460213901
51710.34050478454,0.08766311208975809
51934.7642765685,0.08692853724516991
52160.15406234032,0.08533989557833778
52387.178496,0.08587955759195412
52613.67247208931,0.08658080603468632
52844.8373092215,0.08499859717175878
53077.56350019204,0.08711867099409834
53311.61105085178,0.08939901338462523
53545.39078694818,0.08668022968091021
53781.09862223646,0.08321284478821997
54025.435553854004,0.08036350116897172
54263.052392818354,0.07883663942743621
54498.38141950375,0.07681708539785685
54729.7029532089,0.07945629333684834
54963.54721813176,0.08098008183724874
55201.45445841578,0.08077862929534721
55436.929093473525,0.08117660938891434
55667.49419050051,0.08282934157693422
55901.10515186467,0.08118369161234912
56133.60842293907,0.0850653501428909
56366.228056726715,0.08136936506258181
56599.894608784736,0.08043038426993267
56830.4831956981,0.08214854029762082
57066.91557031549,0.07834310115243753
57305.9546441804,0.07762854364195637
57539.99313838656,0.0784870396856405
57774.080084366615,0.0796200282440232
58004.36726201908,0.08054137400228006
58231.0982444941,0.07816329985200496
58455.7419437504,0.07601751095274462
58677.3649046461,0.07988143634892947
58902.11449405143,0.08003863035563301
59134.65307559368,0.07852369680379603
59365.515675882765,0.0797873976253361
59596.41516430124,0.07790775179057628
59831.64341134979,0.07879412817593077
60057.12727156386,0.07580383708480946
60279.64072963837,0.07944774709353118
60505.96431322208,0.07941792361799398
60731.86573748482,0.07983635608708692
60955.08315769304,0.07934817488058189
61181.96228586039,0.07870170474324968
61411.960938001925,0.07962981812157952
61641.68255080589,0.07848343852851802
61870.65121483376,0.07910752127497553
62103.38112290574,0.07901023219364937
62333.55931224739,0.08088330572415953
62560.21267488661,0.07947364104005142
62794.360560317255,0.07899849127384737
63031.480530293324,0.07956471590910613
63265.09325828323,0.0760384388064788
63490.463860053824,0.07817725427254259
63719.62252372762,0.07798946466610653
63957.58788111709,0.07933345413447837
64189.856768,0.07850264415560407
64420.22696213041,0.07686954761963538
64652.51678110762,0.07661979936426713
64879.57930990497,0.07561038013696447
65109.47530587406,0.07572472042854565
65339.839941074744,0.07303256897454856
65574.40275023985,0.07287728116872538
65811.12803165687,0.07267870110168853
66042.42880020499,0.07255472817332126
66279.96948027072,0.07164173304743976
66518.35679004426,0.07434985460092276
66754.98019928462,0.07349980892590577
66988.88177339901,0.07605798177353101
67218.46998273768,0.0755793038653839
67440.49228108385,0.0729447229895837
67668.7433418694,0.07625199315575022
67906.35907582333,0.07800157297013545
68134.8851619511,0.07734846312712959
68364.17615783743,0.07841448429381025
68595.06611253197,0.07786963586065378
68828.63472862264,0.07346494118219829
69061.54730508258,0.07406124526250366
69293.72822544571,0.07898651061986854
69522.09610721123,0.0767014679973672
69754.5899557437,0.07577873326531752
69993.32049888071,0.07762514189680596
70230.32729013725,0.07492747003644226
70468.95109287866,0.07225033168740917
70701.18812575728,0.07561085711641297
70931.84296086873,0.07802091992917971
71165.9015484611,0.07847343870083355
71403.2940799179,0.0764993224563732
71646.82278076235,0.07481252493317918
71893.34022328549,0.07526387715106019
72140.83504032774,0.08087760990305794
72395.94567790645,0.07729200459554292
72648.62091879113,0.07795443088600561
72899.09337175793,0.07620048236489498
73151.607725267,0.07756401499715115
73407.1102639672,0.0819188184820513
73662.79615801902,0.07889355647308743
73923.89412065767,0.07576449615411104
74183.98966159379,0.07833127635155912
74442.13549996802,0.07582312769764049
74699.30154672121,0.07343423394588755
74956.83809036222,0.07288154993843932
75209.59062160608,0.07381333420496013
75468.19726325212,0.07344723140098688
75724.915771297,0.07480392283349376
75975.95612186243,0.07624286506282539
76220.47657252889,0.07840136668714848
76467.07035593329,0.07926300379756887
76716.83592852585,0.07469635444629183
76972.00609677834,0.07616628442318096
77226.32413264328,0.07641622441404218
77482.20897912131,0.07483726858842943
77733.77481453057,0.07387388998894864
77984.78670501758,0.07529488420481596
78240.92875383043,0.07461251501483245
78496.79400844962,0.07405510433320785
78743.9076784797,0.07326692860119069
78991.91956591127,0.07576171344932152
79240.53698366955,0.07583004359128612
79485.22984102662,0.0776097183230915
79724.16401743366,0.08041184444056683
79961.32308773724,0.07891017281919124
80197.29311337043,0.07881936709707194
80430.16368990461,0.07689206487326351
80659.5925855028,0.07620759693352518
80888.04930613289,0.07663880736778879
81119.9147738179,0.07645147326838438
81346.65820838138,0.07851167393033165
81577.67073638456,0.0736751271567642
81812.00115133684,0.0755295501625301
82050.23030574963,0.07512982977645988
82298.44765620003,0.07460520790643484
82547.1051318147,0.07567120454224499
82792.5582049479,0.07432270724514094
83038.6942760513,0.07340209595065054
83283.1319787193,0.07497572216209376
83528.67755572636,0.07902957438837817
83777.39550762555,0.0772089305455715
84027.29111652353,0.07694405461036442
84275.51287622213,0.0773107753899949
84520.90395913155,0.07849211907313741
84767.07033248081,0.07658384683040663
85013.37587244669,0.08184085201514606
85263.93161026166,0.08273129942333464
85513.11256494132,0.079753458993187
85757.57817485642,0.07806257675688633
86004.01355758778,0.07748257162592825
86260.90995139422,0.07569561873915272
86525.44862444018,0.07588055623260113
86791.99443449335,0.07799288129300112
87046.10296002051,0.08005101144967135
87300.38222903102,0.07606122627604218
87563.44429504417,0.07577271471799847
87826.26685411208,0.07813056813334594
88093.69321382843,0.07969867518553941
88365.40716570697,0.0750150709017606
88631.8408421861,0.07573152787405531
88904.42058767044,0.07440093584634985
89182.54649526734,0.076731058030082
89458.75904153354,0.07779227365751448
89738.749552086,0.07765095672511005
90024.51669438403,0.07854757363151618
90309.14162404092,0.07503911546504546
90594.54184824404,0.07501968196763747
90874.41822594036,0.07709594154945983
91150.07370109044,0.07701506675420186
91419.41428023523,0.07622506952305823
91687.67870382206,0.08036613189296489
91956.46715608043,0.0764452596460637
92229.95111794477,0.07703515517637792
92493.68342703808,0.07627835900008517
92763.6970686124,0.07652929972273333
93030.6125120308,0.07652716075148945
93294.15207667732,0.07997081767674433
93562.42966850121,0.07716999956511804
93833.1644631794,0.07948475422684703
94112.78938958133,0.07715352357964789
94399.54853374312,0.0824988734227644
94690.2408768454,0.07775479974972875
94980.40152193375,0.07550515877607104
95265.84556281214,0.07824825477456786
95548.44602799258,0.07971942503625765
95828.40675796749,0.07750383256779632
96110.54875399361,0.07861404618278367
96390.83810685846,0.07722582281805941
96669.51001786625,0.07750805972456802
96963.12403895438,0.07835093189975856
97256.02532617038,0.07848078015378762
97541.68031948882,0.0769923420640251
97833.36699948796,0.08110133741657802
98128.98927408543,0.07827996199131
98424.10307761213,0.08049804139087882
98714.50274900907,0.08266281775588766
98998.38221538856,0.07868553683905323
99283.04707761099,0.08049648419266904
99562.45952518078,0.08351140908255429
99834.66045230316,0.0815269814773606
100111.25629875943,0.07721489073234943
100389.27667604914,0.07911092716615094
100668.16668797954,0.07979898859314889
100946.1019467213,0.08193307302095192
101229.91625079974,0.08186392681638807
101508.83887680696,0.08611376129912218
101782.68801943485,0.08114467644877936
102057.43871750655,0.07896892506273742
102334.18153294487,0.08347136386760201
102608.28302852027,0.08103117812241865
102881.94127806563,0.07871559407937959
103148.56251602975,0.08006284022177783
103417.68966396735,0.0770548685091041
103686.09775014422,0.07784738864495348
103954.46304598438,0.07601108933130385
104225.31566820276,0.07558756361106844
104492.89764382862,0.07669592911840618
104757.61769038622,0.07832213064342296
105029.33948528003,0.07814671471486105
105296.9712912528,0.07780881989521776
105557.54417119132,0.08056059870370219
105816.83147650147,0.08062241146712187
106075.9270194274,0.08270473991650021
106338.35540627,0.08253652784322055
106599.5522493121,0.08000184213759878
106863.66798570335,0.07922909676080252
107135.8380678183,0.07684177420343524
107408.08641025641,0.07776114921547438
107683.15830610546,0.07462565408061199
107956.31022828721,0.07680402075648324
108234.06895667777,0.07659363122687377
108520.35917923805,0.07732803331085908
108807.4873648519,0.07516408700542455
109093.83359989764,0.07181883525396353
109383.02580974893,0.07273385672537137
109672.37147977471,0.07222248364263852
109962.49625504129,0.07381877033899634
110252.52906157983,0.072654237695406
110544.84026090293,0.07573127424235913
110836.93774766714,0.0780061458285311
111122.44047314578,0.07740751624686174
111412.5205997309,0.07724924011090961
111709.78833003131,0.07482114406605583
112002.2867280399,0.07307413854650882
112297.22945885366,0.07367866571611736
112597.15462732324,0.07351611532356139
112898.03857718637,0.07631139969216538
113203.04832214765,0.07658123808938845
113500.63450442364,0.07723375148407105
113793.74517818367,0.07681781820169253
114087.09506410257,0.07302288519849252
114370.87027096114,0.07478571310748929
114652.40051134548,0.07594558835113413
114938.16471416682,0.0762268836064931
115227.43128205129,0.07619587352629481
115522.21334184488,0.07363385323923906
115812.01477927063,0.07605354518310596
116094.75634225829,0.07696393724459642
116374.48163579257,0.07875322365354327
116658.31608203948,0.07504416868094155
116949.52899476307,0.07553839650311917
117240.91467795741,0.07614957427112286
117532.94443379958,0.07819041055265513
117825.93260869566,0.07739685403433177
118112.35535920093,0.0782325440075797
118389.60489644592,0.07608635073969205
118663.44091665599,0.07816771247202385
118937.67534877767,0.08074611229649692
119209.42626624832,0.07981546049346747
119487.2249808527,0.0773802469130112
119772.48368313284,0.07572070782006331
120066.39626860904,0.07738742519035027
120355.70547110513,0.07943720197287052
120643.98596222562,0.07780675023223312
120936.89931511233,0.07845268766445794
121232.5375704045,0.07795906482695845
121523.83173384517,0.07657995704333893
121817.09185043145,0.07827568859640703
122114.08957133717,0.07593915685410456
122410.24726644927,0.07883142931640015
122705.63062659846,0.07685753466190055
123002.19525336755,0.07568756061146178
123306.66079744816,0.07487821204316887
123622.74065300896,0.07305862845654455
123928.27206918642,0.07492070564672239
124227.25403122601,0.07305102332279628
124523.94460081884,0.0764587708687943
124824.19220198147,0.07573994758998065
125126.24316730523,0.07517900450744877
125430.68406223987,0.07624724899789105
125732.36103629602,0.07555319840598504
126037.22152746761,0.07794602145395603
126348.4469105795,0.07832350774518973
126658.7966959083,0.07832899442997543
126971.56401229036,0.07842402971167999
127287.88154955645,0.07769822811522863
127601.36368299564,0.07737424706121336
127903.44124423963,0.07824183506539109
128202.32328329608,0.07636976606296546
128498.44266700794,0.07581957121804668
128797.26956021477,0.07767935488668126
129098.85273994501,0.07630515263104339
129403.50805111822,0.07969823828785327
129711.95275641026,0.07747959984072912
130016.66747619351,0.07254212252088754
130324.01355585395,0.07648432806023363
130630.37266841868,0.07594603225523211
130942.67494255808,0.07308983787276305
131262.02201740912,0.07349112587757929
131582.50319611354,0.07327192281207887
131895.74085209827,0.07565329082023724
132209.49945516314,0.07469922526547133
132526.50675113586,0.07687650747953717
132836.71812895391,0.07838523126086105
133143.61993210786,0.07811925405014764
133452.05286371772,0.07762987060017366
133758.78109420938,0.07442761957843096
134068.25308839531,0.07646936538142676
134374.72562184284,0.07413594410622926
134684.26818821122,0.07335118354707879
134995.53224050713,0.07567680882082613
135303.9480718808,0.07506514635125121
135611.59703400664,0.07558476462422047
135912.12151266958,0.0749012776590558
136218.0117360354,0.07442474022191474
136529.27233282287,0.07074322022240176
136838.38097367747,0.0748719631835871
137149.56512537677,0.07308468077415446
137467.2363682799,0.07208757503200092
137785.22255667992,0.07395715748696027
138103.3612033725,0.07812916629651234
138419.83245872264,0.08058736537361104
138729.32106745167,0.07987123108315147
139045.16419824326,0.08064884551496386
139353.1793530275,0.07983561383582621
139671.11838145848,0.08169730798638013
139998.99551885284,0.08001130300183817
140332.0408019922,0.07812085625195943
140662.60370584085,0.08121978569955736
140989.13058178106,0.0822261336385879
141311.8904679598,0.08763505750023934
141640.04211939152,0.08612220797367774
141967.70645140624,0.08774063109134646
142304.8619078105,0.08391871000066534
142645.55089514065,0.08358593958237001
142982.13664556557,0.0803102649881077
143319.6370436673,0.08194450515218174
143654.72996994693,0.08069252402251934
143989.8574903969,0.08239501886673622
144327.85931997182,0.0836121836901712
144666.02306267168,0.08306046191317328
144999.47090014693,0.08095610433048901
145335.98501152958,0.08095280760906427
145679.28459079284,0.0790628166985996
146017.8066128412,0.07793565005771737
146360.3419334187,0.07564808258886357
146699.68064969944,0.07696931786842663
147029.91543367348,0.07725436415041587
147361.73764818968,0.07986492216630652
147688.12538343557,0.0781643343285082
