D,r2
6.198079231692677,0.831869096333409
9.185573770491803,0.8203181095976665
12.187601957585644,0.8034822124513319
15.0,0.7821237935999187
16.51246537396122,0.7914886410766013
18.196296296296296,0.7603759307180816
21.194414218353284,0.7570469621272211
24.191313711414214,0.7363893064539846
27.19699192956713,0.7210789313635307
30.190263842437755,0.7127608597476098
33.06252554147936,0.7050289367173939
35.93363561417972,0.7038833370610597
37.53389830508475,0.6735073009174677
39.2029702970297,0.68585800825922
42.19827247742442,0.6750979787891233
45.199369582348304,0.6682006246680179
48.201797385620914,0.6563196956022428
51.192611041926114,0.6457916937496826
54.19484835895305,0.6468155034248301
57.20552016985138,0.6344383909769306
60.22913117546848,0.6185325466733408
63.19973776223776,0.6175870312362683
66.19833333333334,0.6062826832058318
69.20303687635575,0.6066350706330219
73.46381093057607,0.595813097341632
78.01672786617706,0.574940970337435
81.2080037226617,0.593494533882571
84.21018215787015,0.5839501054360645
87.20754716981132,0.5792983603849756
90.20222119389172,0.5767610565532316
93.21115347950429,0.5765373330511688
96.21121951219513,0.5650105724409268
99.2326372025255,0.5627782895831331
102.24561403508773,0.5539839855497004
106.50366876310272,0.5577526021275361
110.98206474190727,0.5401080814891012
114.21363636363637,0.5404167964453863
117.22665975103735,0.5266263590153887
120.21314019658561,0.5308440324846498
123.23435897435897,0.531902826629978
127.60171996775061,0.5183281922347333
132.1346998535871,0.5075734540809155
135.23274478330657,0.5219294551073742
138.2427871529668,0.5234423677528195
142.62198923207708,0.5079129942844223
147.15204981837053,0.50524291052095
150.23923979877026,0.49127407125840955
154.5307954193748,0.49444820411447915
158.9913043478261,0.4789012964787335
162.24074074074073,0.4739053630993489
166.51814969482814,0.4746683142421343
170.98305084745763,0.4616793167810411
174.26568047337278,0.4662317870508712
178.64138576779027,0.45915910793202
183.1258205689278,0.44455860085901294
186.27400611620794,0.45851373564505404
190.74703557312253,0.44521611380712667
195.2939744370055,0.4537630248855634
199.76132190942474,0.4433966228257953
204.27248850952068,0.4423957428737802
208.59657218193803,0.44119130863150907
213.16414435389987,0.4292384409228633
217.6236301369863,0.4354138134046605
222.1549043062201,0.41449797174578734
226.77504159733778,0.4245227617957292
231.2916102841678,0.40442145067790947
235.76157407407408,0.4229231285143888
240.3014511873351,0.40993780913532635
244.79201893811296,0.41149597760334816
249.29972375690608,0.4096131020367864
253.7414395527603,0.39811596017571044
259.8046875,0.40661395247133925
264.3145048814505,0.39748227614420956
268.826597582038,0.3990044070142373
274.61356932153393,0.3924186140012471
279.20344599072234,0.39091485478514726
283.81265552790614,0.3793819354827935
289.52420634920634,0.39822313898797307
294.0047818290496,0.3638631297709387
298.8394562821455,0.3727602335240332
304.6120857699805,0.37473637216133737
309.1950567802271,0.3747906604717394
313.8547506370586,0.3685291603480636
319.84105706625814,0.35848537290908655
325.6689881196231,0.36275751832752234
330.2444903581267,0.35623452685851414
334.8822408536585,0.3589623816752583
340.8763358778626,0.36275502440970614
346.9603803486529,0.3581664765604052
352.68123938879455,0.36274639772332296
358.3305048790836,0.3674130667652486
363.042750929368,0.3369818168531114
367.88399071925755,0.35116842006760085
373.9634049323787,0.34952312965060095
379.93811979373265,0.34894041828345923
385.6641626159965,0.338130964364961
391.264367816092,0.3360492095793808
397.06634106634107,0.3361054431823376
401.9811320754717,0.3286149129997322
406.9328485885372,0.3158322231551511
412.8975,0.3208535137170961
418.9553119730185,0.3154872291911734
424.9442379182156,0.31740742214210516
430.9596469104666,0.31051724942780573
437.0322440087146,0.3099819798163984
442.97889404812156,0.30722477382983554
448.941431670282,0.3056336744337984
454.93923145665775,0.31210836702914935
461.04842931937173,0.30867448196634506
467.0004385964912,0.304542823024613
472.9792219274978,0.3010432532988158
479.07599828252467,0.29816929403531706
485.06681034482756,0.29225062816571684
491.05770850884585,0.28960982204928987
497.0567781690141,0.29321659465409133
503.1389388489209,0.2775156753022136
509.06187363834425,0.2736268508615496
515.1078388912949,0.2781052754718307
522.0053583389149,0.27944632083291565
528.9459827507943,0.27352346877985373
535.1847422680412,0.26203623311213714
541.4771880819367,0.2700515840108054
547.8528156996587,0.25555417389514384
554.0620884289746,0.2675858708425677
560.0568990042674,0.26632621273015195
567.0,0.26935672357979007
574.1656678082192,0.25299314741103607
580.8035870516186,0.25991575344039386
587.1025522041764,0.2548317072444926
593.1254578754579,0.2528203551225448
599.1587962962963,0.256547144815762
605.9896219421794,0.25543493056442773
613.1904967602592,0.24941301128575546
619.7930735930736,0.2538486079029726
626.1623062015503,0.24861825818596897
633.0277257399775,0.2556538709159071
640.2475555555556,0.24462390867603143
646.8830626450116,0.24976285246913135
653.1651873767258,0.24638677826052457
660.0316622691292,0.25147602444408773
667.5502311895755,0.24607799005466852
674.1506426735218,0.2599282465249306
681.2765486725664,0.24744320599037473
688.8664568345324,0.2555190667529465
695.991866612444,0.25110095016214085
703.1694290976059,0.2500813892252655
709.8756380510441,0.24561987998332094
717.3439756746484,0.25648972992903196
724.820895522388,0.24427315323524834
732.0368835474513,0.24621156177718806
739.495246326707,0.23741019166367447
746.184317718941,0.23760042896307632
753.2998095238095,0.24313221857032008
760.9163079866092,0.23904230705507035
767.9563283461383,0.24000445789543157
775.5065929391748,0.23373639390059084
783.0262123197903,0.2442530169450133
790.528991971454,0.24001344935471614
798.3101796407186,0.23512702752623268
805.8702213279678,0.23750268635045554
813.355407523511,0.244075862299314
821.6683333333333,0.24108788729462474
829.5126786537575,0.24560469715341193
837.3614408514122,0.24408797465589277
845.6793248945148,0.24425211005443773
853.5544827586207,0.24841444168777704
861.3685106382978,0.24053202921379435
869.6422900125366,0.23870142391088173
877.5049088359046,0.24036434455120698
885.3970401691332,0.2452176206768038
893.6274834437086,0.24219874611936903
901.4565322972317,0.23636799712468515
909.7152555910543,0.2353936436322658
918.3545296167248,0.2390351121965938
927.067977067977,0.23483590517365485
935.6865061335757,0.23382105085819002
943.5112279025323,0.22847335842426789
951.7135902636917,0.22941896220266006
960.7445695897023,0.23744604050448012
969.4057709648332,0.23987391543086697
977.656862745098,0.23563492841715408
986.185618729097,0.23475094302242516
995.1945022907122,0.23128715416939424
1003.4795409181637,0.23201378252661856
1011.8791836734694,0.2307333831272922
1020.7625514403292,0.2266597880174583
1029.7370449678801,0.22120721262748191
1038.8005965061782,0.2316849665109359
1047.8262548262549,0.21829692535881137
1056.753156290814,0.22658218819211517
1065.672406371072,0.23192493791340915
1074.772647317502,0.22942065510758664
1083.8035242290748,0.22915401585040776
1092.7651183172657,0.23125678987569281
1101.7727472527472,0.23687762178620633
1110.916923076923,0.22139332272646117
1119.8025305015815,0.22250289900869116
1129.4244232299125,0.21684884165619908
1139.6151515151514,0.2108662407403061
1149.4630562552477,0.2097334134621637
1158.827120223672,0.21278295869860786
1168.5136959110757,0.19727457190429212
1178.164390014131,0.2005738269890359
1187.906779661017,0.20484462441756912
1197.7779390420899,0.20546027597833846
1207.4734020618557,0.20000950388382827
1217.5599830436627,0.19570452974459648
1227.452278589854,0.19294355853417525
1236.902283105023,0.1908393809919977
1246.5114099429502,0.19758122704581163
1256.6276735050196,0.2001388474745617
1266.4719101123596,0.18940283694163434
1275.867356115108,0.19421124723545363
1284.8651012891344,0.18917587667336178
1294.975912975913,0.1823575928550871
1305.0529002320186,0.17502568315313613
1314.3926516157592,0.1808016024644064
1324.4616003216727,0.17794901809568467
1334.4693171996544,0.17999997343847088
1344.4934952298352,0.18184115522206173
1354.439276485788,0.18230234222091418
1364.5299956840743,0.16869534718203702
1374.4144183989386,0.168100747192549
1384.4678038379532,0.17809027172446373
1394.590243902439,0.17432581664185937
1404.4646509559805,0.16943812262841013
1414.5033898305085,0.19428028726833024
1424.9504909983634,0.1757571284862677
1435.367285282693,0.19114815968110063
1445.567901234568,0.18335270922504673
1456.0872313527182,0.18381524412365888
1467.0064405324174,0.17916667803163128
1478.0262267343485,0.17565482279834888
1488.5088044485635,0.1693868826017543
1498.9885900570498,0.1751395055054917
1509.4408602150538,0.17431268230281868
1519.956298200514,0.17222678129081123
1530.9630886720408,0.16671109349959362
1542.467617107943,0.17345957849466592
1554.0004444444444,0.17144251327720467
1565.0958904109589,0.17093626233237358
1576.0212950890916,0.16634262395757118
1587.5495234148364,0.16825750239891288
1598.9945945945947,0.16721836805998436
1610.0105124835743,0.1724399074824248
1621.995522995523,0.17230786906260598
1633.9897823189694,0.17487129903410753
1645.487951807229,0.17527038271392223
1657.5402641670216,0.1679980621891471
1669.0280416101311,0.16222476832873023
1680.5625264942773,0.16523811396913585
1692.6077753779698,0.16606461479247428
1704.5242888402627,0.1597682454286923
1716.4635818337617,0.167152779388753
1728.6652097902097,0.16250912715522142
1740.5200528867342,0.16005300715168955
1753.0632963419646,0.15915068892295395
1765.4901960784314,0.16375059834571315
1777.8579234972678,0.15933480937076827
1790.497287522604,0.16228518365177905
1802.3432902362906,0.16065165105736773
1815.084745762712,0.15945167983027803
1827.5708678587005,0.16195344497740558
1839.5764075067025,0.15668974625528026
1851.9579478553405,0.15421445631444386
1864.940337224384,0.1540634852546918
1878.0121580547113,0.1593917636969758
1890.8821260180025,0.15497290628719645
1904.0344076655051,0.15102403706598871
1917.0342759211653,0.15015832054147954
1929.9908485856906,0.14975001391937795
1942.920866489832,0.14220345948207597
1955.5257873117298,0.13665336009720797
1976.4073166132378,0.14098635385814662
2005.9618380062304,0.14403298696171027
2035.1145190201155,0.14402279824661954
2063.930259365994,0.13927509509404165
2093.016261755486,0.13899587404803887
2121.9666337611056,0.1345469520954513
2151.4108255451715,0.13556287491791127
2181.982600382409,0.13327823911203215
2212.0274517604935,0.1309772957933842
2241.9998101025444,0.13116282232853224
2272.0659099960176,0.13110817139871309
2301.075597336467,0.12819232796884697
2330.6374757281556,0.12947470334510103
2360.213731574864,0.12242591083142848
2389.440929505956,0.12392102948808303
2419.821873204367,0.11630150038370278
2451.162257495591,0.11818266502328457
2481.6072567783094,0.11644079482406566
2512.128622845236,0.11746668138518465
2542.4422130340618,0.11660240441498597
2572.5404397330194,0.11629748345247944
2602.970916795069,0.11487382253778722
2633.51875,0.11515644116584334
2663.0172413793102,0.11649440099176178
2692.5394272263634,0.11214879540746103
2723.0575061681534,0.11208165188176858
2753.2889106967614,0.11784363865818964
2783.9639115250293,0.11170931151057069
2814.8123768230193,0.10670350878590702
2845.5165094339623,0.10787354822038099
2875.9384527439024,0.10857600741772659
2906.5373134328356,0.11230124141172929
2937.051227113362,0.1131655534035102
2967.6650009994005,0.11486295200928798
2997.284257120862,0.11633497031970605
3027.8723485572327,0.11796467489788626
3058.9994138335287,0.12582037992844308
3089.7460380348653,0.12082637770848989
3120.7480694980695,0.12181140036470547
3152.260818253344,0.1252544048969995
3184.752484895732,0.11874257746633224
3217.136574074074,0.11945504581942225
3249.458300238284,0.11977800399484297
3282.441528807758,0.11979973908658914
3316.4283442655537,0.12341529341147947
3351.1907716169057,0.12078855754762784
3385.950402144772,0.11452058707361645
3420.6043521266074,0.11921222226712509
3454.5635973468593,0.11601259848663963
3487.9191622626736,0.11640126352667036
3521.1070945292868,0.11861312178664708
3554.0701552616447,0.11676769428481787
3586.4115437833566,0.11364091784250827
3619.100596268513,0.11248473827924088
3650.867867867868,0.11377843930088102
3682.8359767891684,0.11397827992416758
3716.054773384764,0.11262909549353568
3748.6050917702782,0.10758407677629409
3780.779846449136,0.10822787675781644
3813.47022628027,0.10444664174659177
3845.51186770428,0.10157874251207293
3877.965733866362,0.1060909551377416
3910.234004385091,0.10848161134380226
3943.627969866718,0.11083979003503888
3976.9458498023714,0.11295552104491362
4010.400890437476,0.11729336699727659
4044.551671442216,0.1252798618285074
4078.405785615217,0.12147196078817708
4113.081777948817,0.12511773768057785
4148.014388489209,0.12367822625059936
4182.426598263615,0.13224604414731322
4217.046290916134,0.12937864136744645
4251.38183232834,0.13423993722151306
4286.078698224852,0.12991482982053465
4320.432127576818,0.1358143858566619
4354.558720249707,0.13018551891197921
4388.591868344627,0.1316465606952955
4422.002569677802,0.13146819842036514
4455.547821056691,0.13194039472122185
4489.537636544191,0.12358531378998865
4523.956803044719,0.13287809881677112
4559.000193274062,0.12733253407038475
4593.750889679715,0.12336684766478147
4627.208017123954,0.12513262785663712
4660.3361652828735,0.12061970232439355
4693.9047714114595,0.12106705974090855
4727.712906888721,0.12051479088814769
4762.902184609329,0.11888392516732015
4797.925746413339,0.12533864235340247
4832.346387311533,0.11956092188906405
4866.707584050039,0.1148030113431532
4902.060688581988,0.12053303629444652
4936.791947639826,0.1151902718294172
4972.274009661835,0.1070802526111651
5007.715109573241,0.10806967225303747
5041.382164367593,0.10203791439043298
5075.537907581516,0.10530173778652721
5110.144217946276,0.10683831346972474
5144.459727626459,0.10332036049327623
5178.467583497053,0.10421377554363496
5213.5343156262115,0.10830074537001719
5249.270676691729,0.11129547936788058
5284.129156999226,0.11554900026745098
5319.54932038835,0.11804013262292816
5355.51995258791,0.11069177021289318
5391.665261544357,0.11018834070636069
5426.989147286822,0.11294191109063761
5461.514950166113,0.11058274769599644
5495.179306290417,0.11168223006340712
5528.43365441321,0.11274233728221612
5561.850549882168,0.11327232201612601
5595.324966209693,0.10995608990943942
5629.991545418797,0.10732489003982863
5665.0571373232615,0.11247435865674034
5699.661445075387,0.10774199331284172
5733.5571705426355,0.10667232313937121
5767.332293899824,0.10398222260685494
5801.499411071849,0.09824668400366998
5835.827868852459,0.09497358330128293
5871.127655389457,0.09205623460253555
5905.884136858476,0.0880371512339917
5941.447619047619,0.08869948895615044
5976.644984326019,0.08827159507459474
6011.058098591549,0.08777454993887378
6046.440704500978,0.08348800011887253
6082.386301369863,0.08481759425636677
6118.889163498099,0.08610793446137388
6154.91801980198,0.08039698935569552
6190.296610169492,0.08242166410077899
6227.511283899109,0.08037508997166841
6265.096463654224,0.07877985585521739
6301.966555183946,0.0780475822421324
6338.8138996139,0.07651893226958312
6376.50453930848,0.07121776250241023
6413.869974504805,0.06937850298582114
6450.889323425889,0.07072177066355065
6487.98161692034,0.07542796263106234
6525.194729703546,0.07779064447660222
6562.811831095544,0.07416460329411957
6600.468344627299,0.07107119173564948
6637.793276661515,0.06934070239636766
6674.236086701816,0.06752525505205481
6710.039641434263,0.06746560437930424
6745.397019487963,0.06928934283124122
6781.143079013784,0.06838225881551609
6815.447867298578,0.07049228551829019
6850.083236094904,0.0682907788952706
6885.428848767229,0.06777192045434717
6920.807898392538,0.0659511675232461
6955.782364341086,0.06519040922206601
6991.013795746311,0.0663854374346547
7025.517430473952,0.06873060430803192
7059.362298940761,0.06646801162996054
7093.637199295912,0.0690135205633349
7128.006925740669,0.06793930105511857
7163.46023060387,0.06484672166581025
7198.961975695805,0.07187298637550325
7234.468364348678,0.07075424866669107
7271.2426046868995,0.07206953386501251
7309.373035887488,0.07177554183845795
7345.97239624119,0.07040503388689077
7383.843186664082,0.07065611806126826
7421.145617529881,0.07047886475940629
7457.895882352941,0.07300472713306781
7494.372408447975,0.07167252835616786
7531.438982070561,0.06738237762789631
7568.807843137255,0.06442269774197658
7607.582364341085,0.06380918959645508
7647.515882352941,0.06190899107010328
7687.318903036239,0.06106758827759155
7728.92369172217,0.0630323494286518
7770.930301240402,0.062262828270827665
7812.594626168225,0.06558949587358401
7854.289220498724,0.06397945382571729
7896.324448705656,0.06336644410442892
7937.079929300864,0.06468750335385223
7977.515402843602,0.06513588318753794
8017.536542584292,0.06337941659966093
8057.047673750718,0.06459467512135324
8095.100669818755,0.06359719278166816
8132.35174811667,0.062055056331550604
8171.278997474257,0.06676636934593048
8212.114502332815,0.06242862900113839
8252.369668246445,0.06408265386456305
8292.039913911172,0.06294934405243602
8330.95446685879,0.0640658780014464
8370.585691823899,0.06341050296665732
8411.338434373161,0.06491716856500318
8453.487099903006,0.06303002776457227
8495.220689655172,0.06661737991011556
8538.25674899483,0.06983540545066552
8580.638915779284,0.06760278047182056
8622.904395821013,0.0692310141264197
8666.507612256697,0.06893532965092546
8709.662373687339,0.07052510373290384
8752.844133099825,0.06325899771147915
8796.925853658537,0.06305103519390558
8840.967412263788,0.0650674243862249
8885.39347446106,0.06359533499759715
8928.938220918866,0.06376503652075777
8972.199178243005,0.06697354988432239
9017.549151888974,0.0661455882333023
9062.718131433096,0.06377992492950565
9109.245685476051,0.06698437620516477
9156.693333333333,0.06536348726898343
9202.697801128625,0.0661297921250082
9249.320838139178,0.06598464392352904
9294.36619437238,0.06616340105733552
9338.564855982988,0.06411897865423302
9384.024980483997,0.06256594382296597
9429.868165955797,0.06123029958947318
9474.049036777584,0.06599961274535751
9517.478764478765,0.06494544552949544
9561.43175044705,0.06044195689365692
9606.59036377709,0.06586746517489496
9652.814135103476,0.06599053719953492
9700.004253673627,0.06582461486088004
9746.925962101974,0.06819077371421393
9794.118137730358,0.06609265125409236
9840.450311769291,0.06335033563407506
9887.735694822888,0.06760944691711714
9936.808909730364,0.06817076539386088
9986.016584402763,0.06933194731315218
10035.89517697394,0.06539882511031014
10087.66634633865,0.06930079452007606
10138.455004859086,0.06649983050936804
10188.338936128139,0.06473805714163156
10238.292852992447,0.06386355434905915
10288.526029526029,0.0607587190883097
10339.341906787855,0.06228945520560106
10391.098965449932,0.061834576610138504
10441.990769835036,0.05994015282675436
10492.773191823899,0.058567510185026726
10543.065364532973,0.05906880584055426
10595.507553462821,0.05623085022430766
10648.215165511932,0.05359748376081764
10701.834083349639,0.05450886220442814
10753.901296690536,0.05421046210036619
10806.519472856018,0.054581390212628346
10859.73645652593,0.057873278899201436
10913.076540755466,0.059365877615715136
10965.510129268763,0.062499655554811594
11018.127618308767,0.06378355706917509
11069.941783489097,0.06059838631614716
11121.976513975154,0.06204636552917082
11175.794962613145,0.0565616735502455
11227.8322655795,0.05646709834598282
11281.11537711947,0.05720027509436733
11332.571899864157,0.056565338841804556
11382.354048225838,0.05558780172295253
11432.772885958108,0.05592722577467213
11483.092100117325,0.05656235808430959
11533.2597453477,0.05657955115022871
11583.994371118013,0.053675372470383655
11636.1283203125,0.05339037103894663
11688.990886174131,0.05255823023611429
11741.734951647917,0.050538290407903315
11792.665054179566,0.05193171733760347
11841.021392454299,0.053794497250512566
11889.406328868181,0.05226668459384795
11938.352790880503,0.052414426647348696
11987.322211445198,0.05131931896372383
12037.48046875,0.0479028211672053
12088.658146341464,0.05012494764702742
12139.781546811397,0.053598300367281235
12188.70514576404,0.05391481420447831
12238.461493123772,0.05461211790662546
12289.047810288774,0.052858127268972696
12340.634849078793,0.052552235354250555
12393.612997090204,0.05487380855899814
12446.935407640804,0.05889079997433407
12500.11903831118,0.05551534526572707
12552.06127642913,0.05577337118186902
12604.013593720085,0.05877519076155153
12657.41263573544,0.05641700701216906
12710.986556558479,0.05746809869181059
12764.63155826292,0.0628073269903651
12820.199843260189,0.05830773065341158
12878.481631082901,0.05254558130772193
12937.403973509934,0.052790557994301004
12996.504137115839,0.05811387137917499
13057.966324753243,0.058613612794161815
13120.239625949736,0.058660308335852
13179.560383636719,0.06054645063664694
13239.144379844962,0.06110670962118688
13300.49378330373,0.06346878935616646
13360.877570818782,0.06156601354956714
13421.937951219512,0.05830555588950804
13483.382154557718,0.05999997038417608
13544.723371049551,0.06124272997567656
13603.246855345911,0.058658098573282705
13661.033411488863,0.05820461945945679
13718.868635833658,0.059808558910361645
13781.762548262548,0.05691554530992205
13844.580292682927,0.059857867177808236
13906.861840825064,0.05603969223010999
13967.836016696481,0.053729740500105996
14029.702891519502,0.0527040986907591
14090.936492709132,0.05492038603711845
14147.783385703064,0.048991449207327044
14202.617377751802,0.05165706968180238
14259.70939675174,0.052186782808203894
14318.92517674784,0.05266261082530785
14377.503605534983,0.05056173998894934
14438.317063722641,0.05238251542619273
14497.977063320917,0.05190656668598448
14559.599452911294,0.054057073282543534
14621.657365853658,0.05961344215180742
14684.031043849438,0.055287959612406644
14747.297996498735,0.055909143641792225
14811.56163313147,0.05375141660739751
14873.692368059643,0.0517287749067406
14931.346423017107,0.048999156216786584
14989.94209612044,0.047869880024829614
15051.7626918536,0.05367456076106401
15117.777132907719,0.0593795490975944
15184.039120280264,0.06332903550246813
15249.234362783425,0.06475287808642938
15311.1796875,0.06445089339191047
15371.83547008547,0.06070364277445966
15430.364120781527,0.05856576734351704
15488.74129353234,0.0604530392209355
15546.677865612648,0.058273078922223165
15605.387424331186,0.05412061492947679
15666.637519260401,0.053576867522790665
15728.26975743349,0.052180890287562294
15790.881091617934,0.048016033158902016
15851.50274509804,0.04605146388465392
15911.429602184087,0.04704874832867482
15971.537101787102,0.044500183935423654
16032.920757634325,0.04650292664390994
16094.019215838509,0.04842264816432509
16159.906744868034,0.049855368900052946
16225.731212180362,0.056439422404486135
16291.117416829746,0.057468503559383106
16358.307287607171,0.055103583156119705
16428.105067501467,0.054263234825962334
16496.66543760916,0.0517505469912506
16566.73875802998,0.054759474828628064
16636.323649834274,0.05401889018346246
16704.690982972137,0.05506714959355771
16771.20740305523,0.05666616301890478
16837.80085736555,0.05500609089555267
16908.09305932532,0.05632690050419307
16980.547114252062,0.055128494314690836
17053.25511006289,0.05716703553535969
17126.298580042792,0.057240476587303475
17205.37211093991,0.05189370168525869
17283.61762977473,0.052972170032774456
17360.027519379844,0.05189583266003873
17433.10702471298,0.05340117329006767
17509.103272584754,0.05566431139015879
17589.225228732725,0.05526149247030513
17669.86515536447,0.04766867915647979
17752.93445475638,0.05142998796690507
17837.092371053146,0.04432501880278013
17921.563643441026,0.04852130573697023
18006.272533022533,0.05363660107706215
18085.896882964124,0.049349456250361086
18165.77706386293,0.05018887840008274
18249.933763188747,0.0521140222807623
18335.000974089227,0.05423965317937013
18419.515299161958,0.05378786054760369
18503.341265235056,0.05779252938908237
18580.879327205163,0.05977656618462874
18656.029434697855,0.05832782188719105
18734.420379697793,0.05715383889251487
18815.261733203504,0.05977352280064922
18895.123119015047,0.05624424687614836
18977.62236944661,0.05582336498381452
19058.449317738792,0.05764723876651414
19137.479215229214,0.055129692222804325
19218.014232793917,0.05538679111658467
19299.912890625,0.05176096914670238
19378.65137254902,0.05135518991365255
19458.495037945126,0.04787416460660375
19544.845840605,0.04768521012177974
19631.943612677427,0.05120548098046819
19715.83388769321,0.05511035857436585
19794.826257092547,0.05718257348622568
19868.969471624267,0.05347526362300344
19943.525765207283,0.049366597446933634
20017.352998632545,0.052141892825646324
20092.247466874513,0.04802316309939547
20167.028909584787,0.04917532238175288
20246.86645962733,0.046146310749800225
20326.340555446128,0.04970802725461106
20404.503900156007,0.05012391131516993
20480.94051973051,0.04691561212427805
20560.603736479843,0.051066764629214154
20639.048842187196,0.05237690667531726
20718.541261191123,0.049138722312044615
20801.100155581487,0.04936795253263457
20882.61746929226,0.050401147169694405
20968.630260324917,0.04881876179687429
21057.784055727556,0.049000208970855746
21146.03597966367,0.05360113099442428
21232.73042966451,0.05520771798085146
21323.356368563687,0.054339584738886275
21414.0658380268,0.05273826649188609
21498.96046966732,0.05272046041583047
21580.23845852895,0.04872746493054679
21658.393968871595,0.0487037791666117
21731.06718597858,0.050487038551714464
21802.979215229214,0.047167982169202954
21875.753178173283,0.04595642627951603
21946.970869990226,0.05047830927802419
22019.08645813095,0.052006564190322
22094.79933697348,0.05236178384693573
22170.429123960548,0.046011243808258634
22248.6165560328,0.05055061310135515
22328.663677130044,0.0541997860143692
22408.690476190477,0.054793319736562505
22487.958505408064,0.05244196256480441
22565.893358999037,0.04737022067193486
22645.55418622848,0.047743134150140906
22724.156170296254,0.050513734914174074
22802.92830775209,0.0523453713630647
22882.11753259389,0.04976519923271553
22959.750338687827,0.04787300745571884
23037.17766895201,0.04600236341797331
23109.81354268891,0.051476717277801474
23183.704238921004,0.05324408724136438
23256.411329569786,0.04734814457351909
23330.733412322275,0.0468270209155744
23406.727814060698,0.048536003475999775
23481.206632653062,0.05055289428054793
23555.05302883685,0.05220161963452816
23629.161724541555,0.051980972359840893
23701.702131859456,0.05227984333994456
23773.25592693354,0.04915896516537868
23849.510939012584,0.04780665456230773
23928.42705465985,0.04547402646207611
24010.822196397443,0.04364438628938691
24097.85349200156,0.04379426581115362
24183.70776699029,0.04597230545807304
24267.499121265377,0.046603015069677484
24350.698234038424,0.04997986091016305
24429.627351097177,0.0503538165621478
24503.64377182771,0.04913546387295272
24578.675893207695,0.04989927926422083
24654.777584204414,0.05287538682353799
24734.2619140625,0.0530274388090734
24813.551036370747,0.05137792614092785
24898.436979670863,0.047711361651419947
24987.526908878957,0.04915238167763219
25079.34135753749,0.047829674580299346
25171.345765345766,0.0496811930255026
25260.067770204478,0.057735322703719553
25350.039230918625,0.054340314224965
25437.316893203883,0.06134641141304641
25528.323052898693,0.06318933791836365
25622.992814138666,0.06880744484241572
25716.573535194653,0.061922251127755096
25803.4535840188,0.057254896855349284
25885.712726564023,0.05762210768857861
25965.969784449575,0.05168622322604341
26046.0091457482,0.051760274822972775
26126.763286919002,0.05203712035082165
26206.384842519685,0.05398892559057629
26284.813702848343,0.05212637813251896
26362.47062279671,0.05371540799503046
26434.90629288375,0.051066728037954895
26508.659364094612,0.04941818050676073
26582.850827653358,0.04511362054949942
26662.874805598756,0.04808552665734553
26744.76701672501,0.047574050242390274
26830.751607247224,0.05048867489528635
26914.768520337984,0.052545143805436186
26996.263229045962,0.05088343167560881
27077.796783052177,0.04629115696931261
27159.20181888545,0.04013284098769235
27242.47843902439,0.03806196767722929
27326.92918622848,0.04289941112525875
27415.414402173912,0.04208062093858385
27510.427008012506,0.040571058174408835
27610.791910902695,0.040508739672802815
27715.810601663765,0.041224069869289684
27815.86750972763,0.04495356688047336
27916.93304704275,0.044168600912618185
28019.890990639626,0.045090748280221526
28117.124780658996,0.04708009637914685
28206.01935483871,0.0455892828530403
28288.397660818715,0.04361658696960579
28369.981606969992,0.042958343724146926
28452.734942122817,0.04285269194066578
28539.972427184464,0.042993552693503315
28632.200077851303,0.044055198489484436
28727.043435726864,0.05047715451083409
28813.47568093385,0.049064887051471655
28894.906695295726,0.05328796913965855
28977.274490785647,0.053614764535701104
29062.538925652003,0.052122192561071874
29147.198313063946,0.05599999910622264
29229.595020424043,0.06067078222467785
29319.25305410122,0.060632341918154926
29408.40043078128,0.057485829120962964
29492.2591872448,0.06010133359652712
29575.84221873775,0.060360246241214326
