D,r2
193.19431664411366,0.10087424696041064
269.62745098039215,0.09101610164038197
350.84961997828447,0.08926404555301234
434.6214689265537,0.07843581898663406
523.409288430201,0.06751116762175514
615.2003994673769,0.06420026329832636
709.434162303665,0.06280337902929993
803.5147826086957,0.05850383242165949
899.7680542625349,0.05542842100142785
999.0642905178211,0.052450599136470634
1098.6794239231897,0.05991074101560599
1197.633103995766,0.05333082786899471
1296.8394501534765,0.0491087507071272
1394.0897005505574,0.05132193682651586
1490.5553346587144,0.05394076609045916
1589.9966874254671,0.045290566131418256
1690.262677756909,0.04553734185521273
1791.2084885577435,0.046353537056949445
1894.512827329523,0.03799670735133935
2000.8782411120021,0.03641354268827739
2104.659560293138,0.03239229333733835
2209.5414335198507,0.031556823138062795
2317.512930456921,0.026946485647784724
2425.3651385927506,0.02691042837490884
2529.265925315761,0.028544052413938932
2632.7805351448774,0.02906330982697108
2738.25920797563,0.026161631409500157
2843.146395461464,0.02571045834108292
2949.3484953543198,0.023857002387184027
3055.238510520487,0.024763480487762328
3163.9937543372657,0.022909860742393633
3271.503992290749,0.0217638760068973
3380.0767741043023,0.02071228292076432
3491.7273352593206,0.01890891467491568
3602.1674296018864,0.01786928019193166
3712.8552832017726,0.01798165204578547
3824.8944245100747,0.01701951465077856
3936.830348465917,0.017850671721690095
4050.2269913330583,0.017968788237380046
4161.162203413348,0.018741487763020915
4269.558133112399,0.01856630415847801
4379.783210971049,0.018987728099522806
4490.966000555093,0.01776401575146035
4600.62243767313,0.01885319398315388
4706.484312370421,0.019301595062752655
4811.2456819123945,0.01970471740998653
4918.38466869975,0.017678746615717052
5026.438702583837,0.016305863939252548
5136.378145419158,0.01613121585785852
5249.176664832141,0.015710718060651892
5361.126141078838,0.016970209534308806
5474.298333333333,0.016314405848629775
5586.164739884393,0.016961287916214905
5699.317137686204,0.01761183277491529
5812.004973749655,0.01715137068331856
5924.416678172028,0.01606008209391453
6037.270761125746,0.01598883804863262
6151.169423766198,0.015572487296408581
6264.882745207002,0.01437643904014777
6379.298182819383,0.014970520950030446
6494.8581913862345,0.01531414083077703
6608.0284923928075,0.015003682674117313
6719.379001103753,0.014708707695653985
6832.077414871438,0.014582526458574855
6944.132798450685,0.013772825862109294
7057.215189873417,0.013626663162730899
7168.614718614718,0.012531002599369182
7279.984514183911,0.013759984932570921
7392.622163807416,0.013952090154326939
7504.891933240612,0.013644622024957372
7620.696986452862,0.0129983619659564
7737.36955922865,0.012630558111227269
7854.281254336062,0.013526584126622634
7973.841973592773,0.013052378319384002
8093.048565121413,0.012639341965488627
8210.554153376785,0.013329576635012512
8325.975650020635,0.012931994446845372
8442.115984405458,0.01294535783475247
8559.307723911257,0.013377396130880244
8675.366962305987,0.012762127249497546
8790.955168119552,0.013141868937326497
8908.892589508743,0.013017579698653066
9028.508070078631,0.012997583569044005
9147.489855072463,0.012550838878099421
9267.149430080623,0.01295681487286376
9384.228038674033,0.012706636237965334
9504.458792723264,0.013442256280625425
9619.954064587973,0.012817871294210977
9740.5224270776,0.012797044491624662
9860.141961549178,0.012830163924271474
9976.092755214051,0.01279806196646728
10094.687891876829,0.012555515632909308
10214.742371945327,0.012616718463282892
10334.792561983471,0.013027271534878804
10456.524678556616,0.012730141483663766
10577.638773244518,0.012861002470136808
10694.98717948718,0.012491887054891128
10811.089265850946,0.01242258073375371
10928.707046933407,0.013071727856727174
11046.021583722848,0.013471065548624699
11162.609729132117,0.013189672404974732
11280.194648551227,0.013154919211109664
11399.588202637058,0.013081030367880041
11519.303485328557,0.013056251516377035
11638.596044017273,0.0125448619199544
11760.01611570248,0.012992629937102805
11880.86858797573,0.01305632874771647
12000.85980011105,0.013149170430024395
12119.25447781758,0.013320271173619174
12236.755190190888,0.012838497891880778
12352.263990100371,0.013171077444634935
12470.942557304612,0.012579975662825055
12587.540997229917,0.012939302294914695
12703.878884572698,0.012899807869873854
12818.373690016548,0.012673825509653593
12935.486076301866,0.01342883821093752
13053.44686123348,0.012170943829048026
13176.442030990593,0.01256522798938532
13296.497648035418,0.012704286175649452
13413.72401384083,0.012758545039022125
13531.787422252937,0.012906016506135015
13648.748339789707,0.012659219276992683
13765.771020917024,0.012988977917629764
13883.876644053717,0.01293528490772404
14001.940996806887,0.012937056865902411
14115.88407590759,0.012674509820738828
14230.83406774993,0.012451222209700168
14348.236523192645,0.012584611932046175
14465.491417497231,0.012663265145446832
14584.165541006203,0.012696908483734167
14703.759092794911,0.013094339808972186
14825.835113021772,0.012640296048890155
14949.893151815182,0.012671827921262726
15069.97307051638,0.012344894769533968
15187.193699917105,0.01243663612836966
15305.025900277009,0.012128962615947265
15421.459950110864,0.012582407748951384
15538.588243411066,0.012670372291479716
15654.668918918918,0.012360569334654124
15773.544485955445,0.012650877993697521
15892.328810743458,0.012643129312728377
16012.761022805806,0.012125853932738276
16133.810387811634,0.01252238193081741
16255.485042437735,0.012753406445148552
16378.221502412129,0.013045668451819379
16499.085401358658,0.013009677128731054
16618.196703296704,0.012977533610795457
16738.498541058776,0.013058416961559231
16859.14595116568,0.013003913841910929
16981.04734219269,0.013205157084542974
17101.058251077437,0.012957555756344023
17223.945960849185,0.01246183596829377
17347.498064694497,0.01234114859373804
17469.594561016012,0.012862513523840047
17592.720215857204,0.012846327271179445
17713.365775993356,0.012903369727549753
17832.83025163353,0.012624271805438759
17951.06649229075,0.012704098219521197
18071.26904894327,0.01310195583373859
18193.96821448314,0.012401210397899815
18317.013384848902,0.012632600450456602
18443.22012405238,0.012337183211191436
18570.206691552605,0.012413885009440679
18696.20274580502,0.01231814383186363
18821.895976853128,0.013248620290557457
18949.44590481461,0.01237294041183356
19076.329437952143,0.012620208506064726
19201.31100082713,0.012576386536818958
19325.554292053806,0.012918884477648105
19452.070190040227,0.012514904872805597
19581.10096153846,0.013366597201739692
19710.877771618627,0.0128548089801038
19839.38558210192,0.012649048532258077
19968.979622955365,0.013290275840449763
20098.306742508325,0.013202215866886902
20229.27993371081,0.012853802368329255
20357.88836889195,0.013488703805657363
20485.950256339198,0.013267772470044287
20611.46581963817,0.013243852821283913
20737.342876997915,0.012904359980347968
20867.465151515153,0.01290046740544752
20995.80584958217,0.013180744558967374
21123.595405145137,0.013158255515963769
21251.727260141215,0.01244461476579846
21376.691712707183,0.01233211814945313
21499.079922297766,0.012609539850793716
21624.09711286089,0.01282357590596912
21750.86827175868,0.01303760209586384
21880.90836323489,0.01270572151636292
22011.322272915804,0.012097757248340129
22142.15225250278,0.012663683853925621
22274.137503444475,0.013038971552434572
22408.495906757318,0.012712488733033584
22544.411610950614,0.012628991238527036
22679.126004990296,0.012520638238058147
22810.639579878385,0.013005312942645234
22941.57331663884,0.012412385559692889
23076.77036730185,0.012907608821121444
23210.426613126558,0.012446942539522473
23343.425200110407,0.012669899861941699
23474.32019363762,0.01285752801538422
23605.642787727335,0.012148964187505041
23736.893716485632,0.012694590677309376
23869.202601716024,0.012491565782606715
23998.92733083229,0.013085104027590038
24127.722805080066,0.013018321297548307
24257.457451224574,0.01246156002704216
24386.726630660574,0.01275737139693772
24514.801543550166,0.01253726700026027
24642.971479994463,0.012734547192048376
24772.727096327097,0.012552205076141305
24902.646034816247,0.012870940064555058
25033.2477827051,0.012705196800596393
25166.680352714247,0.0126719447767322
25298.888673228892,0.013658434040366926
25433.141812663816,0.012925818980518186
25570.35761680951,0.012175366618484338
25708.720927005274,0.012460688968190456
25846.056778839495,0.012650064639125472
25981.896723351307,0.012996586548554545
26117.341324833702,0.012935483878002176
26249.99339843213,0.013486281094289156
26385.824799335733,0.012844757677355769
26520.689482470785,0.013297768824869721
26657.184003315375,0.012645403610704313
26793.58305785124,0.012723661706131872
26932.972756188632,0.012630941342734292
27069.01825473655,0.01298342729751746
27208.170745272524,0.012260992038140538
27345.95016519824,0.012708800958323791
27481.6890954495,0.013036824549026575
27618.360849056604,0.01272082021516281
27755.419598680593,0.012809405833699505
27891.771876300096,0.012563579207279862
28028.193699917105,0.012663570898863049
28165.401525658806,0.01272148164820522
28305.75657348464,0.014229791987696545
28443.606448945844,0.013518648705428887
28577.867194004997,0.013391632436496364
28712.74927395934,0.012622638315745538
28849.524269167126,0.013490811943776682
28985.29211146541,0.012655285346037453
29123.634655243884,0.012693629363577923
29260.91023687491,0.01293906614527199
29399.578671810417,0.012854501993786857
29535.59587999447,0.013060917337736459
29669.279285516477,0.012366109962061882
29806.360894941634,0.012639820587804407
29945.01214463152,0.012526933802911741
30085.684755592378,0.012800834226903517
30226.835453539825,0.012596852365439708
30367.220472440946,0.012538970148829069
30510.276463262766,0.012740647480631808
30652.14259977827,0.012826113097925796
30791.7708853733,0.012661199194950838
30929.05155065472,0.01271708091049494
31066.346409758804,0.012614590180056642
31202.374809688583,0.012498384083909443
31336.352584424534,0.012345989769072774
31470.72254575707,0.013104603797167706
31605.816696663438,0.01292245330491384
31743.050741716346,0.012806971493196843
31883.544977924947,0.012869071370132944
32022.52938747419,0.013169118356656464
32158.775045157705,0.013131147441103079
32293.37627586207,0.013151754679480494
32428.850746268658,0.012923342809987526
32568.38856427379,0.013142591022261419
32704.391899364113,0.012482774246085538
32843.62239403562,0.012319762899013285
32984.173786810454,0.012162035067340291
33122.23833264091,0.012717391194244311
33262.01817172978,0.012696022453655103
33485.616969621515,0.012307560076501477
33794.289026371705,0.012228833560979124
34099.69795487039,0.012176679720133803
34401.39698712339,0.012703303140898268
34707.571286203674,0.012707206579495835
35008.73899194304,0.01267480650079972
35315.04364361868,0.01291957464867179
35619.75891521197,0.013007610290583196
35934.789697158914,0.012918842414979948
36245.52582657517,0.013160051491420563
36555.45900721572,0.012124762541153161
36865.1698889859,0.012468413004833982
37176.810805746405,0.013023486775403053
37487.582573960804,0.012553681706718023
37793.113698630135,0.012795166938430554
38100.54430458624,0.012868453725530983
38407.783925560485,0.012635205380228146
38716.66442073741,0.012930432170765832
39024.899793840195,0.012965022580734798
39340.06859205776,0.012977978180923836
39656.84319730017,0.0129835723756448
39980.97653283535,0.013265107424637525
40296.12777362254,0.013046356007267315
40614.03985778443,0.013420750049677195
40933.37379155492,0.013381157157259366
41255.599027492055,0.013452532694783692
41572.803910544724,0.012825862686118942
41894.23662077129,0.012617786028161949
42212.266333229134,0.013277580450753994
42533.215527447195,0.01305837021479189
42853.51940689053,0.012859890713186993
43168.184515646426,0.013207544231385603
43486.8255,0.01310015647784559
43799.030070497225,0.013078353555653883
44106.87221563611,0.013301287436486162
44417.467708787444,0.012771993691759962
44733.76281651491,0.012924911358007414
45052.649033063004,0.012672671785275601
45374.87282588367,0.012270815666790892
45695.052785741,0.012786373034754894
46019.142055725235,0.012607994646430835
46343.16269048214,0.012332588491629489
46661.39218623229,0.01231663281796173
46986.691319531055,0.012307644113855055
47311.711374259896,0.01219759508027883
47638.017575568716,0.01239020874090299
47961.08162755866,0.012799120858870474
48292.0749313701,0.012357020112095808
48619.429844792125,0.012493916872116683
48946.28229784577,0.013027981306641977
49279.66966067864,0.012688064427147282
49606.54599813142,0.012580569243331953
49930.231081418584,0.012577278047888532
50249.58919997506,0.013065767667446063
50569.82612758535,0.01268121252685698
50889.53834614663,0.013122723451871113
51207.297800760076,0.012816887728794803
51522.37258940273,0.012764435740270972
51843.364917971434,0.013028454046642922
52165.74730747681,0.013170467621454062
52487.6188570714,0.012886669895694052
52805.378767123286,0.012445935179289224
53126.4898659183,0.012620664332555067
53457.4992823713,0.012489699877073495
53792.176393565285,0.012441718909223427
54122.68804591964,0.012241202316300468
54450.854283576504,0.01242090496528548
54780.34542056075,0.012501084542486659
55114.63279690619,0.012594043421055821
55450.96968562874,0.0127754168153465
55780.69273010921,0.012717378084113459
56114.922596754055,0.01233964569608565
56449.57197205938,0.012644722012129999
56790.57198007472,0.012731377055834289
57128.46810371759,0.012588712444886584
57462.08064013949,0.013138169049982646
57793.756150867994,0.013004675571194462
58122.79373596206,0.012419181534729786
58453.496009477494,0.012322941309029905
58776.30948377857,0.01284750065005323
59104.95280014984,0.012958745378456812
59434.885475730574,0.01280866908913205
59763.66716669792,0.012742572743491139
60094.69337740085,0.012544583702400148
60432.272857498756,0.0128998790276688
60775.61455996011,0.012534681565223027
61109.865246454676,0.012597616182829546
61443.1760554584,0.012665642190995587
61781.648529320315,0.012760812955766651
62119.531905594406,0.012620416214532457
62457.50498566621,0.012882061886342723
62798.76025688989,0.012851288488052011
63135.74083312547,0.012334081914005353
63471.66633366633,0.0125569284985373
63808.981580919084,0.013251192831337787
64141.681071629304,0.012454457466717151
64485.783839263495,0.012768427830932209
64833.62621540763,0.012641861693993336
65168.60903757334,0.012544970416491379
65499.68004737268,0.012807801033669533
65832.96781437125,0.012958618216151477
66169.27876742296,0.0127996747124818
66509.01900311526,0.012414383177338428
66845.9835483268,0.012897089403379816
67185.39784343056,0.01293714155065296
67526.31593423767,0.012598199153772425
67862.05840597759,0.01256765443965986
68197.70948394352,0.012556134801204932
68537.87926950885,0.012852142474358449
68872.91994758844,0.01274567509122679
69210.7708320349,0.013067457497348795
69548.3134505111,0.013162143847860403
69892.6303412139,0.012647768105702062
70227.87517181058,0.012834153531084849
70556.16776684519,0.013082112449815953
70894.2214953271,0.012889732292818128
71234.86324199488,0.012765550520923973
71564.92283179205,0.012497774371546762
71890.2176841055,0.012813779648550959
72220.04114969762,0.012948196451601723
72550.27966313163,0.012520033317596447
72883.50286390238,0.013027617024348204
73222.06018085439,0.012748898812222647
73554.88169963188,0.013034628303326917
73885.79516642728,0.013087439168811818
74213.95223526473,0.012720909915696256
74541.32282385195,0.012710999961571963
74876.22869983147,0.012895036462170297
75205.50732041617,0.012861347577438287
75540.9223681753,0.012974402945093506
75882.12403100776,0.01275627206430285
76221.57272614159,0.013050545663892278
76553.11984995312,0.01259992664817766
76882.18128582108,0.012744574494135599
77209.25504277775,0.012705344095544817
77536.34209542793,0.01278480053123715
77862.90794404197,0.012951628402760451
78190.9192139738,0.01269591093005404
78516.85014966325,0.01295325434988557
78844.87746592819,0.013481632142933778
79163.03516112916,0.013307486157804582
79488.4652089952,0.01279735593917668
79821.824864054,0.012952610471726871
80148.31154589071,0.013167986288819952
80476.8264968471,0.012631190956648788
80805.94153138023,0.012920201582727055
81132.3642732049,0.012876068130083039
81458.47405513284,0.012520516396940722
81774.41323602795,0.013073643858699456
82096.16859668783,0.012649428344306875
82411.3653438163,0.012373354746829376
82733.83396720493,0.012492519795134825
83060.01990142866,0.012870989601000391
83382.90004991266,0.012766972760803321
83708.74370167124,0.012756804506886306
84029.58881415047,0.012486829866000554
84355.44952297812,0.01278371500434707
84679.14357147322,0.012784979238127847
85004.2879278158,0.01295516500621604
85338.32663128317,0.012466279780111139
85672.1412330564,0.01287606414034795
86003.47852646014,0.013017799862345742
86337.11565304088,0.01284595718753702
86665.63492954234,0.012689971339139548
86990.692264469,0.012959210673488607
87310.11822660099,0.013232027332789073
87630.58201981185,0.012799909135096462
87956.05019691192,0.013179740739902619
88281.82203969883,0.013018812504511694
88604.53722572983,0.013940686283177172
88938.04542618245,0.013372204431054977
89269.22095771144,0.013091746411344817
89598.2547929807,0.013482665333505875
89926.79268978444,0.013434984775039021
90264.97588634805,0.012883890669663342
90601.28790428117,0.01292273559669137
90935.28689749657,0.012832079112138673
91274.25042100667,0.012851580135857134
91605.94879800187,0.013003509931506016
91925.88664295964,0.013339616790310283
92251.48355345128,0.01330001527696639
92580.26478679504,0.012804781341823088
92906.2191225114,0.012764686799736245
93235.12169905331,0.013076387302962476
93564.31891285376,0.013128428604235728
93893.2763346415,0.013069537070013461
94216.47204852426,0.01288392320115452
94535.64230074157,0.01274263636104774
94861.54051186018,0.013014272905875033
95194.92216276754,0.012975088329868439
95518.82871756487,0.013572619078516231
95852.9515917193,0.01291871388303239
96179.20494303679,0.012997608275356095
96500.16424699358,0.012993751144738216
96826.20021212878,0.01327980441523754
97160.22419173636,0.012814067890747372
97499.28820116054,0.012920062486821862
97842.92877599303,0.012956490723187658
98186.93990639626,0.013602409068508346
98522.42749235283,0.013084579895981935
98857.91973536387,0.012856090221391059
99189.74398304027,0.012644980090809074
99519.18543005052,0.013436480631681014
99845.77913076058,0.01264773042083653
100178.04732254047,0.012907639253179459
100509.28029688766,0.013082475897016057
100845.9688397652,0.013237575852885026
101174.72801597703,0.012438984073946379
101502.28421118167,0.012448191819873609
101827.2284753782,0.012832603646254154
102156.62317210349,0.012779622330552983
102503.26736934016,0.013154552474096255
102848.89964426137,0.01358778922355555
103193.17063763608,0.013149612588311292
103530.43874358654,0.013291020569656524
103862.53441724289,0.013084064211600849
104198.27418449448,0.013254611078903798
104529.48098740805,0.013614817988827568
104864.60514164483,0.013889117232600676
105192.75794590553,0.013649068493753311
105517.27216533467,0.013378636655601617
105846.32018474597,0.012880952972965423
106175.87013958125,0.01436056496595059
106514.25123152709,0.013942808323651029
106858.6698478044,0.013592049389586908
107198.27896246414,0.014515648507517286
107533.05269058296,0.014311063706022484
107876.91380925613,0.014068207081387616
108227.96073903002,0.013945261387962222
108579.9512651128,0.014032422715743339
108929.56031904287,0.013775788400382245
109288.78004238344,0.01362858591838039
109643.33606352382,0.013543891452459766
110000.92224716299,0.013658173752804911
110351.67922061753,0.013391628808648425
110701.88846562168,0.013221144289841493
111056.83186778921,0.013398062956511192
111415.30538922155,0.0131229064029626
111764.20516983017,0.012599154175890588
112114.7290615854,0.012693015722480425
112467.98479656053,0.012488309861968812
112820.58034487067,0.012627497215883698
113170.32851265428,0.01280986680468415
113513.68036472646,0.013387987478571128
113866.1478044223,0.013164659927422977
114213.44975957034,0.01314102464116493
114556.14377295077,0.012866901841503044
114903.53480676781,0.01302082547150726
115245.90329629167,0.012718191783403785
115592.36978874556,0.01255178586107662
115941.4838749922,0.012920466217436156
116292.60330218068,0.012873452306853451
116640.46706212926,0.01309604395259611
116992.09966342559,0.012651437293206294
117337.03593525404,0.012961080778248483
117678.83175650441,0.013030607545729198
118027.92850018702,0.012793134688530407
118376.34881108407,0.012589504286418893
118721.64325404257,0.012469471261012862
119067.43738702238,0.012656730194458052
119401.9451576717,0.012828583465134828
119736.90237812871,0.01257958261041387
120081.73791984018,0.012892143488012037
120422.93090139443,0.012866835727494976
120767.37425989404,0.012856506979371837
121108.1999500749,0.012741130252753108
121444.92508732535,0.012634166528142938
121784.52590560509,0.012669298063035489
122120.9766074556,0.012393180985230528
122468.05985674245,0.012261356753926107
122810.62501558021,0.012802992122416134
123151.2376497006,0.012484848575817232
123498.35755723286,0.012708773174571992
123837.72948669914,0.013125771730243936
124188.91739238617,0.012329404763096897
124540.22132017736,0.0132515679280226
124885.3938544004,0.013139380886477316
125235.43935798151,0.01360390828452984
125581.82964256752,0.012730559580753432
125934.234335996,0.013100581501338034
126289.6624251497,0.012874104087113659
126651.22657125078,0.012557141664642718
127006.92282256052,0.013411234160874225
127365.38869500186,0.014348801405063887
127718.82173153693,0.01513840562286026
128067.34435141215,0.015019279084548722
128425.68694297288,0.013765445300767488
128783.98546203283,0.013559194317377083
129146.86402248594,0.013282528642688503
129504.20340568862,0.013008712509936288
129862.10448318804,0.01310663018570329
130233.45430191266,0.01381459911109628
130610.24742718144,0.013256630700495398
130992.33558136631,0.01313780675538233
131369.51628400298,0.013336480853447118
131735.91900641224,0.012604122511337064
132098.7526875,0.012345168738039938
132470.90652052066,0.01249570930521839
132839.6021236727,0.012268703754013264
133208.67366911855,0.012345270315338207
133589.55115655588,0.012532716557206483
133970.70414275018,0.012796345938122422
134349.5380495703,0.0124073161988037
134726.73574547723,0.01242296286069189
135099.8615701191,0.012490114661732927
135476.6763915787,0.01218486657464766
135848.56269075055,0.012199961030063192
136219.2775903012,0.013042790541420858
136586.71130228788,0.012712819270102774
136954.82752396364,0.013163305274514543
137322.63093156842,0.013194351460807911
137684.1688368326,0.013360244411282727
138047.5820317381,0.013353020954323619
138416.18051486628,0.012979831356904498
138783.3193586624,0.012977367967743767
139151.2506240639,0.01293074084934573
139520.1413599501,0.012954710323870699
139895.07615130555,0.013368706583060825
140272.5298670495,0.013246732340039735
140653.37571642164,0.01267495706531455
141033.44839192223,0.012280391908028671
141407.32431080827,0.013193051586119768
141781.27222360557,0.012683970874838787
142157.89040668664,0.012681249172392389
142528.0965667915,0.012412694701539507
142894.6682856965,0.012912732249929984
143250.8315118966,0.012768192829863655
143627.81238285644,0.01322174056557558
144001.52991346573,0.013278749475441486
144372.00549004928,0.013254113163061125
144737.37493762476,0.013275647234055561
145100.6819059483,0.013021022265579073
145464.82487214668,0.014596182906707207
145826.44133624726,0.01422094184181091
146192.01447918618,0.013557503429345804
146569.0407718643,0.01306754480666313
146949.12942132234,0.013529443801017858
147321.431438544,0.013408004386733327
147699.71938584445,0.013255018026824269
148084.4567955112,0.013519506079325786
148476.5115830116,0.013603193432602485
148865.37534349237,0.01317170272973025
149248.00674283574,0.012953358260531494
149631.2407718643,0.012759724321640848
150013.2734257871,0.012753286504762805
150401.06706975005,0.012528176257172657
150789.34855289423,0.012421467978353822
151173.21198156683,0.012846275753325857
151551.38724387807,0.012598047877230423
151932.5588711687,0.01251009788437516
152316.9836915771,0.012292540292937033
152699.94895606107,0.0123827292138541
153088.832907607,0.012647500432239576
153474.9681846538,0.012400609973691312
153857.35156201283,0.01190905306840985
154238.6397604641,0.012164621722080826
154621.58542666584,0.012364356994291939
155013.33046030853,0.012454648080725814
155399.24722533982,0.012095846104369829
155781.00374485084,0.012595422233402235
156167.46448801743,0.012786034646050794
156554.48697607595,0.012943430819411692
156938.52588572854,0.012999155463057297
157324.45585305107,0.013236006469836038
157703.0557323847,0.013213785518845514
158076.08631789486,0.013714045185344881
158446.92726933365,0.012960801358033187
158814.10735487097,0.013014895792267424
159171.20655696833,0.012718514262624391
159533.79657000312,0.012677685496774957
159897.02174861345,0.013045504015920688
160264.96486300943,0.012984246804602896
160632.4224719101,0.013061355928546072
161010.35174908026,0.013122382209965911
161386.33320858283,0.013059080671335948
161760.72722741432,0.01269344420921857
162140.03347071313,0.013234906611967107
162512.7096151451,0.013013083691681745
162885.4284020715,0.013479997822919613
163252.0732545784,0.01324475181222921
163622.72680829855,0.012918637789843762
163991.69771649613,0.012528894469022063
164364.390811753,0.01278317432067775
164737.27403156384,0.013299821879956061
165111.41195536996,0.013166232198407785
165490.8338636222,0.01344042327351623
165857.118995565,0.012912179900999281
166220.38647553755,0.012516363877514465
166586.13187293266,0.012979117849957904
166954.1914310624,0.013200381067519557
167325.4007867133,0.013096783983703567
167702.131993007,0.012990646536957943
168081.69145885287,0.012396402949638629
168461.26615115989,0.01246060068440589
168835.36238474958,0.012946222911562773
169201.85603647493,0.012698897643427043
169575.76087092145,0.012609794808834762
169946.42894523704,0.013162021668522116
170311.2089524285,0.012628614529266063
170665.75959621137,0.01296759581069982
171025.62630167737,0.013470920276724517
171387.8390517779,0.014068365561935407
171747.67378010732,0.01347958593277158
172107.96573849124,0.012834105730887961
172465.76765091455,0.012742692535532696
172838.35422122458,0.012770622157744757
173208.78036449882,0.013173125976242508
173572.90708102385,0.012711148583036024
173929.8361606586,0.013296870905530816
174281.00112507032,0.013366083207983784
174643.40466998753,0.012868569229917413
175010.28369192392,0.012873684049417666
175368.86906098019,0.012927728240721074
175718.95219073773,0.012951763588028376
176074.34915782907,0.012877031362164108
176436.7919345777,0.013449431132798853
176796.9125700062,0.01272231453326934
177156.49481509245,0.012873769291289154
177521.02268902326,0.013393724220187345
177887.369904002,0.012787376850046007
178250.8655226209,0.012907691281576017
178617.14122708567,0.012681394397602271
178984.57913781272,0.012541855421310467
179337.63721511082,0.012435260559872647
179696.93568710622,0.012137538115377912
180053.26782933666,0.012700280624103182
180405.5586176728,0.01256325539331585
180766.02058329707,0.012703004612763658
181142.4126477763,0.012797198621570744
181522.98630563336,0.012807173993935838
181899.49950043712,0.01273590784228579
182274.18675975566,0.012899685610047137
182647.5910138967,0.012926399037871624
183017.30876208295,0.013166238587911551
183379.49862859992,0.012669257587141172
183744.6535718754,0.01265782814825035
184097.78799004355,0.012622044849405446
184446.34185044043,0.012816803137727348
184804.19322858212,0.01277867573696879
185168.2664879691,0.012699614976350115
185535.59694227768,0.012601132792815715
185906.1170716511,0.012340073877161668
186268.71107234096,0.012576273641961351
186634.79251170048,0.011866918764791227
187000.76248363568,0.012576003119465216
187374.83997754072,0.012219460651028585
187740.02767907237,0.012342027535261306
188105.62029184334,0.012029378099463067
188468.84416718653,0.01253343583262067
188827.29313034256,0.012797506335259794
189192.4314752463,0.012361539245724418
189562.9618311089,0.012214478677683412
189943.43742974897,0.012449066354349784
190325.73821270218,0.012760285902197946
190701.4041308946,0.012293570608679003
191070.9862193677,0.012288111683970213
191442.87330627537,0.01235054155315496
191823.69606927055,0.01264864164972604
192201.74396406513,0.012399708231544695
192573.51048558232,0.012777358818720655
192942.4968160819,0.012587300527741456
193322.9254150543,0.012170616579418142
193702.79526479752,0.012486360870533522
194086.29028029216,0.012197926864132494
194479.02326887086,0.012065686738065053
194869.46076596808,0.012586267295368016
195249.19843244588,0.012303372768035382
195625.36656470443,0.012468649294524925
196008.2624742397,0.012464015159748147
196399.45657181993,0.012634871877571565
196785.7818193162,0.012297758215888483
197166.47600324533,0.012332007410677843
197545.6926053042,0.01225687314792015
197922.6732772061,0.012472216966514744
198290.88777480228,0.012969171223875774
198656.52475803933,0.012624996837113288
199033.52611218567,0.012868295359010445
199408.77689243027,0.0120894120921004
199775.91983016982,0.012484419003955909
200145.95309767674,0.012065300135190273
200515.6141835148,0.012442288006855793
200873.1425003122,0.013216027450685088
201236.7440134697,0.012311160837278996
201610.0990530775,0.012298865530442567
201980.89302471068,0.012706685765438484
202356.80655206778,0.012413404872398238
202728.3759351621,0.01283094666592833
203107.64152473642,0.012181471580456267
203498.79840319362,0.012262893158162584
203883.3784592371,0.01243452619679893
204253.52974221334,0.012868045877415201
204633.48230889236,0.013667810486102204
205018.37341969233,0.013031297582678448
205412.66414929472,0.012208911601330268
205809.98641744547,0.012517791692881228
206199.41605793845,0.012288013751747267
206591.24554183814,0.012782112709792792
206977.77118432548,0.012867396051963919
207368.80004990954,0.01288636057115595
