D,r2
22.6,0.7404015730236544
29.79245283018868,0.6737410897922029
39.0,0.6909721225770448
46.81578947368421,0.6627916164401457
55.352112676056336,0.6900016123829125
65.96078431372548,0.6059150367784726
75.42222222222222,0.614279129116607
84.82978723404256,0.6719972226945222
93.24137931034483,0.5981237197178323
103.54385964912281,0.624726358132184
114.19642857142857,0.6019917299013274
121.51162790697674,0.6012149853539513
128.89583333333334,0.5268899305911638
137.6530612244898,0.5760373816790719
148.4126984126984,0.5618944241736088
161.8679245283019,0.5549665222615214
175.375,0.6275850478290256
185.8048780487805,0.5068789010179174
195.55384615384617,0.557805274198498
207.0,0.53787451178192
217.8448275862069,0.5348574587086079
227.97619047619048,0.5093359165382907
238.63934426229508,0.5045105730367306
249.1304347826087,0.5164975009568132
257.98,0.568898829538054
268.7090909090909,0.493979297677468
278.9148936170213,0.4665345033914102
289.7755102040816,0.5045578162148233
303.6101694915254,0.5179761143569526
317.3478260869565,0.517833416458495
329.0,0.4162447240302614
342.15686274509807,0.5375396510026518
356.4782608695652,0.4409213456256048
368.40677966101697,0.45006001415428853
381.5,0.3477322992141574
390.26190476190476,0.4596945464831077
401.3392857142857,0.4510434968203184
415.78,0.48823013578996866
428.6034482758621,0.42074549763328356
440.92857142857144,0.5055001197540424
452.49152542372883,0.47884000479356675
466.8,0.36754894298949475
480.30434782608694,0.4330407580356372
495.96363636363634,0.44030849107956616
509.7608695652174,0.39520384624229804
522.1224489795918,0.34724152748731574
536.66,0.40230530491316296
550.0877192982456,0.4175907221265878
567.5869565217391,0.4726689253735233
580.7826086956521,0.5771537102354574
593.728813559322,0.40882183310996423
609.58,0.4180513578286807
623.1428571428571,0.39442172585737467
634.5102040816327,0.3812245977420998
651.9791666666666,0.39274191244039186
670.1428571428571,0.33265546438731597
688.8979591836735,0.43957374820172557
707.5098039215686,0.3739600690444021
725.3529411764706,0.4238860171119691
740.5714285714286,0.3936095486224205
758.22,0.38049784700206524
776.9019607843137,0.4043239647264828
799.4509803921569,0.3428720078260755
819.2448979591836,0.3620149643829475
835.5098039215686,0.4318193353426981
852.2291666666666,0.2554847047573661
868.2244897959183,0.29052723690898014
882.1730769230769,0.414942963563668
899.2745098039215,0.2954360085478252
917.5283018867924,0.32685134425281936
938.9375,0.2845008289448574
960.7843137254902,0.3566606273047227
977.0909090909091,0.25280780290718674
993.6363636363636,0.34422917353342786
1014.7169811320755,0.3118153587867285
1033.78,0.3255029649136248
1051.96,0.3456425456254108
1070.0392156862745,0.29749449470919664
1088.9803921568628,0.38909639892710174
1108.18,0.3198213527019135
1125.94,0.2724821150206662
1143.891304347826,0.2825211814428403
1159.2363636363636,0.30138152144494157
1176.6,0.2809841266983736
1196.4901960784314,0.3218029392096015
1219.8958333333333,0.2649634027639788
1240.1,0.308157118199017
1260.5094339622642,0.3060423155904455
1282.7391304347825,0.314172560162543
1301.1818181818182,0.3834752325297009
1321.36,0.33002362016047265
1342.04,0.27987393655767673
1364.0833333333333,0.29687470941494415
1388.132075471698,0.3120826628099367
1409.8125,0.3002270447884467
1428.9811320754718,0.2489468566249295
1453.76,0.31293710287747073
1479.8775510204082,0.29857072201826407
1500.7843137254902,0.2683764313805942
1527.4807692307693,0.3159653157389331
1548.4,0.36188486223163496
1569.8541666666667,0.3252038484618543
1594.0188679245282,0.3374314688461037
1618.872340425532,0.2448270204883607
1642.0754716981132,0.303327984695493
1668.9019607843138,0.36394149647756807
1689.52,0.3251629290219315
1715.6,0.2978177949212317
1739.46,0.3024210268370631
1764.0816326530612,0.2861435524053865
1791.5,0.32496874081245064
1818.5882352941176,0.34840258286190945
1846.6938775510205,0.32875378521120596
1872.5098039215686,0.287155380282607
1898.8235294117646,0.3051166877479383
1924.44,0.3227565664179317
1947.6938775510205,0.30572549027294277
1974.8846153846155,0.31473940615613416
2003.125,0.2671337972679628
2032.5094339622642,0.2535526823310993
2061.14,0.24723082877846683
2087.66,0.31733514487872205
2111.5714285714284,0.31506416616363964
2133.1,0.3064168937094926
2154.403846153846,0.28205645072523355
2179.3061224489797,0.29433605899808557
2202.14,0.2562835773640563
2227.5283018867926,0.26501518680233044
2252.595744680851,0.273908069657722
2275.0384615384614,0.23611969172243993
2297.8039215686276,0.28754458946039696
2321.4901960784314,0.22979707488926743
2344.62,0.22459913897907005
2370.274509803922,0.2034074849110926
2395.46,0.23465618696863064
2421.470588235294,0.2656475965535576
2444.3829787234044,0.20970268321481933
2461.188679245283,0.20510518627125715
2485.529411764706,0.21101167479309618
2516.9791666666665,0.280550551052644
2546.4423076923076,0.25789856837918007
2577.0588235294117,0.27927976651544273
2600.84,0.26138085088268037
2624.38,0.2525075553680731
2650.901960784314,0.2637984351584485
2676.714285714286,0.23257500383251287
2705.4423076923076,0.22959325866616626
2738.3673469387754,0.20586191835707443
2768.4166666666665,0.2209054683225943
2794.3846153846152,0.16914676249635313
2818.8979591836733,0.2059811918486586
2840.4423076923076,0.16575378058867127
2860.8367346938776,0.21106091023515983
2880.5098039215686,0.22487666489592747
2906.75,0.1694539645198135
2928.591836734694,0.23360914407717118
2953.673076923077,0.2096989874812717
2977.2549019607845,0.24744168038769046
3001.021276595745,0.25086517137199604
3026.122448979592,0.19737727126394206
3051.509090909091,0.19390585323496543
3080.86,0.2195118927694885
3106.6938775510203,0.24894597564761523
3130.529411764706,0.2097034948813668
3155.823529411765,0.24223846488321857
3179.32,0.25650751866637095
3205.607843137255,0.2488823017919195
3229.8333333333335,0.21467546416853142
3253.9622641509436,0.19550143114790883
3280.081632653061,0.18948670399708176
3302.734693877551,0.19436210724408723
3325.0377358490564,0.23367538558215398
3351.375,0.22712782542318133
3372.843137254902,0.23073086474781218
3393.2,0.18099739984648722
3416.176470588235,0.1960458422465701
3438.576923076923,0.20382393331391488
3459.0625,0.15730134602798448
3480.6470588235293,0.25143091326761724
3505.903846153846,0.21120707269005004
3530.56,0.16792365260133113
3552.6739130434785,0.16197894569366378
3577.890909090909,0.20144884099937105
3605.918367346939,0.17587343838013658
3631.8297872340427,0.21804008763069022
3653.8727272727274,0.2360766067163085
3681.2708333333335,0.18286047867866817
3707.9791666666665,0.1813475886925491
3731.0,0.19581567341563866
3753.6521739130435,0.18228490141623005
3776.1509433962265,0.1896875785475755
3796.823529411765,0.20630780107881644
3818.3137254901962,0.16237646424309077
3843.18,0.20284189932415547
3865.204081632653,0.15523395700454892
3891.9423076923076,0.19209972572346154
3918.4285714285716,0.15612002987249668
3941.4,0.18026901172097098
3973.9811320754716,0.1709159901558268
3996.591836734694,0.17876482788211634
4019.625,0.1765547048513296
4043.867924528302,0.1437764782948744
4064.274509803922,0.134703291567878
4087.48,0.17119017458335667
4116.078431372549,0.16825105194752946
4143.84,0.131752462724951
4167.229166666667,0.15883895181354246
4193.735849056604,0.11672244544550615
4226.64,0.16489490432752227
4257.666666666667,0.14561675924920464
4279.923076923077,0.1807748676538975
4303.48,0.14920265650025918
4329.7,0.2051465517976682
4348.442307692308,0.1322196973947161
4375.265306122449,0.15138197284763552
4398.078431372549,0.09887083068846213
4425.3725490196075,0.15676715216022127
4455.04,0.15555780426048638
4481.6,0.13330610673760585
4508.1,0.132794082077925
4528.653846153846,0.12741561261418613
4550.041666666667,0.1484443273125795
4571.235294117647,0.11872439304822843
4597.384615384615,0.12265133527384846
4628.34,0.13866226539973772
4655.02,0.14797846948737645
4677.224489795918,0.07944252812323278
4703.173076923077,0.1744480827070496
4731.04,0.14851809431398078
4756.392156862745,0.15364896068355516
4783.938775510204,0.12452327142514705
4806.3,0.12769329763278595
4828.0,0.1378496148863112
4855.9795918367345,0.13763565960245797
4879.745098039216,0.15348056213449493
4900.64705882353,0.12575215087087768
4921.183673469388,0.10724242584871298
4942.25,0.10048241403588208
4962.22,0.13889584675814728
4982.28,0.1343018103707696
5006.14,0.207757340323162
5032.7959183673465,0.10783756559361724
5061.0,0.12192896286783854
5082.255319148936,0.12684917058507547
5103.823529411765,0.15065302566639446
5123.576923076923,0.12329284937330129
5144.294117647059,0.179499745921292
5170.0392156862745,0.11855399801276986
5194.6122448979595,0.1383045240173538
5218.25,0.1356059223353349
5241.770833333333,0.1570435641409554
5265.641509433963,0.11548167694073971
5291.98,0.18586991729343086
5318.2,0.12143364230922028
5338.978260869565,0.1524325601343163
5358.666666666667,0.14360241397954798
5384.038461538462,0.12436361353962064
5410.2,0.15284343574788153
5437.040816326531,0.14954091434201183
5463.884615384615,0.10995867490254568
5486.78,0.139481112478259
5508.32,0.13968058479443782
5534.843137254902,0.13356286439447956
5562.520833333333,0.14014431026978194
5587.615384615385,0.13223312601738083
5612.62,0.158285690359612
5641.921568627451,0.16565073230300434
5674.588235294118,0.15276964797094997
5699.857142857143,0.11273495935826378
5720.5625,0.14185432576803578
5741.981132075472,0.0814723278192906
5765.6,0.09122265766743416
5791.755102040816,0.1292339000218905
5833.1578947368425,0.1435901004637801
5886.678571428572,0.13799624562242688
5939.471698113208,0.1137666038514682
5992.188034188034,0.11822041342586309
6067.901785714285,0.1285144704637526
6127.137614678899,0.12696135612317105
6193.508771929824,0.15762942905257463
6247.540540540541,0.11169003114959203
6324.8125,0.11157630298243956
6400.553571428572,0.1285837513454618
6471.603603603604,0.11869576273402727
6533.410714285715,0.10954502545760274
6606.216216216216,0.10583358808586808
6679.95575221239,0.11921588938995202
6767.758928571428,0.11179564439780694
6848.747747747748,0.1387471368493853
6922.017857142857,0.1062370243779351
6991.392857142857,0.11744426792253329
7058.678899082569,0.1371067826751407
7129.814159292036,0.09898161097904945
7201.72972972973,0.10740811671215603
7271.116071428572,0.11073155914256758
7329.401785714285,0.1617513666669898
7388.530973451328,0.14467535167907486
7453.267857142857,0.11025508136997127
7506.1,0.12440525417624212
7560.194690265486,0.12422530949008335
7618.991071428572,0.14134817266692215
7676.936363636363,0.09344696147603294
7730.785714285715,0.11383978181557804
7798.380530973452,0.07891609621071416
7861.836363636364,0.13482947252089036
7922.778761061947,0.09911321955812412
7978.54954954955,0.10272263720092063
8035.333333333333,0.09308414843335774
8090.372727272727,0.10028572879045196
8135.0526315789475,0.12141657307724048
8181.351351351352,0.10188831947289739
8225.12389380531,0.08931563989271843
8280.981818181817,0.11751012408469277
8340.280701754386,0.12367172360072975
8418.89090909091,0.12217051313236497
8491.353982300885,0.11158248424517979
8554.427272727273,0.12165706591916661
8614.517543859649,0.12875057068793555
8677.531531531531,0.14881037215143067
8731.99090909091,0.1321722780764482
8790.868421052632,0.11563034953679222
8856.49107142857,0.10110685851229417
8943.495495495496,0.12871650526404724
9019.90909090909,0.1516367808690578
9085.247787610619,0.17055195037278884
9153.625,0.1431664641668073
9231.107142857143,0.16704400149036264
9301.642857142857,0.16147576748556453
9373.396396396396,0.16422105560237218
9445.126126126126,0.14435571033887154
9511.169642857143,0.1565904290929567
9577.863636363636,0.15394532439391329
9648.00892857143,0.14505443924633002
9715.495575221239,0.12012122550034747
9792.531531531531,0.15646104946464925
9856.601769911504,0.15692326198845907
9915.36936936937,0.13103566781483159
9971.82142857143,0.12249978881987293
10028.30357142857,0.13260180237813432
10084.223214285714,0.11594792694115792
10142.50892857143,0.10984279398800169
10198.672727272728,0.15289742111161012
10253.81981981982,0.11077045751802761
10302.973451327434,0.1325883730021765
10356.482142857143,0.136275034071105
10401.046296296296,0.14909509035354632
10449.869565217392,0.14002952845430167
10497.205357142857,0.1331129290383213
10545.225225225226,0.13799495116905314
10593.814159292035,0.09920288622226973
10644.472727272727,0.10258951537321381
10687.106194690265,0.10070401981267418
10741.36936936937,0.11133155472452774
10789.572727272727,0.14209967586924374
10837.88695652174,0.08505064739203443
10895.70093457944,0.1475862308024796
10942.104347826087,0.13242493339025713
10990.081081081082,0.10213277070935796
11037.405405405405,0.12233194129210327
11084.464912280702,0.10652872309019272
11139.423423423423,0.11099489940298543
11191.765765765766,0.1279658274771826
11252.663716814159,0.08620415351322078
11316.1,0.1271112838517522
11378.126126126126,0.11998258649272109
11444.991228070176,0.101434922625098
11511.288288288288,0.09700448212137211
11578.41592920354,0.09399766673429114
11640.018018018018,0.12132752577629423
11701.4375,0.10739132760892514
11767.276785714286,0.1132980697102783
11834.245454545455,0.12102032451033948
11913.09009009009,0.12103609678707336
11994.561403508771,0.11733156397832588
12072.315315315316,0.1389206637415297
12150.13392857143,0.12051681558790303
12228.848214285714,0.15339702589517534
12304.723214285714,0.12190069387075142
12388.638888888889,0.15403864910608453
12469.921739130436,0.16345294875725175
12542.214285714286,0.16303394406896138
12628.279279279279,0.1566271477564589
12719.234234234234,0.12714008344589448
12809.857142857143,0.163856169858478
12891.098214285714,0.10528891574684533
12981.982142857143,0.1307918172288072
13068.801801801801,0.14046930536651128
13157.17117117117,0.13253288366108626
13244.115044247788,0.1765260911789104
13332.339449541285,0.14406697263112667
13415.426086956522,0.12045695674822199
13510.018018018018,0.1270635472959735
13609.723214285714,0.16673563745561498
13706.315315315316,0.13796602303947322
13801.153153153153,0.1288405931472913
13886.83185840708,0.16227683939006823
13988.927927927927,0.14239188763618266
14082.142857142857,0.13990898980804228
14193.9375,0.15669559702148567
14320.785714285714,0.1465711764925195
14445.767857142857,0.1342844719453264
14539.621621621622,0.12380391702069263
14642.94642857143,0.16248955351169472
14732.375,0.14608858199791883
14824.863636363636,0.10791922876216918
14917.151785714286,0.1574743490128581
15014.221238938053,0.13463487278562952
15106.981981981982,0.16436281062661368
15214.3125,0.1349890764814081
15309.918181818182,0.12764614918852024
15392.70642201835,0.12889962910275102
15483.464912280702,0.14524020957329098
15565.140350877193,0.11357722646874797
15642.544642857143,0.11328075710864341
15730.333333333334,0.12598679706804256
15832.378378378378,0.11840655621135936
15922.732142857143,0.13186089474334356
16003.627272727274,0.10486170043056331
16075.701754385966,0.10394812046368213
16152.163636363637,0.11768088956934018
16214.94642857143,0.11917086021237547
16282.345132743363,0.12203647385340673
16359.19642857143,0.1233004230048153
16441.0,0.10139227364286502
16524.76785714286,0.13286017352125923
16609.10714285714,0.09413103461991612
16684.4375,0.08510880909559705
16753.551401869157,0.11283244693974072
16819.818965517243,0.08863185933940654
16885.125,0.1027293241682531
16966.693693693695,0.09805125999353016
17051.45045045045,0.10071126226820727
17147.94690265487,0.11998763416180375
17230.727272727272,0.1427017478602771
17317.684684684686,0.11252908112302006
17409.442477876106,0.12456863700367722
17508.424778761062,0.10293037151811726
17609.711711711712,0.11535707108084058
17704.00900900901,0.10244200941835563
17794.061946902653,0.12008934092774418
17892.8,0.10847907396883863
17986.651785714286,0.11910393202778179
18079.389380530974,0.15310693397207653
18154.654545454545,0.11829952992232547
18231.063063063062,0.10331926831518161
18313.575221238938,0.1046493862332635
18407.981981981982,0.08894419254441825
18488.91964285714,0.10384835950512945
18564.162162162163,0.08834711314137868
18638.982300884956,0.09593685033222986
18712.09009009009,0.10374526201516535
18790.928571428572,0.07635852274952248
18861.981981981982,0.08668042725899175
18941.380530973453,0.08168998490592379
19017.153153153155,0.10456212364994454
19089.433628318584,0.09756051196490291
19158.108108108107,0.08773749935008784
19235.873873873872,0.09734119956857899
19324.486725663715,0.09850251808211373
19405.45945945946,0.07002643770373126
19484.76785714286,0.0722396583616499
19565.58035714286,0.08672021175319343
19651.18918918919,0.09501237416964423
19745.145454545454,0.07669046700177358
19833.114035087718,0.07340511064459573
19930.245454545453,0.09328082785010512
20024.27027027027,0.08483018568756809
20144.21052631579,0.10994277411838384
20255.241071428572,0.09768965195859368
20357.936363636363,0.10066277915571503
20437.59292035398,0.09277872107398041
20527.026785714286,0.06685677256883753
20610.467889908257,0.10902074336288858
20688.394736842107,0.06749468471888488
20766.60714285714,0.0714735892209958
20851.20535714286,0.06604726777956543
20926.46846846847,0.07075233928402282
21004.571428571428,0.07501440042644801
21082.54954954955,0.07724238519758596
21155.783783783783,0.08618046918605732
21243.442477876106,0.05901277893817538
21319.054054054053,0.06979857937255544
21393.054054054053,0.08338207100449448
21477.288288288288,0.07414593600695624
21553.601769911504,0.054534565149513485
21628.81981981982,0.08617702330878477
21703.645454545454,0.08356229928918107
21792.140350877195,0.08045240532641736
21877.40707964602,0.08774254246160795
21968.018018018018,0.06836426027829942
22042.70535714286,0.07748749792050849
22126.027027027027,0.08962402781925131
22243.027027027027,0.07812910997453945
22348.66371681416,0.1056816802435354
22451.821428571428,0.11721628229158705
22576.0,0.09326565214954113
22684.48214285714,0.09848117302246136
22803.747747747748,0.1251547617680577
22902.99099099099,0.08769464632056789
23010.34234234234,0.09223943185953255
23128.342105263157,0.07763015998014008
23260.116071428572,0.10007922175691975
23369.81981981982,0.09640381347869836
23486.383928571428,0.06638624179805035
23593.589285714286,0.08266385517878339
23701.48214285714,0.0762404296756448
23819.8,0.08104899487109607
23927.62162162162,0.0835264070443015
24023.42105263158,0.07834248015334695
24132.099099099098,0.09678487227185605
24230.20535714286,0.0906157985557787
24321.821428571428,0.08731643910171624
24423.72072072072,0.08521749973503556
24528.70535714286,0.07585954450266533
24629.672727272726,0.06651811485847949
24721.95575221239,0.08007245109246018
24805.909090909092,0.07036389011101694
24889.0,0.07895595492749193
24975.45535714286,0.0757848273697497
25059.900900900902,0.08689441548103416
25158.163636363635,0.09514089463571179
25282.245614035088,0.07835909515233605
25393.245454545453,0.07865448240171573
25510.27927927928,0.08658259614712659
25619.842105263157,0.08551324963633486
25723.78181818182,0.08445042939237841
25833.495575221237,0.05823899161047233
25950.10714285714,0.09255656020504402
26072.464285714286,0.09108895800336327
26164.846846846845,0.09176474064117388
26262.83035714286,0.07325744814607436
26389.72972972973,0.10528961495527751
26500.178571428572,0.07320259001946627
26622.099099099098,0.08392417448495348
26738.477876106193,0.08851462434337014
26857.845454545455,0.10988079958787228
26964.442477876106,0.09640642445880128
27091.20535714286,0.06840982102233117
27221.585585585584,0.10918598555672789
27333.883928571428,0.07429625632009289
27459.339285714286,0.09278704040907335
27598.576576576575,0.10747321299311705
27710.821428571428,0.1012500100911817
27814.477477477478,0.0832689476990774
27928.398230088496,0.0960197896174234
28034.61261261261,0.0809710223693209
28179.553571428572,0.1149593845697495
28325.81081081081,0.10046238992518196
28458.95535714286,0.08512478367280492
28611.513513513513,0.10296871726374486
28735.34234234234,0.08807462829766587
28856.035087719298,0.10039586130926635
28960.2,0.12116470784120034
29066.893805309734,0.0859283028745499
29189.508928571428,0.0778948725548859
29303.666666666668,0.1153405385827138
29409.383928571428,0.08712728023063787
29510.9375,0.07170569994646894
29608.194444444445,0.0908608217648605
29718.28695652174,0.09253034035858936
29834.83035714286,0.07279344907852799
29958.108108108107,0.10469869112775632
30089.723214285714,0.10736722746201285
30243.758928571428,0.1159379663733159
30442.747747747748,0.12125324975644097
30640.116071428572,0.07803349649565525
30814.0,0.08995422375095731
30955.95535714286,0.0928373630870097
31109.369369369368,0.11755823800300974
31277.053571428572,0.12117362936540783
31426.48214285714,0.0942925230145564
31564.882882882885,0.0947894706425933
31703.883928571428,0.09884343120428937
31824.16964285714,0.11367871300979589
31948.20535714286,0.07986399796895018
32079.229357798165,0.1323886621131702
32209.37168141593,0.09781860764249437
32329.849557522124,0.11039190597413469
32438.236363636363,0.08320713796217434
32579.353982300883,0.11311280969009224
32717.339285714286,0.08997638114982984
32832.0990990991,0.08016627811709491
32948.40178571428,0.094630330259202
33054.93693693694,0.09173577131986423
33165.05405405405,0.08639848180123118
33265.66371681416,0.08042691866731665
33373.72321428572,0.07089798500291922
33488.607142857145,0.07585872168240182
33605.77477477478,0.07202495572842449
33741.07142857143,0.07318964608004326
33878.419642857145,0.10751027144525846
34035.16216216216,0.081833782090584
34198.767857142855,0.08100831518684017
34337.955357142855,0.10362774610868798
34495.92727272727,0.0829873788977556
34646.23008849558,0.07622078619150173
34784.38738738739,0.08179697474035734
34905.77876106195,0.10020451807332195
35010.92727272727,0.0823670258221298
35142.94642857143,0.10645538844708051
35265.830357142855,0.10955932615698434
35392.117117117115,0.11524997946513432
35535.407079646015,0.10993377853251415
35705.0990990991,0.11070769086315092
35858.142857142855,0.13688428441930245
35997.99107142857,0.11030481714470454
36128.84821428572,0.11671086624562436
36284.00900900901,0.12835780082336593
36456.84821428572,0.12056040059880992
36635.261261261265,0.10770755117229776
36824.14159292035,0.11357926954416388
37004.09009009009,0.11889996721278785
37179.218181818185,0.12056120945406325
37297.666666666664,0.10458847764567081
37415.92792792793,0.09480694005334622
37557.142857142855,0.0978324618292773
37678.38392857143,0.08242785720614401
37813.32432432433,0.11004350795304697
37948.25,0.12428897924945406
38085.50892857143,0.09116085114567037
38186.88181818182,0.09996078688684265
38272.13274336283,0.0937757989437037
38359.91071428572,0.0768536299390048
38456.495495495496,0.10202608831343005
38547.08108108108,0.09171524681601625
38650.22123893805,0.08938881095191287
38757.90990990991,0.09085556974122494
38854.40178571428,0.09017436919251073
38967.16071428572,0.1008173184595633
39076.357142857145,0.10175701606768635
39204.681818181816,0.10977659037899605
39316.99099099099,0.08814612464403188
39413.80530973451,0.0981891874235049
39491.902654867255,0.07046507953804317
39576.00900900901,0.07142792450390771
39659.50892857143,0.06845459322743196
39763.03571428572,0.06446881945503805
39866.504504504504,0.08332430582151154
39959.15178571428,0.10524384438088064
40070.03571428572,0.09092789375860023
40168.736363636366,0.10809973875713161
40274.89380530974,0.09907014487679844
40388.48181818182,0.10611327601761407
40491.67256637168,0.08068648272053462
40595.99099099099,0.07371252783677579
40706.90990990991,0.09348836285261701
40838.39473684211,0.09084756019255896
40960.198198198195,0.08342434890585919
41070.77477477478,0.09061216666813544
41170.67567567567,0.09637329325868527
41285.97345132743,0.10524050964342503
41429.732142857145,0.09363067645067347
41583.544642857145,0.10254543027302365
41725.54954954955,0.07669395137643223
41845.13392857143,0.08649378292414332
42013.72321428572,0.07212902424228386
42140.92727272727,0.07292575094877655
42245.10619469026,0.06816674256836705
42335.69642857143,0.09746199353094391
42427.42857142857,0.08138635431038607
42529.657657657655,0.12158360935308633
42669.982142857145,0.07607790918168866
42799.07142857143,0.06627460232710083
42920.14414414414,0.07867066644073713
43036.00892857143,0.07584124913821831
43135.357142857145,0.07886753610204
43232.818181818184,0.0839777189478143
43322.31192660551,0.08339239400307756
43405.26724137931,0.08062578950133531
43506.88392857143,0.059955645668593384
43602.57272727273,0.07909331630745105
43697.53097345133,0.08229717076175723
43816.86486486487,0.0715842974050107
43932.125,0.07054972290638414
44028.125,0.08126360175924344
44152.57142857143,0.07447529482555719
44249.16216216216,0.06797196645993485
44364.53153153153,0.07815055644425052
44486.517857142855,0.08114462665740493
44604.732142857145,0.09237051759329143
44718.857142857145,0.0822373029498245
44840.9375,0.08920533295175141
44975.53571428572,0.10662814788809956
45120.045045045044,0.11119858583966304
45256.919642857145,0.0911170013790443
45387.84545454545,0.10421375963033659
45509.77876106195,0.12031995173333418
45632.544642857145,0.08791132786849827
45764.02678571428,0.07526897974412568
45890.18018018018,0.08955198837335865
46014.65178571428,0.09833783622817756
46146.955357142855,0.09693026023777274
46302.53153153153,0.08281366242987909
46420.94642857143,0.0739467025988501
46561.19090909091,0.06733811593881908
46711.728070175435,0.08341145725940446
46857.0,0.06341751422736101
46970.142857142855,0.07311144466295919
47085.892857142855,0.08489306587682166
47218.22727272727,0.07227972380100312
47366.929203539825,0.07159379654838588
47528.77477477478,0.088951178950372
47655.1592920354,0.06740363646034905
47773.16216216216,0.07924926937516243
47918.77777777778,0.07895653782640683
48032.56896551724,0.09233412066741971
48140.18018018018,0.1003220576942262
48235.294642857145,0.09210698673641037
48337.576576576575,0.09636989709809879
48459.72972972973,0.11362255264970879
48593.30973451328,0.09596214906451235
48708.16071428572,0.0813357153820609
48814.43243243243,0.0916595561754356
48933.13392857143,0.09254528441400227
49065.78571428572,0.08050023771128242
49198.72072072072,0.08064835334141507
49295.642857142855,0.1249320799703481
49412.94642857143,0.09972705133639308
49532.68468468468,0.10616897387963183
49655.794642857145,0.08211509575856568
49763.232142857145,0.08509427496129794
49860.585585585584,0.0538428882368688
49964.4,0.08987985126253238
50077.15789473684,0.10213988220682407
50208.8125,0.1360920880446517
50347.455357142855,0.12205275233174227
50442.1376146789,0.11503166544274539
50535.754385964916,0.08786934599798095
50639.55454545454,0.11301194657882604
50774.93805309734,0.09943094826092323
50913.30630630631,0.09873187975217317
51037.31531531532,0.08775855112138709
51156.02654867257,0.11073967754632172
51270.107142857145,0.07163872349818412
51383.32142857143,0.11789550482542419
51494.74074074074,0.10094304896118131
51611.587719298244,0.10253869049140817
51745.23008849558,0.08995517271890037
51882.11607142857,0.07749608149441962
52037.181818181816,0.07515303332769072
52196.63716814159,0.08687858441418136
52346.35135135135,0.11151972392924436
52475.77477477478,0.11707028441007238
52618.238938053095,0.08995301707638025
52741.454545454544,0.07039909494068324
52853.86725663717,0.0862287593846961
52961.84684684685,0.10375769264960007
53092.919642857145,0.07242566257530204
53210.28828828829,0.08759089767709784
53333.017699115044,0.06318471139821893
53444.747747747744,0.08985715420295316
53553.86725663717,0.07111009673731611
53692.01818181818,0.10163824188393852
53823.375,0.07225857680143
53946.28571428572,0.07871203194892744
54082.07207207207,0.09450267854620269
54215.87610619469,0.0869792687949981
54369.27927927928,0.07809934890928527
54498.34862385321,0.09207330777871994
54635.252173913046,0.09885380830262176
54753.544642857145,0.07449140759812255
54886.71428571428,0.07939480988547873
54997.29090909091,0.07812425810605567
55113.67857142857,0.08982924555384697
55234.32142857143,0.07947316614968533
55355.732142857145,0.0834499938912845
55469.44144144144,0.08387408502561644
55583.8407079646,0.07459776141701703
55696.738738738735,0.06469851267635157
55784.472727272725,0.07664319861545814
55895.52252252252,0.05763234619348375
56022.73684210526,0.05309317456526157
