D,r2
118.4521761458467,0.16877710943842159
166.66271551724137,0.15824761756370959
215.8830425299891,0.14124709480264083
268.89969096059747,0.13332064243499925
322.63145886458193,0.12368095825772603
378.04631860776436,0.1178364435602307
434.91592978751487,0.1134596570598436
491.6299553511027,0.11166503361730201
550.4317823343848,0.10484296734203799
610.6096812908388,0.09645944276037711
670.6128032345014,0.09149453956779117
732.288518024032,0.08597813295930284
796.0448119498533,0.0877158918737492
859.2704195712219,0.08323266950353113
923.7351640991293,0.08385962642598738
988.150053163211,0.08334577025859752
1053.2419700214132,0.07715298538531642
1118.8807692307691,0.07152467400913154
1186.5527550610002,0.07454512792858443
1254.3398463818892,0.07316230259070734
1325.9579631348627,0.07245903900361642
1399.2682926829268,0.07019742569628566
1470.6929482874411,0.06868667446442168
1539.6640353224511,0.06656295526258219
1608.315483603155,0.06831191367348914
1678.1066776360894,0.06537790708689738
1751.2265506285398,0.06509446009758972
1822.190635918938,0.06212893637341696
1892.5183044315993,0.06111142843164477
1964.1922759758108,0.06071268080453659
2036.7745424292846,0.06091929899688731
2108.953298226164,0.060973839190859844
2183.780242491044,0.06026855550797762
2258.406162855549,0.06016797456650994
2336.116561902159,0.0589316624800276
2412.2874043145443,0.05907458614692838
2488.822804100859,0.05715211706708272
2565.205202712052,0.058774820913350186
2641.357261871702,0.05662462387925837
2718.03553368867,0.055886304122288434
2797.7688864017905,0.05653019681158261
2874.277946035242,0.05437116329585574
2950.983238675717,0.05694564508746658
3029.351159883317,0.05620512800804959
3107.570697288323,0.05635151729894739
3186.680021953897,0.055891718956095605
3266.2830658550083,0.055122289303279975
3346.300651782,0.05547966597626286
3426.985097281634,0.054044365829674354
3509.409367228516,0.05173329919804455
3589.553295248711,0.05330763665037792
3670.391732822338,0.05400202455660975
3750.516696940059,0.05102879872516628
3831.9390612132856,0.05264300288566172
3914.6171357615895,0.05126432080151542
3997.9703231174594,0.050387756597789365
4080.439270415918,0.052562474920288926
4167.346879334258,0.053296847016370094
4254.315004144792,0.05308320751045185
4340.060454102243,0.054399986302406216
4425.294947281939,0.05040758205209614
4510.948596832453,0.0531929066095778
4600.147851319608,0.051897752666443406
4688.466462991251,0.05212442762044373
4773.992951907131,0.05325109107109425
4860.810885101704,0.05139766149525094
4945.3220670391065,0.051370920989001985
5033.486252405829,0.05289465950860203
5123.529330381848,0.05367030409231864
5211.840432912446,0.05148656443344167
5299.766262403528,0.05275830605202205
5386.964997232983,0.05213223558293897
5473.133038918024,0.05086931211463194
5561.4007809231625,0.05348405625850455
5649.670366259711,0.05083847755310713
5737.8808311545345,0.05325790509047018
5828.050350804788,0.052048605516743805
5916.784087753402,0.05447083767525216
6006.721816930489,0.053713402179339134
6096.548319911136,0.05292519012073287
6184.799166666667,0.05338843152176341
6271.284822419534,0.05415907620254316
6358.5209225245135,0.05257582015036144
6446.467172413793,0.0524253283730619
6534.074012931627,0.05003831780580695
6621.332123918504,0.05279466634181282
6711.140902872777,0.05065444827828643
6801.979947082579,0.05148838262324172
6891.609214543436,0.052475602924627995
6979.144995194288,0.050812439991023105
7066.550367188583,0.05337870410943003
7152.5451398504565,0.05169377829242063
7238.567432150313,0.051194044719353266
7325.923298969072,0.0513085919382626
7414.978883023062,0.05149474233418828
7505.786529209622,0.05205213723664669
7596.576912416852,0.05188211864356485
7689.495593500413,0.05294313804253039
7781.893715083799,0.052377492852071696
7871.596769740475,0.05292978363492442
7965.172475301866,0.05246235865390379
8058.226129256428,0.05360717710050838
8151.573001238476,0.052276241895929096
8242.136256743672,0.05340159681389122
8333.70209809643,0.052661830652021104
8424.872661770818,0.0526449190725471
8516.255120274915,0.05198001049438416
8609.824546722455,0.05081498240508497
8702.353119405041,0.05374632972322409
8797.463940315005,0.054997871442774994
8893.177790085849,0.052765896744958025
8987.994975575715,0.05575584594211759
9083.604924760602,0.05066779683123892
9178.216081099847,0.05378051710602557
9272.07054284927,0.0521374555517106
9364.185676392573,0.051023779318286985
9459.96495071194,0.05452298034651482
9556.028170968637,0.052283956384370736
9652.00896799117,0.052798810012217326
9747.119206217041,0.05130775281842878
9843.004019961187,0.052761669378490174
9941.141580756013,0.05123231965020555
10039.486783528102,0.05178263062057893
10137.520833333334,0.0511601330738274
10233.348463880431,0.05163461050212453
10327.748958622606,0.052110938900958685
10423.207005494505,0.05196823552267194
10519.88933854312,0.05336835558483062
10616.95111904435,0.052732472025940454
10713.327330655215,0.05212852847287656
10811.042855174315,0.05237019179688229
10907.394069557988,0.0518777567038685
11001.012815155314,0.05428508224148428
11094.67859116022,0.053103812026375825
11190.41875862069,0.05388822828255251
11287.78375396497,0.05326627651947073
11384.187855261334,0.051603509133631376
11481.079426902212,0.05282737539146783
11577.273938727847,0.05172528456555066
11673.628038674033,0.053067427032566734
11771.408225649577,0.053818898531763505
11866.729371112648,0.05060129766077183
11961.670290353653,0.0506855981335083
12058.053250345782,0.05249372482038308
12154.663097886541,0.05399785800669349
12250.990001388696,0.05398398490633145
12348.165561999447,0.0500010445469872
12447.42717913521,0.05304155154048408
12546.272236076475,0.05272233680178909
12645.80424528302,0.054489829365973484
12746.269145700857,0.05246906942762891
12847.582126603227,0.05443739696503498
12947.87165256001,0.054151751345959856
13049.432924307182,0.054138593744068236
13149.572792693052,0.05348325173730851
13251.714959101622,0.053452752538162895
13350.472075576548,0.0568038761001583
13448.464879725087,0.053776349420289735
13549.518672775233,0.05365394771729058
13651.000414536411,0.05381841050593491
13752.21109720484,0.05571185672072417
13849.037031938326,0.053396866495848114
13949.004822929584,0.05393857566449051
14048.910144927537,0.055294738944433174
14149.150090415913,0.053693848796408504
14250.9606244819,0.05299036153705699
14354.151084104406,0.05302755488755707
14459.77853091714,0.05260551095649654
14567.45687387512,0.053399864913737126
14675.547681660899,0.05258995576904305
14781.763281682346,0.05326927322582402
14887.423987882126,0.052936438945061726
14993.012508686588,0.053523417773676925
15095.264855921687,0.05192563347443064
15199.678048106165,0.052214234906638894
15304.472206781546,0.05300094704555376
15408.917369075583,0.052218025841836664
15515.238364087028,0.05019199253813765
15623.91866759195,0.05289561151964728
15728.948622074506,0.05317025427713336
15833.105978637814,0.05278388159765532
15936.912012136258,0.0523967384473582
16040.469619377163,0.05500324359006023
16143.99944736115,0.05558602208205672
16245.074223085461,0.05228667627078286
16347.840693355345,0.051308342723562286
16453.838535164377,0.051457166603853355
16555.861026773393,0.052325185909047535
16656.664917127073,0.04977282637857154
16759.167475391652,0.053504101605662414
16861.73707492397,0.051163762870650074
16962.200165768754,0.050682460321963656
17064.86422145329,0.052211588370744945
17168.309725893974,0.05152246606778546
17273.83425643866,0.052469432669636065
17378.34383993422,0.05521142039992278
17483.18112315819,0.053855744045130015
17585.88951724138,0.05400101523861036
17689.915164957027,0.05350784603121203
17794.68743047831,0.05535360868752146
17899.92187715666,0.054575836903635294
18008.128258171288,0.053385237419380206
18113.45635634251,0.05350822754139547
18220.10041322314,0.052827655157569424
18329.27938101213,0.05368772522442311
18436.524955067052,0.056057988745223025
18543.61559734513,0.05382200869783054
18650.18700082622,0.055750140078129846
18757.121496617423,0.05569407791165537
18862.811567944253,0.05483616750397371
18968.770747173974,0.05389813921674963
19078.229071852158,0.05222566456812633
19188.1980005554,0.05699286659276898
19293.853411143533,0.053608262530201484
19400.879170671426,0.05482260536576869
19506.948053747055,0.0554909168613246
19617.18144159072,0.05521747390086554
19727.43633347159,0.054124826026971225
19836.865902499656,0.05438878559829288
19944.067183820473,0.052305010383226824
20050.817051264337,0.052809554511633126
20157.82182473655,0.051434081180790514
20265.054960345067,0.05152167954657349
20374.58273972603,0.05165006643099161
20485.084522654844,0.05354638467631993
20594.501451278506,0.05237816656028042
20706.16121852831,0.05129189944821197
20815.24762167379,0.05332879656751974
20925.794170465535,0.05209073579789749
21035.522357162572,0.05295754168553053
21145.415328772862,0.05248512661016362
21253.995883079457,0.05185554380400873
21361.404916448006,0.051846248504216236
21468.882755729457,0.052521511848575626
21579.057123193394,0.053571680290873835
21689.122072196198,0.051693542776773994
21802.32926998199,0.05253827386344171
21917.732498260266,0.052041344934203544
22030.40142582945,0.0534727371935031
22145.01678224688,0.05128463916546973
22259.51908713693,0.05348861331018615
22374.92009449694,0.0531481655235756
22490.67095080155,0.051586588636792795
22610.179681055815,0.05440278252983673
22725.974166666667,0.05306572903469751
22840.94600222099,0.05181075272817027
22958.6368282912,0.051828233190117284
23074.13369131213,0.05132820920530887
23191.69085129906,0.051093916296811134
23309.678913073618,0.05377262010709015
23426.20457678522,0.05119049096390239
23537.49322080797,0.05435117884369907
23650.056519927788,0.05167353570238606
23762.22353914002,0.05225619457773126
23872.48490304709,0.049568544778912656
23987.149527515285,0.05136590488518956
24103.68044077135,0.05153731695898408
24221.232078605037,0.052105892296918435
24336.282397107898,0.052500133344311736
24454.555234557713,0.05103641259402804
24574.79040508779,0.05379560614666452
24695.036229872294,0.05273272695737947
24815.147536471235,0.05333862395393791
24937.97192494788,0.05290441249105555
25058.925961671033,0.05617389021854757
25180.90638002774,0.05499287160910505
25302.964851826328,0.05528779510600503
25423.24965440973,0.05211073824298122
25546.58714959756,0.05275216454349975
25669.786237391185,0.05274272681427413
25790.39475509921,0.054468350989633485
25913.873340707964,0.05275291443583869
26037.134061981185,0.05358699922626398
26234.740950366962,0.051970108336117427
26515.16839540115,0.05311613918504407
26797.222464898598,0.05095042457710388
27080.76357289784,0.05319724760188638
27365.403710852377,0.05206863702447701
27650.70568061358,0.05304245793783561
27927.047101449276,0.05210172926614763
28202.516390377663,0.05211084384088662
28472.609669369933,0.05127857426619999
28747.761399125546,0.05394117339785665
29026.38613738178,0.05172046305158325
29302.73569023569,0.05111515469668585
29581.602259252326,0.052142758603123555
29858.39309354315,0.051114834861219274
30133.966166116268,0.05317896232746273
30400.59539268323,0.053862284048100006
30668.473618560558,0.051061498796276944
30934.5989651518,0.052139864871239575
31208.29632861684,0.05321739543203903
31482.267933016745,0.05289364966930986
31761.6633262791,0.05380717637338341
32043.89119041677,0.05251289187800173
32334.867628685657,0.05422384309926197
32626.218210165265,0.05388152360881834
32916.18136491119,0.0538364195601217
33213.81344537815,0.05244804072397056
33508.25998003992,0.05303595213289133
33804.314849506685,0.05252477702661156
34106.408091908095,0.053665556162398965
34419.81831187411,0.05578765679339774
34723.31831232056,0.0535860079384455
35033.65632607203,0.053349832549772075
35345.44743901678,0.05323267623018164
35653.6703481842,0.052652193563125775
35965.9324568509,0.05423289057418073
36273.63440524508,0.0533309887746215
36566.61905650984,0.05288964212227656
36855.85928050377,0.052542544325792986
37154.28176657726,0.05122820288862244
37451.500593638695,0.05054900818630295
37749.20954989728,0.051097546303982465
38054.57340997126,0.05056816994322363
38362.5383800623,0.05136357637187862
38669.213916079556,0.05173981502777144
38974.19532564662,0.05041012388307579
39285.44244694132,0.05032223584877291
39590.34150143409,0.0506397544207132
39900.227289766335,0.04994705464347301
40210.78197221703,0.04941806917973419
40519.925690021235,0.051878264215599504
40829.15952218005,0.05245044442086958
41137.712267983254,0.051074682166730535
41451.80645965831,0.05089755351495081
41773.24322975166,0.05041664361310425
42100.585920937774,0.052105504451663454
42430.734312749,0.053136816690005986
42764.35077422577,0.05253957642808215
43102.50309008053,0.05099180254484179
43444.048865619545,0.05111591812985137
43785.4822956348,0.05183556468741304
44121.94783366534,0.0517447335021811
44450.541557469114,0.05176355388225514
44780.91233098636,0.052637649304482545
45111.03201801013,0.05168268348097666
45437.66537862262,0.05204816811188821
45767.277698021346,0.051736901561165664
46102.66982425527,0.05265260800060682
46446.422607178465,0.05339781763692281
46792.04530986707,0.05293440454527577
47138.55831620898,0.05391988874203629
47502.91781419403,0.05375363853373509
47866.0978063871,0.0530317614166027
48232.58319296275,0.05204829896420725
48595.872377513544,0.05452419257220866
48954.387646764924,0.05225833668722073
49305.31734846595,0.05351753224587389
49659.53466891344,0.05453271921781674
50002.8079029247,0.05268398117967513
50348.39390723516,0.05497889429558928
50699.415766806065,0.055510588412219994
51059.4566639666,0.0529443982015387
51423.98178301828,0.05217910112880094
51772.58802223194,0.054047178989043404
52116.38322757248,0.05238155096336455
52474.23859167239,0.0537769752288339
52836.23534924403,0.05344307361571438
53214.46779618786,0.05412084696824219
53593.21046721976,0.05252604941379162
53965.2062729937,0.05374876794320782
54342.24674272178,0.054738527638279064
54719.776136151115,0.0531717574352917
55112.47648785362,0.05492740870099449
55496.13127100709,0.05426906622841435
55876.27607515136,0.05434647566489099
56265.349747238346,0.05195038093283626
56656.01546038277,0.05389450022342197
57030.38694565896,0.054584903314886114
57397.642963978564,0.05257272615227251
57758.953700237114,0.05377977827008311
58129.232600162,0.05347596789332574
58503.22403894159,0.054464106951777884
58884.07587839522,0.05402491081230974
59266.02015600624,0.05406684623619008
59638.34670987039,0.05452733748935037
60005.32691104717,0.05329560697994702
60372.604878352315,0.05303507955081934
60733.85034013606,0.05281103328902182
61089.09404427814,0.05232290313726939
61442.9654484221,0.05327963826651096
61798.72391033624,0.05325315869566544
62153.18339792474,0.054440531414580044
62506.392008975876,0.052243636885069084
62865.53589263421,0.05114119952165083
63224.33747192413,0.05308136146171615
63593.51427505132,0.051252232287371774
63953.312566393804,0.05326885788128671
64314.71260504202,0.05273608390562463
64674.610272091864,0.05224007521921646
65029.28409871915,0.052626224702407326
65382.44360620986,0.05289299225150745
65740.28577661431,0.053539835262902194
66087.96666874338,0.05117041553816751
66423.27188709879,0.0506924859058419
66769.84211509716,0.05361668330058316
67124.86135030576,0.05291949181539629
67488.51412535079,0.0528589406014155
67852.66928397832,0.05155261288303639
68206.10538144587,0.051666650160919106
68555.70686317368,0.052122991404085314
68909.36960717176,0.05190299046446928
69275.77577383924,0.053792425051213955
69642.36269559254,0.05232372913441091
70006.39922698087,0.053903484975765324
70365.82953907565,0.05487219677503674
70734.5776141752,0.0538565319551131
71103.36201947079,0.05188817828993915
71483.2116715506,0.05240379777092194
71862.00648702595,0.052476802220496235
72234.74163754369,0.050543967316992004
72623.2278172969,0.05271521128512999
73012.20904447489,0.0527866473781453
73390.34226134732,0.0513714142743484
73762.88593155894,0.05239545970258158
74153.13021775753,0.052245306550103995
74545.50255260864,0.05236339382128278
74939.40757405324,0.05258860375504827
75323.02316313823,0.05461174480417649
75699.55645765676,0.05185647221423627
76079.73010725867,0.050838400722608645
76462.54806375295,0.053324929800197214
76839.93430247068,0.05348411569196341
77226.12878882376,0.05201432870840483
77628.05090137858,0.05413554192229437
78020.74074767521,0.05301066131631302
78412.39018007352,0.0527275130220732
78797.03068670866,0.05292849531248065
79170.05409283754,0.051032554419584576
79539.14625935162,0.05183013112191026
79894.89398477474,0.05207634390805807
80260.09038665751,0.0506738347763058
80630.09567766481,0.05313994757843735
81001.27622072745,0.050285497281199645
81377.37247064701,0.05046726634367937
81758.29464119002,0.05223647397058429
82130.61360229828,0.05039214839590631
82495.70340093604,0.052668872959923785
82870.40270169322,0.05425830037177915
83238.9614664002,0.0527243577991048
83618.42311044702,0.052794292167283166
83995.7283641821,0.05113669065505313
84373.14112225198,0.051738907396144174
84770.92544489542,0.05284693135822604
85159.79354597558,0.053509721335123335
85532.16641688523,0.05150233787553319
85898.31791835463,0.050377470116843244
86264.84827500155,0.0521073225928662
86641.6780347902,0.05288767735164118
87008.06988643455,0.05211488281333669
87372.42847356293,0.05330657346111875
87743.79283042395,0.054371094843729796
88116.70072445666,0.05313934684172804
88486.78361187328,0.0520621564547441
88865.45913911416,0.050846760586136686
89238.52116187745,0.05485765800608485
89621.90511494612,0.05356761211067799
90008.07800224467,0.05297853075137147
90397.78531743554,0.05342134667646967
90791.76005495878,0.05314811289631676
91176.68472845042,0.05381432598771715
91581.81482636074,0.05220325084631544
91991.33152275707,0.05401297353815325
92390.83810057955,0.051252451235813755
92792.08087868198,0.052849433852499114
93200.89884699283,0.05115844127738119
93614.15549865735,0.05127463640951537
94019.95754217768,0.05124260805092111
94442.90594925634,0.05330673916232712
94865.46077148376,0.053374063966839094
95298.61165230423,0.052960059144716826
95738.97884124712,0.05119379603097943
96167.81260912945,0.05234059594902154
96580.10379952507,0.05268637786969437
96989.98005733517,0.05175822486771429
97408.82044560944,0.05318838988615218
97830.04086972775,0.051935043000390986
98258.75891076769,0.05118561170667409
98700.7615091511,0.05206782235476988
99144.27304499781,0.051676039217905964
99594.06023796175,0.05184204398229758
100054.92288029926,0.05012452866769484
100512.98640473963,0.051990713152915424
100969.21842663009,0.05110651092231528
101421.51334330963,0.05134000865132409
101863.13435628742,0.052905218595189464
102299.62941249844,0.0533833780172263
102740.9798951049,0.05419705721408671
103177.44687753447,0.05314727183443433
103610.36482612489,0.0540070077524371
104067.38966785069,0.05348647762512668
104533.44645757841,0.05346514018761225
104997.6599003736,0.053119078208958365
105465.96527604297,0.05178823798828651
105935.58946055504,0.050571398693283365
106385.2613494637,0.05087381906990688
106823.8876474627,0.05021159410775062
107265.31939590615,0.05296662132659744
107702.88387901465,0.05219217241960161
108131.14285714286,0.05291679894091897
108557.3170107916,0.05298009326618321
108979.64281714677,0.053998705095553344
109415.01955150228,0.05463033194744365
109844.59997504523,0.051950094312701714
110279.55096315691,0.050440271900388606
110714.02198144342,0.05271708944413196
111135.86777271876,0.05288466758309877
111548.62067887728,0.0519839928096583
111965.26229916552,0.051081593281217155
112373.27588572854,0.05102182331009463
112764.15800960279,0.05185581730116498
113142.4928014958,0.05024595358525988
113517.66410784498,0.04980316287232306
113905.37355568047,0.05064297318597688
114294.14555424014,0.05049854802528198
114691.00392743594,0.04982413015745624
115086.73623838913,0.051271183504660645
115475.47377284351,0.05233913524432428
115862.95582530346,0.052498654191018006
116240.91119259213,0.051837642563242574
116627.55463234834,0.049841499684648655
117039.88506606831,0.05220922055627596
117450.23896783845,0.05234306578931316
117843.28599063962,0.05396339315618009
118230.95423084118,0.05281172908474497
118626.17263538807,0.05296754838618305
119018.40401271108,0.05132451630596116
119402.2350296597,0.050609288118754515
119779.66810237203,0.051830694962112754
120149.75560119492,0.05240385107951226
120523.6063484129,0.05028173018603768
120906.5214330218,0.053074372429634656
121305.57733116964,0.052515906298345925
121686.80229798926,0.05229668615078167
122074.36263941678,0.05245690197970406
122464.81459307764,0.05431869887189639
122846.55954088953,0.05210002726494383
123241.09484690067,0.05245992883109552
123636.6428080265,0.05380447441231832
124046.46076721883,0.051494048396362825
124457.39209081836,0.05172736872686865
124845.46296990133,0.05299229654435687
125232.17313321293,0.052222428774635274
125617.38159042753,0.05303738051926452
125995.44928892216,0.049672593313757236
126363.74147833687,0.051272478007456976
126731.4142126279,0.05147425643445698
127095.0516285732,0.04967712903758081
127456.39394884591,0.05215925837086459
127811.72490474109,0.050568655365645636
128168.64231297614,0.05246624804942429
128520.12342067593,0.0508629674611756
128881.79137274486,0.052698085147443216
129255.3437441556,0.053602179220683034
129638.5178136894,0.05130725711080215
130035.42841121495,0.053081491309430386
130440.54789654099,0.051119747440575784
130838.26055149127,0.05226474616715534
131224.01357156198,0.05204299865354832
131597.7363007294,0.05112726508228233
131960.6240493704,0.051777493007380694
132324.61262553802,0.053121540082731164
132684.65434334602,0.05138163529770566
133054.40918437287,0.05175113508312357
133418.95196451995,0.05238757571994657
133778.53349953255,0.05142119845528254
134141.44755724716,0.05124180658888044
134488.4015600624,0.05108587521814183
134848.47140543236,0.052188385086562046
135218.74317076214,0.05242010948723112
135589.1338120512,0.0525897061792677
135954.74666167478,0.05610526095998619
136315.60781503178,0.05485373521292691
136665.83406004735,0.054607325940430426
137019.58573567952,0.0536898618054232
137386.71276994134,0.0545374220443471
137758.93023545534,0.0514266342227622
138120.3137806097,0.05161064695142486
138478.19427504667,0.05324599952259117
138838.6488106387,0.05171549333050336
139202.5604244694,0.05301096764537043
139569.8895399576,0.053867877214507844
139943.22831107228,0.05312402717406181
140323.79965091633,0.05198686808628442
140708.54207412023,0.053169757075812604
141089.63811603244,0.0520778351048336
141467.6421926703,0.052502430769536944
141859.8847641627,0.05348305903171387
142265.07197654838,0.05331640268353198
142663.0882078116,0.054459095542178315
143045.99656936128,0.053140036556825844
143432.83752104247,0.05377248669749145
143805.21512027492,0.05384277311465589
144172.9134765017,0.05552571777445658
144545.8908784627,0.05320071596530702
144925.28631119427,0.052960369688315065
145306.57070549272,0.054594747913730014
145683.00909204135,0.0549426085791616
146048.70653122274,0.05369789229075192
146414.0759477859,0.05176816464503479
146777.29802109994,0.05232938552860677
147143.65647952197,0.05150126723552756
147516.139043104,0.050822436306735184
147873.40444388965,0.051573103076639745
148223.00330156356,0.04898203566348871
148577.40414249172,0.0509888212522776
148947.69553838484,0.049385596691496586
149315.84678778797,0.05122448364181858
149670.58485509505,0.05002856623731716
150021.61942814334,0.05188653977359449
150370.78785990278,0.05172769760902545
150715.60525166843,0.051144307481386354
151064.3913694188,0.05139039325603672
151419.9936938062,0.05292720163913559
151777.30336658354,0.05303168926369446
152135.99925093632,0.05333682349525077
152498.7420741202,0.051541551744638134
152866.83577895723,0.05024568361340997
153227.47133678498,0.05118773567153724
153584.84162051155,0.05123371553405866
153939.62202121023,0.050172508590534126
154289.17567398903,0.04967472930298659
154641.926544865,0.0510886513738053
155014.1479216078,0.051524842055414584
155389.79415248425,0.05230800834879739
155758.5912271932,0.052918560782808904
156127.76275939427,0.05367269898097834
156499.7273690773,0.05162472690296121
156871.56987703638,0.05196946441223723
157238.27182107035,0.05181784135768644
157600.87056693307,0.051169810675282076
157970.3377124712,0.050889125712962786
158359.63861664274,0.05201328239576658
158752.71143782706,0.050129743713998635
159140.45175,0.05061491126166446
159531.45585305107,0.052038217998642146
159932.76474255082,0.050853737129123444
160328.4821584529,0.05101483997576027
160729.50857499221,0.05243048210088572
161138.88904827242,0.05162720287632949
161547.57994884273,0.04916074294687404
161953.9999376014,0.050975675116405474
162359.1569470405,0.05255407882624744
162765.57979054982,0.05182282874904323
163153.2083203393,0.05217131948437976
163549.57736273346,0.05337292954688952
163948.49078455791,0.050395745433531994
164335.2768029972,0.05133310902575281
164719.75751903158,0.05176727043440495
165102.6161042849,0.05187464990551536
165488.47916146743,0.051848182301945676
165868.55444063572,0.05348631732445979
166271.18113184,0.05230774755104294
166674.89250124563,0.05326042694425088
167072.4596451774,0.05033627529004313
167475.7775769662,0.05051870129212629
167883.22231219633,0.05194041270555596
168301.8317511866,0.0504127657124213
168733.2644107933,0.05201290962813692
169182.90803092654,0.05329284933633083
169622.54809131735,0.050960228136982644
170083.94753914292,0.051396389995946146
170558.40133549675,0.051573618485187274
171029.7010033028,0.05302862004580586
171490.3391440175,0.05370840013510181
171944.53801570483,0.052689255717160634
172400.68393524285,0.05090673333199868
172853.64092471104,0.051756397432966755
173301.58775916818,0.05087882396908008
173762.14050514498,0.050705634317366
174225.49300349824,0.04988966378889393
174669.16859957602,0.053557263196825716
175110.9533478667,0.052204315089939946
175567.66666666666,0.05085129466489362
176024.21473197552,0.05371233733212231
176483.21784956966,0.05293475807503723
176936.87265357032,0.05365953241562586
177364.77012639312,0.05174469436379535
177789.18822574604,0.050701804370408644
178217.9126994018,0.051440943050073844
178649.13170366676,0.05113884623571536
179074.0683392623,0.05349168508852631
179499.8420756838,0.05294383423733006
179940.0928624813,0.05100063197795614
180392.43289637953,0.050472760728974164
180853.95848139143,0.0487177954006305
181313.28887918123,0.05134054277873134
181773.89038617504,0.05296881319550583
182223.41447163586,0.05345577784147108
182659.99332709698,0.05191530170315586
183098.20713348742,0.049961226284939805
183533.9838016323,0.052219597512260955
183973.51900393184,0.05244516494825161
184412.84137372227,0.0539677857845163
184863.11808325024,0.05316657601552157
185311.66402149462,0.05310965710718461
185755.05867315127,0.04976462433270607
186192.39660657477,0.05016904384897221
186626.20628781736,0.05170778785166091
187058.35809002054,0.051168902132621964
187497.7839440664,0.05056733559260745
187929.31746427904,0.05286775122738791
188355.4202121023,0.053799521725952856
188780.98596381783,0.0519328487245252
189210.38725979536,0.05180915455440526
189641.65738491248,0.050389250619950976
190082.49392258306,0.04935566963708709
190528.37917705736,0.05072409035115851
190963.15800649513,0.05115415323336283
191400.46073363643,0.05058321476736722
191844.0214677983,0.050474966708780204
192294.59134015473,0.052465762292597314
192750.36579587255,0.05236282225333806
193204.35952885455,0.05168473276329047
193653.75173318342,0.05167761209982326
194099.85466566865,0.05200255230114479
194558.82730673318,0.05180657368068324
195002.16821381846,0.05189235102971854
195423.40259416314,0.05109188831427891
195843.15352930163,0.0512456846649542
196261.36270721676,0.05098500373306571
196716.53342896345,0.05289392402851833
197188.31913168236,0.05281970608927945
197659.78386149133,0.05300887636436648
198106.48004234384,0.0516037343268575
198559.07648672236,0.051797332546782426
199018.5942825042,0.05054867219972003
199491.66546179733,0.05015312427759863
199949.13878493014,0.05171661577229396
200400.48660797902,0.05225820855566868
200853.694493007,0.05246411261013791
201300.68716544256,0.05103970765949645
201732.00462009115,0.04937037708376735
202162.31574351297,0.04926754021806602
202609.76378149164,0.051307614613648994
203044.0769662221,0.05023599112182359
203476.4930191972,0.05136640677315806
203927.3038377535,0.0504663907239183
204372.37680707878,0.050663039006058425
204824.7068847138,0.05266811116414978
205294.99818964978,0.055362048420194356
205756.71429461226,0.055555357666123115
206214.71960344183,0.053350427171565545
206687.77333416522,0.05242739307199744
207151.51901733383,0.05119189347991882
207612.19811614996,0.052818457675831494
208070.17058566707,0.05138524318280115
208547.68743756245,0.05194655881060523
209040.0070470845,0.05360652495399542
209526.76576520439,0.05376167819237997
210006.65009357454,0.053589798767152266
210503.1441323346,0.05207267143038836
211012.11449049547,0.05282462469129353
211510.42550670408,0.05316063645653237
212007.0153280578,0.05321201565377194
212490.8896103896,0.05508336277385758
212985.56136632798,0.053902299448811704
213506.1526089396,0.05057877607280528
214028.92139601673,0.05174339348189552
214546.72588484545,0.052395260631357445
215044.90084190833,0.054339325620313066
215566.1504584867,0.05322837306065055
216101.4986282579,0.054575998500205336
216635.48805588475,0.05335808386052676
217160.5484454988,0.05186205890498286
217661.3028660436,0.04990483508123858
218150.54465455908,0.05219784061819622
218621.1183620045,0.05116107073620128
219099.56869847616,0.05171057412497523
219578.43704766658,0.05184191949778832
220040.23075963577,0.05233164744494123
