D,r2
223.24625960372018,0.15630382539434007
303.10515793682526,0.15363271883542204
383.80836004273505,0.14270963275769535
468.08,0.1451473660187963
554.9222401289283,0.13809710826102076
643.8996964497823,0.13211978266586855
735.4383670233849,0.12973442840171856
828.2792095072773,0.12784979227844978
921.4870724481551,0.1258176095447754
1017.0762498342395,0.12530962509842228
1116.3783280085197,0.12471743596934938
1216.119098143236,0.1212173296904548
1315.8260521042084,0.12406183518536676
1413.2093641926044,0.12302383958581782
1514.3017735698093,0.12026940685953001
1615.889215948622,0.12204562802770758
1719.3656028842302,0.11805702390224737
1822.0030728122913,0.12171217313303158
1926.8340878828228,0.11946478805961754
2034.6196900881646,0.11502810759032733
2141.778160614895,0.11513412213162016
2248.305890227577,0.11219771311276013
2356.808451079712,0.11243095781595656
2466.094970572499,0.11248801764301006
2573.0157328181067,0.11491621226192818
2681.4278023191605,0.1114778396112473
2787.801213123794,0.11095280362897936
2894.6038520160732,0.11195264736154537
3002.7581870941,0.11008022194478995
3111.9258333333332,0.1102085901146075
3220.1145617667357,0.10673207221019586
3330.008742714405,0.1079321278155279
3442.271104345419,0.10490318894055113
3554.7169107488257,0.10712441960245928
3667.1080293995283,0.10431064956551672
3779.2727900552486,0.10549664219897337
3893.776355628957,0.10541040219841216
4008.9938990571272,0.10017332345005268
4123.872817955113,0.10543349891000552
4239.077050997783,0.10542012185931857
4355.637713029137,0.10505434007697233
4471.276589836157,0.10490095852374494
4586.0350852863685,0.10405398178502538
4700.477960480862,0.10328591062062698
4818.684057569886,0.1055852414244614
4937.649016641452,0.10188389177594079
5054.943669827106,0.1015791905418482
5172.336810321164,0.10438911624820957
5293.333241035581,0.10124916672997096
5413.584521666898,0.10337278302639663
5532.427165627166,0.10314630874113234
5652.346670358576,0.10516171676324011
5776.450950464826,0.10584156432530714
5899.059502542256,0.10507368123947622
6022.228515896154,0.10410155040771656
6145.480811706239,0.10373045503938827
6268.387226378498,0.1031032281393335
6390.884084001105,0.10450923826069285
6515.149875449764,0.10272774821559731
6638.10893005253,0.10404090004284937
6761.58078845086,0.10573188087551219
6882.01649113082,0.10753328881475999
7003.421314878893,0.10233164262195338
7126.9049910628355,0.1025577589313066
7250.603484031522,0.1031818911398455
7373.926771543923,0.10553138628417323
7498.259345794392,0.10411518199502534
7622.139728306071,0.1040657899603899
7744.642926558378,0.10084845583135232
7868.009388374982,0.10598223719307306
7990.3654906284455,0.10332265791889216
8116.6903707802985,0.10078984431933422
8244.596771949353,0.10217027521510791
8369.985399449035,0.10260707144655272
8495.962860310421,0.1052758997968384
8621.18402873722,0.09737069973301767
8749.316037083161,0.10360443848948227
8878.659037314468,0.10198684286174113
9004.175317504141,0.10449436812322163
9130.59528080585,0.10544152679295953
9256.166875260742,0.10256356815064471
9381.958724461623,0.10392827139242584
9507.238267148014,0.10647671742702854
9634.38783690394,0.10324712339902334
9761.251139660175,0.10324487155640429
9889.087130626898,0.10510676530034468
10017.057985053973,0.10415504907113586
10146.12291350531,0.10322968656806301
10274.152594241203,0.10540929020298553
10401.61348005502,0.1040186275139793
10531.478152309614,0.1025913401364406
10659.594393039635,0.10400238025999232
10787.421833818838,0.10284751221278392
10918.594433674882,0.1008615970773749
11051.969237136156,0.10728373115275266
11184.808760536134,0.10218739993480143
11315.827167310877,0.10363322864891669
11444.451272070068,0.10552369279942798
11576.109528419305,0.10352691779771798
11708.842018196858,0.10286249836254935
11843.502290712204,0.10193171283012313
11976.011492661313,0.10162548360656398
12113.932100469225,0.10292552427380418
12250.88802660754,0.10289509359209711
12386.450923628343,0.10537848652687826
12522.371215263376,0.1043726040786378
12657.92003880266,0.1024981238534877
12796.536511015658,0.10307994473124345
12930.94848777793,0.10481847217842567
13066.069980560955,0.10247598706827761
13204.516515276631,0.10056441102225612
13340.40601922809,0.09944043800482938
13477.4372408073,0.10124048693726415
13612.965707202864,0.10117296637035711
13751.120777609265,0.10159659743430673
13885.464419997215,0.09967928967111638
14022.483115093039,0.10163016575456763
14160.063694267516,0.10029944287218309
14295.061714759078,0.09992086706138842
14429.355264988177,0.10089135354060048
14561.440182774855,0.09980993729725808
14695.198075601375,0.10029069642870343
14831.53649433232,0.09783501425116135
14963.551418685121,0.09901416474993686
15097.955829410135,0.09869855032067638
15230.99668095699,0.10055939869273677
15363.769666804921,0.10013376556991564
15497.220104943386,0.09973836558120391
15628.960484207597,0.09673173948580228
15762.428137931034,0.10163945599204474
15895.814686765316,0.10051374122394363
16029.93411927878,0.10007196670000747
16162.632028665932,0.10161658299187996
16298.019027777778,0.09915970763574525
16434.156684565605,0.09955823556030155
16572.15897720956,0.10106840029360759
16709.242193976235,0.10151595527266839
16846.090368937406,0.09933475560132701
16983.35643153527,0.0995892951185531
17122.269852230354,0.1015948438264957
17261.156388274336,0.09938319772458082
17397.211530427518,0.09992394866096163
17534.464418444597,0.09848556419625436
17673.366578691486,0.10366978351333156
17812.459844918307,0.09899796920558612
17950.762676927305,0.09892892956406879
18089.12066322976,0.10390390707488052
18228.939064649243,0.09928575506155508
18370.715767634854,0.1017260248168092
18512.49799474485,0.09857215759196798
18653.39265927978,0.10081351156563313
18795.521889720145,0.09877476724670824
18934.999035414083,0.0987754380569654
19074.181415929204,0.09892063463488088
19211.951523545707,0.09865136903031121
19352.43751727951,0.10033523207698222
19493.327746225237,0.10342625455428513
19632.178403105074,0.10047127560512431
19771.84508015478,0.09791963638395408
19911.429458005794,0.10025814094499723
20051.890196621436,0.10210173905242943
20193.179653979238,0.10286558735923533
20332.577071823205,0.10005984302904285
20473.078640776697,0.10185411412908803
20614.10285160576,0.1006352880260355
20753.781999722647,0.10155419818734875
20894.354054427407,0.10289156857161644
21037.869397324506,0.10436265209816492
21179.180166435508,0.10325713607752458
21320.84238227147,0.10241149319131926
21460.67319900635,0.10311770417508058
21601.662283737023,0.10419325425011915
21743.302916666667,0.10593584294035109
21884.084032457708,0.10218018530065144
22025.83606557377,0.10286506536081592
22169.361610849708,0.09998687156869683
22313.26979310345,0.10147376660038947
22455.85837028825,0.104020140813402
22600.684878587195,0.1019267424190041
22744.8751211408,0.10256547855283453
22887.93860375276,0.10510342924264907
23032.68549280177,0.10267143130000592
23176.30774550484,0.10156957449031957
23321.784843446938,0.10168502980750362
23465.99138410228,0.10222567215363453
23608.437138927096,0.09919126595619346
23751.445970314886,0.10108260030891261
23896.1808481153,0.09989022701211021
24042.342742493427,0.09880010905539985
24188.059576224547,0.09957400423291128
24333.766995690254,0.09657672529070976
24477.191237255443,0.09731303247205052
24621.590195806137,0.09823919867134226
24764.705509641874,0.10000332459282678
24907.939952849814,0.09780147248956232
25052.625708362128,0.09856526589590821
25196.825346260386,0.0984937352315543
25340.312205270457,0.09918401772063351
25483.245829312007,0.10103764310283068
25625.791788042723,0.09946174490030937
25771.8999308915,0.0971061068729318
25917.481102035166,0.09633518643123029
26066.975996689198,0.09732783606294992
26216.878833932027,0.09651739817523568
26364.92642787996,0.09648874013421249
26511.86776974416,0.09800005380543697
26662.474098632407,0.09954073664498256
26815.91522849648,0.09714537573496407
26968.413554633473,0.10014868030346945
27119.588218988218,0.09531773492108118
27273.160536504423,0.09616679122109102
27424.39718853363,0.09735052888592803
27576.206615001385,0.09931985735234473
27730.187232278568,0.0983105950427797
27880.963065815053,0.09717038422279538
28031.759407858328,0.10036656556149925
28181.173793103448,0.09755300573832067
28331.7215735335,0.10002440151087703
28480.080913719554,0.10286494687331747
28632.36211197339,0.09877994783270998
28784.95626297578,0.10022158293840304
28937.3092314061,0.099480914618141
29089.69465965689,0.09997364046288396
29243.937604224568,0.09738071940767425
29397.350353822672,0.09649604678126537
29551.10260989011,0.09405909766625742
29704.467514514792,0.09667691750979658
29856.58450215248,0.10013339877939235
30010.242428433136,0.10080153333393116
30163.93786246893,0.09627836008095257
30315.0115165811,0.09840735556895361
30464.004145364102,0.1007863501346351
30614.597571073697,0.10184093535751534
30764.15793132212,0.09782015499573299
30911.765056070886,0.09751977424225217
31060.05773480663,0.09913353378210495
31212.141155284666,0.09909270499135482
31360.919635459817,0.09662251064719347
31508.75659257214,0.09940481326264725
31658.60513245033,0.09886398702238004
31810.612889812888,0.10185365343647562
31963.80177679067,0.09760616002240668
32118.007463718037,0.09890218979804113
32272.07783768837,0.09984817648903906
32426.43265249793,0.09744317777827007
32581.359322974473,0.09999612044055822
32736.78037641849,0.09776889576193612
32893.835084324026,0.09920398127684944
33051.44130224859,0.10017415638893115
33209.87819361967,0.09774149415782203
33365.18178030829,0.10150167459517437
33517.77793199167,0.09869609999148046
33672.61572353022,0.10188667478272877
33825.73049153013,0.10099706664072737
33977.8874637981,0.09974673847469538
34130.373059866964,0.10325078186333417
34280.52517588633,0.10156566021845802
34436.642590802374,0.10152984399044003
34590.590940573486,0.10118187397563
34744.432581938876,0.10129645317711186
34898.37930557477,0.09961473826693618
35052.948643410855,0.10068089152392493
35205.725628279484,0.10163412371475078
35358.94280570558,0.0973964810723047
35513.59318497914,0.10101871481274256
35669.36778283037,0.09903881637128395
35825.28668046929,0.09988983093383903
35980.2652379627,0.09875622721949279
36135.35230090934,0.09874960436510795
36291.641574585636,0.10124799739508862
36445.59424301135,0.09794761621398006
36603.64173719994,0.10030474475400557
36760.08644020989,0.10124444459368848
37011.19259536275,0.09941639398880953
37359.89586064806,0.10212371679536085
37706.36881821017,0.10056018964014675
38051.06175846134,0.09943274313251207
38395.9497565847,0.10230191940600544
38743.42405378486,0.0991455543847466
39088.66498127341,0.0989512782810939
39434.5920224369,0.10094603939508497
39779.759268505804,0.09967101159127656
40121.109683856084,0.10047257417629937
40458.71257185704,0.09934440406178235
40794.36080677291,0.09963873179103545
41130.42827715356,0.10050049473395124
41463.75387596899,0.10076720433134406
41805.32336111457,0.10019140048147859
42151.326317761675,0.10055428865005252
42495.07943227092,0.09946730595299871
42833.18892915157,0.0984888719825963
43172.35287507024,0.1016400646415467
43512.10542056075,0.10036017471755207
43853.84134405586,0.10011113875617506
44193.51639037766,0.09957965000286698
44532.48644597127,0.09991996471685588
44869.20767649075,0.10057638476151637
45203.05427179615,0.09786781515331489
45534.79092382496,0.09994431413739309
45872.28021497313,0.10180316290499758
46209.80265453639,0.0991443928971384
46542.095698254365,0.09749991903020339
46874.68772979373,0.099227560560837
47215.284778948684,0.09982336291157132
47554.363619344775,0.09783009379297054
47892.839324789,0.09691540755806785
48234.25282124821,0.09819368387376619
48574.53498941601,0.09921493940051253
48912.776625,0.09827637010587117
49248.281265570506,0.09827534210587033
49584.676334541815,0.09841390672137566
49929.92303854309,0.09846846460486305
50277.64615001246,0.09910790587061963
50618.452397281624,0.10031020221541231
50954.24420344054,0.1004620919944411
51285.880964276796,0.10066101738402329
51620.344210132265,0.10130278091125985
51955.5838846586,0.1004469231512798
52292.38039411324,0.10169693587151118
52631.868292987274,0.10187167963845856
52966.52275132275,0.10245284853177057
53305.3378884313,0.10038257854425495
53638.8860158641,0.10089965507995886
53977.317019950126,0.09914855086059988
54320.19535144566,0.09975166002098104
54659.123078845434,0.10010408609495654
54999.31334538428,0.09938695025897923
55337.534044145155,0.10363787848733112
55678.28544647879,0.09987075903219929
56017.69438734193,0.0988341767811891
56356.73530879601,0.09837732343582983
56698.505244755244,0.09933547573541596
57042.65933175415,0.099068273089722
57387.57819698667,0.10016924578408548
57728.77090614079,0.09910117345452438
58069.38103555833,0.10070312725026791
58415.789930664,0.09884979430343259
58755.19560617376,0.10172407559376336
59095.56526361874,0.09725222284399558
59442.58073548628,0.09942371650369732
59791.95999499937,0.09895975218799175
60135.376059322036,0.09746716695965477
60479.4147178048,0.09725741409991724
60825.4271911233,0.09821205090685484
61167.15787172922,0.0990739682310769
61513.09726728225,0.09916789501648586
61859.09511632258,0.10100884695792882
62199.32138850804,0.09973261191209115
62541.8170693638,0.099211396977921
62877.768750779986,0.10051517212382319
63210.9785287528,0.10137778596462159
63549.02136965759,0.10027557557770696
63893.65103809464,0.1012795950112104
64235.76821729628,0.09822973647188844
64582.28237421285,0.09941728853051737
64928.33269003299,0.09891649845319418
65273.99312585927,0.0978317055428898
65616.81466940862,0.10003519630272945
65958.63685687559,0.10049318719263765
66298.32605848974,0.1001652825657957
66639.70010612397,0.10237548451440284
66984.76683291771,0.10081261188336389
67336.81784107946,0.1003551645003175
67689.32684752105,0.09815163874392067
68040.89571125795,0.10183289212714333
68397.58449651046,0.10111721542281682
68759.84047396321,0.10094996272058632
69124.15591229933,0.09951652278028472
69486.07764808688,0.09710827911493605
69847.89165784064,0.0984450331343591
70206.74146432806,0.09822967556124515
70564.69893948846,0.09892934211683023
70922.13623025536,0.09800167729187581
71278.18246312776,0.09670757094955128
71634.8297142144,0.10097806649149685
71991.67110111799,0.09782915832160566
72354.14070383058,0.09937857452143121
72714.47451494167,0.09849089292649288
73076.34821986259,0.09890142704590846
73444.83651989786,0.09805383191521001
73817.2672122954,0.09951017406216657
74192.11916193801,0.09459357899911368
74557.58897274372,0.09787695515565949
74918.6243600949,0.09665419266673758
75277.68534348287,0.09814284435439127
75633.43471496142,0.09772374535098505
75989.41845078334,0.09776572818432963
76342.15231498814,0.09839989863901744
76691.20918622067,0.099154880217989
77044.64800049832,0.10083494770827618
77394.75328885841,0.09992856121766827
77738.46206681237,0.10042733009905522
78087.65484353573,0.10197128263895501
78440.04469971282,0.10012132897560848
78797.48018473445,0.0971849455297188
79155.0929798357,0.09949343348808008
79509.47891283974,0.10024931453104591
79866.9322773759,0.09967943609335689
80230.92146956088,0.09782121223364103
80592.46707408331,0.0989152768135728
80949.3558761084,0.09696173859025571
81313.00908807968,0.09964098111518034
81680.46950230759,0.10004918926328747
82049.009858364,0.09943259083681147
82420.25262172284,0.09780857939337605
82790.98422103032,0.09745565543786969
83169.17575568713,0.09700145077084239
83542.52525757103,0.09946684638753699
83915.58051640264,0.09986030983332456
84304.07589564349,0.09964731925848816
84688.13443807625,0.09637524445985132
85065.7885660731,0.09683351498679157
85437.61954559601,0.10054589087978365
85810.11905059338,0.10212949307132245
86176.66394617158,0.09938331750002244
86543.0001875938,0.10230917139216533
86910.76629689643,0.10162167161247049
87279.90592117552,0.102120636540419
87647.20054927908,0.10281558098753593
88011.49618892914,0.10028713196328509
88380.6757734531,0.10051671522204551
88752.62721266517,0.10152246718650224
89121.67288611544,0.10282589738368524
89488.29855307471,0.10482586246009665
89858.77526968885,0.10367489358655448
90234.48205607476,0.10091355399504304
90608.90090427191,0.09739586983425316
90987.59522917448,0.09916476244247155
91363.6487701336,0.09765295233883009
91741.02118116122,0.09837741135983387
92118.70523553668,0.0973622453719152
92495.37717384529,0.0976367251820495
92878.6866359447,0.09786949149930209
93255.73111763604,0.0978770735639671
93633.7076424386,0.09673078104071942
94015.95478922424,0.09742962063628376
94396.61607644745,0.10089550432471615
94779.68829143535,0.10026441074934699
95169.59900249376,0.10030285206499899
95549.99370873303,0.10002457611518963
95924.95934045344,0.10073692364931572
96295.4733424897,0.09860462720821682
96671.05947329006,0.09928371467222802
97050.18101462808,0.10061036292393169
97434.593997629,0.10126951003510264
97815.65523904507,0.0989712478190889
98196.1564137759,0.09898400805977088
98573.3325639426,0.10048710538331512
98951.45861897046,0.10003931314002912
99331.79458817648,0.09985198686803619
99713.65862477402,0.10100643488620727
100083.71041796631,0.10010230663942955
100454.76759686059,0.09704986233214473
100826.08409814571,0.09659939593976355
101196.1026665834,0.09910763937727754
101566.65932351473,0.09784936796106995
101932.90627338488,0.09914827921995527
102299.55607418471,0.09866742932860785
102668.33641358641,0.10119456819562667
103037.27412308076,0.10008023071624787
103409.94577412117,0.09969489121025693
103782.00617245464,0.09990430011741952
104155.79857642358,0.09745748117855571
104538.09226932668,0.09930409297305104
104922.48806697488,0.09883155759633057
105307.23214285714,0.09696882781836962
105693.85083666333,0.09852905693125374
106083.29478472179,0.09888086697332951
106471.66545863534,0.10090000936875085
106855.98555147288,0.09884015078465146
107241.46580556595,0.09853455698623725
107634.11375826369,0.09641499317127689
108027.21985151913,0.09932095809135964
108415.98357379301,0.0979169740695774
108806.4069085921,0.09879803516405443
109195.9909068261,0.09989610957684722
109587.58295319628,0.09655400502230063
109983.36172469737,0.0976262651471623
110376.47546299183,0.09634952277072828
110765.01514018692,0.09631967444489696
111155.75315034311,0.09630123355418796
111548.31332000499,0.09882423764473455
111939.48390511176,0.09919997580954122
112332.96646512498,0.0990456789567154
112729.9449128724,0.09957278949251126
113126.39682044888,0.09785476128734409
113532.46418552459,0.10006031198442131
113942.20138542187,0.10125571737917023
114339.35665209244,0.10006185093740025
114739.38912446995,0.10051845384570866
115141.43053739336,0.09879992058810225
115549.85279441118,0.10011035007348175
115950.57281977651,0.09886219191112929
116349.88018490755,0.09930562530444881
116759.03790849673,0.09849366652479208
117174.26714981881,0.09889571984997558
117584.96361370716,0.09964021634253759
117997.47467998751,0.10102588033116601
118415.1725448654,0.09897490273632537
118842.45750981981,0.09840561597626006
119270.40444666501,0.10013587226327718
119699.40396360464,0.09849084384164761
120124.1950580307,0.09873897135351736
120544.73815461347,0.09892339543171713
120960.26033212636,0.10047444746966602
121381.17321361766,0.09961259306572728
121796.74508702976,0.09944644427821633
122212.55977820697,0.09947687629617724
122636.55826152118,0.09970109796500487
123064.54237288136,0.09957187767848738
123489.5961706374,0.1003720686103184
123904.84280539595,0.09828213018788001
124319.82148430185,0.0983652608454406
124745.74656041835,0.09686570332853955
125172.79569892473,0.09637521924439355
125609.7093942601,0.09624747977918587
126044.91335537397,0.09738494734012532
126482.51745892935,0.09783872717783501
126920.57441903932,0.09498734486524887
127363.82508271428,0.09720630689938194
127811.12020220932,0.09634878540939669
128259.99819089207,0.09588037160015912
128708.67404589673,0.09610132502468495
129164.88980201718,0.09654887845369733
129621.20046212453,0.09765700974652045
130077.60007489234,0.09687781042615791
130523.97734506647,0.09931817385195216
130970.19758240388,0.09877411366185276
131414.7562815637,0.09918976833503385
131853.19107644306,0.09823405415126825
132294.38058119232,0.09823475850275581
132746.87613934325,0.09917535768838195
133197.45211970076,0.09870778895373722
133643.1866658351,0.09822575681206339
134093.03827930175,0.09914839090170366
134542.81606541006,0.09753518794299763
134993.90760700268,0.09772850621106015
135439.5618173875,0.09998875576117996
135885.3661014836,0.09811713197472598
136328.05997750844,0.09853471976612757
136773.13895472122,0.0966254906958733
137222.54552820194,0.09931253298596657
137670.8004369538,0.0989115080370087
138118.3858478803,0.09872422104963278
138563.87118707504,0.099557056585544
139011.33499781537,0.10006457575724442
139469.65811805814,0.10018520812563739
139929.0891187835,0.10113287469389197
140375.69564675065,0.10187261303636085
140820.27236431692,0.1019282804067896
141259.61853031153,0.10005180002182291
141697.93464581645,0.10140548527574948
142133.51148707705,0.10031413031479161
142562.83865336658,0.0989090811463651
142996.79756857856,0.09956221866557433
143431.99519650656,0.10124855995629158
143868.56936723093,0.09855701841950332
144309.38129361914,0.09761069741302587
144751.0923652228,0.10021377026594101
145189.50711966027,0.09610195452165157
145620.0885760558,0.09648064272365164
146055.9317983277,0.0990867453705133
146481.6061192632,0.0989830747534016
146911.16526505948,0.09833629008083568
147340.84310054296,0.09801135900635892
147762.2640862628,0.10030537346334945
148176.5076557715,0.09852123862735516
148602.1671024779,0.10020162473136064
149025.16171596522,0.10228414262392115
149445.72487233777,0.1033497258041772
149861.65122802643,0.10129884997960598
150282.70005616927,0.10151186423630691
150698.71599775294,0.10394197685173732
151116.49828500155,0.1005260162248651
151524.77923940148,0.09899631451725475
151922.6609471517,0.10086060333637477
152321.05606777972,0.0997236610336532
152731.21722846443,0.10147085631489353
153142.62573281777,0.0998322349047141
153551.99887766555,0.10153881068550528
153960.75557081331,0.09810592338572792
154368.68262987013,0.09860779122752844
154778.2637122912,0.09768915760842083
155184.59435197306,0.0987240569133306
155588.64322737776,0.10009774980796839
155996.2414781579,0.09964891419897937
156401.91323061567,0.09981486618105928
156804.14549653578,0.10133346835852008
157213.90065400186,0.09765687621595773
157618.87264327632,0.09651529992483585
158029.9285847822,0.09847991973706649
158433.16657287563,0.09823463928165309
158844.04246575342,0.09681371983197337
159262.05198528952,0.09891597256948548
159681.2076297686,0.0976999339011046
160095.3482026042,0.09820280760292263
160513.50236730627,0.09905348000168367
160933.96774193548,0.0994851026047319
161354.01388194098,0.0980486513286704
161772.9599028703,0.09545607684865225
162189.022923173,0.09637115841167745
162609.2953400112,0.09766931492323368
163032.1961286294,0.09699862407942023
163462.97947598255,0.09743465013685619
163899.1274020464,0.09823366695924138
164336.1421091997,0.09740529968200501
164774.85124843946,0.09814973838684021
165215.75129436716,0.09954352382192999
165651.12236760126,0.10214772992315733
166084.91988742966,0.09931921029865816
166515.45378570538,0.10223232664932545
166947.23996515028,0.10050538552886235
167383.9723574192,0.09978159866081968
167817.2716773831,0.10042853171068862
168239.7820472834,0.10292873087817644
168664.87918876755,0.10308915240791713
169096.3911825145,0.10087564508940255
169526.9109281437,0.09986268227823865
169961.5937227006,0.10031636143847872
170389.86616287785,0.10139564895610781
170818.77994011977,0.09981134281655221
171242.74612173697,0.10087183492347311
171672.80536159602,0.10278359959820607
172096.6864359214,0.10280270326617454
172522.71335789672,0.10121868120637648
172949.86216789324,0.10491735234440945
173379.09868462067,0.10130563362305797
173813.0494289459,0.10165875783773028
174256.27115156804,0.10032008656764514
174704.00480409284,0.10365825012891719
175145.87740444666,0.1016720822591612
175583.92728631015,0.10065752276079097
176027.89700561448,0.1019370492738138
176459.52268897073,0.10303443398837416
176897.88457699027,0.10269963908089008
177346.26897885348,0.10367294286094832
177795.91906542057,0.10567073083053402
178244.42913312113,0.10421268671093399
178683.69499345345,0.10189993002193616
179130.7932863293,0.10381006061413334
179572.37930173005,0.10371655305071223
180011.2716349147,0.10188812564394403
180455.98832636245,0.10214711891849282
180907.3797318366,0.10186058551627485
181356.0233647779,0.1011777831586685
181794.88215110113,0.10443194584680714
182242.5893102158,0.10275623919352583
182691.15551818634,0.10240318447869985
183145.90003748593,0.10332858465195555
183602.04301209326,0.10282525371273052
184059.57420681918,0.1032243869679283
184516.83272047367,0.10217965362932084
184971.64533866534,0.10433123604428139
185428.19783231593,0.10630021862408046
185875.59424361616,0.10354268567656735
186321.22791365112,0.10611788717300226
186756.58498442368,0.10471586810505171
187187.10166739524,0.10343649608660804
187618.9406082513,0.10372276744509697
188043.81844866351,0.10114340222898939
188463.5756292051,0.10284736016951858
188888.96247116764,0.10492147249255081
189324.20099843995,0.1034716181848878
189762.86943231442,0.10701456128734088
190214.59136295557,0.10319205638115295
190678.42078651686,0.10492578412278146
191129.60564345334,0.10454365330295957
191583.97748674775,0.10281802723279539
192037.98450290572,0.10157342894949166
192481.44875466998,0.1013105984859729
192919.70478209364,0.10223264868550863
193347.60993261792,0.1018968016335723
193784.48033216782,0.1034160663354338
194221.65212507022,0.10047874866941611
194669.36932775733,0.09979402293481748
195114.8207617625,0.10341129430560635
195558.9335541943,0.10288075045644725
195997.4033021807,0.10078313514438265
196431.6442793833,0.10160592527010907
196859.12528828773,0.09943959167111684
197277.6067352666,0.10139879675924163
197700.40792671527,0.1027524987264303
198116.40434294273,0.09853427640846783
198527.3729564458,0.10038025335852216
198939.1180473188,0.10045165443288918
199345.47996759924,0.09979933996928493
199752.31558887847,0.09781501455096868
200165.7574060244,0.0973837769813774
200580.950171714,0.09939577009508638
200991.99252196672,0.10042086697169478
201406.47889173808,0.0989191826867845
201824.3827837686,0.09951090636688482
202247.50950570343,0.09762860372656486
202678.14011983524,0.09883247636583226
203107.1192626269,0.09678804285637517
203539.24410627416,0.09814795793406655
203976.4154345249,0.0991829523218714
204418.54200474347,0.10167429856117029
204869.5912886341,0.09879156047457184
205318.2579154437,0.09694927798026115
205772.30807105018,0.09727617578903189
206226.95225315192,0.09812055202752505
206675.8617764471,0.09941581235296704
207126.2348536844,0.1028627620367381
207593.94505357588,0.10334979610395754
208060.02166718701,0.10170044397904478
208517.30312850553,0.10178637995641455
208970.08842092106,0.10253041623844056
209421.45618187482,0.10109562002792313
209877.73671391993,0.10002267363730674
210343.15038672654,0.10310678451391
210802.77093197108,0.10575205002738013
211256.1068239995,0.10538909650855581
211714.63372637096,0.10011785090313625
212171.6914628058,0.10086308197559203
212628.52475864216,0.10218145429858076
213081.76039715248,0.10097664808769054
213534.69416235748,0.09841157740497714
213981.33408281807,0.10013452756564412
214425.8965022757,0.10197961294588678
214874.60130963518,0.09955062053171876
215320.8660764387,0.09875282208251826
215765.66758104737,0.09708198595190715
216210.4375429607,0.09938356392805583
216659.30958613812,0.0979551000642484
217106.17141254907,0.0982222656874786
217546.5309375,0.09943906868031394
217976.718317757,0.09926997306629672
218417.43061275428,0.09814290246404071
218862.39780726345,0.09789488648256021
219307.3579229857,0.09846904258765522
219757.74498907276,0.1002284377413257
220215.34615384616,0.09980150066610426
220670.80419057122,0.10094221647602616
221135.5634128074,0.10079404876002865
221606.0992018955,0.1010376762997103
222072.62786640078,0.09889601188632755
222529.39207735495,0.0964536667450891
222980.16263105342,0.09727351192150012
223442.41333499656,0.09709345343028841
223908.96447968038,0.09698761426994044
224372.85917336826,0.09819462895423604
224829.2081043956,0.09786796004714307
225288.7776740132,0.09802201718993453
225754.18151155527,0.09877997258931923
226217.15844366726,0.09843670747915284
226684.24407878335,0.09761919730307382
227163.8410336239,0.09962086775422976
227632.7186679995,0.10074366273777736
228104.63596682673,0.09782958766485661
228585.876971019,0.1003228686400444
229063.45178203608,0.10039791702512049
229537.65400686,0.10008868025245748
230023.99856554822,0.10080753849219551
230522.23204144044,0.09741374022131916
231020.95133653187,0.09958675436296566
231526.03783480052,0.09905170180900254
232032.00162114977,0.09636778090416308
232539.45489144,0.099193128126049
233025.9262560778,0.09878512768743773
233522.98589527555,0.09949884080797691
234011.11310637236,0.1002323258702683
234493.1093584388,0.09876185838370699
234978.44692144374,0.09855211211066957
235461.97163518483,0.10049939351845139
235945.86543140557,0.09969048464170419
236431.01396508727,0.10096478085009086
236918.43388920117,0.10113392974785965
237405.85590634536,0.09850492814505328
237898.35301460492,0.10144044134018286
238392.30898420428,0.09959584268565136
238878.30964403716,0.10119587382601412
