D,r2
2769.8392953200646,0.08785543272753331
2856.098262757872,0.08844219706085553
2944.2859851049425,0.08458914921444573
3033.695699069705,0.08748762107679615
3122.95428802589,0.0863167708104512
3214.928951315969,0.08487627182463392
3307.2117111081334,0.08505541521554194
3401.0189735189733,0.08054909550646391
3494.4963582411656,0.07819031233871883
3589.6767690434312,0.08099673564853957
3683.34131897712,0.07830513815500018
3777.3751703461435,0.07990565793427148
3869.932359307359,0.07739154920592124
3963.4726341331893,0.0776469453936929
4058.9785714285713,0.07624280847078489
4156.4909928213465,0.07817723791226483
4256.2087003659035,0.07731130785776598
4356.6971459488705,0.07579964967110528
4459.126614639397,0.0736324553551778
4559.136165577342,0.07545885827556471
4657.987742456897,0.07427699649932483
4755.737979470557,0.07201185697505047
4854.141128484024,0.07553627815552173
4954.608236250338,0.07527971950107651
5055.901365282809,0.07588260648204866
5157.49578888265,0.07341423342570583
5258.276679287617,0.07412814195996277
5355.034263959391,0.0719563794846546
5450.665684210527,0.07146184495741843
5548.6917134831465,0.07420913916575712
5647.056078706957,0.0731690515428348
5747.023972125436,0.06816605049196554
5847.235202931229,0.06874618288524205
5947.198881118881,0.07032288485535472
6049.80634696756,0.06806521722699797
6151.385900856621,0.07101027008344482
6253.642897091722,0.0699397152020278
6355.729585382994,0.06915023266983324
6460.500911257535,0.07049215268592693
6568.102642986994,0.06741933469879152
6675.308570623061,0.06936415425880155
6780.782277409341,0.06846864610256873
6886.35335935322,0.06705444687175079
6995.703210430394,0.0672882510539559
7103.14998590358,0.06745138731687358
7209.930112044818,0.06432132666403263
7319.22581995813,0.06659861141173819
7426.533445993522,0.06500703928895066
7533.5980089736395,0.06542928912749195
7638.9632497887915,0.06773209260810865
7748.830745558819,0.06788765248536592
7857.867982640347,0.06657579483708799
7964.639298245614,0.06356504080737548
8068.0559696245255,0.06601823591368766
8174.402167792793,0.062176274779962154
8280.187011173184,0.06517355743790335
8386.824608437984,0.06531652847008518
8493.934356951684,0.06475518702405397
8600.622575694153,0.06336527829447793
8708.452753704221,0.06168883334220942
8818.104471316086,0.0627380586129505
8927.721025207717,0.06333110097307594
9036.227463605823,0.06370137101385955
9146.07086391869,0.06449536805342186
9252.390226924683,0.0628117663782061
9360.826947368421,0.061116015855346845
9468.882625157761,0.0633061250761921
9578.146427562835,0.06224977470037205
9689.946097697923,0.060794611293952826
9806.279533642366,0.06267566454497607
9919.65598200478,0.059993337545474944
10033.375122703688,0.06164092234510485
10150.238981390794,0.0615961097297068
10266.128435221537,0.06471440842735467
10382.978920741989,0.061034782172903965
10501.727145457091,0.06171074514470994
10619.907900295733,0.0605217905345525
10740.12398996935,0.059737626522915525
10863.232594266346,0.06192553762622337
10982.682519640854,0.06076439727262117
11102.587078651686,0.061545554404374
11219.866957010396,0.06288507245536522
11335.05008441193,0.06039442521134777
11453.492356864925,0.059401532217877084
11575.85706254392,0.0590788775742013
11698.199436619718,0.059249312109960886
11823.647920736812,0.0582284133250935
11944.585530954731,0.0600557620445721
12067.029959400812,0.0577901262945891
12194.754413218472,0.057944387487303024
12321.455192629815,0.05681197412221011
12443.770874332302,0.05807988597830355
12570.715268032556,0.05685560161947066
12697.708830548925,0.057932048981029466
12822.319966230478,0.055699187515139165
12944.87861433161,0.05459676784316566
13067.832563994963,0.0563767459188987
13190.780636042402,0.05525352197482944
13312.286635815453,0.055245486383452516
13432.533658536586,0.054480546513484406
13556.595891374702,0.057772705563124006
13682.327654181921,0.053677278372360075
13810.94319294809,0.05511368246862135
13939.79041748389,0.05493682088613312
14071.81323943662,0.05595725609025357
14200.605215196972,0.05628510621747678
14330.623857082572,0.05470594267313249
14463.965266106443,0.056898085467301046
14601.236429770564,0.057183281077952085
14737.539458850057,0.05834804825671021
14874.394589290721,0.0545688062236862
15009.037844682049,0.05302850020819075
15145.88015138772,0.05603883183936428
15285.676103714086,0.05419251349376114
15425.880089548062,0.05699573721527332
15566.445491630328,0.05533152190409746
15701.79002108222,0.056688834136175835
15837.32065674993,0.054673971511837546
15974.484241490405,0.05549326785267498
16110.824307216204,0.051681756381572845
16248.671741863389,0.053890520281589305
16390.831198085318,0.05656065054438258
16527.168647741575,0.053832665796108826
16664.921060050747,0.051676038434250685
16807.076007838747,0.055212500351262205
16951.85694288914,0.05334622846190132
17093.5256772009,0.052813447421195474
17235.785104297913,0.0558295137088502
17380.835576114383,0.05158933156786341
17530.207834296183,0.05376123952383899
17680.51209621032,0.052600445959965846
17831.050217421798,0.052746859110473256
17982.29849061927,0.050535663406813106
18134.485882024044,0.052281556271416216
18281.342761131335,0.05286895225219385
18427.110113620423,0.052504408836816424
18575.60488424619,0.05166277636858679
18723.73913650971,0.05205494915946779
18873.187807968465,0.05230692087532934
19024.195173284694,0.05456418190484689
19171.09118924219,0.05340789492307987
19316.59533183352,0.05442257418985633
19460.00897489833,0.05634859012690158
19604.704124579126,0.05408543516226539
19755.38518726329,0.05239202887003675
19905.002245298907,0.0530530345769444
20053.520640269588,0.05325674935006718
20205.795578564434,0.05526484289793103
20360.499718547708,0.05496270131704465
20516.367067374897,0.05221517734411476
20673.200168444695,0.05424445861189383
20831.83617410903,0.055997084041526375
20987.684964200478,0.05437271508374614
21138.455195624738,0.05610263223560364
21291.124245402218,0.054164218397538294
21445.06609478273,0.05383633476735702
21598.66685338188,0.05586288581760562
21755.714285714286,0.05548415022098599
21909.90889919865,0.05353206044551752
22061.626924153374,0.05364928208939487
22214.596466629275,0.053405305995084175
22369.537596626844,0.052661926406607384
22522.60518894529,0.05560898079114206
22677.22370453588,0.055344089147817306
22829.41988795518,0.05420414927150692
22980.974775784754,0.051075387929222886
23131.308360173643,0.051066611891667425
23283.162957746477,0.05132046309921508
23435.17904602042,0.050991913958686554
23587.865438695164,0.05293962917003455
23741.34900643717,0.04790247801258595
23895.58588135832,0.049553908561567155
24049.08731604765,0.04840544663715558
24203.213325867862,0.050750165538187356
24357.2296973962,0.0493999552206867
24513.10430998175,0.04724200820261328
24667.26673200784,0.05019768411863553
24821.96271281835,0.050734678567320834
24978.740881032547,0.050703945835071165
25138.975777093252,0.052821266709028286
25303.337091319052,0.051905188595417553
25468.376939203354,0.05090664263354467
25630.46892575928,0.055336698082061084
25794.141179759576,0.05396057756907071
25960.11128306134,0.05442837975319457
26127.09219560039,0.055738067955686706
26291.41911764706,0.05515087609711881
26454.27514257894,0.05285949045232472
26623.556601123597,0.05192100926607125
26790.80597435536,0.05414944903476552
26953.897770298696,0.05268469861296251
27118.263327270182,0.05135384249941776
27283.11945968763,0.05457431397447659
27456.355680224406,0.053411354343871426
27627.550785634117,0.0543779425301997
27799.916958900267,0.051364018569497356
27966.757524613222,0.05377597641629704
28132.43700070077,0.05313695477367337
28296.681901279706,0.05322822756551532
28462.263754724907,0.055387554317480985
28629.173195299383,0.055477579881600646
28793.291014247425,0.05481888264714168
28955.39341275403,0.05288473963741101
29111.747086083415,0.05250429621530329
29272.072258787284,0.05388251428631044
29433.492484899565,0.05506050790832738
29594.38289806234,0.05355568342613652
29758.04728497264,0.05056200445147612
29920.702264467433,0.05361998314838208
30084.857122807018,0.05228210754771295
30249.33974448968,0.053822267499519204
30409.730731294912,0.053603599677006265
30567.249266452425,0.0539728446099109
30729.135002109408,0.0528906285696489
30890.306099450627,0.0537007029911948
31049.2181843693,0.05396791857191707
31203.303859649124,0.05447626673432257
31358.097896213185,0.05638799807403339
31512.10103554436,0.05450329510494518
31669.27384138611,0.058079407923910496
31822.91913104415,0.05412549973995389
31978.28439209087,0.05376604162689942
32134.654192459202,0.05363696679891716
32285.25350336323,0.05572309695644947
32441.916236213878,0.05385302715303311
32604.017479560192,0.05205067826691402
32759.9087596356,0.04985358812110183
32918.36229852838,0.05026724922832471
33076.32953746661,0.05217407746765749
33241.225919194745,0.05090409094509379
33406.62288851351,0.051956026134499476
33571.476244025864,0.05240256413880486
33730.76326874473,0.0525876522633508
33894.186990727736,0.05045180952685839
34058.378753859106,0.052106636029816175
34219.73296089385,0.05120168504325552
34381.97130801688,0.05151509270262531
34543.57331275431,0.04997680415793942
34703.87988198932,0.05232702747406267
34858.17554902784,0.05150785030410051
35014.6300098439,0.05418666370381031
35174.280510018216,0.0510124263030409
35333.3636747327,0.05588217513308123
35488.34374562264,0.05364350843939944
35645.79842895217,0.052077455495149805
35800.39513976682,0.0546442648953349
35955.8518466704,0.05210778541497763
36113.18764044944,0.05293203931357944
36267.51815367295,0.054020259323052905
36425.29192982456,0.05577453913436113
36584.01107528389,0.054548596016163624
36741.373163565135,0.054096191940174676
36900.52344632769,0.055812392281467435
37058.20411303861,0.055977634779626584
37218.83380123526,0.05625161211957007
37375.67288801572,0.05224436299078778
37530.676651735725,0.05351741689191391
37688.45204325235,0.05435855749983289
37848.82410651717,0.0509848120844983
38007.33454953691,0.05191863416420149
38169.710998877665,0.05318936768888648
38333.916162610774,0.05389675605874639
38497.491938875646,0.05435701745040316
38663.06839523476,0.05410290646310941
38828.9588963964,0.05339329238489471
38994.29360749755,0.05248993032150285
39157.659834339465,0.05173874056132865
39315.91900267643,0.051564455205281884
39480.73742624333,0.05139000037002942
39646.83562605278,0.05162389900864927
39812.545683503566,0.051146618312333976
39976.65373301583,0.04664026255863713
40135.821127946125,0.047424352598997487
40395.15863555668,0.047281696355034895
40749.35990139688,0.048500025514777605
41094.94288247214,0.04965649633478554
41437.86287266296,0.054086554831921554
41777.77771443051,0.05134518296940566
42113.30079656088,0.0488411526538467
42443.47622364339,0.04909401863947698
42782.56294326241,0.04670832948933454
43136.59889761784,0.04672093408046207
43492.74925750395,0.045732036923775594
43848.644675193114,0.046010164521091725
44204.38055450057,0.045595822422212544
44566.59333923155,0.043986382900408544
44936.90105850288,0.04276033966359243
45308.22232052578,0.04225155783387318
45670.8122627183,0.04361384764229689
46035.149901880104,0.04382044109669188
46396.66196202532,0.04498573267437891
46765.96291843321,0.04346673237796093
47137.534475131135,0.04395403478147004
47506.570939737656,0.04516274039277606
47879.668838975005,0.044263860801731704
48259.45194920073,0.043976213161466556
48631.59849300323,0.04505620067858107
48999.55903370644,0.04310146622883197
49363.511499714885,0.04322922035242918
49721.3021109847,0.04289710175867824
50070.501486495035,0.04165360661248813
50412.3027941456,0.04235461072445106
50761.06442842691,0.042863200712593294
51115.93071812717,0.042404802163056116
51482.25385880567,0.04244847033932814
51859.20945988729,0.04330866569828704
52224.24947840931,0.044480654095479404
52578.463794741845,0.043133275709841795
52931.74810462471,0.040161500328548
53286.67686170213,0.04346876410304728
53636.94404709159,0.04317910628094523
53987.28203668564,0.04512247316406384
54332.17259493671,0.04509983007599474
54681.048367670366,0.04481683597461461
55026.19946926139,0.04514867675538277
55378.71275048992,0.043280511578289035
55727.292635045276,0.0422901897033806
56093.39473351057,0.040942634657289395
56465.146375435266,0.04199145694344507
56841.457097692066,0.04194225440962442
57222.279974691555,0.041466935458247235
57611.65409482759,0.04166867593116025
57992.7323088598,0.04213254053843765
58372.73405801681,0.04213966148701277
58753.116686705056,0.04354758849286209
59133.924152327934,0.04360113034785511
59503.137712802985,0.04244614568938871
59862.62218557747,0.044406586831619396
60224.60512690996,0.04429648469978574
60589.96759083428,0.04265849594174881
60946.92940656007,0.042590751012989286
61310.16183651468,0.04176107265232841
61677.5719787852,0.042057339050787484
62041.281671415,0.04350560457330561
62415.26433141192,0.04321672592086773
62792.88283619818,0.044183190217317696
63173.67995696475,0.04153418139664105
63550.805541497975,0.042312994496924654
63931.45514971197,0.042883703108945175
64311.37465198684,0.0414516682008956
64689.56499144433,0.040801335240170065
65070.4364843503,0.040748442005254126
65447.27745774514,0.04030348868488597
65815.0242328377,0.039541138127606484
66188.65181674565,0.03929350462661822
66559.09165665128,0.04094347226058558
66926.38591709976,0.04066645250073609
67298.00126510215,0.0427283201381565
67663.49765436795,0.04343440037543028
68030.03217665615,0.04299163506826842
68396.64273493442,0.04302301870975345
68760.77590788309,0.04202817965132674
69123.37031170806,0.0424377510161202
69478.5799772756,0.04082817842306458
69827.94649657274,0.04201814217191075
70188.08402725209,0.04351213254267717
70551.67101100848,0.044177621573015406
70915.97334262014,0.044097170112895816
71293.2879286347,0.043612146558831485
71677.57436839106,0.04312601057706925
72061.85176977141,0.0427087580349681
72445.53355258997,0.043703579527447745
72832.78627985051,0.0455543112869835
73215.05551345207,0.0446526214215911
73595.63571338145,0.043494157676763213
73970.04664261756,0.043401711709258085
74339.30239331392,0.04522043643904037
74710.40317179503,0.04388207878622186
75079.09472285498,0.04111458503641062
75444.41086007215,0.04190152700050205
75811.59646455047,0.04181894605190101
76184.28307497628,0.04263966422788997
76553.19277718045,0.042476171623369995
76923.17593823175,0.042088487305114976
77288.40429304123,0.04357775737084088
77656.79431861319,0.0414172154577481
78017.88029326254,0.0433946166011207
78386.28264033922,0.04269368328648368
78759.28394905265,0.04111961730589978
79129.68126227742,0.040003847825679846
79496.09426823886,0.03978286729616937
79867.1180348653,0.0405285918313558
80235.59520344238,0.0401269639066633
80617.32374691866,0.04063997425996599
80996.67505532721,0.042168933407350076
81379.91179636547,0.04234663414667455
81770.80390293353,0.04180096845948731
82172.78380597486,0.0410010429480085
82568.46028629338,0.03922840935389582
82961.17985565966,0.04135665716091687
83361.3767694641,0.041387931513127994
83765.93100829166,0.04138334060685303
84171.66272076976,0.0400073327078317
84580.73612340372,0.04257508931508243
84978.37002728254,0.04127718549243279
85388.37404338752,0.04222969094560935
85791.69095620299,0.04138518033990737
86183.02362104997,0.042087774038240884
86582.92318877229,0.042408554152112206
86995.74454631678,0.040760638865033165
87404.2262085548,0.04042008739773158
87805.66493605166,0.04023326487324126
88214.58154547181,0.04037711180507175
88617.95886156187,0.03965254505677125
89019.64527133742,0.03941587001931804
89417.89656483711,0.04047584425641935
89820.62600341318,0.04144340048138339
90233.50060054364,0.0418281671521446
90651.21740506329,0.040254847969648476
91057.63403528742,0.04221734146252199
91464.95666202708,0.03831543336177342
91871.95808800253,0.03894862232764889
92288.77113323609,0.039135215173350134
92703.57035350661,0.03991141309943581
93124.79486693216,0.038155493713437995
93542.99317104016,0.038066631835947176
93960.30275578081,0.03863114067867373
94383.96860759494,0.039213696944900484
94821.24823143001,0.041692142278667015
95270.7277510142,0.04051364059611523
95729.04839321862,0.0398030936143181
96184.06883691529,0.04154619496954665
96632.67435085497,0.04003056272156225
97082.30669027445,0.03911604277578563
97514.44569691597,0.038908007843420495
97941.5550496427,0.039117170564927896
98365.06169324221,0.03812952762201492
98810.37562488136,0.038670856541730664
99261.95775894777,0.04050265744552107
99713.75022149095,0.04061533532835807
100168.74957291996,0.04077821207018068
100638.85885486018,0.03857593497685211
101098.0205847067,0.03941222452111974
101545.05849582172,0.04011186923240172
101998.04037463613,0.04171610811743962
102461.40168290523,0.042026091990587454
102936.97216423103,0.04122810839271138
103421.4021546261,0.04113655432946072
103901.53053604202,0.04103974005631172
104386.6474865634,0.04385517267164792
104882.40357865453,0.04243788942689853
105362.80152091254,0.041360772375759663
105841.03600758054,0.043349746143578366
106319.59997463378,0.0422750022997264
106776.41517180394,0.042185595523205124
107220.99784959838,0.043231405598936706
107658.76009636722,0.04404309157348511
108086.04826279217,0.044188640978065255
108510.93244269976,0.043359477012675805
108936.61763402747,0.042888453244565014
109358.27245130281,0.04486826784082946
109780.84411224425,0.04517787598207887
110207.50347705146,0.04554142721139939
110619.90683229813,0.044570938446931274
111032.01012401923,0.04457767297082088
111441.38969424574,0.04485074330432156
111846.61991921232,0.04437318495323117
112248.45694567557,0.043302034346606205
112653.61030901723,0.043879035145734775
113065.13217918747,0.042079501130757736
113476.01885598582,0.042306633012561594
113885.06975566527,0.041407194657342626
114289.6982469464,0.042119340967500446
114683.52818015055,0.041920694674048
115073.6280881794,0.04144136601157941
115457.925071135,0.04130534224931187
115852.46443488167,0.04197231203400191
116246.81501391348,0.04253692353512116
116646.7306546676,0.042093123192214935
117050.12922414884,0.04312117475098987
117454.32677464254,0.043594667930005354
117872.60824481538,0.0421509973449051
118296.90561854691,0.041567783509782005
118727.99127355508,0.041836620358868024
119162.56386745922,0.043269435655907545
119582.57872421213,0.04120472033319974
119986.77501742823,0.04164262622871892
120384.23888818538,0.042970424041065616
120778.80951779056,0.042362318053051205
121175.43489270115,0.04328208757049012
121574.57029177719,0.04280611579341364
121974.1421686747,0.043162126664395416
122361.63475020527,0.04250500974943492
122745.6911578414,0.0441448042959496
123121.40233014627,0.044973103599228785
123479.1435900684,0.04205316692301873
123840.7428968304,0.0430754306174465
124205.52880840826,0.04442881559669836
124577.33149591333,0.04241117340348796
124945.4112556847,0.041776850665283784
125301.25254698475,0.04302409380209801
125655.02072900158,0.0435966899622971
126021.91471888819,0.04263892971372892
126395.61859906436,0.04188561783674167
126768.65835285181,0.04287316039165729
127143.48283941236,0.04319318224214068
127525.27441301184,0.04364835620513776
127904.31512392515,0.043590483195076274
128284.74163345354,0.04384419232768069
128677.30591584941,0.04227508265252732
129075.77962775386,0.041814816147938395
129469.44541484716,0.04207628895429668
129871.45997088793,0.042054554586699544
130273.96377454085,0.04154004030529937
130674.14996837445,0.04264921381235334
131071.74505091392,0.04212549485959712
131466.23805304134,0.0419232640719442
131868.7063547265,0.042481304386033494
132289.03107988354,0.041825032720779226
132707.66670882874,0.04091513571659981
133120.85484687422,0.04076969039269638
133533.22786252294,0.04360002774792293
133946.16392092258,0.04251048326113622
134361.08572331016,0.043048502987545326
134759.5243801915,0.04323334332353638
135168.72733013387,0.04313337406982164
135571.56386213886,0.043044659905684415
135969.68647553952,0.04452281651987656
136355.32810523652,0.04352041926467132
136735.74530627727,0.04352048085250633
137124.5748700393,0.04247855155569974
137520.2644267274,0.0427731406114833
137930.19815376835,0.04210738437281909
138342.20146798278,0.042400931970889066
138744.43805057355,0.04236501224471916
139137.3415065723,0.04150794917351399
139524.8195892575,0.040896726121536754
139922.9513431323,0.042392114653933416
140337.6704380254,0.04320298986138969
140741.9469485946,0.04318163519253397
141155.46416144745,0.04390438767285468
141577.76190777405,0.04482258008070464
141980.64844492305,0.042720360166357135
142398.76703755217,0.043237495153107805
142816.8116410159,0.044153918221160764
143222.11977715878,0.045483682506573475
143607.3265654649,0.046185106143718443
143980.1032368188,0.04547300423797389
144349.22704793303,0.0447000066995977
144716.62257819425,0.04720144008146148
145096.85380486265,0.04487011815435553
145476.4408357075,0.04664695273007703
145858.82948726055,0.044478644681126375
146262.75719173742,0.046419041217445244
146668.7214845726,0.048199689737160524
147080.16637145748,0.04671968021526914
147491.1169365039,0.046525511181588694
147901.4316009369,0.04566667453936989
148303.99373853646,0.04422877984346326
148707.67553359934,0.04471204486628904
149111.51289996205,0.047553293686058914
149522.40490059517,0.049966358168673036
149937.78053097345,0.04778733637668827
150351.57844068654,0.04627677114505553
150767.25673192675,0.04553721552250169
151179.78214376108,0.04614070249280611
151595.48618749605,0.04793337516287123
152006.07553979612,0.04961039051238847
152414.48151658766,0.04651314803544898
152823.2780836656,0.047919504507249196
153231.55665928504,0.04631536235461246
153640.9344096233,0.04719365880935779
154051.99201824403,0.04472691775659306
154463.96192460693,0.0471935302680876
154875.54814205228,0.045691075612695586
155291.89819033156,0.04555396443923946
155693.57150997152,0.046350099452407284
156086.09542491933,0.04623894527635661
156478.63157894736,0.04540251730490558
156861.96638975205,0.04503135187481534
157254.94059218018,0.04762680128280695
157647.40618491638,0.04691789665147192
158038.0106403192,0.046103777797407354
158430.05520075877,0.04656531937373995
158831.53966544164,0.04696058174010884
159245.4619035565,0.04811291059167923
159659.83728577752,0.04733390523195579
160078.5195421199,0.049927592317534804
160494.4509692132,0.047594401942384366
160907.95971414115,0.04472858454469514
161331.48086290885,0.045915761519847775
161753.62753907486,0.04606976352213508
162169.88874825972,0.045384082913443285
162583.56732961742,0.04758834296393832
163002.56616764577,0.04648685953911028
163423.7982889734,0.04505444825860237
163838.87425755087,0.04634864207747475
164257.56689873416,0.04694281729331234
164663.94617527863,0.046178303156538474
165064.59998735538,0.046464008689634746
165476.68222700784,0.04743548622943207
165885.46869862147,0.04569807218268574
166283.3076923077,0.0450898298252306
166687.7181772216,0.04518132567199714
167095.82061334176,0.047325466234994486
167496.65827269852,0.04727369258131556
167903.5305967313,0.045060969015602095
168309.59841671944,0.04393770940400732
168695.1336915297,0.04134371481172095
169077.13031914894,0.04149020771519429
169458.2546823589,0.043410307987276804
169834.3061689339,0.043108523999838
170209.8375884732,0.04650318885200654
170601.72804568527,0.04509413009991316
170996.14530400708,0.047420452782014975
171393.57821582007,0.04438959526718669
171792.01127652836,0.044692050411136955
172185.61174086505,0.045989239571036886
172574.42180094786,0.04563079329015973
172964.87334641433,0.04525580612864082
173348.22303160827,0.04439051281055226
173724.2086489899,0.04261300468273504
174105.5235383447,0.044254891499746665
174493.83684576926,0.044183352220306435
174867.84564225996,0.04437531770014684
175237.29284178576,0.043815538579190766
175597.0284756059,0.046447212478386686
175959.36780444556,0.043494772685674254
176321.53779492693,0.042970799306925433
176693.71147644642,0.0426816752153114
177061.24554392643,0.043364928051076286
177437.17648172696,0.04471849269836227
177807.7183080728,0.04638145201019022
178177.72352941177,0.044374366504753605
178547.07757422616,0.044440569816239735
178926.65927802408,0.04375045207564348
179300.41839255177,0.044313805774275336
179665.7666308674,0.045057421681215515
180028.93808559128,0.04513504642420585
180385.70158227847,0.045905886848126055
180736.71805581925,0.04267115797096953
181080.9852662198,0.04400596634759226
181431.32336200355,0.04484567706195176
181782.93962671407,0.04653713883844709
182125.01023631997,0.04848673498485444
182475.23480732786,0.0468539087269785
182828.8198163976,0.0441576094306274
183191.79475484608,0.04405005803777387
183557.29212205447,0.04376908100266011
183920.5462616526,0.04331412114503243
184271.92543915077,0.044466743947939556
184624.61588648887,0.044020197426317964
184970.54886457082,0.04372851986068829
185326.40585668205,0.04401854785769966
185681.5041437338,0.042829264989029815
186026.90176593454,0.0433240178703356
186375.93791490167,0.043329287380391136
186722.7203346856,0.04445317639597147
187072.35423910982,0.04202129153026494
187421.0261627907,0.04331951987384694
187771.54867929308,0.04512195337544654
188118.36677433655,0.04348442934994038
188469.8678291635,0.043760732926686904
188823.5178141245,0.044711272577908356
189172.43985841604,0.043294839256040586
189511.53128958703,0.04352662421573367
189845.30794534413,0.04310248614726475
190177.70480404553,0.04459241698586613
190518.2580624763,0.04358339537347648
190864.3327627742,0.04456341934276812
191207.57824548098,0.043946085675539065
191544.88256497818,0.044389342857508826
191886.97808323303,0.042084279432778926
192234.6600025307,0.04178462936440035
192592.34529773606,0.04362947645546558
192947.06957949235,0.043722413844432075
193303.9776483252,0.04147395324818917
193659.38125631952,0.0429144731717532
194019.5870335231,0.04154260935301099
194378.59521549268,0.041841546979936424
194724.9278644842,0.04180845119302663
195061.53139424598,0.04210968625228751
195399.35985808415,0.043083473470297964
195729.12362672054,0.0437527471335355
196071.44734177215,0.04356884940201577
196411.4058603886,0.04252186818661309
196759.03404847794,0.0422734753300399
197107.3983302764,0.04373271056563091
197442.77140139506,0.04414496839836167
197779.7853987885,0.04404864388517716
198125.96117304283,0.043112036834494834
198461.75907653384,0.04315414884883085
198804.13950398582,0.04377551658649568
199155.4286708861,0.04483685295708348
199516.95324856078,0.0426140748122321
199867.71733906664,0.04322493814885674
200207.88003802282,0.04096103997328034
200558.83913785475,0.045573575945055865
200917.33000316157,0.04442971639899265
201266.4108036223,0.046781460844632285
201615.9480618191,0.04537976900277091
201979.6814304669,0.04368225497317219
202345.77679984804,0.0457384648879438
202717.08992032375,0.04268445782568379
203096.30409171522,0.04332037362983695
203478.63302519944,0.042824332204762526
203849.5990512334,0.04399031171857674
204222.34741368407,0.04400208789044394
204594.66772372677,0.04296549817325673
204966.5572765204,0.042943438446487375
205339.662041437,0.0422431756844987
205711.7409862979,0.04107808219342378
206084.80718085106,0.04170672468281285
206454.34351289834,0.041078285970220924
206816.25717900062,0.042413013631104154
207190.838576684,0.041066988547035076
207566.01161836207,0.04060567508007206
207948.74284447823,0.04026677154486222
208337.28408659325,0.03950871359173679
208732.34452665527,0.04113984396081347
209124.4195874984,0.040618133588610314
209516.3478645998,0.04039287000898892
209930.1240182417,0.04154264335062719
210360.69939386286,0.040286812936219954
210800.08240365112,0.040272704915771874
211238.8752447729,0.041167771717381764
211673.25518987342,0.04223247049897773
212101.51126439692,0.042430153273248276
212542.496009122,0.0444112472396713
212971.6847764215,0.042903053276447695
213395.79718951767,0.04186152338710401
213815.68253164558,0.042550859385088464
214232.48828669114,0.04305764374308482
214627.23077895003,0.04292609581673919
215014.25566240668,0.04153427309291826
215404.3114941072,0.04338227551462594
215794.05318678543,0.04140598105391592
216173.78675026918,0.0442782407151204
216566.7373852485,0.04279500933021403
216953.13324062954,0.04453997445743097
217335.91474683545,0.04411991164774236
217719.56936342886,0.043550602960427925
218110.84407208348,0.044361697938867545
218496.60573703164,0.043253274040188534
218887.8924656232,0.04204269705916213
219283.97588149647,0.042518032511544276
219681.9687717302,0.041135992379167034
220084.2793950133,0.040601870062209645
220486.1647378739,0.04265225650179203
220894.32218844985,0.04529890815464933
221311.1609965853,0.04507401067523881
221739.10592334493,0.044851947731560274
222152.4256005057,0.04218667213589901
222569.26571918026,0.04301774099498757
222985.86761274046,0.043257895556065
223401.62240111563,0.04344207902624784
223815.10464087,0.044139040823249216
224230.7626486213,0.042983850805757944
224659.53768812446,0.042322808220133845
225084.0516694173,0.04169233726116719
225502.74712788788,0.042353922052407615
225927.13360323888,0.04142676110148152
226357.26890916002,0.04187794296224066
226778.45285642063,0.041628535946662173
227204.21112587812,0.043019753316259075
227623.91021260442,0.0407967090539027
228042.35321652223,0.04176329593900036
228464.11503359108,0.040877223038643565
228893.20775938328,0.040325461594013914
229323.42124240892,0.040405512066094273
229747.41664553754,0.040714063002702895
230173.47554347827,0.040991573117419446
230608.31392405063,0.040239918381795296
231033.71773938357,0.04202981280221205
231446.54746514576,0.0409955193993558
231863.95639259307,0.04178043751648136
232277.203212953,0.04229015034678095
232693.5008221604,0.04139085255692982
233094.89413701405,0.0407832330556595
233492.02083201418,0.04199087759567947
233880.37148276952,0.04279370762016037
234279.00335676738,0.0395670065534705
