D,r2
16.554861322767447,0.7726210846390623
21.079682446339312,0.7607024964738924
25.64597737272156,0.7409769634404181
31.61334176414796,0.7335423169699468
37.64466112531969,0.7239445073026732
43.64519342520339,0.7035297267013411
49.63435603506406,0.7043548314628476
55.64144295302013,0.686473825298451
61.64772920564722,0.6719195901477777
67.66257137913134,0.6669451600500732
73.60450966356478,0.6638931412765391
79.64628899247042,0.6551533918813738
85.61962750716333,0.641307491068869
91.64342342342343,0.6395100731224259
97.6690489279824,0.6332031354637293
105.04901710492724,0.6278433519778694
112.56732002198204,0.6175018773235769
118.68266461892878,0.6209442500629319
124.6678267594741,0.6085717006962262
132.06321685782876,0.5988801293559992
139.601044285438,0.5869741293104389
145.64347998414587,0.5831869481947246
152.99778116766052,0.5847014422042089
160.51023474178405,0.5752470117301067
166.6675894799288,0.5715489871240854
172.68090349075976,0.5664459747055767
180.1496185363097,0.562161682584496
187.69540229885058,0.5577322414166299
195.22825777017394,0.5481055554251694
202.67674368386957,0.5400869790065418
210.05517241379312,0.5345262387278928
217.52802481902793,0.533716294448489
224.98955934285274,0.5322137270478363
232.48284518828453,0.5324492773435265
239.9576311230115,0.5298363670405084
247.48668076109936,0.5173986210417272
255.27959969207083,0.5182455309934789
262.73694073553526,0.5122268439681752
270.21239073761694,0.5102150184922745
279.0998366013072,0.5070537634762907
286.63974300137676,0.49791503337907356
294.23648218829516,0.49636964996537286
303.32083668543845,0.4976358055148951
310.817282162684,0.4800939082133551
318.22225822128627,0.4815909849371885
327.2540859309183,0.47464810653179945
336.31492738939545,0.47558849086205673
345.322048461935,0.4630647244244431
354.31491046831957,0.4674099691834546
363.18733368813196,0.45838893703617944
371.82543027748505,0.4558990019617587
379.4991847193105,0.4561044759027922
387.37488821319977,0.449521143033028
396.3480565371025,0.44567812965282516
405.36566371681414,0.4353043133273224
414.349172450614,0.4354209535566823
423.41612554112555,0.4302788264729757
433.49345982463706,0.4272200504420173
443.5934782608696,0.4195417198090109
452.80980840217967,0.41899959779040585
461.9661791590494,0.41783105228905637
471.2229904926534,0.4231531720225426
480.4323529411765,0.409195071185217
489.4436389996375,0.4066070916340176
498.42390912369274,0.4074873104681405
507.4918979325759,0.39965505201925483
516.4721713658,0.39944653978345307
526.4624304267162,0.3943922197897804
536.7105119329568,0.39353979086353236
546.2367647058824,0.39335338525965
555.4764532019705,0.38857327912389317
565.5304182509506,0.3867665899515681
575.9940966010734,0.37947111243633586
585.5261405913452,0.37474066167558534
595.7731583939299,0.3808367980658781
606.2703910614525,0.37148448601340484
615.6124704025257,0.37501188061677404
625.73472243819,0.3691473570804908
636.250523112041,0.3677266675669045
646.5386716749189,0.37029724476033793
657.0296594653973,0.3688034881842681
667.5571503588308,0.36740813462227045
677.9718860547384,0.3567812548665265
688.7493821057835,0.3584364586101468
699.283590846861,0.35704675779294365
709.7704476607203,0.35064981885894553
720.321886717979,0.3458368662396511
731.1641458366502,0.3483707522453797
742.783530229326,0.3472300861907335
753.3332650553052,0.34003501631680333
764.2098745046235,0.33852144829255104
775.8565778159931,0.34171633405478075
786.3874825592984,0.33345692154386114
797.1578606158834,0.3282501173279337
808.8313187804438,0.33176376436464133
820.3930951974022,0.3250140347156136
832.1183883564075,0.3270869774054285
843.0188280499519,0.3173876785040916
854.2626107702795,0.32148864686207546
865.9227591162206,0.31353820865858617
877.4648224043716,0.3138672147587508
889.0731572141142,0.3138758880397763
900.7598376566084,0.31015981183727664
912.8110760602874,0.29932405763757713
924.7166637766603,0.3048512222454724
936.0661157024794,0.30051293250044564
947.2298507462687,0.2962458608656139
959.2559399021663,0.2949890922616077
971.2405594405594,0.2860843751308281
983.3229203229204,0.2860350787716445
995.2953146374829,0.2859028153482163
1007.2319642857143,0.2830992607620759
1019.3013624955181,0.2815996099645561
1031.265357142857,0.2768088242758313
1043.2256,0.27920981463868944
1055.3329768270944,0.2759311322135476
1067.174643308651,0.27631469701925326
1079.2931193506734,0.2726206979460615
1092.0023041474653,0.27823777600365635
1104.7359219727641,0.2620184654486026
1117.0531019075443,0.26204661898878784
1129.457320520068,0.26614400202428096
1141.95094273743,0.262279588036477
1154.366852886406,0.2605625976813369
1167.035180149558,0.26697406138452245
1180.1003428983938,0.254816506342837
1192.9641916798314,0.25693933509648387
1205.9253886010363,0.25533946721774703
1219.1128829958789,0.24953050922139544
1231.919978517723,0.25208610589008995
1245.0130366765165,0.2566330203586674
1258.0813803284739,0.24775861365434007
1271.5484769364664,0.2534009393729987
1285.6121772505235,0.24631823456756066
1298.9454136184581,0.24618978043193285
1312.4677736118551,0.2413742895360314
1326.3632618025752,0.2416533465087511
1340.5016530363669,0.24011511999460347
1354.5064841498559,0.2366757060989146
1368.10348583878,0.23399248357242633
1381.5252469813393,0.22576362626910468
1395.431554524362,0.2362704945665636
1410.0117233294256,0.23448908744031283
1424.5908508691675,0.23735458087761283
1438.4662691017518,0.23037709066503712
1452.9268082168135,0.2273431171650045
1467.884729753367,0.2318992737260158
1482.997675666011,0.22808271631100532
1497.8588760035682,0.22732132332619462
1512.9063466084742,0.22602236494930109
1527.941472172352,0.22571357389881253
1543.4073019594707,0.2329014161855459
1559.1254759746146,0.2260127238499704
1574.4807220469681,0.2265695122830712
1589.9470490899062,0.22409133873516437
1605.4536011080334,0.2255296296318813
1621.5765074939004,0.22541427002584769
1637.04177497215,0.22041609501232193
1652.49,0.2212267032675643
1668.4353478566409,0.21800360208322825
1684.5361604786206,0.21829034358369828
1700.0568773234202,0.21648353458944525
1715.830954808019,0.20847860839006607
1732.5158558558558,0.21467705603880982
1748.5889985380118,0.20395950971379329
1764.963122522833,0.2110084822102413
1781.5689591078067,0.20374218764192656
1797.9760816039395,0.2076715873842206
1814.9983917083632,0.1976127905918784
1831.8971631205675,0.1965781623003387
1849.0396229708501,0.19569456813257563
1865.9504234297813,0.1926402293943275
1883.0140845070423,0.1922755372776099
1900.0171275646744,0.19174293713224458
1916.9244777718266,0.18965051148782952
1934.1154532476803,0.18515527904547507
1951.0561353004678,0.18876025049300338
1968.4852817493693,0.18675384376599674
1985.905521922583,0.1792743771568788
2003.025311942959,0.1849986990601007
2020.0140280561122,0.18467665648418966
2037.5558654348963,0.17810159407132664
2055.4863604972375,0.17268604471752838
2072.9856676342524,0.16801918727590984
2090.053603766751,0.16931452120302679
2107.5512295081967,0.16816511880230048
2124.987569573284,0.16928805677413003
2142.3838294874054,0.17207508575276925
2160.527566034391,0.1681131193811908
2178.3857697740114,0.17053424558406777
2196.4462707670555,0.1710877627625481
2214.282060584074,0.1724048399890365
2232.474139484592,0.16715815335295098
2250.562885870524,0.1655002035829686
2268.972325976231,0.16519600609775645
2287.6370357014066,0.16712685508533762
2305.658870820391,0.15977689953065177
2324.054133012545,0.16190093770573533
2342.5610949963743,0.15630766905262874
2360.4052949538022,0.15800079040145532
2378.4785442694188,0.1608263640510309
2396.3629003238575,0.15903077002891583
2415.056736372986,0.1635137652563442
2433.3330261702913,0.15569711629027433
2452.494503636056,0.16109754449279165
2471.5180542563144,0.15703142990390673
2489.9706090651557,0.1587111962954771
2509.526826775677,0.15276272838423507
2528.4453781512607,0.1583626083097958
2547.0220209554254,0.1565588997801103
2566.0832741477275,0.15837725774842407
2585.4954066008845,0.15472713113841247
2605.1340507021705,0.15224269348934352
2624.530543785311,0.15341675804242025
2644.0204226602737,0.1501616255387603
2662.9670250896056,0.15324573264723462
2681.9651777575205,0.15033499747409254
2701.367188875198,0.15305318364613857
2721.5636880440575,0.14691848238854088
2742.0022413793104,0.14906889536973822
2762.3083440780993,0.14972166451517988
2783.021139063592,0.1482047428305808
2804.0154804270464,0.1449799857218798
2824.444485159399,0.14539846316932953
2844.918460192476,0.13996676145026823
2866.458123807872,0.13872275576126555
2888.0767547857795,0.13745891640560026
2909.4397376816733,0.1407028983551082
2931.029311885612,0.13441736260439094
2952.4314066852367,0.13803657352602663
2973.943812233286,0.1428011663287053
2995.4645502645503,0.13581960549700303
3017.018775952338,0.13872705252221168
3038.5941489361703,0.13688215623505567
3060.1571737563086,0.1326317626665969
3081.3523590740415,0.1390386323638974
3102.979863358504,0.13469831180388994
3124.559049735088,0.13229615528534866
3146.2351561090054,0.13297595347289073
3167.575795495173,0.1319384026515001
3189.5973227206946,0.1354021915207386
3211.581724809633,0.1310582063938472
3233.891713091922,0.13328518171907602
3256.447860481841,0.13282078805842096
3278.488603473227,0.12728953531440942
3300.9411764705883,0.12804615581182877
3323.5323621611656,0.1259831342158614
3345.581607142857,0.1305619364770258
3367.544509078089,0.12911012934168242
3390.105326667816,0.12787166013972145
3412.53795083438,0.12482432173042564
3434.4435322021527,0.12148125069092622
3456.459960410293,0.12435569845003885
3478.9022360894437,0.12320898332121451
3501.4447971781306,0.12538451259087577
3523.476454789615,0.12549711926237703
3545.417208966016,0.11995399287096692
3567.5342155667768,0.12032230960604673
3588.948736861516,0.1139780958376471
3610.4946180555557,0.11790824643869201
3632.439950106914,0.11495862549707105
3654.403876934021,0.11510742740828998
3677.0094820017557,0.10977099140063354
3700.1086647727275,0.1092912688079195
3722.4199637023594,0.10769152592657924
3744.9336550060316,0.11033985726744694
3767.448632668145,0.1098169967984443
3790.026698613726,0.10900714054915994
3812.474460630647,0.10551268750542413
3835.429725085911,0.10916608940047519
3858.330734360834,0.10673751929396161
3880.9618374558304,0.10760836973672945
3903.411378555799,0.10970204659664824
3940.2531756810736,0.1069785508261191
3992.4116750862,0.10318310119229306
4044.876161728493,0.10159455186136526
4098.057743416284,0.09921062599911315
4152.065005159139,0.0985659566235005
4206.464080343403,0.0950506437604657
4261.014868410591,0.09244752343538322
4315.835784709876,0.09013999767875776
4371.978056176189,0.09018169867126813
4429.460570604264,0.09054121848865339
4488.049214659686,0.0853707767363128
4547.399244433727,0.08550450797168718
4607.704916726432,0.08531095148916823
4666.977647342606,0.08560095006758364
4726.076574066704,0.08400479757943913
4784.871943371943,0.08511458340501417
4844.323411102172,0.08311248816781393
4904.586340518285,0.08432749095492013
4964.016855285336,0.08806335063904798
5022.6957046332045,0.08574084677621133
5081.066414856783,0.08471792836477987
5139.371542466645,0.08412231844682908
5195.981902626521,0.08466570948160067
5253.104864433812,0.08368161144569036
5309.804030632809,0.08660600563024409
5365.560747663551,0.08933076167021964
5420.940764849471,0.09213354999608381
5476.7490710728125,0.09429016193406868
5531.5624593892135,0.09578918597053515
5585.200242522231,0.09693737540868175
5639.890194521636,0.095397880332493
5695.244748567791,0.09366178834427179
5749.963162184189,0.0933662501010778
5805.648616412213,0.09119726338366
5860.81843014381,0.08757022800383946
5916.766040130065,0.08872585978704754
5972.0069500565705,0.08698635998304227
6026.938192838345,0.0842231439043774
6082.383454398709,0.08279484249398864
6138.508738175405,0.08115846480815983
6193.9008769812535,0.08459097509128553
6249.539493650667,0.08209589849042878
6305.1585482330465,0.08410914913413059
6360.355399585261,0.08516572598937155
6415.725973186884,0.08811307703085318
6468.938029745722,0.08496358878906903
6523.06712962963,0.08317233140672492
6577.820011269419,0.08536801879154052
6633.420434574213,0.08428665233163149
6689.917216943147,0.08466799194613835
6745.388230584467,0.0811110643906394
6801.654226837579,0.07812991890757819
6859.671258907363,0.07704910010118295
6917.313112646633,0.07581283774290441
6973.422978791262,0.07675878956153664
7029.874086565486,0.07484253160205771
7086.739705882353,0.07471199999821247
7144.414521399538,0.07313521302869633
7203.074369613789,0.0729149668362321
7262.434984025559,0.07146986727058745
7321.812052457961,0.07111786602945595
7380.9091930049735,0.07133036373129234
7439.917128402794,0.07226363875641983
7499.191300168229,0.07070651226419328
7559.855464719422,0.0728531014654382
7620.125438954676,0.07251836910770686
7679.21996007984,0.07302221374842578
7739.891730876162,0.07225723268326663
7800.290369297611,0.07399996819384264
7859.047577162962,0.07330557899084715
7917.441036786606,0.07128114520761342
7975.931343757441,0.06884315406233224
8034.418342324669,0.06859411960220996
8093.052362204724,0.06703457919502893
8153.04327741308,0.06684447844982426
8212.849951830443,0.06641750342110776
8274.380009504197,0.06769877555967779
8336.041568754557,0.06699034657327403
8397.735109343936,0.07062571314551784
8458.53161081954,0.07012631228797314
8519.933148074633,0.06936020020771783
8580.580210867802,0.06982093194021247
8641.7279103515,0.06555099170893093
8703.583373072643,0.06689296440819158
8766.465049243334,0.06719208217870376
8828.360442733398,0.06637362620393168
8888.405723498588,0.06445032052572555
8949.229957136053,0.06495452698513152
9009.550388839894,0.06493101717945259
9069.725755995829,0.06546623187895921
9129.29457177322,0.06413485571016883
9189.530330809088,0.0648561486719276
9249.045332683403,0.06378168220832821
9308.981157576722,0.06380520660607523
9370.25678047224,0.06366446914316015
9431.360818902735,0.0647831942740628
9493.892228562243,0.06411658829461771
9557.582811747712,0.06330878588716514
9622.06847133758,0.06181813718896142
9687.08119760479,0.060927306476582455
9752.828287682205,0.06044181316527408
9820.184401159047,0.05828899468931195
9887.655674723868,0.05869108770272963
9954.587345033005,0.05537880363092538
10019.801764234162,0.05500420791837077
10085.405037984807,0.05416812069196963
10151.396784358083,0.054396288894676625
10217.071005443484,0.05564301625051184
10283.875487310048,0.054606616455003726
10350.737222757956,0.05389815683300469
10417.615955473098,0.054197580657904275
10485.171458316649,0.051894492230878886
10552.347808796627,0.05101419635622508
10620.22795006041,0.04942325530768404
10689.27734375,0.050376104377220864
10757.030776706892,0.05071421277296687
10825.536457505958,0.05100092068255108
10896.91845354126,0.05036062765799156
10968.70183231538,0.04893261431999669
11041.333387240236,0.04770375047959622
11114.632342449466,0.047607241067679856
11187.473228027542,0.045958098861756974
11259.631012607404,0.0473492314857421
11332.033187425388,0.048400836250731466
11404.286060214707,0.0468546034294432
11474.551008923547,0.047247176629108364
11544.139788393715,0.04660553391129438
11612.763630583373,0.04791334999113469
11681.092758731176,0.04871030201787375
11747.463041904608,0.04925276215018458
11813.850554394987,0.052376656401304
11882.466954367457,0.05030768176353229
11951.646274259245,0.05147457109403786
12019.259812631239,0.05176272712984302
12086.496540070808,0.051600305708164276
12154.475357710651,0.04944459750820594
12222.70817559404,0.048799907812235914
12289.921381631671,0.04932693773772322
12356.918501320952,0.04808643157568493
12422.128983308043,0.047053258199804375
12487.321619001454,0.04692300004286073
12553.891681387506,0.04650144196685321
12621.26483873524,0.04904209607911845
12686.81810865191,0.04782353590340558
12752.401732232476,0.04881883062147519
12816.794063671907,0.047683466273187834
12879.483484690187,0.04873558230220235
12941.677535940888,0.050213980386498235
13004.49530105129,0.051108940825599025
13068.094907033144,0.04809481561617792
13130.998331081619,0.04759060220340098
13193.45265774072,0.04722196733119036
13256.97284848485,0.047572115841206436
13322.190878647743,0.04531048945647557
13386.41522104085,0.04567899534242844
13450.25129844187,0.043264165759106965
13514.158897283394,0.04312650628004193
13575.988601455134,0.0420481441756168
13638.33487703609,0.042833294361531285
13700.081171681699,0.043236495029394015
13760.568377097889,0.042810066228621844
13819.403866206785,0.041979451687037386
13878.327582036603,0.04243863181066618
13938.932821497121,0.043398100859954436
14000.62497981592,0.04251831547617169
14063.560576086096,0.04153813262151619
14127.003862557334,0.04015086580323663
14191.55658105939,0.03866027292369962
14255.434925732638,0.03858591340569228
14318.614856126738,0.03938915401754014
14380.923698597575,0.0391226098181427
14443.100032113038,0.039133298339081184
14506.888540157734,0.039845910739224305
14569.7911361805,0.040084699661756595
14633.884149719079,0.03923477773419515
14698.442207792208,0.038363693763200715
14763.069793322735,0.04026072039558014
14827.49225181598,0.04011489478312355
14892.41141763674,0.039341576609514727
14958.138449176377,0.038049685885543166
15025.165542168676,0.036869099776978116
15091.634725239359,0.036679572186122125
15159.151712628149,0.037236091447694145
15224.78592069353,0.03842363600497407
15289.468742437686,0.0367079477335943
15354.534043907095,0.03858769579902108
15419.61125070925,0.04009251741047638
15483.803009793774,0.039163808813990286
15549.474768444587,0.03841000505123064
15616.519370556754,0.03893731886954634
15684.485684497555,0.03758544910969132
15753.327650592628,0.03692333126271462
15822.607764818662,0.03579905567849875
15893.304497991969,0.0379078167583232
15963.412809686928,0.03984010089877958
16033.326170314747,0.04107929476332551
16102.987279209205,0.03828733232884928
16172.976461232603,0.03651165008084735
16243.63515687852,0.036733807115891665
16313.425720443842,0.03606069493973471
16381.1366848699,0.035406431691238645
16450.126018555868,0.03595861484635338
16519.701350278,0.036666664894999416
16591.80694143167,0.035973455151319486
16663.269495596476,0.03666171005980306
16737.721615545208,0.03859200212510718
16813.892280645676,0.03813279265716111
16890.743442357514,0.03925976618100154
16966.31327025523,0.04099598168666404
17042.796139927625,0.041277848029865186
17119.993989421382,0.03982687135348402
17197.739886245294,0.03961448726946109
17277.263043653027,0.038433981911972136
17354.68253327955,0.03689783657139062
17432.6343247972,0.03529980539138719
17512.13954611299,0.03550854650949468
17593.717685450494,0.0344442933381713
17675.564185632138,0.032301365505304734
17757.34867682438,0.031058201972246992
17838.69041710031,0.03080884129230961
17920.990647482013,0.0332942511433062
18004.269417083804,0.0316353397873735
18086.99060958141,0.0318759847635538
18169.483026188165,0.030442176399588898
18252.120190400634,0.029559829909792
18335.663122281294,0.03000518015433012
18419.72968424427,0.02978821628385959
18504.370705533755,0.029631903296299403
18587.999601498366,0.029530252978875758
18668.993854116125,0.030480185891593434
18748.77403196311,0.03058198681933225
18829.568640103244,0.030433192684751104
18911.566343301532,0.02850659785472388
18991.790125442265,0.028496181076689806
19071.111669859514,0.028441776245108658
19151.425237752737,0.028963459839837356
19231.578348947074,0.02978174536652446
19311.10797368843,0.029567819795462535
19389.33895176178,0.029558017906888806
19465.35862348178,0.029290947105506664
19540.84100518548,0.02995599552976251
19615.292843918538,0.028507083838964328
19689.763208147677,0.028654817225632737
19764.382616344155,0.02848918791679404
19839.601768475703,0.02957016332163505
19914.91035031847,0.030490544779471666
19990.349456347936,0.031747024536663296
20066.371908763504,0.033237107178469796
20143.08349609375,0.032259971399246475
20219.75318877551,0.033601660002740626
20296.57659387249,0.035282327109124316
20372.994351650126,0.03488648274613006
20452.23141219551,0.03245744274406776
20532.274958036927,0.03142568680596228
20614.065103113626,0.030087836090723113
20698.963804512478,0.02919122842304814
20785.521791379586,0.02779453120125544
20873.037883631714,0.028191317019206494
20962.39359653346,0.02831832866842858
21052.09623768771,0.0297755127908454
21141.788187534825,0.03080766275580049
21228.79991902834,0.030520632971292077
21316.46498286989,0.02993981013684814
21405.244266879745,0.029552939891179672
21492.233576642335,0.029242034408436056
21578.887773136248,0.030201264473128347
21664.29848947453,0.029107716010639148
21748.602076677318,0.029125041717729675
21831.459524381455,0.029178617415949334
21913.736461513738,0.030508730200225112
21993.31325301205,0.03049317687783409
22073.132997440818,0.032800507514808654
22151.42347673117,0.03208788220415861
22229.23847695391,0.03318373380709529
22308.955222685036,0.031475000096873984
22390.064448897796,0.031243453581378193
22470.58446492079,0.03038870629827228
22549.91756214916,0.03151046143430645
22630.58580118457,0.03271347434304303
22712.343760077394,0.033177067663735245
22798.278609754143,0.03313914379853445
22883.686972447842,0.03439409186945481
22967.920028818444,0.03459731037701321
23053.21818181818,0.0347061773391374
23136.97439625232,0.034376621503600775
23220.565474289364,0.03304721444884458
23303.929133858266,0.0318420337719233
23386.43858665171,0.03383031122068319
23467.87786752827,0.03406443567691386
23548.85655347509,0.03370570644527006
23629.651202058376,0.03355640957353146
23711.558580261786,0.032229406177131346
23793.543211854227,0.030713285726846933
23877.435208798215,0.02941665571705399
23960.72085492228,0.0295023291106145
24043.439745121465,0.030618795098208043
24126.66838501812,0.03076814603196713
24210.40154409424,0.03172136899305568
24296.878214886627,0.03177276776230287
24383.986258437802,0.029524368380152346
24471.625997260053,0.02921363187912087
24559.735104091887,0.028626882977628176
24647.683250679893,0.029528085795114706
24737.38944239113,0.028801527403697937
24826.39676536852,0.027435248739569443
24916.515280340096,0.02608310170125296
25003.898163068,0.026518193216534227
25091.825590676883,0.026625650972848174
25180.999520038396,0.02720181043013489
25272.643891839693,0.025969783229137452
25365.782302584208,0.026209282961473693
25458.302074157124,0.024561344205901302
25547.810948081264,0.02599436670692211
25637.29025069638,0.025903482554309566
25726.606947130884,0.025698143419455668
25815.712473066793,0.025284358595239715
25906.68546637744,0.024483867002771668
25993.18689710611,0.025431243921553714
26081.114834458374,0.025275851612305108
26170.405805168986,0.025637115404850055
26258.493169509336,0.026020869912603183
26346.92828525641,0.026134678181442775
26434.511853275668,0.025553003511763154
26520.971027216856,0.02523238775946379
26609.46143306198,0.025575222988535404
26698.71590727418,0.026689429520244164
26790.3811205651,0.028025272675194963
26882.64682413023,0.028102360772458403
26973.531042217415,0.027732022804453017
27060.756425654577,0.027793057861032085
27146.471704180065,0.028400848156816875
27232.591933666077,0.029417227156299172
27318.41001840442,0.030269824199571745
27405.786806883367,0.03016973472075859
27495.125101018264,0.03279577644611778
27583.140518417462,0.033511090833625794
27671.38792759748,0.03574109931756857
27760.162852324742,0.03739580211720399
27850.561266085846,0.038914213765822846
27942.353169783823,0.03994072190016671
28034.57945336088,0.03853890846425931
28124.58806909913,0.037231223417532676
28211.549612217157,0.03582937160023257
28299.625239310786,0.03489051754864167
28389.078568556495,0.03249933181909362
28480.106071514278,0.03108214418034413
28570.399046618728,0.029320869148980626
28661.334100833665,0.028400569861320515
28750.527535529716,0.027409277841683205
28839.99807907796,0.02756687925877296
28931.35704514364,0.02676859160051377
29024.65603571998,0.02682354418984279
29114.55886126704,0.025426788041237772
29202.154204107832,0.025621254919676397
29290.8105077687,0.025543119312593933
29380.77242605463,0.027243234278505425
29469.5833068615,0.026628837902682688
29557.575638349124,0.025624720978478305
29646.602424145127,0.025831528498669296
29736.291730660414,0.02579857829424394
29825.951077877657,0.025437217399092014
29919.009188973232,0.024763665073534096
30013.89198353112,0.02513640120393906
30107.819151476557,0.02451227461509557
30202.296159408645,0.02477231722439104
30294.509561304836,0.024586094212022156
30386.627381905524,0.02422837936736576
30479.770739186573,0.024827056802064953
30573.46305144131,0.02686971425920722
30666.969706735417,0.025693076602114374
30759.187350645214,0.02401024038465569
30854.288449214997,0.024780150754520832
30948.867791956065,0.02405966045612104
31046.474312735434,0.02161314035681733
31146.0213477776,0.021178987693520935
31246.25806968362,0.021410358779419342
31343.69731462926,0.021708456169044918
31438.708934652183,0.022982159730437685
31532.9764,0.022883159106608885
31630.72428445442,0.023190799308314494
31730.309558232933,0.024484922293462826
31827.67308304168,0.024077912319455365
31925.02388777555,0.025661749086724427
32024.39677832986,0.02711805741374452
32123.710292454354,0.02724374789997639
32224.714423076923,0.0279112010181022
32326.5653459019,0.028095222265635662
32428.240487062405,0.028439554716297197
32530.683085576537,0.02853407747170339
32633.460406334987,0.028790068705179698
32737.060240963856,0.027221304014438508
32840.06109195863,0.02610290099817515
32941.38257514869,0.025464662206068342
33041.156807812375,0.026004762843483423
33140.75537848606,0.025810503151329923
33242.454990765276,0.02751966328336388
33344.22541639974,0.028483838356718746
33443.64949372216,0.029538009693999917
33540.72256630141,0.030638374857110955
33634.420429074606,0.032252912021233385
33728.03746770026,0.03358266818661872
33820.256282617425,0.03454095853155236
33911.53027771146,0.03623150263640524
34002.46736859026,0.03586167076284762
34090.81771666134,0.03560535207031024
34177.79933570966,0.03555903833187821
34267.53607429161,0.03512918071628569
34357.62207007652,0.033180249632830276
34448.36772803447,0.032029799330927866
34541.12672198501,0.02981780936823596
34634.60322657935,0.029836087451916946
34728.737968775145,0.02850679259360063
34823.899919549476,0.02879200540151672
34919.30769846992,0.027323815867049746
35013.22271162009,0.0262305880275555
35106.32695387572,0.025871157270477646
35198.790988835724,0.025949487119679447
35291.1050521251,0.0267953306342957
35382.11746721377,0.025755433431558793
35475.31352738353,0.024845145754987703
35570.84549664644,0.02363475611628033
35670.25853893755,0.023240856621033142
35772.00272982738,0.021880296535835616
35875.73654527876,0.02074435951237517
35980.043488669005,0.02039467948161854
36083.55924704368,0.021939973769956857
36185.892683316044,0.021377417663317324
36289.59753444525,0.02142653416861717
36393.37397918334,0.02133605448231969
36500.13544599051,0.019031501711717465
36610.42614044899,0.019023729597321015
36719.497390187105,0.018948710328163434
36828.71654045436,0.01798714101701357
36939.648605193346,0.0177991826845494
37050.82891373802,0.017579000622070316
37167.23367863165,0.0195665050159226
37285.74289384937,0.019855217659606374
37405.76248,0.020345836025234293
37528.46064516129,0.020864199920534947
37648.82912451207,0.021250600919294788
37768.63115942029,0.022028019415357536
37895.65235845279,0.021218465357874562
38026.81635270541,0.021587555758364158
38160.30604896783,0.02310828375274033
38295.7351503006,0.022479330761590102
38433.22154487848,0.02061233403276594
38571.05088690906,0.021408252360637193
38707.460423009135,0.022056498742977406
38844.72585192943,0.021656547016620016
38983.95495639651,0.02170448762489681
39119.388729016784,0.02177313224714614
39254.2974280416,0.022071524448426135
39389.10841255892,0.021993305399875766
39524.66181527389,0.022557441459748136
39657.8671642989,0.021523436988101247
39788.40141354108,0.022938020904900828
39916.96788403011,0.02469098315843714
40043.3096042471,0.025312511029390153
40173.976239834155,0.023469475011302088
40307.162413737766,0.022111938438225467
40446.42192155915,0.021333717220711024
40588.865654952075,0.022855983106106724
40735.854233483005,0.023559707725685594
40883.72869955157,0.023442127583700356
41041.02603246023,0.022542436162380473
41198.390134529145,0.0227321518875408
41349.41719617148,0.02201782822721926
41497.21705488194,0.02193338929774182
41639.70679783888,0.02041602214253742
41785.28417524539,0.0183993579498439
41927.5253149322,0.01782840657158391
42079.20072086504,0.018443416021514114
42236.28806353281,0.02003234849281451
42395.138243308225,0.020304912839551426
42554.57602127145,0.023340193182549516
42716.25263241863,0.02169105095094994
42880.73373445648,0.020638732197752998
43047.749959890905,0.020193567599194825
43214.49212598425,0.020365312731572358
43377.68529954286,0.019497851153464415
43537.49345047923,0.01978885578463732
43691.10921063198,0.020507462780222096
43840.19520986863,0.02191411187482544
43986.41099518459,0.02199171607617854
44135.07246840506,0.020359587141881935
44287.335186976146,0.02130700643552414
44440.47195886228,0.01904009869651915
44597.58665815512,0.017494996308148228
44756.33041873897,0.018809900184282136
44909.602763940224,0.01907821539608234
45061.78744115535,0.0201154276084711
45210.40097819115,0.01983387621671555
45358.57531935406,0.02048275873278014
45505.42131938857,0.02155101856040277
45652.221352711014,0.02287579362812117
45801.571497545665,0.02546890351199887
45947.938628158845,0.027811729312516402
46092.53411727062,0.02783932775967288
46234.44264917613,0.03054427189289084
