D,r2
16.631069553805773,0.7377994329279747
22.581069536989578,0.7200745441465412
28.61823509134781,0.6960082309805022
34.545355587808416,0.6888365229949086
40.541898438901846,0.6733948295839493
46.620307807807805,0.6606627984414926
52.62742147827722,0.6454493422792627
58.59816478684764,0.6362567498420753
64.61710754972002,0.626149257494783
70.6306586360987,0.6153275240892617
76.64437627811861,0.6086985465412375
84.08757138971988,0.5906957561885555
91.61338289962825,0.5926509836672059
97.66835229667088,0.5815547269003245
105.13319027181689,0.5748936821026233
112.62643923240938,0.5576988681394973
120.08250037296733,0.5583684940846741
127.60030329289428,0.5477469063067655
135.0080971659919,0.5346918691558933
142.50389105058366,0.5275945569293694
150.1636111539054,0.5297316317802239
157.69926873857403,0.5187877016924332
165.18487775430123,0.5157836297912871
172.6823087752229,0.5125133577273602
180.15402918781726,0.49913919192578804
187.69568380213386,0.5002935616015788
195.1669394435352,0.49258351030428216
204.15573770491804,0.4879008524234271
211.73035935563817,0.4848921726980021
219.2150501672241,0.4749468852545879
228.17185160539012,0.47291740248979575
235.7368014421839,0.47128923320928096
243.16859279401768,0.46225043457241577
252.25693000693002,0.44952576107449344
261.2242780563721,0.449584179189214
269.961899503037,0.4470227953285278
277.4917993246503,0.4379074355495853
285.2741707833451,0.43480094181093176
294.28873611845586,0.42702452521863216
303.32734136257415,0.429119118565509
312.2597378958864,0.42007773303157775
321.26420349053103,0.4124286355228955
330.28168202764977,0.41162402796265507
339.2508506616257,0.4097332876998303
348.30687932359723,0.3975802439685227
357.3327529502805,0.3911767921194756
366.33022636484685,0.38431146964903556
375.31219607080334,0.38719434228164656
384.30116139367243,0.38301393749284884
394.62297633872976,0.3814500628685337
405.16775808936825,0.36681454234622557
414.3818698032853,0.36613286819995183
423.3817427385892,0.36813840018124905
433.70288143599436,0.3685596551016739
444.1922542204568,0.3580664706039571
453.38356738629216,0.354299085339469
463.669304052963,0.3570140375094406
474.2085363476905,0.34228482803051374
483.48472075869336,0.3412719603429507
493.7307258973121,0.34267105532158004
504.2022149302707,0.3306246774847131
514.5195840554593,0.32924534626171353
524.9809220985692,0.3236118311369087
535.5311421826766,0.3225135753721824
545.9789814066289,0.3164741476938265
556.9994775339603,0.3184652884937327
568.4835185185185,0.31489148890946733
578.9622291021672,0.3075763629121763
589.9754084264832,0.3036425861317492
601.4768361581921,0.2991683635093665
611.9887040460053,0.29998820061547943
623.0597091531223,0.2971286475654673
634.7040044288614,0.29206047815724673
646.2424531906763,0.28525002282846673
656.9711737868105,0.2886554324978783
668.1463589193057,0.28228423475466713
680.0672038088262,0.2796919411508904
692.1293820021684,0.27854927573225885
703.7992359121299,0.27039542914110515
715.143739147212,0.27120563382824986
726.8342825647621,0.26849590123266853
738.7921106748925,0.26405607831671796
750.8258200652216,0.2588247702202394
763.17552045944,0.2617351162267294
775.5340174838465,0.2605154659918601
787.5016107636915,0.26023944051227726
799.4749335358906,0.25295114740681335
811.8952572788867,0.24666987780958707
824.1932588751496,0.241442534156797
836.2725694444445,0.238718011755635
848.9941033645508,0.24047637468472266
862.1226152991295,0.2407750403806747
874.8168751166697,0.23253919816576277
887.188005523772,0.22800175905057338
899.97248357891,0.22934401272623023
913.1639066616485,0.21945051027992354
925.448500394633,0.2222102184392699
937.91388101983,0.2196498978380215
951.0061987237922,0.2171224661649255
964.0585165859113,0.2153023430904308
976.7553808721692,0.20555009394083437
989.3395441030724,0.20633072472738795
1002.0221231043711,0.2076425179072676
1015.1358798935765,0.20383758698218737
1027.9131335971358,0.19933882223875732
1040.9641073080481,0.19727186900553428
1054.1038062283737,0.19651088169291595
1066.8735389921442,0.19003887917028467
1080.3864122681882,0.19214928613415247
1093.9153225806451,0.1913131990642529
1107.0134003350083,0.17931521561799266
1120.4794268919911,0.17878127748476563
1134.032138683288,0.18814827074266954
1147.4747859181732,0.18174595303039492
1161.4003259098315,0.18293310072581273
1175.53307748538,0.177998210733824
1189.5289827973074,0.17998575625486737
1203.0176322418135,0.18297614724767575
1216.5477415666096,0.17964473657997576
1230.3916478555304,0.18092680944828707
1244.5921298023125,0.17149902432135322
1259.1225402504472,0.17932982607146877
1273.5032927559369,0.17841271982763268
1287.9763513513512,0.1777830374936561
1302.4373401534526,0.17340697933361957
1316.9243194192377,0.17487023039781915
1331.4787377333078,0.16840419452809255
1346.0653981156474,0.17053323769770315
1361.134439679284,0.17034836721621208
1375.9743072123326,0.16431589788766773
1390.5004024144869,0.16857367654491265
1405.5149319667785,0.1636760821706642
1421.1351927174123,0.16611939773305598
1436.4788525193085,0.16486512779385767
1452.5589657738096,0.15797521986941993
1467.9316356513223,0.1633845796318407
1483.5164025064505,0.15438721566381972
1499.9393177737882,0.1562647089838125
1516.4417853751188,0.15336251849446508
1532.5319231515623,0.16180284917563584
1548.4289778114926,0.15113284463026486
1565.0135665833632,0.15197176343976565
1581.545295829292,0.15522737332510347
1598.0341648590022,0.15175632370739117
1614.46746373971,0.14894337199570823
1630.9913357400721,0.1483609315057673
1647.4671717171718,0.14681308337810817
1663.4394892319422,0.14728009769242897
1680.0307550644568,0.14121752008210545
1696.9327883742053,0.1432721779200951
1713.945756945757,0.139139783868734
1731.0222997866977,0.14135987756358318
1748.0776298518658,0.1365305784224961
1765.5220588235295,0.13649289286182628
1783.0420743639922,0.13884191961352357
1800.5460258780038,0.13419535487025194
1818.572286962855,0.13341183252574004
1835.9294532627866,0.12896989154325758
1852.9775092936802,0.1294327403921496
1870.4932444937997,0.12848112178062587
1888.632967849842,0.12680390500056749
1906.5836870271269,0.12361985483957218
1924.5035930408471,0.12803795630380047
1942.5346441947565,0.12504989718428858
1960.5609199771907,0.1278558339354267
1978.5570921323117,0.1252865597367562
1996.6908713692947,0.12139421179870266
2014.620774781618,0.11855938175517887
2033.1103435399552,0.12113719272864688
2051.925216430282,0.11831279518662709
2070.412701421801,0.11550552359458054
2088.541094565848,0.1134170469997254
2106.9903583772966,0.1158650750904991
2126.0644252441775,0.11143904147964959
2144.952182163188,0.1134620207169475
2164.0808344198176,0.11398398842926469
2182.897474557105,0.1140878812040965
2202.0337035618536,0.11590105651640956
2221.404148916466,0.11626752647032967
2241.536925050394,0.11382442256981344
2261.4785607755407,0.110928462964587
2281.4706764099683,0.1115505716966204
2300.8802174335083,0.10790810164270027
2320.4248268114584,0.10673360595378745
2340.595547309833,0.10710008664043608
2360.599121361889,0.10401274926977913
2380.54863593603,0.10785769898731738
2400.4157492069417,0.1109064696724089
2420.588100686499,0.10720747543420915
2440.3348588863464,0.10803024357217643
2460.929468242245,0.10811687304529537
2481.4275253473525,0.10793144859864313
2502.084764542936,0.10172705987238205
2522.616922181254,0.10460117873238725
2542.9327592524733,0.10214346200713423
2564.0932517612164,0.10765303229593097
2584.9958993476234,0.10494086255319487
2606.0543744120414,0.09964932332176321
2627.4315691736306,0.10460411074749648
2648.578575632725,0.10212343373395272
2668.856556612572,0.1056113327293976
2690.45866617128,0.10578100272038761
2712.463751656256,0.10134917422775588
2735.072306579899,0.09861517157554246
2757.5141035548686,0.09776900054957433
2779.8747656542932,0.09383645197425931
2802.933358504814,0.09160851346456406
2825.9924826160495,0.0926301580150576
2849.42752158736,0.09021635767918276
2873.09843779409,0.0879005451284183
2896.422731439047,0.088345041798265
2920.816801050066,0.0892697124824693
2943.973404255319,0.0891112751294169
2967.0333520704517,0.09113283387393852
2989.946259020129,0.09108566097715315
3013.16280384398,0.09161489528566924
3036.5711324665535,0.09189963008963381
3060.7201646090534,0.08797412112010505
3084.4910663908217,0.0890002972033795
3108.551170938595,0.0873140123836672
3132.597006651885,0.08800635407584202
3155.9872575123622,0.08250564823139878
3179.4495892457057,0.08443992781916641
3204.0196879643386,0.08749889270340602
3228.5075557234604,0.08505394091250944
3252.6343197540355,0.08514537465117274
3276.6580909768827,0.0849084551964665
3300.6258721478407,0.08459528211528412
3325.0643720930234,0.08173071661038493
3349.5795092713993,0.08510800963527515
3373.9255533199193,0.08576195689246902
3398.4108483483483,0.0849352621896684
3421.9121922853265,0.08629309603245544
3445.943574808882,0.08329327026046429
3470.422226458254,0.08024580496689004
3494.3760059891447,0.0867488840250792
3518.4535017221583,0.08446315299282386
3542.372779958871,0.08465392679716394
3566.4439278408036,0.08102998981541443
3590.4065693430657,0.08160741401703345
3613.8458015267174,0.08137943628511961
3637.359962756052,0.07980746323419544
3661.371947756956,0.08135587479614996
3685.9466421343145,0.0796443404289795
3710.565951793509,0.07791966988226658
3734.470555243971,0.07753390241135191
3758.497558226897,0.07685258812267812
3782.408116821544,0.08103194147527865
3806.353140916808,0.08075704839057792
3830.880732248521,0.08351807632561588
3855.574762808349,0.08485653274476386
3879.9215105516473,0.08452347361808718
3904.2902374670184,0.08669367207325819
3928.3079662605437,0.08590249017107386
3952.9816618911173,0.08497176843766088
3978.0483783294076,0.08680674620488608
4002.9828979515128,0.08909558605445961
4028.1369837413567,0.08455368444395937
4052.5413913719394,0.08117874097845701
4077.5067996373527,0.08151071924723523
4102.483901878114,0.08570635093941216
4126.711531331109,0.08190616511576759
4151.408579992507,0.08273264993302434
4175.915153760652,0.0805529669738896
4200.52718006795,0.07926961578491751
4224.614233646653,0.08023493615677751
4248.593267621351,0.07792227459858711
4272.64197997355,0.07674204316929913
4296.884644055162,0.07756987103499645
4321.819517709118,0.07601992029013366
4347.343949044586,0.07569837054569638
4373.6036573987685,0.07082674627280586
4400.007284273441,0.07544677106353863
4442.586510760888,0.07362705797228092
4501.325897760878,0.07064724916456348
4561.913854201823,0.07297852427217541
4622.405838920478,0.07385653676911713
4683.992984532161,0.070925049071798
4746.066424406321,0.06764663167949395
4807.522719651241,0.06983986701781286
4868.558008213552,0.06977858929540677
4929.403092352695,0.0720068206157602
4988.509425914868,0.07213843469613197
5046.471479652648,0.07211343028593883
5105.314719959694,0.07583685375674368
5164.373660030627,0.07674269159848102
5222.709257714762,0.0810345799527745
5281.969259353095,0.07758413852761134
5340.150225935715,0.07899165244712668
5396.983687883629,0.08012369508607349
5453.768555602897,0.08221036580558186
5508.835786994196,0.0799246108344001
5564.37564048719,0.08419156309407937
5620.1874839262755,0.07961902802094316
5675.307253190061,0.07511924043311284
5731.634980338519,0.07442858144256981
5788.330745471241,0.07566958340868868
5846.031720384386,0.07757075931848484
5904.746192893401,0.07228923421054358
5963.849852879361,0.07116208307523444
6022.608230937552,0.07025853527603217
6081.008136282736,0.0667443257334296
6138.963060016906,0.06732053150748496
6195.374532471948,0.06887259345049557
6251.471503912896,0.06388060969010802
6307.504806070826,0.06410264920877926
6363.8985544217685,0.06386283293180822
6420.347525987526,0.06586121901769228
6475.639434941707,0.06635005279716445
6530.100058907683,0.06828993912041681
6584.342862018943,0.06834167655775747
6639.727173180593,0.06685309364984134
6696.760620707199,0.06731971725946592
6752.462051498523,0.06451506819489819
6809.514728033473,0.0646850013788753
6866.038600102934,0.06636621470577882
6921.529327126534,0.06750654342577135
6977.2968410496405,0.06804202618818155
7034.385035406535,0.06703722640326332
7091.659362885555,0.0635525602380516
7150.928884026258,0.0623304971481307
7210.710757925318,0.060536907150854996
7273.3426479252585,0.06179336623544247
7337.661845092927,0.06411809954890851
7400.993235244377,0.0672223644099442
7464.565136997815,0.06587924091146896
7527.574001699235,0.06466207473949681
7590.525982790619,0.064437558696603
7653.848461538461,0.06340275853792736
7717.058907563025,0.06146468326115949
7779.609749915512,0.06495377972877292
7840.624691147653,0.06772647668140626
7902.573700151439,0.06514020910229744
7964.066796149299,0.06453324130314568
8024.651285995044,0.06232309551303535
8084.655163811742,0.06109301004988173
8146.339702760085,0.06059532221617285
8208.672930725206,0.061125566776195815
8273.291656247395,0.060354613648281034
8338.648747657182,0.057506722873365536
8404.709568162574,0.05739030369374443
8470.869674605838,0.05872942128668496
8536.788046250638,0.05976355146426435
8604.267131340275,0.05964473196298697
8673.712176495545,0.05695213634111578
8743.438733169616,0.057414726269947
8813.745660824656,0.05690749597712457
8881.173972022043,0.05673599674337317
8948.595216036385,0.05824259206246344
9016.257414897202,0.059724318330247675
9083.519776403828,0.0621051514695252
9149.193624756912,0.0637409401999339
9216.018288533514,0.06368535757047598
9283.085313266256,0.06191105755876567
9352.028923541247,0.06124441303786087
9420.49724832783,0.06204886386797592
9489.469700843774,0.0611615252353406
9559.877032690696,0.06290682292037014
9631.145577085088,0.062288150485420905
9703.640492359933,0.05807687843922376
9776.30759461519,0.05615299473062671
9849.71300751245,0.05689024146772513
9920.359119763014,0.05583999655088683
9989.232336956522,0.05750292909724553
10058.330116810565,0.05705299053962369
10128.840720569753,0.057382308306106355
10199.705299145298,0.05874975599340245
10271.573722505645,0.058376307804527586
10341.043782538192,0.05859529271782358
10411.592583249243,0.06107289234525992
10482.977003719987,0.0603090063279682
10553.969439299546,0.058958514380411074
10624.414946921444,0.05598061679456721
10696.06507775524,0.05730219725092255
10767.311853484824,0.055854878171710316
10838.395970882004,0.053020408067337856
10911.980998226501,0.05167988925313921
10986.856767745214,0.05086475152386415
11061.518208702999,0.049228433278261804
11136.095696202532,0.05046409794133313
11214.278543803599,0.04984994970198717
11291.41203033143,0.046353893260652965
11368.679902002197,0.045416384295945494
11446.907864789682,0.04426030514153422
11521.427310532123,0.04441400378797977
11592.591489721683,0.0447394726125264
11662.393134934055,0.04716219484896343
11730.366184144083,0.04818057989694737
11797.127412800543,0.0483966901603901
11863.156885824787,0.04752424291199056
11931.56139159949,0.04711617945720312
12000.447219165326,0.04814854005622854
12069.534887678694,0.04663160674515641
12137.94147496617,0.04597942228979872
12208.823381204333,0.047753252251605816
12280.238115449914,0.04502837019591356
12350.783634665988,0.045980278419244125
12420.986673371888,0.04546643620346809
12493.17976009461,0.04519367083377869
12565.003420265071,0.0452982757296686
12636.698010242633,0.04916379729113013
12708.327057830307,0.05026430540122216
12780.002632025811,0.05109613739023204
12850.837792218752,0.05149201602254104
12922.164130896728,0.054079170271607996
12991.820259784075,0.054117410932766064
13061.842207082176,0.05479145820460136
13132.808532249874,0.05212531078845196
13203.150954603308,0.04957597629709836
13273.82648363606,0.05077957213401368
13344.962390695306,0.04982286584884093
13414.00085193389,0.049208967967288735
13484.396560402685,0.04894733433956579
13556.171175726928,0.048732523910535466
13626.424929900586,0.049270826167895826
13696.322316865417,0.05000924762019965
13766.257993571307,0.049869154374866644
13834.18641788536,0.05057758547650732
13900.658130493577,0.049171231572364714
13966.81059132053,0.05034810625787607
14032.986984448951,0.049516137244888445
14100.857915645338,0.04866098246419637
14171.203764389547,0.04865236564744504
14241.189001692048,0.04988833219566033
14309.615918712954,0.04852107489456627
14377.22090160455,0.050223775691005175
14444.787930014369,0.05038795838730134
14512.837081035213,0.051536116052197684
14582.089621059691,0.0508678786657821
14654.075870226428,0.05043323930772231
14725.08410186987,0.048950078449436024
14795.778324705083,0.046061802348298805
14867.475034083163,0.04584757477939058
14939.865681665548,0.04249461763116722
15012.575539568345,0.041282627937536856
15084.254936708861,0.041895639016491244
15156.620242505895,0.04241323039421727
15228.069392284056,0.04106897981420048
15299.548816443434,0.03991814159298578
15372.152219695055,0.04086834334261102
15444.612494687633,0.04048547694060483
15516.664974189727,0.039399079172501406
15590.468409953606,0.040708790508943195
15664.868623635903,0.041672657316108835
15740.856998484083,0.04321239854086504
15818.59234006734,0.043707848465127326
15896.873845632466,0.04407988136815284
15974.879218019549,0.047239310705649046
16051.145748644987,0.04500670109903429
16126.593246095399,0.0439495354568553
16201.766646924443,0.04355928044057919
16276.799966239028,0.04261542092074717
16351.229100084105,0.04461506325258273
16426.49314140559,0.043974677951744666
16501.756293292787,0.04355940726158798
16577.37300042319,0.042846485863041565
16654.493803220637,0.042909884885649695
16732.97034471105,0.043023385585873514
16810.116934107205,0.043981361889878855
16887.53418984025,0.04716558981678831
16964.641840087625,0.04882756108181855
17042.25471299349,0.047566367087324896
17121.46403731976,0.04625742733333166
17201.99283607248,0.04433679175796719
17284.438061345536,0.04335355551535734
17364.312831746567,0.04325050468294053
17443.90915259988,0.04212454112921519
17523.33729518635,0.04301493590006841
17605.95378787879,0.042027474281816954
17688.574704890387,0.04045475487530861
17772.398313027177,0.039232879571188414
17854.141396213658,0.038520516938136656
17937.39040348964,0.041283641076158735
18021.623147912964,0.04121247344079856
18105.331664262074,0.040850156887362724
18188.88451155728,0.04132279333616602
18273.714576443654,0.03886260803536328
18359.260199380078,0.0396472293431844
18444.280389810225,0.04013415351974559
18528.787904312667,0.04103212801845934
18611.479521750192,0.041885957705665805
18692.52638666779,0.040213110658491855
18774.183675199187,0.041460662940475
18855.3710384356,0.03956927931154436
18935.875829787234,0.0411601529334323
19015.89533227185,0.04135052843355161
19095.159270258802,0.04166774754831008
19173.99831621485,0.042299849016053125
19251.794010658996,0.04421859237458288
19330.202381965122,0.04544268784087382
19408.58169440242,0.04563766663348929
19487.815860899067,0.04434493488183294
19566.569235987452,0.04464198345016006
19646.158476449582,0.04578937975044156
19726.543927431547,0.04608471333892281
19806.648170011806,0.04901902293375357
19886.789438050102,0.05116137606303838
19964.446889870836,0.051855531622822616
20043.493370492357,0.052229408420439306
20124.052099991583,0.04978030245522994
20204.30082126831,0.051721764088933926
20281.940198219385,0.050191415242543086
20359.07796725206,0.0494543151646003
20437.45659736954,0.048854754477418244
20517.1183357197,0.048770525526441545
20597.944907758403,0.04912014527224003
20679.37090476999,0.047092864092705064
20761.79787324543,0.04739889639949387
20845.96434877659,0.04440907759888309
20931.349211702218,0.04520664306316034
21017.10066717338,0.044642176020630794
21104.296873676183,0.04385961656317546
21192.092797548103,0.043940368435291394
21279.245090602613,0.04334205670612135
21367.977704862864,0.042803134971536635
21455.028603047587,0.04425932489219646
21542.43624672138,0.043931103239422974
21630.05509944985,0.04754707725317986
21716.57225481978,0.04638859990998493
21801.613102282332,0.04598446686763175
21886.519699812383,0.04677566311964069
21968.30764058166,0.04626907967794964
22051.29340409401,0.04660594327648552
22132.08594617685,0.045149699221187
22213.765001676165,0.0464319448012726
22294.707219137123,0.04655564008533399
22374.76713251389,0.04454855492751653
22454.2301944468,0.043658812637686235
22533.907584128578,0.04317458588862743
22611.78092234251,0.042883160208057984
22692.657934382325,0.04312878672802025
22775.72425784563,0.04248621217286812
22860.728096165243,0.04126164531270649
22946.259437547506,0.04082265595385055
23032.673742071882,0.04231329492389002
23119.79265181153,0.04423648738845157
23207.977485454085,0.04389017312852889
23295.851378785315,0.04277240543309797
23382.92041698449,0.04386704054610151
23468.439918877808,0.04626460665208062
23553.779138513513,0.044337764495238956
23639.79177852349,0.046240588598304815
23726.39281437126,0.04745350430812429
23812.71449067432,0.04515254118055897
23900.89589270746,0.045585214418809236
23987.575406625223,0.04449059151954163
24074.029314860185,0.04575559686995607
24160.83033440842,0.045700835717638194
24249.36402027027,0.045916102196853194
24339.856602504835,0.0445165224721505
24432.357570140703,0.04590360578197112
24524.083241126904,0.04610464024052465
24615.528752107926,0.04642462765295401
24708.894286198713,0.047836327536401824
24798.75031707111,0.049417009973512165
24888.889143147724,0.05076713318850557
24977.632925284932,0.05278683041699956
25065.187716775232,0.05272791984178944
25152.469565947442,0.05200482073371501
25240.820891719744,0.0550444804771099
25328.608486991663,0.05292361494356333
25414.83309315928,0.053269962243445865
25500.219595169245,0.05365721714650247
25585.716841039488,0.05319724577024254
25672.817674890164,0.05103206232370416
25761.210846426762,0.050748368241270284
25852.583999326995,0.05030478909596351
25942.486194376426,0.04986380799492024
26027.962962962964,0.050563163377441475
26114.93632514818,0.0498585902253925
26203.399016865835,0.05128993229018787
26291.020805256063,0.05082518250154038
26379.912908111746,0.04975122819153477
26468.168213160807,0.0490870496913237
26555.26277801091,0.0497424719657298
26643.088792957507,0.049057742532427506
26730.491204330177,0.046960067501057794
26817.585506753887,0.04525408785777178
26903.981424936388,0.04586801909005503
26989.899755088252,0.045203010760088674
27075.146259362115,0.04599676057897612
27162.556684446703,0.04547017265362131
27249.65682437032,0.04509154592647067
27339.16616084977,0.044818179418530016
27432.834061869537,0.0453576976535257
27526.03124204092,0.04616040416323097
27619.514044706873,0.04604754341458699
27715.166358128576,0.04691123971324734
27807.150506512302,0.04465894177050281
27898.58221732497,0.045683921938303014
27987.90465408805,0.04400400723783923
28077.523805489665,0.042962710147233796
28166.751066007164,0.0409918049800081
28254.504304220645,0.039334585042872065
28342.126460132047,0.0408851339959676
28428.654220641776,0.04090052654316139
28515.49208386821,0.04213105792011123
28604.3608040201,0.04190279635039438
28694.04145696494,0.042968140734197205
28785.504179903026,0.041967510655080344
28879.179933735453,0.04071848906243791
28971.74080619372,0.03935409967889866
29063.26172671652,0.040287861552303676
29150.72776099362,0.039824426589219475
29238.134302968443,0.040511837807359445
29326.08648694617,0.040908980905310525
29414.795429631504,0.04246528539862964
29503.66444594367,0.042627165638235875
29595.00371120108,0.0407685365837508
29688.05344812889,0.03958694014659126
29780.456102064796,0.039803931462316644
29874.06717492588,0.03950831145969608
29970.145815793905,0.04040774792571213
30067.216335540837,0.041878486826549065
30163.713622552328,0.04416098779067906
30259.6393024245,0.043995062838670294
30354.80332153094,0.04161713471260341
30452.910652631577,0.04185660694405644
30552.83073552953,0.04251853110138379
30650.712705301677,0.039373129265196795
30750.958157583937,0.038271883389092515
30854.0613403372,0.03886579807480379
30957.03038720539,0.04021683441733596
31060.0898284938,0.04161200763157533
31166.79712822235,0.04323397872277566
31278.366632774105,0.04191997842555762
31391.017799627054,0.04230633028663095
31501.338456341833,0.04304565054891804
31611.50843863964,0.04267302718814329
31721.023418414625,0.04434577136057038
31828.962233726554,0.045656898946575285
31934.690272965436,0.047092601441965566
32040.965298885512,0.04515794072816136
32148.49033836807,0.04522938235246204
32257.89793336145,0.043371675248251196
32367.44243448859,0.04406955291213905
32476.37894647264,0.04343946365891494
32585.560037049512,0.04548599326471631
32695.514046369943,0.04198465789672751
32806.33243220411,0.04242128579681262
32916.00925375669,0.04086839798567627
33027.185598377284,0.03831152561725291
33139.483105254265,0.04025367700337966
33248.79072522637,0.041189109539264655
33357.78883454208,0.04438441875845466
33465.43891901051,0.04134496416732599
33568.22127695418,0.04596905097288503
33668.51935102248,0.04734825901463584
33771.20274506482,0.043226812495616364
33872.40690181448,0.0426573932755457
33974.58146424037,0.04035205633655515
34074.22865853659,0.040046217723978796
34172.05009245251,0.042581862618138865
34270.486774275334,0.042097237575999716
34365.57328024398,0.038279368438878615
34459.79050042409,0.037672476081744295
34557.430897066304,0.036030885685497005
34655.625534770574,0.038721624557882375
34755.72995852027,0.03990553021307815
34853.55585600811,0.03977821405820644
34949.03558718861,0.04033778099767536
35043.09831747111,0.04265770391649679
35135.85413673625,0.042333943860246914
35230.17316417409,0.044466135344021676
35324.6417595407,0.04241605314816115
35422.24501014885,0.04241983408562715
35522.51068502407,0.041530832906001694
35624.59170397905,0.0408646516314204
35730.03800797489,0.04050382314099619
35837.77604475714,0.040693000463678554
35945.09286314022,0.04130188050624962
36050.48099440014,0.04137416383947732
36154.339108280255,0.04213101874565339
36260.16503626244,0.0409749012612314
36370.77717803829,0.0418472475406489
36487.550170068025,0.041383185867482165
36609.98350672418,0.03965693454911561
36728.32407407407,0.03711737539803715
36846.67082000337,0.035849733874194496
36962.8335885656,0.03435167198333235
37079.97544604928,0.03400654296094471
37199.18827470687,0.036716747118325586
37318.77212295707,0.040653556768228766
37438.656387293006,0.0425320977540573
37558.5822720326,0.04146190588878663
37677.539093604406,0.04114699448896408
37799.1067936615,0.03860725977144672
37929.411054852324,0.0381392906783343
38065.57949152542,0.03902193238349108
38205.62300481378,0.03976616650806399
38351.52341900575,0.040487009060539356
38502.332121417094,0.041689043242541135
38647.42615462697,0.039499764018398144
38788.47892429607,0.039049361433720654
38931.966793731466,0.03907179413780674
39070.83554018723,0.04143217413833905
39203.26381567761,0.04295591965653229
39337.77786227292,0.04207058948526803
39478.2842211733,0.03823309899441644
39621.548789744455,0.03735206899575355
39761.879922257904,0.037407994733646
39899.84199372722,0.03753988136077458
40036.83807273648,0.038479816676493014
40175.82629306696,0.038143112714359446
40315.47716894977,0.0394263401865054
40460.14994076832,0.03903977528584968
40607.73631587866,0.04266192963757289
40755.08601245582,0.04369000063440692
40902.53270238297,0.04350278029254388
41058.93145571768,0.040328150501327625
41216.54908906882,0.038119297737726834
41366.97601148746,0.038168090640663184
41515.22859320742,0.03705881656604961
41659.09945642942,0.037645089587617135
41802.22552904477,0.03642604775651129
41946.266790571935,0.03699655766968057
42100.96366708914,0.03394757863086236
42256.997806647545,0.034704677108457
42417.36164081702,0.03714620051527947
42580.56555161345,0.03570821453213696
42751.77403562083,0.035639216736228725
42919.81089770708,0.032001633372576464
43085.378376090084,0.0352124828521445
43254.0848745883,0.03699007806924065
43424.21226495002,0.03705699584597879
43590.73693526635,0.036311466535237216
43758.71633432329,0.03616981253265356
43931.330407629335,0.036392517419360296
44101.371167975674,0.035646042185894095
44265.97589338766,0.03679295230771665
44434.98450787236,0.03719014241818418
44605.99238127487,0.0380793693239529
44772.683875890136,0.04338779211996707
44934.63640209849,0.042802602157192005
45096.67165188002,0.04363611642324393
45255.33156118143,0.04891681799150417
45415.48410282429,0.04846582988262644
45573.21421319797,0.04578100288662355
45727.983358675454,0.044207532960189456
45877.99346848757,0.04084642328025969
46026.179765815854,0.03743317296758024
46171.77452638701,0.03923251467788776
46310.4772554646,0.039287995225526604
46451.53459546651,0.03912978231370099
46588.59002793532,0.03847964899116762
46720.592636579575,0.0364422069041361
46848.847901068395,0.03933049112626476
46980.60210222938,0.03835891739722574
47114.872589473685,0.04051278784871635
47250.88516543962,0.044893055599710976
47394.218312236284,0.0411130665203573
47539.30653095844,0.03852293928147834
47683.35967140921,0.04027372249861642
47824.704134040585,0.04046205698721347
47964.016725798276,0.04000708517679572
48103.35966542751,0.03857466368598022
48250.8673521414,0.03725732926972984
48395.57017469829,0.03373630538885219
48538.39949473684,0.034727530679902634
48685.17570794951,0.032813649404375055
48835.0995547341,0.034171337029161086
48984.94146423752,0.0338339129566627
49130.79575731863,0.033378086481113005
49275.47614230315,0.03148779820890522
49424.32631845842,0.02997847035109273
49573.45466101695,0.03167097379248239
49721.49050847458,0.03465247064047398
49874.908876139045,0.03394611266415314
50041.10994940978,0.035022283558000585
50211.9876774029,0.033754937037521617
50378.0463369345,0.031094648887443826
50540.92296670881,0.03218701138755243
