D,r2
175.33288662556956,0.6018435912697011
237.2091425551592,0.5809232148793637
301.72895921429546,0.5627543311968309
368.6607750720084,0.5424403327785067
437.74451972897566,0.5345776557200539
506.81161395856054,0.5178345772096653
579.5130910511919,0.49278836437439627
654.1189445196211,0.48291464756523517
732.1033394688404,0.4782022346111878
811.6335050149091,0.4566147293930127
891.1700383445723,0.4535371850810084
973.1673074373591,0.44020724539278705
1057.080928734398,0.42338790883011823
1141.929579322168,0.42150828792665296
1229.7873963071984,0.40757944357056825
1317.6776792908945,0.39473188006415894
1406.1615760941424,0.384934838263442
1495.448261978258,0.37151381518327903
1585.776293160471,0.37222629382151523
1676.3629669299773,0.3588927771665223
1768.7113524970196,0.3492867574492366
1860.7393345854575,0.3388853502264389
1955.90435706695,0.33675151576396445
2052.1721289634957,0.32964995926782137
2147.246567743725,0.3255601444921554
2240.527673741157,0.3241983315334852
2335.567761523599,0.3138401361953547
2431.786898839138,0.311035823960249
2529.914258055594,0.2998188361703693
2628.3639517136116,0.298224034469558
2727.466510796314,0.29149974555363356
2824.9215767634855,0.27963129495017625
2925.3976640711903,0.27395609025106304
3024.937345083999,0.2650859102391767
3125.565011160714,0.2616502166725452
3229.8177225559803,0.259821136696268
3334.472636123103,0.254599252820188
3440.8475391806433,0.24538819991381017
3547.303718145105,0.24129978827194926
3653.0446564357803,0.23933117245510996
3761.2837427546233,0.23912891122118624
3870.851063829787,0.22593927829534444
3982.4312690919187,0.222807587511509
4094.496088925484,0.2184066356224866
4204.173579109063,0.2174701924168139
4319.283948922148,0.20800172716274803
4434.2715690347595,0.20690482088948994
4549.455792682927,0.2063429998212945
4664.507158590309,0.2037619767429351
4778.350443951165,0.19114675374230097
4893.955697966007,0.19045326919812974
5013.065371991247,0.18948148011765772
5133.64538419016,0.18822955880961495
5255.367755385684,0.18419742015773238
5375.4620823513105,0.1846112851835695
5498.081509018312,0.18155251746431922
5619.876260185058,0.17993847536579427
5740.796764827872,0.18291506558961962
5861.170833333334,0.17932157435753035
5983.839477303989,0.18035182681605355
6107.379463050097,0.1749235268721927
6235.208183577551,0.17302632030601303
6363.550616258136,0.1682036539052541
6493.653267025832,0.1670320195092536
6625.540420203145,0.16569717079103355
6759.246380807942,0.16266041536920187
6889.19917184265,0.16123058807983595
7019.153963414634,0.160796044504212
7151.515757323337,0.160611118920136
7281.9939360529215,0.15704043768042025
7413.535102266445,0.15087725889555895
7546.124879126951,0.1493382293842269
7678.564241164241,0.15239615145334362
7809.9377673520075,0.1496064554503464
7943.182760049731,0.14669155531352798
8075.61231884058,0.14669148203087876
8209.862182566918,0.14677034642458936
8343.890468227424,0.1482649148632672
8479.621295279912,0.14133551009324116
8615.23179174744,0.14351619471116198
8751.911455451023,0.14324219751093706
8890.089194062977,0.14479901767822617
9025.457048001106,0.14301632014990898
9160.324823088664,0.14137250584308342
9297.919724137932,0.139619796647097
9434.426778819636,0.13881441323096866
9569.034180908711,0.13750501046395414
9704.313598901099,0.13802419390091705
9839.148959778086,0.13876416698063684
9975.9833149476,0.14352266567682317
10112.90146137787,0.1353169503479739
10253.059950385888,0.13649899947740457
10397.634742951906,0.13693942717692573
10541.461379024458,0.1376579014561779
10685.23032150776,0.13319716876260046
10826.431010549695,0.12452250398975592
10967.503446374414,0.12587742821623538
11110.227549889136,0.1275730592094154
11254.301637539562,0.12766565462250684
11401.916066481994,0.12942945234445324
11547.905553247472,0.12417968569502673
11693.4287885067,0.12766995501552156
11838.256929046564,0.12606591710127577
11982.646087680356,0.125011347249464
12131.465448550625,0.12655542882493173
12273.191786504425,0.12552602917698275
12415.947929649634,0.1240946356314698
12560.36778411462,0.1233857583579724
12701.158695051148,0.12048649926184689
12843.176576327434,0.11810261084278366
12989.311114171602,0.11748840160558759
13132.7494112758,0.11860077059894157
13277.044251447478,0.11794895712596307
13420.954929968104,0.11865272851105096
13562.874948240165,0.11509316438886495
13704.139438373219,0.11690125630730404
13846.67975034674,0.11629524017927349
13989.445871306269,0.1178364148955251
14133.024528824833,0.11688230954457249
14277.944313942242,0.11930370610781756
14419.57364986811,0.1157293400931447
14562.16646065101,0.11745097947572691
14704.96688004453,0.11775553828995385
14849.042167841835,0.11690376239671867
14995.711282121754,0.11840477677044013
15143.344123367602,0.11798174900843689
15288.625568260091,0.11871026142392203
15434.969158099471,0.11498402510983373
15580.701264778663,0.11992246892124522
15725.303425322423,0.11676526370587825
15868.903702680298,0.11849736040031696
16011.178941550366,0.11969948164282447
16152.73619802531,0.11689903869136557
16295.647018317037,0.11417488489546433
16434.266500622663,0.11666240900694845
16571.97581870941,0.11414184870705794
16710.789055973266,0.11528511899729224
16852.299862068965,0.11868898109867598
16995.51063242198,0.11793248987299773
17137.278000276205,0.11859013822490354
17279.016747404843,0.1177981200867106
17419.892033687698,0.11536873520826167
17562.86126526082,0.11511816431259367
17703.326547569588,0.11356501253264083
17847.22597080694,0.11429958448753716
17989.0632805995,0.11367606066262181
18129.925905446504,0.11765137577570117
18273.629976580796,0.11625251473354418
18415.85625086721,0.11892212086895734
18555.67468879668,0.118625792173219
18698.02812413411,0.11800768891139757
18838.526061108805,0.11686550063040897
18980.00013844663,0.11708069101228767
19118.661464088396,0.11747549127482759
19257.40198101527,0.11610875935700618
19395.999305362602,0.11839303347805767
19537.145190311418,0.11909967439034734
19677.153370013755,0.11910738895000872
19819.116143373158,0.11925799002921438
19958.364212848082,0.1193633911789866
20096.965850960874,0.11951013073508929
20237.700346500347,0.11716344729129943
20378.042476402,0.11929039944141659
20516.75766786405,0.12024857601700753
20654.388620356305,0.11845419245014155
20792.079900470002,0.11800615398305006
20930.933879705513,0.12271149235290814
21069.608091371956,0.11810314941233455
21207.559199555308,0.1184001512082224
21346.081010212532,0.11449660525589554
21487.6115942029,0.11562770424608833
21629.824251620914,0.11798257090605534
21771.22914072229,0.11965238650347132
21912.678986710962,0.11862193926800177
22053.339189376125,0.11904315858206017
22188.688830522533,0.11651902779326416
22327.29415826543,0.11574009726802864
22463.87227846346,0.11503557673456999
22601.4320799223,0.11625032461674108
22737.11337649814,0.11669828994652831
22873.045511135704,0.11697614241234121
23007.988795130725,0.11960632384176118
23144.196582383996,0.12001771648828233
23281.545379537954,0.1197553179225625
23422.000276931598,0.11961526531400757
23560.593295470288,0.11826454142560269
23697.030030445614,0.1159598363933119
23833.22199284338,0.11568537650808262
23970.095988934994,0.11328907709574766
24110.72426215879,0.11527282246096783
24246.176568342336,0.11513375662382226
24378.792013311147,0.11097583877847417
24513.063653899146,0.11032329014496318
24651.717286168303,0.10991043220841017
24790.27123098202,0.10718206803125954
24926.59063841573,0.11118072095047307
25066.075207756232,0.10849657317412906
25205.24408795464,0.10764955234310068
25348.036328608778,0.10775859137971082
25488.677093425606,0.10813997021077784
25632.782331764054,0.10994827892414619
25777.61487420514,0.10699693353834926
25925.081204253554,0.10837058968139517
26073.56049280177,0.11086049133040583
26223.777331301095,0.10481967408444537
26372.985342920354,0.10337969014667228
26523.96638539217,0.10090417329949067
26674.94980587909,0.1026150132887816
26827.659756771696,0.10426663348676316
26980.61856097224,0.10044610074905208
27133.663256842687,0.10261684711580918
27285.311000138714,0.10141496146993234
27437.938145750104,0.10210514636877278
27589.231629834256,0.09994020238917109
27741.09944521498,0.10062511969504094
27894.499239806497,0.10139087883725753
28049.490868843386,0.10053146387526521
28201.666160220993,0.09825190192680075
28356.41144678492,0.10128135835796909
28511.59731264718,0.10324320631581099
28664.894424510076,0.10288055298325381
28819.54406288788,0.10976857424029784
28973.36202109939,0.10856076548057064
29127.46091047461,0.11193286521565374
29281.289948986625,0.11181481789665787
29435.016733508506,0.11148552037540581
29585.61615182158,0.1096755787583664
29739.61443613189,0.11283930483695179
29895.254648120095,0.10819897150685977
30048.37326099054,0.10944430905461455
30202.33213545266,0.10496037711646017
30356.064578446254,0.10647510274408432
30511.044922144138,0.1090720189241357
30663.105117565698,0.10701296548095272
30815.570182724252,0.10478554894748941
30967.848985829398,0.10548189829765227
31118.891493175237,0.10144894860188929
31276.335500830104,0.09967902641858731
31436.480226769912,0.0997787608336736
31597.881318376956,0.10231063212407918
31760.18268565897,0.10409590465731085
31920.344679673446,0.10527636441195216
32079.477313474003,0.10521647802919952
32236.604034263608,0.10779938892220865
32388.427325581397,0.10884854774113051
32543.042694760188,0.11119055420653581
32699.237487869126,0.11286857275491695
32852.115670614156,0.11162191811121834
33003.71977869986,0.1112828664124943
33154.71218836565,0.1097474666790218
33306.831256921374,0.10726974621654768
33458.38406198118,0.10294186574530156
33610.44447517632,0.10402580649860688
33762.7884137931,0.10555412923073265
33921.39182659119,0.10345067897847411
34081.231494316606,0.10164917296720444
34242.13142224069,0.10311823715238275
34399.85826880531,0.10208004281660854
34556.99005662202,0.10245548600461972
34717.22832689122,0.10221002072327724
34877.70441034149,0.10279979664974839
35037.51327679688,0.0994090172363546
35198.68230747999,0.10278662625753418
35362.151347615756,0.1050894941870059
35525.3,0.10602378827971096
35684.05900234904,0.10229343608088075
35844.33647842376,0.09938993380818043
36004.987333057965,0.10234569626300279
36166.99764836077,0.1004750735125611
36325.1405210643,0.1019974143485002
36482.144513457555,0.1045587307338226
36635.55079474775,0.1038824828918588
36788.61890201529,0.10435533158581677
37037.341366212095,0.10427988573563537
37378.13850277379,0.1060253671907068
37721.0206875,0.10893144745959639
38054.511709018436,0.11046759149419388
38381.79109034268,0.10894935597523092
38710.94930789375,0.11179371707406409
39039.16266150677,0.11283643372374896
39368.87564637717,0.11398711903186426
39700.60751109167,0.11302519406402217
40037.73542796584,0.11608702719329198
40379.51115542815,0.11293904218391759
40711.99544831026,0.11060799418841634
41050.42388189859,0.11152081928093403
41399.6155336166,0.10735497684252243
41760.82357343312,0.10589258780375893
42121.852234532555,0.10726209877171239
42477.399637997754,0.10967351600110037
42841.19968769519,0.10535184044837839
43214.9240159442,0.10782514755966194
43583.53636646931,0.10537983728474612
43945.01214953271,0.11034748607641573
44307.87875757765,0.10333096898341916
44667.411189942744,0.10335230693585763
45023.40872223609,0.0999371640499718
45382.46475179519,0.09974545863203572
45751.2104968248,0.09942708961438305
46130.03282576136,0.10124763580236873
46505.79901440958,0.10142769333341042
46883.60320029886,0.10271193571631902
47258.46107784431,0.10551165663944806
47630.67555416797,0.10797914635440699
48001.952861952865,0.10685288982336531
48371.87130749096,0.10263368616749076
48752.277750062356,0.09934428620215027
49128.71302937691,0.09871773317461979
49503.11842926707,0.1008650886940825
49877.1611878969,0.09906371108108046
50253.91828963795,0.10405615740464388
50631.71287067032,0.10330311874968338
50999.264351302394,0.10247056300863686
51366.05688622755,0.09992033607935993
51727.18057804908,0.10009214840921064
52089.20243293824,0.10216615714043027
52455.22896000998,0.10041772166448448
52825.8311307817,0.09519101943525858
53195.48106154996,0.09452835496890648
53562.8025847537,0.0952692358977485
53925.609227695575,0.09620983053862703
54289.504450669156,0.09700841181083192
54646.293273430674,0.09947767931623545
55001.33289744069,0.10115128692626277
55357.72009255206,0.10134504216100117
55708.409093736394,0.09880711312014125
56058.462387724554,0.10350247383482485
56407.82971692231,0.10254262639755359
56757.981819317756,0.09981954288385181
57102.839205677294,0.09908864340664464
57436.452126662916,0.10247394744170495
57767.78726582436,0.10399319958236418
58100.03132228822,0.10563432530993491
58431.06211489388,0.10581888945516536
58767.502837542874,0.10280783085464179
59106.31258972598,0.1066248551212182
59450.49735020887,0.10950678611836169
59797.490428384364,0.10592869751055714
60139.203664464665,0.10644269037488802
60484.252295583734,0.10911370255167006
60832.921534437664,0.10402046535480891
61183.54153673444,0.10172731338732038
61538.72227068793,0.1062598042972147
61896.695299332045,0.10795565337482647
62249.48283610036,0.10957839875126948
62604.0700466563,0.11470928961714696
62958.05429892527,0.11170215292426455
63313.59440777183,0.11247746611388805
63675.91813413263,0.11053585081792273
64035.554917623565,0.110820421016457
64389.7981211895,0.10692225989955108
64744.59190050622,0.106995628582872
65101.26299085195,0.10802962347441189
65465.31278439195,0.10422413350584452
65834.82117015967,0.1041718043686357
66208.46041458541,0.10366967452882694
66577.11073009539,0.10351697946862615
66941.70485981308,0.10797127922127012
67309.57252623688,0.1086927001560507
67677.75835411472,0.1091652479713764
68043.6495923321,0.10639849380962807
68406.65229060042,0.10734726543746784
68774.38647975078,0.10757352967956291
69137.39749110653,0.10684458062690042
69493.33145856769,0.10676992991551587
69852.781125498,0.10562203965697935
70218.16358197793,0.10529444365764895
70591.04912411944,0.10452337986418873
70961.46548385081,0.10371045072041464
71324.02777258858,0.10393289311531158
71684.72480668496,0.10181483787220517
72043.94396605516,0.10022613840115047
72409.8013724267,0.09749955447981017
72769.04693839335,0.09801895800025508
73124.48398554337,0.10019060990639013
73481.30427201395,0.1052317422344916
73832.35590894918,0.10623759094214062
74181.02482957033,0.10485215107601083
74527.20427627477,0.10376121958596586
74866.10254971635,0.10265955616704356
75199.00405312714,0.10072908486160508
75526.59073334996,0.09947199239138198
75856.40634167656,0.10355749164982345
76185.16555548632,0.10121778080054147
76512.5686323401,0.104515723857516
76827.5503900156,0.10405304423455053
77130.81047909787,0.1064834827030916
77428.67998753117,0.10661234763839214
77725.2015320421,0.10720036436288496
78020.68115761243,0.1064385476793342
78322.43967292928,0.10380287113702182
78625.64890633764,0.10486934315549884
78929.38222249984,0.10568269720856219
79238.52230448578,0.10578482948615135
79546.997311996,0.10815939256301658
79854.8628992016,0.10751426994049391
80164.55672412721,0.10724463117225777
80470.98631934033,0.10614723923039446
80779.27231335371,0.10542688070028827
81091.66762124136,0.10655894532761527
81402.28362025948,0.10108924919819955
81714.55824574575,0.1027833545581623
82036.45688313305,0.10254852813037034
82363.86476380406,0.10134305579011817
82700.65024937656,0.10825057023693094
83038.74985978687,0.10859941213474739
83380.01342826807,0.11217526379471791
83727.30199501247,0.11387139226995924
84075.21823514727,0.10911945324566485
84427.92385281116,0.11039038052929515
84784.88339773152,0.10971785696368413
85137.40922154192,0.11011750123530757
85492.65741317067,0.11156609147292437
85850.44119481168,0.1125190924916305
86205.08679104011,0.10900384277280406
86568.57985181495,0.10996170347870825
86928.66348254979,0.10995630743514151
87290.75856046904,0.10731737687312429
87649.29891949285,0.10614334381911059
88006.63940242764,0.10562373956878808
88372.4473026973,0.10421386723433268
88737.42882085178,0.10646557938716229
89099.57360912093,0.10858806387646812
89463.81441756048,0.10624257232798145
89815.33362434522,0.10713888420948159
90164.19155298074,0.10578652212798943
90512.3529081378,0.10423523196779938
90857.23407573772,0.09794602865325075
91202.76226955655,0.1005252898752723
91545.67051554113,0.10134868634248453
91880.43339985034,0.10234170765434063
92211.57748236909,0.10164952339536486
92544.48597256858,0.10225243207243587
92877.10003744383,0.10357983652465473
93212.45281961907,0.10211726906218573
93551.90181977363,0.09638884330632984
93894.92929670466,0.10053762646406969
94242.23273179839,0.10069209387923483
94593.59505833905,0.10305771179798942
94952.77425791968,0.10152718363054372
95313.37592106906,0.10163530843507858
95675.67267735695,0.10368133752307213
96037.1091871691,0.10137618116734191
96396.57721803105,0.10425236381521655
96755.34919445486,0.10546749306649413
97115.80363364858,0.1078635631604679
97483.57686311194,0.10782404231346195
97857.53862969209,0.10484622846069264
98220.14979428999,0.10459747267062895
98578.56436508927,0.10552355693812938
98942.31787295056,0.10318237395561347
99307.21859625085,0.10544073260068235
99670.57623737688,0.1053724433476598
100032.11406796602,0.10691841964395768
100400.41653675874,0.1093076656594441
100767.59140454687,0.1110526456855232
101131.22441853215,0.11146217906193252
101494.07352483021,0.1139314885809091
101868.76570108627,0.11350903443726011
102250.90475003117,0.11500552187134974
102630.44430585006,0.1193095139932356
103009.76519078249,0.12007186756548778
103391.67729877897,0.11480173279867
103784.01186313687,0.11158545781135563
104177.80481732744,0.11124792921828104
104566.16858213616,0.11026764416636263
104956.1957361925,0.1073386067188576
105352.1057680329,0.11011243379663128
105750.94439942655,0.10984761211917579
106156.10030584858,0.10864889212533708
106559.41526746146,0.11084865445772964
106961.12345832815,0.11118713966857387
107360.23733366652,0.11282890631523493
107760.09335905894,0.10768388980398921
108161.41273599601,0.10820908371723405
108560.2929507174,0.10976162092793813
108956.20114799101,0.10854941734625154
109350.81752416589,0.10783663900197459
109745.64473437793,0.10607530202614532
110136.7950732772,0.10298216608605465
110537.25724615097,0.1026350583640194
110939.45924862706,0.10514143937262113
111346.07751792953,0.10258954603403099
111747.78180685359,0.10667185177875191
112142.32526059546,0.10932596525383569
112527.89305711086,0.11371441514005529
112905.35747765764,0.11319570234763736
113278.67150601283,0.11277628817991577
113667.30643048712,0.111748622910493
114061.01560257131,0.11314007088323316
114448.36354004363,0.11179355625384552
114833.16761098313,0.11012169747844533
115222.21799588452,0.11277114795187491
115617.4992811152,0.11111179577088559
116004.65227683299,0.10936580173863863
116396.34384150521,0.10683301592761599
116785.04345115641,0.1097456037448692
117181.1936712021,0.11463282488537146
117559.51148564294,0.11581012213227833
117945.97914851239,0.11243249651996633
118336.78170465189,0.11173375498081259
118730.58007739358,0.10984631403720498
119133.82595980338,0.1093502523702002
119534.73255886578,0.10621084550650482
119933.73108772804,0.10612578069107877
120332.69830275801,0.10512869766794501
120732.3143821067,0.106653645819164
121135.56416812172,0.10357031616111255
121534.09579235653,0.10507573300535575
121932.58367678282,0.10568459515852913
122326.88670779586,0.10573002002257587
122736.87863471858,0.10687170991965363
123162.1953334581,0.10431258728142957
123581.52197767941,0.10605452181333726
123999.82558863834,0.10620925556477644
124413.01607376487,0.10476473031819755
124818.80521022053,0.10169373778253128
125223.54738878143,0.10314093584162108
125639.04575448207,0.10185137315729878
126052.18857677902,0.10102552201010466
126457.23902074379,0.09942622855163999
126855.25547172164,0.09689120516464769
127247.7522592708,0.09784770778309557
127644.85619648772,0.10000008920252423
128043.349252802,0.10233120071560031
128435.99176389842,0.10066289988171806
128824.28388826537,0.10301962734609446
129208.2818289564,0.09747551467776908
129589.33699382293,0.09705200744948844
129970.0026831399,0.09670462619945287
130350.53308846417,0.09590881551709603
130728.12613062192,0.09556477097687444
131108.6663341646,0.09719360539623523
131484.36482694108,0.09977635184055227
131842.29861544218,0.0968881544202407
132196.27234758757,0.09470943433271482
132559.91392420843,0.09453422343793795
132927.85426540286,0.09571365653793237
133292.17821720417,0.10177409961799241
133666.74800399202,0.10162827658786819
134043.2609835247,0.10211764493630279
134414.4774808447,0.10021256438286272
134783.0942169428,0.09836697013985846
135157.06018691589,0.0946646694063942
135526.0092206093,0.09146370183528185
135896.4985667996,0.09231398204467227
136272.991446588,0.09062595509460876
136653.21768962077,0.09398868746534965
137032.8079437216,0.09258759922857579
137406.94849865785,0.09430359137295706
137779.10594331377,0.09368402310774121
138159.6599054256,0.09429949732927917
138543.4817381532,0.09388995602902159
138928.48150458487,0.09451325074071308
139316.0846115476,0.09714102434824869
139708.3761702659,0.09736320083082836
140102.85907335908,0.09687482028948173
140498.99114326702,0.09982047459923613
140901.57654845156,0.09916974205752217
141310.38992025916,0.10003107164405778
141720.33376979674,0.09552532990664354
142140.14671742386,0.09461064403736916
142567.88539914004,0.09672245023271331
142992.95078188274,0.0969108741716645
143416.72165979253,0.09402241696580058
143837.93012258105,0.09491761642347517
144259.8497099008,0.09472295999409555
144670.68179551122,0.09751115545096556
145084.61208028512,0.10033387424300291
145492.67401182695,0.10065832809366437
145897.9776613004,0.10074513855696102
146303.56995141399,0.09759980086440509
146708.79996257485,0.09900016059539975
147109.28662380626,0.10379344082766244
147507.53338325222,0.09740178871646438
147904.2544356596,0.09794138527459541
148304.43382811526,0.09773160043984952
148695.41460976066,0.1004658624856758
149075.1277338152,0.09945507605226557
149448.23912636505,0.10353874686151672
149822.4073497353,0.10474967500698427
150200.76127304434,0.10768668933844236
150571.4324965655,0.10588843790592012
150935.88125545988,0.10537183238648404
151302.1232416283,0.10794983604849973
151676.39378788826,0.10996332543618854
152046.9813188866,0.10946333718475283
152409.25713573478,0.10692485179735747
152771.39022410888,0.10504340466061847
153138.74739599577,0.10416098856567546
153504.8089894645,0.10293024903955514
153872.67092472583,0.10155743366308624
154244.9576366359,0.0968143822134529
154611.9879773251,0.1023605738934233
154974.12797451753,0.10256173132878574
155338.24169995007,0.09904436452125255
155705.22783550053,0.10010848129064054
156069.60966008497,0.09932597878510445
156430.8349411838,0.09932605878224092
156792.68521522146,0.10108798138429796
157153.12669457114,0.09902002988766906
157509.02603550296,0.10049277106157352
157869.82824379907,0.10238423809897797
158231.98425590404,0.1031069781720935
158591.77950155764,0.10350557298508443
158955.4208393091,0.10432570565491577
159318.25205838322,0.10815849631833885
159693.9679087737,0.10801390200231409
160072.95280604283,0.10291566992420029
160460.7521330261,0.09983092734918952
160857.87216636483,0.09683900560762862
161249.74696242757,0.09604115862680727
161634.99806829513,0.09376075650397757
162017.79585724982,0.09716734847351371
162403.74939127176,0.10004549991007854
162788.3738690959,0.10088037577345865
163168.38656195463,0.10427412802838588
163557.522967758,0.1040138501012639
163950.10057507188,0.10207313140743966
164344.82424431288,0.10227129950216508
164736.0973164809,0.10294114419663111
165126.21440149625,0.10130147284969053
165516.91978275796,0.10303939883353581
165917.14580604926,0.10376424981753277
166312.7643613707,0.09852671134838217
166692.1901875,0.10053986228590914
167071.91570093457,0.10126019023730137
167447.74380371155,0.10294276168556937
167823.2757392011,0.1040114351468015
168205.68510903427,0.10295504782835398
168587.31544877382,0.10024747352489075
168961.15852897102,0.10183313070738045
169338.6038523875,0.1018710668407804
169718.87396216992,0.1017207088663507
170098.32538001495,0.10056282087167315
170473.4894135282,0.10111989343906988
170849.4364678756,0.10458411448097087
171222.11622245802,0.10435185241199309
171595.12846378976,0.10340397610227654
171976.55287650696,0.10212098438722189
172361.79270645342,0.1011857996595819
172745.85622585067,0.10000114731406848
173132.31490745372,0.09894692205910366
173522.0002492833,0.10045726169411698
173915.28725325363,0.10300613739151068
174310.49091363268,0.10222330115170128
174706.5774481082,0.10067696843271959
175105.34546360918,0.10026565811871806
175506.2834207896,0.10253406036001061
175902.32771593807,0.10283994172772061
176298.56508154722,0.09962179731177213
176695.64740749984,0.10146549831765923
177088.78107467896,0.0983496055606925
177476.90111672593,0.09942919722088521
177869.98554877288,0.10555048220556332
178275.07216366244,0.10422152738555078
178683.8458424167,0.10088013293337471
179092.53331669577,0.09934643570377827
179496.8365666521,0.09981842013778688
179896.17851569815,0.10060277444636341
180299.94199015514,0.09965929527131727
180706.9452097488,0.09853333431374961
181108.53015357722,0.09849957850929132
181509.22178575883,0.0988117032543964
181916.92357044973,0.09950527012035158
182316.82692427546,0.09581460906002671
182712.69675203,0.09465495264730102
183113.0355361596,0.09841447899198034
183518.33618109254,0.0989162853384212
183931.88012224785,0.09816561373916902
184341.56076865486,0.10018813197846115
184747.52346278317,0.10077955769098448
185153.26276051416,0.09828256104300791
185552.03203889547,0.09711284087287098
185943.22783782094,0.09430774736322596
186348.7142412548,0.09434271273007998
186755.11257410297,0.09367804551466721
187163.28314494473,0.09414906652062006
187568.3617658062,0.09394045277420694
187969.275540061,0.09606688083971632
188376.81554792382,0.0970085656572972
188776.63701444224,0.09633720657619732
189175.4806061362,0.0971562586001699
189577.0559056592,0.09774425513317672
189970.503902104,0.09876620200540132
190365.67523073085,0.09614878598873526
190766.1431863478,0.09788457300350788
191179.9593709043,0.09731454482933327
191597.7149442472,0.10304958713408684
192013.16738357957,0.10378737373304274
192428.90147967785,0.10185174587314376
192845.47403528457,0.10353414883274331
193262.40741202896,0.10081644857141782
193674.51418417608,0.10131625925017712
194086.51786270965,0.0995719325225595
194502.9148790222,0.10044046010665256
194914.88020215885,0.09763306468217262
195316.6095416277,0.10056743365183782
195722.8730654019,0.10101857189758462
196129.5240675011,0.10201192846471374
196536.1851528384,0.10735643484593767
196939.6933815281,0.10467264457127527
197345.70958270866,0.10431755113495163
197746.6669786597,0.10580284803743127
198152.10218932704,0.10387635856387539
198563.45030590586,0.10889046346685231
198980.22393364928,0.1029494092315766
199396.3058479168,0.10604516477791807
199808.4595016549,0.10734906791386899
200215.6956088446,0.10431249271610644
200624.9044204751,0.10764170051166856
201030.02971285893,0.10685871033436949
201437.28361370717,0.10525260228269455
201850.14296411857,0.10486526929735282
202266.49878436507,0.10668702683986203
202681.61834965384,0.11111534857051548
203101.84926722792,0.1108189768834866
203525.89771239794,0.11166861332807002
203948.70176532966,0.1096268232155384
204361.98192470707,0.10955198687158238
204769.72215987032,0.10813456701807184
205190.31449953228,0.10752797202951539
205610.3194487747,0.10189396768028085
206026.4437152322,0.1021424802237625
206427.703436255,0.10309484179933973
206826.43672270482,0.10712949514150895
207218.51029320026,0.10703316038609122
207609.4492690513,0.10900269115841385
208001.37028714106,0.10934425509284515
208393.51332958732,0.10865588891407094
208794.5567601246,0.10998034919400447
209206.676690325,0.1121397603936093
209622.34239910173,0.11116496474360628
210040.02510617036,0.10783955860183128
210442.34361755173,0.1053401523490706
210853.5248801146,0.1041573907375328
211266.52338724787,0.10117746738221575
211686.0792473989,0.09920431793968297
212110.23290665002,0.09940126630605534
212522.27901034526,0.10145522765799121
212933.97171515794,0.10261992012538035
213344.63452663092,0.10122911976458059
213758.17721993255,0.10315248197882211
214160.8387659707,0.10324630990051681
214562.77377683474,0.10544103634429261
214966.26949912784,0.1049447325718743
215374.79683508814,0.10567676063756597
215778.56380785807,0.10593556614203878
216184.48417445482,0.10999883576050552
216591.21717959922,0.1080273732943329
216994.45980165908,0.10567324570092326
217405.8647604809,0.10352113374919975
217826.5284993459,0.10620725679048935
218244.8940699126,0.10710326696165044
218662.53922976094,0.10890796452348225
219081.4521983162,0.10481219031844141
219499.06863905326,0.10788088114404032
219929.63995014023,0.10384353719634236
220364.31845702516,0.1059371095899815
220801.18952618455,0.11100690615267376
221239.52380655616,0.10833596885562968
221681.22175758332,0.10502902820691314
222113.65825788325,0.10631783167510622
222545.400834943,0.10770133432087772
222986.229004302,0.1068303550206791
223424.8219075541,0.10835282067266444
223855.9625685102,0.1114997057228758
224279.44386960045,0.10892224884769754
224693.88108614233,0.10949920689080923
225099.32414223332,0.11018686712916088
225505.7135556248,0.10979491966777924
225902.87163974304,0.11557318031883758
