D,r2
31.569279078895722,0.2739520784100726
43.516523867809056,0.2302216423311219
55.63248831610254,0.2051403089863516
67.5826200493254,0.18587164309918872
81.13816904819569,0.18295854539148526
96.10282651072124,0.16973661648146535
109.59916395726893,0.17339632290536183
123.11013896037056,0.16152317525814097
138.15558811775676,0.15523364083380864
153.1800954147893,0.15015058836592543
168.17273811100807,0.14990523226495248
183.13650179607626,0.14080849974729948
198.2386332322954,0.13751235258400146
214.7202157598499,0.13717562560540367
231.12708510036754,0.1357970525482572
246.2564427545416,0.12980481436296568
262.7860330478832,0.1288655801156597
279.17079280872383,0.1281302366135406
295.843324751747,0.13097569457835875
312.26874546773024,0.12951937565098193
328.75895316804406,0.12564155844405647
346.7506705837272,0.12338316618372984
364.47318109399896,0.11978889359959832
381.04600870827284,0.11708566438638494
397.86935192357345,0.12070320560406148
414.3204633204633,0.11711661355589445
430.85983236621536,0.11283688243222283
448.5079215896885,0.1158047376874983
465.0039209772282,0.11224419857817254
482.01927968938276,0.11222388116686323
499.8798955613577,0.11231796203783954
517.4832055749129,0.1120813658518451
534.0831956750263,0.11294827082319661
550.92421875,0.10990899574668847
568.8505542630354,0.11222726424924627
586.1229258849557,0.11053009283874142
603.9287891382654,0.11268710238955908
622.0292875630023,0.10638403748346499
640.0111982082867,0.10600277428866285
657.9423794389941,0.11087564573699402
675.8100817438692,0.10945907844187748
693.8663268195978,0.10352137174184822
712.215924610762,0.10263512735605596
730.3877927608232,0.10528711183225331
748.8255860683188,0.10327848445362342
767.1880668934241,0.10314335140541242
785.1582613541376,0.10329747501444624
803.2045358501198,0.10312152420314621
822.0885990857757,0.10047351098321071
841.0820131781859,0.09492684476407448
859.8568843101768,0.1007113952531614
878.9729333333333,0.09893601738282755
898.1273445212241,0.09755971285908549
916.8778267671739,0.09867896082510703
935.9141063318194,0.09795168964458784
955.6891248128488,0.09737058539634336
974.2894620486367,0.10391504805799667
993.4541806020067,0.09912363017300005
1012.865699245981,0.09674218285345654
1032.29517041716,0.09901849762550483
1051.786093189964,0.09414078099093423
1071.8652538984406,0.09242466755697637
1092.3330095740253,0.0910738419097995
1112.0223965763196,0.09519539084925219
1131.433744855967,0.09323791950518837
1150.795996592845,0.09216820308262404
1170.5308270676692,0.08791188869681162
1190.4898949070332,0.09014898376108911
1210.5743076501235,0.08626104354806027
1230.4870817450233,0.09105009316600136
1250.5302764666217,0.09027438681511951
1270.1161485319517,0.08875944587325449
1289.617337294086,0.08756881366606113
1309.486301369863,0.08834568784387921
1329.0886344359626,0.08962342446207065
1348.6892282294675,0.08757017822618234
1368.2928829580205,0.08392111918365876
1388.5796222252861,0.08509191677946279
1409.0704629250308,0.08616898042034452
1429.5624365482233,0.08785607628212755
1449.9492337164752,0.08597469312391799
1471.5292405398254,0.08293950847838084
1493.1954646633278,0.08154552847795275
1514.2270315554315,0.08415299154190697
1534.4779041312797,0.0828265353499964
1554.957579032694,0.08238402461592322
1575.8465753424657,0.08282794237379813
1596.9698471121178,0.08497562806045589
1618.4050395389359,0.08701949656021701
1640.5816019682886,0.08664201977259199
1661.954442877292,0.08305636598143284
1683.408076659822,0.07992377189344116
1704.9332306830906,0.08072604611009813
1726.5738131071282,0.07917843477016916
1748.4637024838753,0.07596550144937596
1770.0005682625374,0.07658486414533311
1791.5137972809262,0.08043373868394754
1812.8990012660008,0.08031696383928272
1834.699142740509,0.08073494181803334
1856.0522377320478,0.07821407262036015
1877.5473183978277,0.07850645113420486
1899.4736915367482,0.08086369795102298
1921.5897720956086,0.07931473539926241
1943.9416107382551,0.07887717788901637
1966.5496225887616,0.07627544305652463
1988.4769934266933,0.07666055835516379
2010.5126841243862,0.07491571277824943
2032.434830837493,0.07444276199987031
2054.5888366952195,0.07609642122522114
2076.3463083529573,0.07460240426498006
2098.9278503163277,0.07565649748148473
2121.343056524773,0.07537708215508948
2143.4336877448236,0.072749161344973
2166.0580474934036,0.07396388560725659
2188.8584536499798,0.07790888980586974
2211.433380681818,0.07823186378929117
2234.0504549214224,0.07510214558377751
2257.1431274496554,0.07528512567230097
2279.4076934076934,0.07274174343555467
2302.546887523377,0.07378828018790554
2325.480213303396,0.07145247280166878
2347.524022346369,0.07511158295660582
2369.862788755914,0.07314479023307928
2392.9671080139374,0.0728592581547817
2415.9936647844647,0.07122216282091352
2439.5817037235465,0.07115353412058974
2462.877486307293,0.07139160409418842
2486.5202873486764,0.07104318842497753
2509.409761634506,0.07361356326876416
2532.608051703245,0.06876660598696602
2556.005803255485,0.06880416530456247
2579.495179904956,0.07059353566025342
2602.8206214689267,0.0720979993675122
2625.9685710294734,0.06924825470167527
2649.477235550709,0.06675216753143777
2673.647285753651,0.07047314672206964
2697.4874020156776,0.07098419029113001
2721.4507375452267,0.07019084660803215
2745.6389617561786,0.07059395829321391
2769.5463101896057,0.07001533015425809
2793.585866999861,0.06970176909441426
2818.12253677491,0.07044851149715847
2842.949281258476,0.06741555772295639
2867.499578177728,0.06895974050513169
2891.4016058599805,0.06644935893450735
2915.451299152425,0.06776928726974277
2939.436200963524,0.0677579133909219
2964.0426927194862,0.0678355646657748
2988.703838610255,0.06681725719049968
3012.4924390926913,0.06863188363444105
3036.938986275309,0.06552209266665941
3061.6981369939767,0.06869115959032594
3085.976854358419,0.06741510723863578
3110.507662027274,0.06574410140640118
3134.4914632425566,0.06622979967006772
3159.1302707800082,0.06719712198828709
3183.4804129543204,0.06560853423569463
3207.98789379557,0.06449242890517883
3232.9425037379365,0.06238196018426718
3257.546993006993,0.06462722601763415
3282.028318584071,0.0657881491390397
3306.568854037694,0.06401118686101441
3330.005525665261,0.06644128884207381
3353.5116407218625,0.06584247267318087
3377.4717703349284,0.06434575147562471
3401.5853790858537,0.06292107765456607
3425.5224703611802,0.0635270675451381
3449.553914123982,0.06353384792744929
3473.480566858426,0.0632207131388792
3497.9915450702306,0.062429316100379086
3522.5101692504622,0.06108075595843445
3546.8837366499934,0.06195950498942997
3571.4040701754384,0.06417658797553738
3595.5437691664342,0.06503538665845429
3619.844706200921,0.06522732361063427
3645.019564618352,0.06169221163954675
3669.9945085118065,0.06372764173048287
3694.4647261256096,0.0642484940209394
3719.069840403765,0.06299801632846828
3743.899593495935,0.06293000564644263
3768.4784831700044,0.06273336361398914
3793.151394967177,0.0650402490850854
3817.4204922566373,0.06235179701547173
3841.4178150305443,0.062086065108727786
3866.0295364419526,0.06428543924213699
3891.458002956592,0.0641984613090798
3917.008574194441,0.06529670285337617
3942.043848624494,0.06566512431158211
3967.0013755158184,0.06325968716443349
3991.3667751521157,0.06382858368792382
4016.017825311943,0.0628449918370932
4040.4656499230446,0.06370195559321151
4064.997120131651,0.06124283304510286
4089.908766144545,0.062326727096942175
4115.054448689956,0.062238054246309384
4139.6394518983725,0.0626305203987223
4163.876068376068,0.06378395116133946
4188.985854189336,0.06472492838289988
4213.49,0.06188066945426349
4237.434387856433,0.06390361797327493
4262.023907103825,0.06313633013253085
4287.006943498979,0.06295754923478426
4312.082976075231,0.06181018302477177
4336.890269151138,0.06424112495435351
4361.946450983127,0.06299486824791567
4386.911825583,0.06191854819096061
4411.898488420468,0.0635928430597583
4437.0269928300295,0.06145305436029885
4462.437482937483,0.061520690676209175
4488.523435383365,0.061797051716671644
4514.055455676947,0.06127777017260764
4539.629480411225,0.0631585125798834
4565.0316941444,0.06297605980599598
4590.5548888585845,0.0649546498811284
4616.5127106935615,0.0633606406797376
4642.459210345302,0.06324680446187644
4668.501627281732,0.06186380875838113
4694.946625016977,0.06190277865785075
4721.481208240534,0.06370303345530337
4747.56900860872,0.061691262068236385
4773.517058583662,0.06275594245876487
4798.913732641324,0.06384791665078388
4824.37296637744,0.06074841410199733
4850.058189043429,0.06203560247345006
4875.476335455301,0.06168396601784905
4901.454115025763,0.061298742789559615
4927.543722124611,0.06107545405576995
4953.569169416942,0.06043968934385963
4979.49586661062,0.06186752050621997
5006.092585006145,0.06541791252290385
5032.432398316971,0.06719282263860342
5058.843380051708,0.06215817485487693
5085.418624519436,0.06311959266296033
5112.529292929293,0.06369876092826948
5139.5140016802015,0.06496325280723618
5165.489552657411,0.06352953151473387
5191.930226256605,0.06319676022274637
5218.509669282511,0.06426602586336072
5244.525699958212,0.06341475337075145
5270.417386535034,0.06349631716066005
5296.592348654708,0.06381755130037288
5323.027644724237,0.06255269809877723
5349.53452147067,0.06230766030805313
5376.110123855681,0.05993905995462947
5402.352073859722,0.06399927259448637
5428.533352017937,0.06399109499168405
5454.5386001386005,0.06145920142317061
5480.990231150247,0.0611002084996706
5507.3645517241375,0.06097078327558021
5533.524617996604,0.060377818294548954
5560.441052774386,0.06216037868771517
5587.915237831859,0.06156595285669268
5615.043358188345,0.06048939875278899
5642.134628634422,0.05962308958487289
5668.527994330262,0.061407184915271674
5695.041746772865,0.061749018336137114
5721.873444273529,0.06060203051022379
5749.332794830371,0.05972447534153302
5777.501725804224,0.05942826415191125
5804.875525063007,0.05854507904951556
5832.321384762165,0.059108205850237974
5860.471824126896,0.06146854166257332
5887.802009208874,0.06327730805331144
5915.4084741068955,0.062040942120598117
5943.538046485888,0.06162356983355597
5971.095151345292,0.06073121585260542
5998.6171305052685,0.061063479978013695
6025.87992628296,0.06394675364746776
6053.380544217687,0.0639870076708686
6081.086664841183,0.06311264082524927
6107.859168912211,0.06089536791580778
6135.474792770757,0.06216592128646298
6163.007303370787,0.061886799878543
6206.966284432257,0.061936944505549534
6268.077687889829,0.06370791364556586
6328.394353771504,0.06290405604044604
6389.321472695824,0.06341045378816602
6450.095521080946,0.06292317580061128
6510.923332914731,0.06014657908176246
6572.534941249227,0.06237258780434894
6632.329904666332,0.061045929247700546
6691.4128296686085,0.06022976022404645
6751.272858036273,0.06069988973238201
6811.858116823291,0.06030420862425829
6873.440110894084,0.06015779405700399
6935.836350157534,0.059527400880794785
6998.059245283019,0.06177036794027855
7059.831786181547,0.06107606987550925
7122.673367148851,0.062316177300264675
7185.015115059535,0.06215817828252648
7248.058449651046,0.06291719888199875
7310.590143324113,0.062055691026698646
7373.130970056916,0.06155131509094886
7435.41381690406,0.061932039373384255
7497.568454415512,0.06123843157900601
7560.681812507802,0.061758920893819284
7624.075371817495,0.062008641101174045
7687.2962848679335,0.06233162658556386
7750.957677226614,0.06270849324529895
7814.217320363979,0.06280879357272874
7879.074471422297,0.06082481676377286
7944.3590788417605,0.06238682577740149
8009.871884564932,0.060932891421154795
8074.449305166075,0.06144973718228118
8139.814467179776,0.060959449689594235
8204.84879875195,0.06080201490094538
8269.770147031453,0.06084217210939388
8332.797509953865,0.061370013454820495
8397.634209552018,0.061200423127467776
8463.678618607284,0.06073681739611492
8529.39983794565,0.06130071743015702
8595.863508881272,0.060334566639587105
8661.283072100314,0.062030498502395406
8726.246718194086,0.06008271077472807
8792.47695679399,0.061311844941878406
8857.525917994584,0.057341438210519055
8922.44652340373,0.05890602578858327
8988.409933983025,0.058710279312002095
9054.744749196936,0.05881006119314403
9121.851753721929,0.05992260152287872
9189.088436219103,0.059601457038319976
9255.767438986715,0.05921198128948667
9323.138615733737,0.0596406042435968
9389.519254735793,0.06073172280777527
9455.401758433622,0.0587014421578705
9521.686003226207,0.06002473134606353
9587.504485852312,0.0584376207577245
9653.306700062618,0.05945064766835624
9720.070694564814,0.060818429182574435
9786.695086255217,0.059881042031643655
9853.880662293033,0.0590854981963049
9919.66140263616,0.05764250073761369
9985.74492282697,0.05764593139461757
10052.588411401484,0.058754291807049615
10119.470842738901,0.059486583483900526
10185.512504642813,0.056938468489773755
10250.869253956293,0.06049173663253146
10316.66165647998,0.060383206290068187
10382.610779930452,0.05780483601892764
10448.50100338643,0.05985656723615077
10514.834227936588,0.06091364442101977
10581.033547021845,0.05933785905852628
10646.218595943837,0.05998762536938379
10713.035647861128,0.05954503075740967
10778.977705816416,0.05915521733974037
10843.982846371347,0.05947207227315413
10909.379932985852,0.05821355161251162
10975.822259549583,0.06087332916998182
11041.70078348464,0.06041386915311495
11107.558111984037,0.06283000686769682
11173.526619426852,0.061631918720244185
11239.350024975025,0.06138162049856886
11303.813199245757,0.0595350945699694
11370.139599383667,0.0601157171997839
11435.8612716763,0.06120969372636399
11501.420581795433,0.06052492424280535
11567.038807441173,0.06271148091705231
11631.746913971007,0.062298840374995945
11697.430800668772,0.06264310179433248
11763.098463076347,0.06377469127168776
11828.381857719789,0.061105612283170005
11894.663831636453,0.061875085174775316
11960.023044649008,0.06293904481746875
12025.165246805313,0.06129442030451169
12089.162534263643,0.06260301825901389
12154.328101736972,0.0624388941872558
12220.287931897847,0.06179026697065334
12285.107540327623,0.06116476606650947
12350.617845848577,0.060643527060816556
12415.316227548657,0.06065846086900841
12480.294640636657,0.06476312586680671
12546.38405660968,0.06433699257045046
12610.715655150949,0.06304751044540434
12677.051632307788,0.06415045057756313
12744.444775933867,0.06412814556686176
12811.762226391495,0.06334036213032869
12876.929242949034,0.0642929333442159
12941.408311721172,0.06430032762644722
13006.328073757812,0.06458419139925582
13072.582822852857,0.06245179812275522
13138.337194177764,0.061420301106359446
13204.781164126905,0.06453792015512896
13272.607403676655,0.06221902079718576
13340.416966389681,0.06333664298465523
13409.142236024845,0.06058561181747273
13477.161977091633,0.0642404265249357
13545.623359580053,0.06254862540224693
13612.89777302466,0.06051556919790078
13680.847907324365,0.06106952947604258
13749.4180625,0.0640461960761079
13817.229042945552,0.061728316019329335
13884.71271644014,0.06258990069094085
13953.783916475048,0.06507920369090135
14022.404441955954,0.06550038513400391
14089.917922530825,0.06426038527864861
14157.025690954773,0.061966353099582816
14224.124914506001,0.06226046722211972
14292.102789191882,0.061686002048403875
14361.59363144474,0.06212622965605926
14430.928807637112,0.0625229933440381
14499.721684475173,0.06356644582189287
14568.929778445363,0.06210085189392859
14637.34256098318,0.06087996065230398
14706.782288051561,0.06146976395473611
14775.642065033519,0.06135912680960494
14844.087645195354,0.06227306906690748
14912.199584592145,0.06332568684335502
14981.517870532367,0.05939649179538648
15052.325577054688,0.06210186672644498
15124.11594023188,0.06152377884312231
15195.055863141524,0.06304696857016058
15265.46426789723,0.061588615205836694
15335.425713573477,0.060825060518919546
15405.236144275481,0.05907936011562629
15474.199504643962,0.06094120789010203
15544.772687445236,0.0593547181433762
15614.898732588781,0.06166098411593938
15686.142990829123,0.0598739597453028
15757.88058965028,0.06108341208381405
15828.951619023526,0.06195055846889657
15898.992517303735,0.060071163865442506
15971.511563367252,0.05939849759993947
16044.852640170779,0.058266243294809894
16116.786303939962,0.06031000202815188
16189.396922886035,0.061700465111042935
16262.396932707356,0.06015643177875661
16335.340306313037,0.058688949643141204
16408.5678958515,0.05946019964828722
16481.474629293625,0.059696658329949796
16556.68159761105,0.06028908566130707
16631.0619994995,0.05951756492510302
16704.654884878655,0.05825198936986719
16776.865316518604,0.05893884892336918
16849.438231062737,0.05948162638192499
16921.59392575928,0.05832936672357344
16993.150366059697,0.05859929421459432
17064.757265379158,0.059487167128367435
17137.174449946717,0.058432212148220586
17208.91614439709,0.05843861360088128
17281.944019406605,0.05959370533984323
17354.991842072486,0.0628431514618692
17427.93302986843,0.05960067677407851
17500.929260850615,0.05914807188669543
17573.665672754378,0.05836419392996306
17645.445977154985,0.05805508471160162
17717.98540880503,0.05881956030791382
17791.366790582404,0.05850605921263145
17863.69802540561,0.05721115601464159
17933.97528564332,0.05970314246621235
18005.32678760676,0.06050498524007615
18075.9231630685,0.05835728554484683
18146.262321741306,0.05944684638161652
18215.887527216175,0.06115818629254898
18288.149106478035,0.058642796235118984
18359.798255042042,0.06128040837883681
18432.51093990755,0.057884819912947964
18505.481609339695,0.06063345886223328
18578.30154208212,0.05899681784458121
18650.008431703205,0.0565389030659002
18720.227810836204,0.05940613175524772
18790.164223602485,0.05944043177156717
18860.455070281125,0.06137217056637659
18931.754958213794,0.06141413488489681
19003.200037530492,0.06026964207021239
19073.85251731237,0.05772130137520162
19145.147872472397,0.05966992950042403
19215.44931798273,0.06006879512387
19286.00982330409,0.06020739045814383
19356.093076049943,0.06175134727837656
19426.71952360167,0.05965000873549223
19499.8543197678,0.059528399640874974
19570.459688647006,0.05669230890432206
19641.440440317325,0.058425711449586845
19712.265845959595,0.05882933523406848
19783.26668315913,0.05767021877414761
19855.44648913453,0.05688219570278239
19927.59823140189,0.0572194929647155
19998.89222636816,0.05765412762058032
20069.60134109312,0.0587432437974658
20140.234028120376,0.0575560451251193
20212.91603433263,0.05804949885636922
20286.91264266901,0.05910704093798035
20361.411362209667,0.05916249674454781
20435.219859040728,0.057248778725969354
20511.303307573417,0.05632680306396345
20586.53230769231,0.05538640126311092
20660.92536388975,0.056733616168838055
20735.980083196773,0.05773251851427586
20811.44171817058,0.05856954055658077
20886.492963009092,0.057391150030364935
20961.750546226358,0.058086226592048845
21035.45883464567,0.05696137734946333
21110.701102440235,0.056883141371731255
21185.07918255109,0.057643153119157436
21258.81501156178,0.05877490677489344
21333.940638705295,0.05702667143504951
21408.349416488894,0.05787431157508336
21483.104510244877,0.05920463260167659
21559.103333127205,0.05660116602432844
21634.37419760856,0.05810366178460774
21709.97266529055,0.057740362099411205
21786.41701412658,0.056714238582537865
21863.627800470356,0.05744107895300615
21938.183726044612,0.05847154745170094
22012.288576906427,0.05625532418455183
22088.394968474935,0.05662817411692955
22163.735934836142,0.05930646770548625
22237.82834753405,0.05811220841703302
22312.845897594078,0.05794386818034385
22385.74247196674,0.058581216419499094
22459.45283956754,0.05940447873471086
22533.83201445573,0.057569301818317806
22609.83469834323,0.057102396712515734
22686.813893016344,0.06022792085992149
22761.82678694481,0.06047981061951165
22836.31980366245,0.06012542717556452
22911.46338141522,0.060742610971923634
22986.820902999563,0.058147942795105684
23060.750266140647,0.0597507345753388
23136.001246028285,0.05895146806147606
23211.676501580612,0.059296633611124215
23287.346368016017,0.05766341268800935
23362.360186046513,0.060519319355111886
23438.580388968796,0.06014931355678567
23514.24360089463,0.05941361788031594
23587.803964619536,0.058423662212954156
23662.594099820646,0.0594541494618318
23739.735081884923,0.057244141692652524
23817.752787293677,0.057074596843433086
23894.499155246856,0.05798731851919621
23970.40048634493,0.058316267770006106
24045.894596107206,0.05766586860928016
24121.474194149432,0.05903766772187061
24197.143593936726,0.058655778211479014
24274.577512140455,0.058599195178600884
24351.39412866958,0.058195997389655474
24427.707283866577,0.05847970656320175
24502.419498712232,0.05837520425480983
24577.247716114598,0.05989553051586662
24651.46765794592,0.058017089602124976
24726.499097529097,0.0599513759151229
24802.075510330706,0.060591989112571486
24876.74138685675,0.057963192177412616
24952.80742735471,0.055945965301804415
25028.67426365278,0.057952014825535345
25106.15568343543,0.05902658091904754
25182.32399550786,0.0593361927245474
25256.626216620913,0.06070430877154171
25330.02579302516,0.05795935499044186
25403.940639552933,0.05958234610023519
25480.09913336243,0.05923633474261598
25556.925467376503,0.06009707196936369
25632.54144200627,0.05996477479113213
25707.499658151533,0.058964567398724715
25783.237333666522,0.059359378547436545
25859.558008982036,0.0591622053798701
25935.352885998374,0.05793139489566763
26013.26955602537,0.0579972226640203
26091.736769845233,0.05926381590044924
26169.75439257028,0.05876441635703856
26248.859231490158,0.059184248493736366
26329.213666749194,0.05862704707876859
26408.86443112277,0.059536533470890225
26487.81822172059,0.05918622836119847
26566.75825273011,0.05648029093707491
26646.125602074844,0.0611548327270666
26724.734169239495,0.06108663580177465
26804.51372962251,0.061189248704848924
26883.55420333271,0.06262954899170901
26962.795811518325,0.0628791506016393
27042.519365868822,0.06316035684269045
27122.410898196118,0.061595440564418937
27202.70414683037,0.06190019301023442
27283.398448650325,0.060753455133650776
27362.96014082736,0.06050946026697455
27442.618409626597,0.061024789478247896
27523.649366060832,0.06046474072358405
27605.69195459339,0.05850633674183982
27686.495171808376,0.057829338243099916
27768.265975927534,0.05894155201094444
27851.186538220943,0.05937921960135103
27934.070165608267,0.05968595494747859
28015.89468105007,0.0598192691536288
28096.820171026156,0.05923459141251307
28178.6308419939,0.058382668689438366
28258.702152739002,0.05649630073494855
28339.577046095954,0.05975165202934204
28419.840062305295,0.057267651787045154
28501.396468100982,0.05857423788174365
28584.863359442996,0.06106430297070228
28665.57467797675,0.0602703098177205
28747.592119935573,0.06006147341768153
28827.539713459846,0.058705670952040295
28907.136165983353,0.05798428932257974
28987.93554213116,0.061098831298533135
29069.934013944225,0.06123404499538643
29152.52356314674,0.060949132185218254
29233.718987979104,0.06006165496363342
29316.155785149687,0.05974674763422612
29400.01027927426,0.060044242579118515
29484.648724505707,0.060116318830203117
29568.729780329504,0.060144006982390905
29650.303169701936,0.05933142844361789
29733.092667454443,0.05933997047877856
29817.84642767924,0.05798418045735226
29903.261765073024,0.058452189626744804
29988.758931882803,0.06088164246673554
30074.219095477387,0.060375780617592086
30158.38318277441,0.06202662740955359
30242.866862060364,0.06125191625429538
30327.541398487785,0.058128143239323964
30411.881727867203,0.060873564929676036
30495.74854741006,0.05755177413655455
30579.545739741498,0.059187727894194124
30663.49376247505,0.05962896300663394
30747.98354752592,0.06112576481083866
30831.1197740113,0.06105476440966726
30917.051567427192,0.06292131910412269
31001.78906299163,0.06265201232558461
31086.528533200573,0.058921932951304205
31171.231967469503,0.05989544238418665
31254.010547338203,0.059434492660904316
31338.844357493323,0.061311138144839704
31422.545409088067,0.06075354473615199
31508.743214772585,0.060076481807602916
31595.725416273955,0.0596843135058047
31682.516958052758,0.06164479867527973
31769.146460232238,0.059960199316205644
31854.4166040571,0.06097285683876778
31939.874533001246,0.06106681155427386
32024.676775287247,0.06018927417542042
32111.602762636274,0.06072782267707193
32197.88214665915,0.059232534782685954
32283.083245061996,0.06120990598751792
32368.815153779105,0.060460579733290526
32456.34154841922,0.0590718174045684
32543.629458717885,0.05906335298942641
32628.601769356257,0.05820841504497458
32715.564364451642,0.05845473595658025
32802.78307441744,0.06136276923034766
32891.13597417111,0.061571286049418084
32979.171104321256,0.05982934919990768
33067.69420407147,0.058008830049852154
33155.89666854884,0.0589648554113444
33244.437488423784,0.05758643164670814
33333.508650952856,0.06006367148689851
33421.37851374194,0.05765371886554558
33507.98893722809,0.0577058218356986
33594.944876458045,0.060077369953488814
33682.26076436282,0.06086551436759036
33770.74388867996,0.060003578870020155
33857.81921955456,0.05815270851409928
33945.120077388754,0.0581942436824926
34033.24291952589,0.059520963964249204
34122.791664066885,0.059796637293583796
34211.107055809014,0.06141554631338172
34299.79610438257,0.05791451804589201
34390.825876211784,0.06016953992159247
34481.176099055716,0.058520404456495194
34571.28829389788,0.05867016856945299
34661.87557346559,0.05881619141169661
34751.05246990973,0.05843527067145822
34840.20310173697,0.05863476490327469
34933.6953178721,0.05979395169202418
35026.62442728927,0.05642314835967627
35118.227162940486,0.05650272481160454
35207.15380758383,0.05950478499851189
35295.836025697,0.05994947315685811
35386.77918099406,0.05924845717887476
35479.55815247635,0.05835297030401156
35572.29933215726,0.058892407211362324
35663.64815962325,0.060840494302874436
35757.57469408038,0.05958904694883071
35851.358073972435,0.060492706590556486
35944.642772103514,0.05907558924821809
36036.98585820662,0.059370005962138414
36130.47386455673,0.057380560366831646
36225.0611332008,0.05953822417216087
36322.89564027614,0.060860504344438335
36418.88589041957,0.059185101876050444
36514.842161083034,0.059403300924040246
36610.44782067248,0.06219877315263471
36707.90573770492,0.060917408482155565
36803.23910056215,0.06021958991705023
36897.99900534626,0.05757348113784695
36992.02300862824,0.05885403418398899
37087.47095928054,0.058933021384805204
37183.8496390341,0.06114171003244912
37280.336293146574,0.05798508627560864
37377.531815637245,0.05972504881381585
37474.876291869004,0.05971935323983639
37573.155733100306,0.057801261218738235
37670.41782625047,0.05882148310392662
37764.79910686597,0.059026467193692395
37861.06508801604,0.05779247011469645
37957.37942162095,0.057056124696562675
38052.66719054504,0.05821140294577496
38149.19699789108,0.057905051090763056
38245.82516696835,0.05827144766611689
38343.40974639483,0.05568424904606442
38440.82540773605,0.057693147713367976
38537.50258776579,0.05808141431486744
38633.7245094986,0.0571832941483105
38730.85913729418,0.05776586746307908
38825.771762802564,0.058006695405024185
38920.53303415607,0.057627403687907586
39014.954072412285,0.056606077898216936
39109.58873698733,0.057370618054297884
39203.428766867735,0.05753626468852844
39298.73517465475,0.057004086019830195
39392.6904183031,0.05850438267415327
39487.642830516896,0.05687614835335777
39582.94035197989,0.05826621805544274
39680.79329989473,0.05885274154073635
39779.647210354364,0.0594436824890504
39881.969347704195,0.05982729496988146
39984.03305527889,0.05852815776145363
40084.18455096556,0.05832386220116683
40182.84270924286,0.05910573117555162
40281.799801845315,0.05462700665217026
40381.37782635853,0.05591897815868059
40480.112276295135,0.05796346044323462
40576.27849127182,0.05886616928461467
40674.71308984932,0.05785144680992072
40775.12790988736,0.05787043065012469
40875.73389809393,0.058033688388121195
40977.16686368444,0.057480842219744074
41078.5461581674,0.05663006454941614
41178.5467365531,0.05783859086504487
41278.80520781172,0.05697001880769296
41378.95513658142,0.05653494981554058
41477.99228903675,0.0569372240593642
41576.7179406785,0.05471564926764145
41676.95391676487,0.05742401076645319
41776.44860632634,0.05719477587660932
41876.55928509154,0.055598149992058435
41978.76624351198,0.055683714983019675
42079.18963698418,0.057779400592999325
42179.87307139734,0.05734348056177215
42281.13117823265,0.05559587081120372
42384.48807293618,0.05593769125282981
42486.104379198805,0.05824995059398168
42587.320137157105,0.05714003558466956
42688.027976864076,0.054613482947426975
42787.57915559127,0.05738387432425421
42886.866302779345,0.05739287346490503
42987.00311119408,0.0564216600896077
43086.76160625621,0.055740318084744854
43185.621449528684,0.05608885849870357
43285.59070990359,0.05910699852346617
43384.97108630206,0.05751533930808731
43485.74290161893,0.057376353770455676
43588.89417596035,0.05705887429243542
43691.48522414225,0.05721447030606598
43794.87232458589,0.05849089259386639
43897.558490566036,0.05898821070918329
44000.062725351236,0.059818670712181186
44100.93859867847,0.05663008973977624
44199.07006170916,0.056569757324347276
44297.869193840015,0.05394917935475589
44399.17753465531,0.057046221253185286
44499.01965801298,0.056008198030266666
44598.81799899447,0.056822019704012725
44698.8061015688,0.05816859987009949
44798.42524039972,0.05964220280298825
44897.1870210136,0.05701880429175734
44997.42951417258,0.05713509393434945
45097.963825569874,0.05791491815936783
45199.39694942802,0.05795445154789916
45300.43499529633,0.05942665722537326
45400.61653066271,0.05841667371267071
45499.45782529857,0.05879525655664216
