D,r2
132.92335437330928,0.555675117558632
182.1940909090909,0.5418367894144904
235.5521640091116,0.5209665987526002
289.95862068965516,0.5088560769013128
346.55113122171946,0.5080356740728096
407.7744122965642,0.499699324126811
473.47480708125283,0.4895395019236557
544.4126061689763,0.4572195490183551
619.1548532731377,0.4456733735077464
696.547901459854,0.4310812339885683
778.9016918152721,0.40281404362614576
861.5454545454545,0.3935404676072539
949.6125444839857,0.38195092296499505
1038.1254004576658,0.4000922486382471
1126.9641398093509,0.37828773248410225
1225.6576698155645,0.3681092884699764
1332.4629963898917,0.3574823042926646
1436.8337109198005,0.36359593742326585
1542.286948613006,0.3565952190099128
1648.6478300180831,0.339203849004791
1756.0696721311476,0.32586372110820977
1862.6988713318285,0.3387748643423939
1972.3718411552347,0.34537548785673183
2088.311282283643,0.32025545433635455
2203.020774315392,0.3158931564646074
2325.832,0.31044307017056094
2451.470394736842,0.3113931768425199
2575.7069372345445,0.30754012443645884
2700.6931018301266,0.3213032683176362
2828.996705882353,0.31469908493716464
2951.4534394010293,0.3295391338863534
3073.911737089202,0.323387167325651
3195.6394910461827,0.30071423950482273
3312.4303857008467,0.31377011686395084
3428.905926622766,0.2964247516928823
3546.207902163688,0.2911814325567144
3667.3161592505853,0.2862289698244659
3787.444180522565,0.28239594908288146
3911.542910447761,0.29515677685670383
4041.468544600939,0.28968067476010506
4170.38928067701,0.2902417900595203
4302.436320754717,0.2776294885663014
4438.64077212806,0.2886232305037537
4580.1406469760905,0.26800550529803224
4722.192452830189,0.26848797381503114
4863.748595505618,0.28536204961426
4999.9754601227,0.27330308982963825
5140.884992987378,0.27662890315296823
5278.791607732202,0.27912572208219094
5415.881882352941,0.28114015854497176
5558.55190230155,0.2876038717183718
5699.919567262465,0.29625536537871827
5843.033396048918,0.28285974879482234
5987.896,0.28620294994111606
6126.47583294228,0.2788174849111616
6265.3788091889355,0.27522101532533677
6401.186938002839,0.28811545762887164
6539.160747663552,0.30060693376049713
6673.821580690961,0.3010367397109726
6808.345505617977,0.29539997193958323
6947.596153846154,0.28176730696644237
7079.449835138954,0.2815790846304083
7207.2709707822805,0.28806212696719075
7337.61179245283,0.2999499289980496
7466.791666666667,0.281335662737762
7599.161305581835,0.2923965162981724
7731.021545667448,0.2864964968056233
7863.91893158388,0.2891583225604823
7989.288552507095,0.2875557392960283
8119.491604477612,0.26870998610060987
8253.092278719398,0.2909178700891828
8388.826251180359,0.29098473250771756
8521.408278457197,0.27797265004701255
8662.102913533834,0.2782805161741199
8805.443923040826,0.27657715918188175
8943.376056338027,0.270187202767169
9082.06320754717,0.27676803654940724
9218.901593252109,0.27929453019568257
9357.483552631578,0.29221890727079775
9491.189647058824,0.3068602721998713
9618.504504504504,0.29722924876669604
9740.788560712612,0.27728514942717786
9868.848385587271,0.29810573184691713
9999.380572501173,0.2762077086297054
10128.904581955598,0.2827225554690296
10262.349719101123,0.27890585569616116
10395.121698113207,0.2694367544186317
10528.322990126939,0.26960728539697193
10659.058740601504,0.2690804165584227
10796.52788279773,0.27005808766502853
10927.656059897052,0.272978263141551
11062.430451127819,0.2608655463507453
11196.885808270677,0.26868992839071165
11331.356132075472,0.27336310501677313
11463.175151798225,0.2652736591602708
11600.449411764706,0.27030952993268537
11745.57587181904,0.2653758922415071
11889.351148616972,0.2624982121229692
12036.457451810062,0.27083300881933764
12189.792470588236,0.2716439946926853
12333.500946969696,0.2757739559130934
12475.223314606741,0.2673934163809051
12621.162976919453,0.2665184413215373
12770.367461430575,0.2830308995974458
12918.2829566855,0.28350704642939745
13069.154207804419,0.2734563983213135
13220.841560883873,0.2920560854023913
13374.044297832233,0.2851281583476947
13532.793606017865,0.2878769214352144
13690.63640639699,0.2681921814838958
13848.63896713615,0.27488244044767174
13997.072804133397,0.2913196088265823
14142.943788379782,0.2745678949151348
14286.749294449672,0.26130744443754483
14430.353573096683,0.2720836242489902
14578.365945437441,0.27712945179126863
14726.865911237017,0.2867773519959938
14879.956194065002,0.2885106441266109
15030.56162464986,0.29184075184603825
15187.363336475024,0.2935226797635688
15347.836389280677,0.2878650309645937
15509.943841434639,0.29159732767012564
15662.221908791726,0.281685118031758
15819.311090225563,0.27375248523527485
15970.68574108818,0.28248243920610655
16117.767748001881,0.27103039950834945
16274.827067669174,0.27744475392645956
16443.88961953969,0.26731397957497954
16611.004237288136,0.25169046312675153
16768.714420358152,0.26258912334208745
16930.260828625236,0.2684643033461337
17091.55289139633,0.25936311102963716
17257.302107728337,0.2655471374546689
17418.33976470588,0.26318825088769643
17578.281762775434,0.2885184165027931
17728.85087305333,0.2968358966951482
17875.1011342155,0.2912624832843738
18018.85174825175,0.2804704304714601
18159.873822975518,0.27583580866450214
18295.1761095373,0.2617979319367276
18433.07706679122,0.25759234899210726
18576.032485875705,0.2435917985137406
18724.498120300752,0.25013598828438177
18876.180235294116,0.2578008567431503
19030.99905926623,0.22627411258678773
19184.42581252944,0.23097246159527854
19334.626466447677,0.23382267302378787
19486.50588235294,0.2327814788094298
19627.615348399246,0.24128934352096085
19766.018805829808,0.2503651341408835
19909.44172932331,0.25004437076679403
20057.75811764706,0.259186541120207
20212.537558685446,0.25429249454951547
20366.960093896712,0.2599040924403877
20519.82711384034,0.26638006630333183
20673.57242990654,0.264458585401436
20822.719281663514,0.2534221121409673
20966.561650257852,0.26276198739433276
21113.37818696884,0.2612597324883572
21254.08282639214,0.2679283497020412
21404.106082036775,0.2618501550420162
21550.71722846442,0.252017916084962
21696.732007575756,0.25858967143289857
21843.47985004686,0.2453188513444169
21992.25082198215,0.26085758887742483
22142.551643192488,0.26395649574421287
22295.705605275554,0.2711632216113772
22444.742588235295,0.26262826462798883
22588.532204983545,0.2595791707505453
22735.552520018842,0.2623901646898666
22875.652275926794,0.2714629521427993
23023.454971857413,0.2604091326291728
23173.581801037246,0.2637028734409835
23321.121468926554,0.27212931108370764
23469.494598403006,0.26883594342103717
23625.43327067669,0.2600146901239509
23788.504,0.2632000904168163
23947.189873417723,0.27038428591418034
24104.52137153593,0.2622253125364051
24262.437470504956,0.2720576377886242
24415.671838269864,0.256956852094856
24564.30187793427,0.2625368985205217
24712.51360225141,0.2616906231621621
24864.435825105782,0.24406056803436352
25024.19092627599,0.25765971461242254
25187.180627047263,0.2570679272103487
25351.992018779343,0.2523168270594557
25520.506817113306,0.25973995753798446
25689.3390070922,0.265158593632276
25857.44616104869,0.25835423735474083
26020.816682375116,0.2567693271395275
26175.92679493196,0.25836118379422174
26329.069483568073,0.25645872636607564
26478.227401129945,0.2590814350223181
26625.545411764706,0.25960420650262145
26771.62776470588,0.2655447059151648
26911.096698113208,0.2528879414947773
27051.894736842107,0.2525354456987679
27186.314527503528,0.2793714646228718
27321.097091932457,0.30233923233771076
27467.347581023954,0.2776689438224273
27610.90985915493,0.30755408010429824
27755.838374291114,0.27884216891761604
27905.341280972418,0.2790682476103288
28056.887943262413,0.26958836164138716
28211.17074317968,0.2550509611050953
28360.65321445331,0.2525992912446471
28514.71870604782,0.24865849532971773
28666.346352941175,0.25506450027117256
28819.634995296332,0.25847522401841677
28974.02210724365,0.2500151886416999
29125.408364661653,0.2447581906570062
29287.700754005655,0.2563470793693637
29447.11033193081,0.2714502412406211
29602.376531573987,0.260465359667793
29755.96032120926,0.27317199386409174
29917.896535580523,0.27798417111951995
30075.703808180537,0.2738112709865102
30229.074337121212,0.26282767977547233
30381.969115582593,0.25658273704853624
30528.017873941673,0.2448998463334099
30660.887745556596,0.25037785306678184
30794.867674858222,0.27055700151398887
30929.291216533584,0.2765568659492335
31061.319587628866,0.29603255026176983
31200.013195098963,0.2946599908518729
31340.89082352941,0.3027526567821443
31481.635249764375,0.30232099382726035
31617.033177570094,0.2796326468148704
31751.948210922787,0.2729025083314394
31886.327822390176,0.2620448070601216
32018.54835680751,0.25333346043494326
32152.949367088608,0.25494620917542626
32286.295336787563,0.24654255476569953
32423.805463966084,0.2364692179822873
32562.163457022078,0.2559566671550601
32705.185393258427,0.25212514417241666
32859.054588235296,0.25960604947447996
33015.199529411766,0.2525035545150042
33170.38526513374,0.2691696712243184
33329.036218250236,0.2597061161102901
33486.52143193594,0.27163787682631274
33645.179764705885,0.26400693871010356
33807.485204321274,0.25579013430949354
33964.103480714955,0.25180009732259484
34124.89634146341,0.26387906002303085
34288.24658823529,0.2825762902996971
34454.41658812441,0.26807161721338635
34609.719981238275,0.2717742408104733
34762.68850141376,0.27467781620116366
34913.24648547329,0.26549604835190227
35073.7512929008,0.27868424663105007
35230.56679209784,0.2693690885229787
35385.88899385923,0.2584602065021224
35542.92130065976,0.26654575488529153
35696.61300889097,0.25268884754872184
35855.42709313265,0.26287897143634537
36017.58093440302,0.26887988447787375
36185.58056982719,0.2782792983410919
36352.10959548448,0.2705850630724762
36528.58230842006,0.2670090392640288
36709.362318840576,0.2552437299688576
36884.12969924812,0.26998530027849277
37054.01034320639,0.2527772468865138
37216.321327014215,0.25267721427225626
37375.24976613658,0.2609029043223463
37529.83552631579,0.2550687511703791
37680.25187969925,0.24886707075544698
37831.20075223319,0.2625899369938363
37975.432098765436,0.2595769570838025
38106.477653631286,0.2654222130802109
38243.20817669173,0.2554920375060518
38382.603764705884,0.2642163557756702
38610.721610169494,0.26227247141839866
38903.171828595674,0.25557452165984773
39199.68581725673,0.25175769075666976
39514.3875,0.2457639584357447
39838.36413734633,0.23816495747062233
40173.14574038666,0.23874023721320192
40514.23968690501,0.25175696093210975
40837.53014861996,0.241893074706889
41147.303473104614,0.24753398023892595
41463.74501061571,0.24263934696677592
41793.50327903533,0.25019370064788227
42131.12914188615,0.26216802905665865
42481.473650793654,0.26734906218204657
42813.16199575372,0.2552909534839777
43151.78783382789,0.2514806103273148
43506.65861411316,0.2501679921484427
43863.75460902734,0.2569696283231968
44228.922080679404,0.272569695367466
44588.462939432444,0.26544086025853403
44936.1444609193,0.25065641864277244
45282.61179465422,0.2574324840681067
45638.61716101695,0.25722197881573294
45984.31414613424,0.25271539607802873
46333.43695698241,0.25452576516958353
46692.01292646747,0.26655537004886076
47048.55015906681,0.27403302194276674
47389.9179389313,0.2656497612370039
47704.68989620843,0.2589144424131772
48020.49670843066,0.2653861459094038
48342.89655172414,0.27031572347879124
48684.92458041215,0.26352659461535904
49040.686440677964,0.2648861340522094
49396.19927920288,0.2646001240084635
49759.390797285836,0.24420684773153392
50099.78639542276,0.25898852937463573
50434.39851694915,0.2571495808566636
50752.52605932204,0.26110234891621276
51075.12351443124,0.26511955753470245
51394.22111299915,0.26577875801358736
51711.4266384778,0.27494184829044105
52032.55444703885,0.28078744484690615
52364.82994493859,0.27721868985801584
52709.311134676565,0.2645210666154607
53047.53562340967,0.23925507415532393
53379.377707006366,0.24762281171637343
53717.03086680761,0.25355736343308444
54072.20785562633,0.26235873848376856
54432.674231177094,0.2681683655204488
54773.53060792205,0.2456755722309128
55123.36922424756,0.2553645488767251
55469.713436637656,0.2611361384194748
55799.04214315968,0.2718356294188665
56145.8566581849,0.27491059768172366
56485.89412263951,0.2611420729602387
56812.67593378608,0.26878781492756737
57136.89182895851,0.27277461422510485
57473.72881355932,0.2629670238636308
57821.767811704834,0.2517862820400766
58160.83721916066,0.2394180455873529
58503.23523161921,0.23174195712637716
58823.254872881356,0.23102287385713502
59134.58752642706,0.24526879178784722
59461.92252175759,0.24460131172594018
59787.241993637326,0.25884069362368883
60105.303749205676,0.2539672347047401
60448.211118183746,0.25475850225836094
60804.57917019475,0.2408769957564255
61159.253775792386,0.2403139407302683
61512.156110993434,0.24388947861379692
61841.37814415557,0.2624496689319096
62177.56202209006,0.28447076522148884
62526.9145099703,0.2829803067401087
62872.92340245451,0.2776749452943972
63220.39995756419,0.25338921553475285
63562.13255567339,0.26121454161170565
63919.89396825397,0.25601116253733075
64268.14070458404,0.2474376696498246
64623.14464210081,0.25366541232953543
64985.900275832806,0.2524126658578115
65357.73571276822,0.25974473512445484
65731.16857021996,0.2615503858169538
66092.29953330505,0.257766557690608
66439.60721868365,0.2604592830573746
66782.73836717429,0.2683352973778327
67122.30712166172,0.2676034149458111
67444.57485156912,0.2700447759740518
67783.59601103331,0.25882401397738153
68148.07653169388,0.25160184959999926
68523.985811097,0.2493650846725494
68922.72781316348,0.26790898711283506
69327.58776201567,0.25883163684313465
69723.16457846676,0.2535281246656023
70111.57384680491,0.25704065290930683
70472.61815867628,0.2717902910778436
70812.9841000636,0.2798100549576073
71157.04944821732,0.28192317976937936
71507.37261955142,0.2821902552642572
71876.50551548578,0.26240604279118346
72264.4178154825,0.2627093085453105
72655.5,0.2621081844321073
73047.7666525244,0.25680104008896903
73422.89077412513,0.24811963432698797
73809.25603046974,0.24958608182883074
74210.11167728237,0.2587465503923473
74595.81309599492,0.2584275142121041
74994.85441426146,0.2441006971042565
75392.9373014192,0.2478054194559531
75771.5071019716,0.27270066256821235
76142.3714225143,0.2730994508151248
76520.23215420461,0.2592119355243949
76889.1735062726,0.2526076966761051
77260.7766969761,0.24404840268128605
77612.98241897902,0.23874232845430068
77957.33128183361,0.2499869950530198
78302.59949195597,0.25493367939048855
78631.25477707006,0.24502728437197685
78940.57940552017,0.23959850029269955
79242.66194203512,0.23264850131849985
79568.96920789976,0.2546802079065378
79903.22648305085,0.2745973780747023
80243.22624338625,0.2679914240501723
80600.73844849512,0.25518940695252856
80964.5368286988,0.24337083554540484
81327.01526070369,0.22292425590193568
81667.04095925298,0.23630691994046568
82018.44908782351,0.2589977022437087
82368.02878916173,0.2570656923982296
82692.42902609802,0.2567892692658429
83023.67784380306,0.2561881624731043
83351.52948636652,0.2581960482509738
83685.38675440458,0.25369708762119564
84014.90534804754,0.25289238656056157
84360.45992366412,0.25926970841296093
84713.21153030945,0.2527724455006191
85046.80774931188,0.2648338322858104
85366.21240441801,0.2806208930454819
85665.83287439102,0.2872940319869025
85951.36979056484,0.2686337854286133
86245.55560280672,0.2646874264133911
86552.06239424704,0.25491045561507814
86869.9263582343,0.2589635702282195
87184.01481481481,0.27247241519625987
87510.98768577495,0.271027213026895
87857.40503917001,0.2713181386918559
88212.25962151818,0.26691022943947806
88574.04312896405,0.2593000176612198
88919.66214497668,0.2697506617918647
89254.73841903952,0.27001585833083047
89588.195642978,0.26129967498861534
89954.0579248886,0.2609444222360578
90302.79066808059,0.25634442501540505
90623.5772082186,0.2599567745203864
90956.33686440678,0.26446334053315146
91300.55270413574,0.24671348456320302
91642.62600763682,0.251335663414674
91973.92661717921,0.24415278851127997
92291.344446804,0.2644748755166391
92583.32576400679,0.24664723797382734
92863.40639559508,0.2557883958267018
93147.16875132499,0.258337553651492
93446.08825396825,0.2592532741945657
93736.69440914867,0.2662850110443411
94042.83775748567,0.2651233939807223
94352.1925111064,0.2574132637863911
94658.55855472901,0.2533885205764733
94968.66772621319,0.2570874609349124
95296.41801189465,0.25346588333247494
95628.53150105708,0.24544885888853554
95961.52478813559,0.24928653931516248
96295.7980911983,0.23794904325403557
96624.57312672469,0.23669505519776993
96948.46519991539,0.24823143210724793
97273.69015280135,0.2391578532863066
97591.52471886273,0.2491668679956148
97911.75,0.26477067357031814
98214.66843670349,0.26711457809600864
98512.27686125212,0.2531564871573243
98830.83436104615,0.2594352137431592
99165.43095791922,0.24637403348568065
99548.01909611712,0.24172839124584436
99909.6601487779,0.24846134323321
100259.13495762712,0.24914114296278933
100617.01585958977,0.26580107462936486
100966.84559915164,0.25894214707999413
101331.51930420025,0.26311006856681307
101689.04032258065,0.26539947907615336
102035.92999575732,0.2691434120509276
102369.24519129148,0.2562346778297149
102707.80195287625,0.24871306452557387
103055.2359813084,0.2508870964261805
103382.57706169176,0.26447039904927927
103723.77141044618,0.27146231397061943
104073.30619168787,0.24030521947494046
104429.6397541852,0.23051783907404294
104780.9003815176,0.23172971347128202
105113.04395837757,0.24672544051698428
105445.85950413223,0.2592047763960556
105782.63264874021,0.2567446232964979
106117.38440347531,0.24760805831707333
106463.92873806998,0.24667933446011345
106833.83895607894,0.2559635298920601
107200.90548845094,0.2531750731498694
107570.57812168752,0.2508038787841342
107930.78625954199,0.23913083268982577
108278.39470338983,0.2297137034750423
108644.50487494702,0.23807692276529982
109029.75280898876,0.2346901882643196
109389.79558948262,0.234227519385913
109737.95347355003,0.2449436414237315
110076.27573062261,0.23707813580483406
110416.35493434985,0.23970866238194302
110763.30256736686,0.22661956837162398
111104.96840542833,0.2280852649801559
111446.0603941513,0.2509171497026046
111806.88134154107,0.2547333163839577
112167.3473015873,0.25710160109419056
112537.02055084746,0.2515593271043413
112911.27184054283,0.2534799687149161
113254.55060471037,0.25758192522749235
113600.42375397668,0.2523778216576353
113952.04931216931,0.2525526127675
114291.63363810333,0.23540788111697394
114642.83245187222,0.24262877069324268
114993.3334746661,0.24215427767584438
115354.56134774316,0.24239952751739166
115711.26638388123,0.2524166332150148
116073.78506259283,0.24695963388335787
116441.32654792197,0.24773682396072724
116813.88124470788,0.24048703877588642
117182.18605636788,0.23896469656371228
117531.07296319932,0.2349437286466716
117867.52030456853,0.2328889498133747
118203.39630651666,0.2330032805274662
118560.21333050307,0.2204081737148071
118932.1450042337,0.230642896100976
119297.29149026249,0.2304284769240426
119650.19770895205,0.23667338267235627
120008.89927905005,0.23943306476120735
120353.1520678685,0.24383834392697754
120716.32082273113,0.26751647341908147
121080.91560644614,0.2726470738216135
121444.46284141435,0.2776947703189716
121813.08506576157,0.2806735979256683
122190.18480101609,0.26296494091511785
122561.46940076498,0.263371881921663
122918.45181105698,0.28315218524639
123271.74019919474,0.27773332455649413
123613.89007016798,0.27511199794067864
123957.18917776369,0.2676692285185867
124296.36300063573,0.2705215071163547
124634.82587486744,0.2822943874722702
124977.4553552492,0.2897701697125102
125339.38725386407,0.27103335661479483
125729.2751435254,0.2582771722875059
126111.58574751533,0.24734685656075486
126507.76937778722,0.24663643065669483
126905.25655668358,0.25098555340426565
127319.25594227505,0.2516731993453649
127740.63619007212,0.2752691356719707
128155.71501380336,0.28569514687335784
128564.11622992392,0.2670987568885387
128964.19978746015,0.2620333976486349
129340.52403133601,0.2586972542092401
129708.86195928753,0.26298367786541227
130072.97158006363,0.2500078357217145
130450.2664969234,0.25343688132373804
130813.99026248942,0.25361421947924534
131184.37449692862,0.2621900659439507
131549.67416207044,0.2636587456885862
131904.79910998093,0.25617368157190806
132255.63411016949,0.2518558260594983
132601.4150583245,0.2612578297448889
132949.1205763933,0.2722999472499302
133283.407903123,0.2857857023607435
133611.5701290459,0.28971554262943394
133949.07808190113,0.2707004456153999
134306.34795507524,0.2697094021203484
134679.72810180276,0.2675806283749451
135073.82662144976,0.28266443773223504
135479.89732711072,0.29894326848148156
135844.91274883525,0.2939709785972586
136206.16362090947,0.312588216255813
136586.60016924053,0.30645231107302834
136971.61076955692,0.3016747722176382
137340.19431480695,0.2887816969348683
137716.29431721798,0.28488756091293577
138077.90903307887,0.29951882511860206
138445.19614488457,0.298290611787088
138817.10205813707,0.3012988764952642
139187.5445292621,0.30250430012227447
139566.70055178268,0.29841615901460466
139930.34137055837,0.29825565195330744
140295.15032957686,0.2961956430904766
140648.31436429024,0.2705753084943464
141007.80420025456,0.2623469321987774
141367.83329803008,0.27491761078097243
141744.96970338983,0.281407302536151
142140.9554801781,0.274426385238426
142523.2694509222,0.2663239113877378
142891.17065931737,0.2680404305631879
143259.53547153782,0.28026095960637054
143624.55320499258,0.263597947505841
143994.09071640525,0.24972492911124516
144373.0565115785,0.2640033906712461
144757.11518879933,0.2705168744101317
145156.2491005291,0.26821471859130325
145576.48218073824,0.25140862873331277
145976.8114528102,0.2575233152653178
146372.6432661718,0.25152055185417344
146785.38109368377,0.2562529614546747
147237.5012695726,0.25509619888407803
147694.7428450286,0.2511168136328109
148124.87234944868,0.2593777342267377
148538.9802757158,0.2595363938442468
148936.35677966103,0.26396787071650246
149302.7729683853,0.2765989116260975
149667.2372162105,0.27883886338784813
150015.01587637595,0.2842037530238411
150338.24957482994,0.2915389332459608
150659.32528077983,0.2783517148863524
151003.40528541227,0.2736801951557033
151348.96579562355,0.26353155229191516
151693.8363328393,0.26761257562584273
152049.5014861996,0.2658419430684424
152392.02436956982,0.2687334495046728
152725.43877118645,0.2652225705240078
153063.71137521224,0.2619046773852783
153405.64531183708,0.2691052619387489
153755.0382906706,0.2744043054347857
154115.2336726039,0.2714318792352996
154484.8591101695,0.2721060754817308
154847.2037311851,0.26082959068167333
155242.6074309979,0.262511471758274
155645.4519678375,0.2691750904639752
156032.07397202204,0.2802804815628964
156414.16723259763,0.2900056773076016
156794.53868984524,0.28044017135239874
157197.43746018264,0.278045672079837
157617.69243804278,0.26683158048231803
158013.7761288955,0.26248801718974446
158409.89597457627,0.24971787223524952
158809.29146367294,0.2439075854676032
159180.15495648482,0.25458815228076226
159575.225286381,0.26196635751584224
159996.04645736105,0.2664088235645082
160445.08714043992,0.2516318512471125
160861.50159066808,0.25756161703267344
161244.82746179966,0.25496014061907407
161613.3535139712,0.25714686131894776
161974.00106067036,0.2498989349157406
162318.10882477727,0.25481657484169307
162653.60813386994,0.259589585264151
163002.78107764106,0.24455553940735208
163365.97902542373,0.2579280100588319
163747.4527901549,0.26344641026185356
164089.35858264376,0.2663845229871019
164426.73123281877,0.2552077932362433
164778.4178503286,0.2458807425675783
165152.02225991097,0.25583337095729036
165539.91972818007,0.27699320878147976
165915.4963967783,0.2501388515654947
166286.2612746136,0.2548702046546828
166666.2526494277,0.25026807222861996
167049.94904458598,0.2494405534094641
167444.19504447267,0.24673367506941377
167831.02206662422,0.22719423020599006
168206.10590976488,0.22790889488032798
168592.53901611536,0.23242191396304887
168971.4918345705,0.23607575310172288
169351.73913043478,0.24783670255851276
169728.80423728813,0.24253619635319265
170127.37346072186,0.2434032415134789
170517.15820642977,0.25329219242133766
170894.45462274176,0.24446305539998747
171266.1057427421,0.23828848113800846
171642.39288738358,0.23236253535991686
172003.66786774056,0.24348720323247566
172368.44077134985,0.2435808560837037
172729.43172179814,0.2507561625815
173081.33680629387,0.23181841396485528
173454.42597292725,0.23530884895889062
173838.71570913718,0.24024856451323862
174211.27023581899,0.24044862708356174
174568.28628861616,0.24753420827749156
174943.51314673453,0.2388065307607625
175308.68106734435,0.2405980753867961
175677.41549893844,0.2339211014009583
176087.3125132781,0.23971765263599887
176485.2997038917,0.23741251420676387
176867.475968664,0.24891185788566667
177288.05634701255,0.24982525403629746
177723.27313148422,0.25705391038881276
178133.80780653373,0.25434416203111276
178524.2916490038,0.2590502040956997
178907.46792293034,0.2539786475041471
179280.41454622563,0.2631110789038757
179646.79173728815,0.24286236623913834
180009.52918700912,0.2526385763427852
180377.68617472434,0.24949115046548778
180721.36251854993,0.2323473584443115
181060.7181663837,0.2283263582899678
181412.75127118645,0.2429914317139781
181746.3591698433,0.23879926671925977
182097.53538135593,0.23075901953825537
182458.5048770144,0.23712043635140434
182838.64462809917,0.2349817644324202
183250.95293618826,0.24557991906228382
183643.77905247503,0.25319892264121346
184031.81737288134,0.2629328730684584
184432.47022674297,0.25888712691205895
184850.63143401823,0.248961643582817
185264.63894781502,0.2561742557128667
185694.35345192716,0.27566331365555374
186173.46137521224,0.25969900170237803
186635.90150391866,0.2631806146914289
187080.22693531282,0.2754185314297681
187522.7899978809,0.2619703910724978
187972.3565069945,0.2451579074587996
188397.7144675435,0.25554158021328266
188785.04511755984,0.2627492148174109
189199.41689662493,0.2669061720893124
189627.29951281508,0.25653699771248056
190057.43408223824,0.23923593129620635
190451.32059447982,0.24996425836507313
190820.2018212622,0.2509782901146706
191192.53387131027,0.2504141767274094
191563.49481042151,0.27072817525590953
191942.0404661017,0.2743574834029094
192302.549597287,0.269554034352815
192677.83389902418,0.27503044845817853
193062.5796732442,0.2560206065840457
193443.66800762227,0.24418157413544359
193829.69109836413,0.23414343748951472
194235.68289585097,0.2373065662642711
194646.7273882652,0.23701420365316536
195048.2755988976,0.25288761587288516
195487.94957627117,0.26154223029105544
195934.58022071308,0.267863360656326
196365.82643751326,0.2739838197107813
196770.3264182896,0.24508573468043654
197161.24109414758,0.24266494066024377
197567.27342094108,0.23442716250615955
197966.2186904005,0.22525598727970458
198416.6742359932,0.2516027025380404
198859.86962052152,0.25930315197447534
199304.5601104503,0.2618454247452849
199721.44832698008,0.25937502413494834
200108.03965224768,0.25590947339241915
200469.63491726771,0.24414585117203355
200832.30837563451,0.2523807421445303
201210.55887969446,0.2518891587028693
201564.67275042445,0.27581461393449563
201924.36783068784,0.2839762667381615
202283.73504454814,0.27039978916217117
202638.12926467473,0.2587143849341799
202975.28635014838,0.26881409118074867
203303.85835633893,0.2672929423572773
203629.336726039,0.25118882585072827
203967.03942348453,0.26484867901115755
204321.12023708722,0.2845869698892565
204698.03709198814,0.2945490473374489
205081.8743366589,0.315091165872572
205477.77322868054,0.29011121156248704
205873.8339678511,0.2703824055815918
206259.82381659944,0.28648029770491923
206642.30220245657,0.26331121266505525
206993.29129511677,0.26382625791116465
207357.17885145158,0.26084269653699965
207731.35620220902,0.28525514388363366
208110.6855811984,0.28755692922332826
208495.68779143706,0.26997548816336364
208877.08950159067,0.25091344886781924
209236.79961872485,0.25502257035086484
209610.9610334604,0.25088061661689387
209974.841145281,0.2444485326629134
210310.93228613882,0.23604867448371178
210666.47571580063,0.25658139531578117
211046.9145824502,0.24758952496622477
211420.42166631334,0.2637209849792514
211783.28154106688,0.27089324953131205
212152.46034775232,0.25648602229170636
212531.77768349598,0.26622312168125445
212903.92798135988,0.27229520913476946
213266.78036887854,0.2760178325555939
213666.34515717928,0.27981782360567903
214060.86579170194,0.2745429651671539
214449.78310696094,0.2679281540956352
214828.69062765056,0.28461932068191637
215205.55273189326,0.28085350160421974
215581.6709021601,0.27352556302097125
215969.86836518047,0.27323784350907143
216344.1126910017,0.2821401499009243
216732.708386277,0.27049628258905617
217109.8506039415,0.26679174991792287
217474.78495762713,0.2758194276717041
217854.69961734695,0.2702023129984278
218224.80800169348,0.28443964646138226
218593.0046659597,0.285967969500442
218944.65022231633,0.28283915419039096
