D,r2
2586.636063218391,0.1813061203264284
2615.013469445626,0.18242750647031294
2644.090281771133,0.18350864379689072
2673.4390655783845,0.18807515233490352
2703.463418119463,0.18525584523047944
2733.11930523918,0.18029166463520213
2761.692817998269,0.18372537816340312
2791.4991408934707,0.18747445267379964
2821.5652541179784,0.19370231599704696
2851.411647727273,0.18688280440818006
2881.057975113122,0.18965298529490357
2909.7571820412877,0.18749515035908135
2939.648380792853,0.18287987891589289
2969.7650007160246,0.18996464300253085
2999.141241299304,0.18895468641926022
3027.3570306923625,0.19021924951641977
3055.5596951735815,0.18038163922948053
3083.463959533511,0.19840494809948805
3110.503678061445,0.20524359723994326
3136.5508973438623,0.20257202101801802
3163.375315922494,0.20234470477320382
3190.089217218355,0.20770050390803177
3217.059292548565,0.20447130893506998
3243.9599206911203,0.21513676985748667
3270.4128508124077,0.2080031310396196
3296.433053137196,0.22810610815052748
3322.539464050373,0.23387800916128385
3348.3688982922777,0.21747776373992941
3374.4189660180077,0.2323343396988118
3401.025403817915,0.22896406465895708
3427.5879374534625,0.2267332969174847
3453.371188687583,0.22168746342727685
3479.3992657856093,0.23905387394212738
3505.527847540257,0.2465890638345244
3531.461111111111,0.2357063787296435
3557.4025430067313,0.2534604875564973
3584.20901880141,0.24383456028534542
3610.5790968899523,0.23937876721900317
3636.6050926623475,0.23813921368459853
3663.4897988505745,0.2492507333166992
3690.1715411425976,0.22610894518319763
3716.3263248847925,0.23368541938883441
3742.7738004569687,0.23175637874010335
3769.1089236959333,0.2299077540379751
3796.056163168785,0.2261621198575343
3822.429049429658,0.23115238719519182
3849.5508598076362,0.23081819653446325
3877.4645342810604,0.20525347297630592
3905.4576699895847,0.21966211156618567
3933.386541244573,0.21991421672021266
3961.3030257186083,0.21077756335811876
3989.528751123091,0.21224293831244942
4017.903565757182,0.215411702755716
4046.4612068965516,0.20090997028503146
4074.637928540431,0.2079882944937868
4101.639428305111,0.2016424234442751
4127.583716255026,0.22034117393608407
4154.732623484177,0.20635688277072728
4181.419929349426,0.20263467359502566
4208.75414446418,0.20081860208608968
4235.167311124331,0.20030104709250357
4262.035797101449,0.19804401947261233
4288.6143524800245,0.19680767888239706
4314.3410186859555,0.1878237189245561
4340.782506947492,0.19299831954363383
4368.297171863669,0.18924825375596774
4396.249626754255,0.180866742979452
4423.417400388002,0.18788119448553503
4450.063732705328,0.18879620764406005
4476.489352129574,0.1770808407348806
4502.942174913694,0.18536276217411438
4529.985220173701,0.19015472901999558
4556.892516613695,0.18642319789481757
4583.880931198102,0.1744006109574084
4610.929629086644,0.16569818751226525
4637.984229498348,0.16158564832237463
4664.977570374831,0.16994861920400559
4692.444540353906,0.17296175279935255
4720.508345534407,0.1731465169314078
4748.560957696827,0.16526498856929064
4776.411888638074,0.1612764254156438
4804.967662053897,0.16346653980861675
4832.8926912356765,0.15792272662873688
4860.386731623442,0.15397396374027136
4888.412961348446,0.15295361262158827
4915.83642846531,0.15630659637025268
4942.640818765874,0.1463315808623073
4969.243880861103,0.1501724211692935
4995.45334763291,0.14829472280333275
5021.982453657846,0.14868859586045055
5048.191006166341,0.1423597153044933
5073.467857688197,0.147877559590557
5099.65841944404,0.1481973552092054
5126.731596663252,0.1532787380322616
5154.398172323759,0.15963255141593646
5182.031044776119,0.15166292737644557
5209.531190650109,0.1441305817699005
5237.373120865905,0.14644311667431012
5265.4988084599345,0.14569376879457524
5294.257225017973,0.139802200498576
5322.384917043741,0.15132102468756345
5351.000148192057,0.15326551313172165
5379.797970886634,0.15745042211271262
5409.0365562518655,0.14892567900356396
5437.756069364162,0.14894117856486275
5467.472611841134,0.15800310841037085
5496.770180722891,0.1492922679919763
5526.905965324713,0.1572919667937356
5558.013817433485,0.14237470620664752
5589.197683053617,0.14044212779637494
5620.261574756709,0.1369548896395927
5650.339536302624,0.13035612606652136
5681.434895833333,0.150963997334026
5712.938316073841,0.1428599343087017
5743.8933506044905,0.1403216285861115
5775.458277554663,0.1345761434577838
5807.777030976037,0.13462835370966214
5840.390541344438,0.11818046747072926
5871.555957222473,0.12209717750083633
5902.233221720774,0.1173815604552601
5933.495524578137,0.12107357273918234
5965.053552572032,0.1157728308008487
5995.465555391651,0.10885354255792741
6025.412100285243,0.11505169323061726
6056.140041188585,0.10768356347412154
6087.612333526346,0.11879468405542053
6118.871764531874,0.11517754752298115
6150.157113462669,0.11199213282010796
6181.927868852459,0.10695205223062945
6213.929859112256,0.10584584090260903
6245.703439230545,0.10426695662370025
6277.641498475388,0.10664583248186282
6309.05995167623,0.11761348174582371
6341.6631517281785,0.11206792296550652
6375.258117123795,0.11041177755797865
6408.52720889409,0.10886894569349483
6442.940573466052,0.11218931809823922
6478.101578485823,0.10829797441652006
6513.599757060431,0.10522131406744956
6548.4271451309505,0.10086726480818761
6584.759167789253,0.09964936258424092
6620.461090909091,0.10077423467765784
6655.468097973994,0.09898820561599143
6690.256569235312,0.09985131414828186
6726.081470588235,0.09965047304538649
6761.549714453068,0.1074330734904937
6796.722772277228,0.10641196428668186
6832.163289809395,0.10401849096201281
6867.363475699558,0.1009397250692969
6902.9091577245335,0.11214778769543285
6937.563895131086,0.10645529213620332
6971.945589325426,0.1169231075920837
7006.146787626413,0.12909538025226436
7039.035594944065,0.13028957986524295
7072.564098815963,0.1380672167888828
7105.471316425121,0.13301722492663862
7138.114281575898,0.14056248258014756
7171.305944829621,0.14908749261566567
7205.321205821206,0.13721356174083793
7238.081379920389,0.14058127262490072
7271.095795795796,0.14303407406166904
7304.461332540154,0.13955053735561243
7338.836555106751,0.15769281855271716
7373.523107327455,0.143146681385682
7407.414428799536,0.1489436896411697
7441.7950613633,0.15168582731730212
7476.97,0.16482834371150576
7511.713464090842,0.16219003847277288
7546.621306146572,0.1699764839657702
7580.85558216103,0.15437730854739837
7616.4326685107,0.15890942291464033
7652.04177310293,0.16464806772364954
7687.217239370996,0.15350995487702904
7723.370898292502,0.14210322971652753
7760.69147995283,0.14949529609223383
7797.655500967694,0.1364184364559922
7835.517590849862,0.1454577239122363
7873.025834718235,0.12984972859935318
7910.521020799528,0.13451268571262115
7949.4947506561675,0.13077266337657126
7989.06545400328,0.13100068162101872
8028.191746499631,0.13781812996137485
8066.609467455622,0.12404270022113469
8106.4019431988045,0.11815123948256384
8146.667488041745,0.11201292082055671
8187.076035502959,0.10549570240083629
8227.893623451193,0.09563156593051805
8269.442039511912,0.08581167379265475
8310.10624445102,0.08410192679728398
8351.653600593912,0.07756784342826942
8393.58650468384,0.07524339891588251
8434.783651710351,0.07707105779750512
8475.749329359165,0.07345733184350978
8515.696835908757,0.07761353991971545
8555.906084656084,0.08037305516970158
8596.404963680387,0.07719027061800483
8636.918087258018,0.07891393924775293
8677.400330976381,0.07664547499756662
8716.49820143885,0.07571999231204438
8756.436940243724,0.07756391518224935
8796.364051229206,0.07582452754266467
8837.10016298711,0.07726054175653235
8877.741485613624,0.0749599576600481
8919.119040612124,0.0709734289696648
8958.914976133652,0.07315297998359413
8998.38319976254,0.07353591714435115
9037.88266047052,0.07509365664041733
9076.748347289555,0.07389692340712524
9115.50015051174,0.0746076906360422
9154.910674408218,0.07456867103526041
9194.97674082635,0.0758584309866584
9234.98726400959,0.07473488739490604
9273.917162403332,0.07537366193155053
9313.29285819035,0.07491016372816672
9353.412065439672,0.07488592570844942
9393.139500297442,0.07300199484298311
9431.602677258017,0.07302817778088234
9471.5350509287,0.07310665411323397
9511.75104727708,0.07156653842875856
9551.301258862683,0.07247886693526961
9590.283972643472,0.07510848457872157
9628.342630079473,0.07310905544932246
9666.912132673844,0.07310934439908183
9705.662063845582,0.07408415252690834
9743.081474873625,0.07323376169401191
9779.602065249925,0.07578450759835235
9817.154320987655,0.07779018523122132
9853.650224887557,0.07389239780532753
9890.80428677014,0.07775239142011886
9930.745762711864,0.07735938933944829
9970.25969395335,0.07613667961850108
10008.79826658697,0.07787087982845443
10047.318530539982,0.07975825667421765
10085.142392909896,0.07919885607508688
10121.864541236342,0.078934459928515
10159.16156635243,0.08352346002092884
10195.711811722913,0.07745543895873619
10231.213949381989,0.0776317549040321
10265.823686951346,0.07601916124324341
10301.27185042291,0.07805616861256476
10336.336011687363,0.07546982675400382
10370.868222780322,0.07641877039376166
10405.912212600777,0.07869460696799374
10440.378594008731,0.07660080523391534
10474.674872541878,0.07701978362397281
10510.04217308537,0.08393198407809459
10544.13197815534,0.07946514249320918
10578.017857142857,0.0798390012567291
10612.898254954156,0.08033924575201909
10647.95296735905,0.07821163184404299
10683.69440774989,0.07669473939207319
10719.711375464683,0.07831880192567403
10756.037730372951,0.07609347791245998
10791.768449765115,0.07623249001674516
10827.870836953374,0.07790960966281385
10864.982949446605,0.07994486588603764
10901.979991107159,0.0821523408618556
10939.63173216885,0.07999993848891532
10976.917767552322,0.08345741267819465
11014.205428656185,0.07967616372397465
11051.796457564576,0.07820093125389194
11090.665432464455,0.08117741209698216
11129.355137439365,0.08155828852505012
11167.133752244164,0.07524168725262012
11204.416910473961,0.07974908239221723
11242.626892252894,0.07842972625025749
11280.962294839568,0.07959888239575343
11319.381308685446,0.07561510486314972
11356.907680835198,0.07384617986505632
11394.456649091975,0.07600527061986899
11432.187833827893,0.07443665186962525
11470.583234067897,0.07170277399984372
11510.585945473102,0.07131006173175586
11572.45037037037,0.07773024134293356
11656.151107280202,0.07368473302723498
11741.794924736912,0.07316298749931185
11827.863681658142,0.07309450711178579
11915.882961677127,0.07341646968443134
12006.019642136418,0.06939863201422874
12095.052231845437,0.07249837327787814
12184.789372429348,0.06600638689236599
12279.802282645183,0.06624813961393089
12375.060051529365,0.06548114419831988
12473.119243917152,0.06656740645349947
12576.59339279815,0.06501370018375253
12680.3051791225,0.06500773922146243
12781.92263210369,0.06557203999969048
12882.855243820975,0.06506250503552387
12984.071023674558,0.06561024223749964
13084.775870100486,0.06475443680617493
13184.104789820798,0.06641544160414298
13282.416822679861,0.06407733634699828
13378.177838304657,0.06070389508539178
13472.469845069487,0.06415810793294555
13565.43025973159,0.06491967300892054
13659.12864207431,0.06788724464950063
13754.066479024259,0.06446264582953562
13848.840338355802,0.06545940492769903
13942.863849137355,0.06652884856647634
14037.751706142111,0.06293477852372127
14134.710889774236,0.06301616092710925
14232.634578257106,0.061175301083533334
14329.249132407902,0.060220965564237706
14428.559308510637,0.05828868673019726
14525.915232759771,0.056550377731778324
14622.75734167943,0.057161468325945756
14719.923886802575,0.055894964827688534
14815.184247351237,0.055637386829432256
14912.223975600053,0.05516671552905225
15008.256960751425,0.05631755212811692
15105.863823295304,0.05801020416570036
15203.994688004303,0.057990828075871644
15304.340296720111,0.05925972225455461
15407.10845539281,0.05795167932814045
15506.64587217044,0.06174955874348486
15613.115009355788,0.0635202357674678
15719.14412681568,0.06551583067557357
15824.65552802518,0.0659684326031217
15924.55303482587,0.06618660505556241
16025.35331103679,0.06707846393658283
16125.19180719692,0.0702483865798488
16224.693610777644,0.07056720084407891
16323.120581146224,0.06745257957810817
16420.24593766649,0.06882816280833026
16518.961870026524,0.06560659467731397
16614.273025435075,0.06357934502288987
16708.871240351345,0.06332228228037949
16806.144731583856,0.06173176867976555
16906.51583377873,0.059049327972364285
17008.344786256494,0.05997338698425961
17111.1200212427,0.05594237283014074
17214.820573196987,0.05767613173945137
17317.621195942338,0.05654738916604367
17418.658333333333,0.057234170707241065
17520.151121762865,0.05632188702598988
17622.759757559612,0.05451526035785651
17722.03196743193,0.05386248645682193
17816.19499429645,0.053949797999971266
17911.000665335996,0.053010987192324506
18004.018425460636,0.05464835431572377
18093.794521452146,0.053643910799539535
18183.419426494347,0.05292681552977041
18274.243239643,0.05398806436706098
18363.649786495862,0.053169829884692404
18454.55931190223,0.05565228558810303
18547.306681781807,0.05273831924687552
18640.735521750736,0.052381738949106714
18733.42899840595,0.051282562730858544
18823.317645481362,0.05081548180932311
18913.38057969092,0.052830161370092624
19003.349518432413,0.05117220620645718
19091.359771274805,0.05031117513019558
19179.64480296218,0.05050021692886375
19266.67757414195,0.053352499563406965
19351.759402507334,0.0533184684631285
19434.65233333333,0.05552504923410661
19517.7959687646,0.05553324603943976
19601.047823174817,0.058996248008741904
19686.384778432803,0.05645477830184779
19771.627407851764,0.056517926693355564
19856.01924490478,0.055365555419522795
19940.195554662918,0.05519319902903833
20025.734136174156,0.05433870231489469
20113.069386937357,0.056275974762979464
20203.759179556153,0.05763857481437748
20293.731345270586,0.05794038257470077
20384.82020095188,0.05758779588107592
20476.26099785408,0.0569849301677356
20567.708513900925,0.055976242020500534
20661.227127659575,0.05363075442077488
20759.914611508884,0.054630781951604104
20859.352504514143,0.055205934288003515
20961.63986409966,0.05646095665745128
21067.979914586947,0.05342528520208552
21179.933018805237,0.05195211694789221
21293.763284379173,0.05244381814947272
21415.433687445715,0.0539081407594953
21538.454073827736,0.052889523086389
21661.220449212204,0.05344941683379943
21785.61886767436,0.05390209535585913
21910.76446639525,0.05484629539616677
22031.14417918455,0.05342539019492323
22156.899576046635,0.05403431069815589
22281.225765645806,0.05341283679187813
22401.291005291005,0.05391835410502044
22522.940855565164,0.052114775886021564
22640.38113660619,0.05231507763064317
22756.043757098003,0.052209478197272216
22873.08672248804,0.05078110791299356
22985.756464221286,0.05014708114760496
23100.309698017827,0.05218650091054953
23214.1784950548,0.05254373331377046
23323.157947350883,0.0540148548327538
23435.36416760741,0.053143028722876906
23546.274677537927,0.05347591350584422
23661.807479869567,0.052898644916680664
23777.984658484525,0.051170524465899266
23893.727019128586,0.05212196910452893
24004.394088008063,0.053492865253924514
24111.082124644017,0.054203872885872924
24213.823947438992,0.05068622734805334
24318.98384854703,0.05269649604370335
24423.549499666446,0.05348457764068252
24525.086877767342,0.054403951074657814
24624.135892667375,0.056120328460194165
24725.674994989644,0.05272159476317055
24825.323468777016,0.05242054563904152
24920.62655269133,0.051198595796088625
25016.41849132176,0.053512277775552904
25111.30667640032,0.05315007605920878
25205.175212815873,0.05049033926769553
25304.292271011323,0.05060583230880965
25401.75792430119,0.04913593215103202
25499.596673320026,0.050293949319969146
25600.47513368984,0.047792695202178305
25703.92710280374,0.04816379868455616
25809.765933333332,0.04701388638604617
25917.815674022866,0.04747381445422094
26030.819071718717,0.04603413450743548
26137.265190042828,0.04602531448272085
26246.973909579767,0.04771649413133164
26356.919120112667,0.048156569115122644
26466.322383701638,0.04822046101581228
26576.23205342237,0.04979296705607526
26688.486963497795,0.04834287559716975
26801.215191554347,0.04691266574100861
26918.210734123,0.048247689059676406
27038.4447107383,0.04671611405343516
27160.306341073923,0.04648250710751644
27281.971922102173,0.046649516260733485
27404.171945701357,0.04629917301455708
27524.534270299075,0.04717840857207064
27639.871584151802,0.046896974580396156
27754.372365183855,0.04717366534471423
27868.471640197517,0.04597288894663337
27975.870125534188,0.04694642984089706
28078.338237252032,0.045635940203434845
28181.666510256066,0.046629751649922745
28285.773979862217,0.04658607472201481
28386.800749866095,0.046239713222184335
28490.635659427968,0.04530269715853629
28597.970819453698,0.046517000233445384
28710.980038720874,0.04538802184083564
28821.474509278487,0.04647842921007814
28936.859337748345,0.04508996081650352
29052.754016064257,0.04346282065312371
29169.192902881536,0.04405175432322253
29283.38057058863,0.04566971148801284
29402.496119917756,0.04590598087677432
29520.259251863685,0.04617280983704789
29635.769477696784,0.044921964843893006
29747.93515312916,0.04580647670434564
29859.95486713847,0.04585890244824636
29972.62363150868,0.044957866886424704
30083.73247220188,0.04619907375866216
30194.925698249364,0.04530721884472318
30307.105740382693,0.044759040181995335
30423.63382714409,0.0454907287330186
30544.380866786498,0.04462719711090376
30664.334380850494,0.0448554653005152
30787.39285476238,0.044959361047663515
30908.67996011964,0.044987848154979054
31030.82873632642,0.04447355697754242
31155.117635350318,0.04583813501809523
31279.72188520765,0.04495106593955627
31400.586796246647,0.044439838569400286
31522.80928590461,0.04523977397084606
31644.971622250283,0.044817155860206244
31768.02714209686,0.044637678695883615
31892.12281753965,0.04483055375686638
32012.990633571953,0.0454017836802618
32134.598370429252,0.0482141225712309
32252.824247301014,0.0467783357046422
32370.924229251654,0.04685626984901607
32497.595342066958,0.048340158181613115
32622.795609235287,0.04881730627721154
32747.48182242679,0.04443917364053558
32877.63350260591,0.04273851799515446
33010.09064327485,0.043886007837854644
33147.39353117706,0.04201068923141985
33289.94985663799,0.04219885228605768
33431.14122214042,0.04088653144350241
33574.15993086945,0.04180525965382238
33721.948033801316,0.0427496882468917
33869.89402465166,0.0424089152904288
34020.5520536129,0.04238525839840875
34171.40776310524,0.04187005813515298
34322.358102238555,0.04163870445048362
34467.13093812375,0.04224086267056337
34613.7383183782,0.04300879301048346
34763.018175743404,0.04226692232848444
34914.88247834777,0.03969389633492911
35070.921458998935,0.04099020123970881
35225.99020065329,0.0390248388444321
35380.095605858856,0.03813834303007983
35530.292478735515,0.038678594145865705
35677.96335287846,0.03759297071068117
35824.3727321238,0.038551266335645915
35961.16393442623,0.036498884799601
36092.658774094576,0.03682988917240857
36222.67563428115,0.03663982444252697
36350.94774378458,0.03607568938229222
36479.6270870751,0.03666430613723469
36611.18924515698,0.03642407418886572
36742.03744845018,0.03759198447133248
36878.57770967957,0.039619367719157854
37012.391826600455,0.038843068046026746
37146.982727814175,0.03917090497377654
37282.55192205019,0.039344381208128776
37418.89792364367,0.03881113066502332
37559.63063841095,0.039297953189555646
37695.70427338996,0.038806463164257794
37831.14024592888,0.0407982013876968
37965.77665514491,0.04022166137827745
38099.61713636971,0.03982407534238285
38238.109044857694,0.041098275765764046
38380.47252747253,0.041049536627650846
38522.53519717088,0.040750174538339366
38671.315028323894,0.039886063458130346
38815.08387182733,0.0407457535842124
38961.37058274436,0.040721220064444126
39107.97043153969,0.04003038340297904
39260.49943299313,0.04071928479185865
39419.11993842447,0.04219414258040391
39576.167243905686,0.042319100309848826
39731.439089513384,0.04308398664832316
39885.99166055107,0.04246852685416322
40039.87451865622,0.04073271268800509
40191.5488646259,0.04198674905440956
40341.10720223449,0.04118042125325657
40489.26446225785,0.04086202470957824
40633.529240153825,0.04014674236710525
40774.2177011188,0.037073547040502086
40907.46839751719,0.034916057227777964
41034.13338695623,0.035907591195797756
41159.15554080955,0.03723162780371296
41288.32925606577,0.036843487497016464
41419.672531704404,0.03781205604058655
41553.22756410256,0.037569133163757755
41683.422777222775,0.0369589959282754
41806.13925489934,0.040219145425572055
41930.8867182291,0.03885208659244472
42054.42517640794,0.036800030402027034
42180.2904040404,0.037492312818638726
42304.67036344201,0.03569083205559885
42427.471238348866,0.03658411457217525
42549.74834481375,0.03663482946543859
42677.10210750967,0.03568990840356084
42802.538466666665,0.03646992585533612
42936.58788401566,0.03792734893295889
43072.41227894561,0.03791710482463753
43204.23791672245,0.038347083419384864
43340.80900146257,0.03899272923099886
43483.5417834735,0.03919661175189302
43626.33805073431,0.03827214621619469
43769.661232604376,0.038662519082418224
43913.914211438474,0.039900542400786665
44064.0687232334,0.04074478262765498
44218.82494996664,0.0417724287923847
44377.54721888756,0.04155340791532012
44531.92896029744,0.04147583097532365
44689.69594504468,0.03996343798455218
44843.15516433496,0.04097884994877519
45000.52080832333,0.03904396642291466
45149.49791349275,0.039967706164390784
45300.285369774916,0.04114310268749614
45454.88001864305,0.03961257999145138
45608.977007664114,0.03817021096666223
45760.54648829431,0.0374073369767615
45907.47353058246,0.03730493046182144
46057.99439102564,0.03566279762744579
46201.41139744952,0.0358213780751669
46341.76018462773,0.03486762536583442
46482.5055047708,0.03418269339166052
46635.30684017351,0.036533168709022686
46793.080697566475,0.036642333520071055
46950.15520235074,0.036816243618908624
47106.15998396151,0.03699345074050533
47262.05218495256,0.038400966255341035
47417.145921891606,0.0384347365274591
47564.68044462194,0.0372558728168553
47710.49256617108,0.0377506990081082
47851.233304423244,0.036875244871437
47994.868586317476,0.0367707993552621
48139.44055990447,0.03762265887329469
48286.1152691615,0.036189753161593265
48434.14747596962,0.03624142019397065
48583.01628339758,0.03662526192980567
48738.60782360364,0.03853243480924405
48899.82999667442,0.03946094219289634
49061.97066898815,0.03696981113538673
49219.66753402722,0.036250806122787006
49370.07561851556,0.03571862670144857
49520.02779073642,0.036859744141909775
49673.859903704695,0.03615451225681679
49837.58230958231,0.03560204254590435
50006.828219214796,0.03631408095804543
50179.74058134146,0.03815701104850945
50347.91670014732,0.03819604768654176
50518.48243216214,0.03618820052189865
50686.181200453,0.0366403101030863
50849.72762904404,0.03756511064966573
51013.14146210956,0.03583363275306231
51184.04389821476,0.034012012523855085
51346.77603509005,0.033032980007808924
51504.83337785495,0.03272989762227805
51659.01885152751,0.03440353740674906
51815.07200372662,0.03480253509570338
51972.345414497395,0.03539015109897701
52136.44175663068,0.03580712898534387
52299.6618,0.035143925606766185
52465.71784149741,0.035270784037959496
52635.84536220262,0.0361675117834351
52805.93596784997,0.036040931442276304
52968.16756041046,0.03666557379184526
53122.80627084723,0.03708978864735862
53272.087651525246,0.035794740906172295
53417.66778030202,0.03729446541069382
53563.8674489932,0.037707296446684045
53712.98198919352,0.0381380940676081
53874.45469664715,0.03688966665230622
54042.8079341718,0.03721591069672286
54214.639893262174,0.03983474025926749
54389.07972558945,0.03852668474234649
54561.246325729866,0.037872104772830074
54726.118782875026,0.038175570796964264
54888.991077967905,0.03642453495765752
55047.11484051782,0.03330430536935069
55208.690317417975,0.03550095483440269
55380.06093645485,0.034761026597617234
55544.39018070688,0.03489899636256804
55720.223743987175,0.0356323013340902
55898.03581212,0.0363175622752616
56077.986396814864,0.0359337637391357
56247.08443763734,0.0345586653237444
56409.68920363442,0.0356472926490833
56565.2171622883,0.03505861320585135
56724.63403604442,0.03581335357775754
56885.40427236315,0.03504259855349439
57048.25519823494,0.0351357136794651
57211.974846543904,0.03552660653525139
57370.4010901356,0.03636920004533464
57528.072945891785,0.036407520868305114
57696.071935762164,0.03516576689374295
57860.30673166823,0.03561440165889073
58014.8553078203,0.03385985378202742
58158.01014415376,0.03362280689497479
58303.38035952064,0.034867697369368275
58455.856157965194,0.036646519052398754
58612.500664805215,0.03815950105011495
58777.12068273092,0.036690688775858314
58949.667222185184,0.03688091477364761
59118.20869391559,0.035786172347190115
59289.92026865275,0.03539077961333159
59463.775576897424,0.03560122928642583
59635.65193001202,0.036739121185357354
59808.53245024296,0.03616915707911324
59979.76854262634,0.03662652474261286
60153.93812653522,0.036521889083466146
60341.04972670311,0.037398627426160444
60526.69060034764,0.035259872925885796
60708.993019545276,0.03577146946836625
60884.80498063827,0.033895023510344194
61055.26113927428,0.032095475640193015
61219.12208642223,0.03420293145457389
61392.30334839224,0.03368398027615204
61557.18129707392,0.03319510543054689
61718.99058619308,0.03482773836372914
61879.051145089135,0.03333755413907274
62043.80081355028,0.03547559485601207
62211.0509728145,0.03638058535456846
62384.522282825594,0.03780659361167936
62557.48272866974,0.03790033878306373
62731.34462749283,0.03940109830930503
62902.44775920623,0.04022584349618405
63067.45824711301,0.04029910418707048
63224.4939069055,0.040584600387203
63383.48941851926,0.03862780991446457
63539.59564437952,0.03775338952230384
63701.2832319722,0.03725430092713383
63863.4924505612,0.03523643483016424
64028.90063060073,0.035599937057363834
64191.372521530146,0.03674869308417115
64358.37591776799,0.037438763197911035
64530.83121040347,0.035991425967116526
64713.12386325921,0.035139356203704834
64894.28907607969,0.03592872230543982
65076.07794638679,0.03659275244736325
65260.63741600692,0.03648503452939173
65442.13197260821,0.03614599057898765
65618.0029394081,0.03600397084839704
65783.11393081342,0.034503923996276574
65950.55213868225,0.033908969105197834
66126.45992938512,0.03485815240753354
66312.02600346712,0.0341685395707848
66503.891337639,0.035349521521364544
66694.73474429162,0.03547199888699173
66877.90420841683,0.03669777654040887
67065.16513822434,0.037319205704567725
67250.75631431244,0.03518647092847382
67439.86825988551,0.034947228006630665
67624.02298082704,0.035448647101436394
67802.58426290829,0.033808336714097435
67975.23674066197,0.034815475663797994
68152.10956625864,0.03362497446444525
68327.62213765939,0.03406310481330472
68499.11320754717,0.03344638452172357
68669.61330492109,0.031720152952908434
68846.68306193272,0.032061255466099656
69024.790823122,0.03263510764507805
69201.57175292153,0.032789291624591585
69378.63539516613,0.03480897223912439
69560.98911664552,0.03337642692379894
69740.69844863174,0.032273647420872936
69929.19462056998,0.033086461250220384
70122.00299500833,0.033888616265732065
70321.4735504581,0.03546899733777664
70526.36985846236,0.035230529227074474
70738.78265788248,0.035248492527389666
70944.0976865472,0.03504040602437737
71146.51387502496,0.03383011585047138
71344.61155976774,0.03582673672951534
71541.95416083683,0.03339831228088162
71733.06190982844,0.034601624942545574
71915.73595129783,0.03259694927872593
72098.56664885802,0.03312211536077978
72292.11010457603,0.03280326151389725
72491.99727284821,0.03225981484737154
72689.73613792185,0.03267969765432554
72878.30666845027,0.030640270633190074
73080.59039585547,0.03458045205386548
73287.27991452992,0.03313640787661569
73498.56995542545,0.03405261232409052
73711.11105168148,0.033674380769381076
73919.68122125191,0.03421221703976284
74128.73887852956,0.03532871581014353
74336.14347536617,0.034851865270620515
74548.78683281135,0.035387071527987826
74773.53933408954,0.03390637773320154
74993.3946648883,0.035463466720446514
75210.36915701159,0.03342429379937995
75427.33649605773,0.031075646093630265
75642.99009571923,0.02970824541031151
75849.84405445082,0.0287529039985152
76046.09582637729,0.02965127930770098
76250.24499034685,0.03146438456445835
76458.53808697972,0.032357247881236194
76667.02667555852,0.03219365701544615
76874.46570589805,0.03167151518078807
77081.83963771976,0.03168300397735548
77287.67895053074,0.03216277188806933
77482.64916943522,0.02922708831384049
77671.55294039205,0.030218344843033165
77857.72930424921,0.03077984766605465
78043.77200721877,0.03217059624307103
78227.57971400066,0.032834038240549236
78407.5858330562,0.03205942228115008
78585.66341202434,0.032561443018102564
78765.99341492617,0.03227650421630607
78955.96358412401,0.030967526021270713
79150.31615051616,0.03160759603786796
79348.2896510309,0.032330155163193944
79546.19293929925,0.031991280232914344
79745.41723492446,0.032178690120926834
79949.64084460135,0.03222867462732584
80158.83358870161,0.03321693516219609
80373.72884410038,0.03291590377717056
80591.14138252531,0.03325526394403796
80814.78543780032,0.03337271202841681
81050.78087941372,0.03213535880396031
81281.58217716115,0.03277776436001276
81499.34858358825,0.030850454063801616
