D,r2
1030.550554552489,0.13062564592261955
1040.993482688391,0.1297137829849037
1050.6752856283824,0.13075598104204636
1060.4645567991765,0.131715399321878
1070.9532836831415,0.12981550876144865
1080.6443386080812,0.13264317437411868
1090.557635731479,0.12962323969188635
1101.006946336148,0.12745000160977646
1111.4403354412977,0.13297300595549633
1121.6897538637666,0.12645571221292023
1131.329952267303,0.12528464516773838
1141.8458307597282,0.1281179548117734
1152.390634089587,0.12931193144369663
1162.45850737956,0.13320962938104855
1172.6870863258696,0.12529196381623825
1182.3250792692133,0.12788439969120918
1192.8620947630923,0.12394600764439168
1203.3755186721992,0.1251852576659278
1213.490753519183,0.12880788646975597
1223.9385739412799,0.12463104969281087
1234.5183964854475,0.12693826625426605
1245.012467461296,0.12703068754539523
1255.504035624826,0.12667869638751536
1265.6521047302185,0.12502648236966193
1275.3577643415426,0.11346642677658178
1285.5722958057395,0.12795676696380406
1295.6316925734025,0.12454713851233115
1305.3600958657878,0.12261593397764317
1315.3956478733926,0.12068242130588629
1325.6081922130554,0.12329540455900713
1335.4260442990933,0.11822822878639751
1345.4759709416037,0.12196510335277776
1355.5833941339558,0.11782893315321205
1365.3502437538086,0.1163689007156202
1375.8920187793428,0.12150195446297064
1386.3560826542491,0.11957811181148782
1395.7658904971681,0.12071468176587667
1405.426511369939,0.12292723417448076
1415.939222614841,0.11475922790623976
1426.5359645359645,0.11698677144331622
1436.5525683388405,0.11902330592847615
1446.3956611570247,0.11856809075363299
1456.4233617437474,0.11806025499395832
1466.5787172011662,0.11835290622734876
1476.4102253819392,0.11559439409989719
1486.8881219067466,0.12075138679329632
1497.4341835238934,0.1167111422210983
1506.783431388138,0.11398191467654993
1516.3968276249298,0.11637655331690178
1526.9825606125053,0.1158903371648384
1537.4245922932603,0.12067825706872962
1547.9622641509434,0.11584330406993859
1558.530684892496,0.11555370648204479
1568.596198491004,0.12157457468883331
1578.4765472800839,0.11769575515179291
1588.4495321803233,0.11276150450615455
1598.534089278025,0.11889460566252885
1608.4160787771898,0.10699931045466082
1617.7858604944104,0.11455688886977947
1627.885072655218,0.11582758291982605
1638.4279541052003,0.11462458573278969
1648.4737880496054,0.11564590807855063
1658.9743553414564,0.11204408015014083
1669.4735502121641,0.11416640210912148
1679.68114482957,0.1185365913537716
1689.4753021937024,0.12029249992462143
1699.5257002598903,0.1159125014271098
1709.6008564678086,0.1165584348566673
1719.510670500984,0.11580490516506943
1729.9310253349252,0.11109012683316705
1740.4821347118748,0.11778393189850819
1750.4466833357847,0.1107129314562046
1761.0115802852704,0.11146195691901654
1771.4175856065003,0.1099687939013179
1781.9520352974666,0.11295485554362558
1793.021579689704,0.11258845691989237
1803.5416342412452,0.10884342024490293
1813.9712104981254,0.11137596362483117
1824.4903166308022,0.10719420989016863
1834.946948166193,0.11354750193029448
1845.5770355548714,0.10642011491899653
1855.9593792172739,0.11566714345523046
1866.5594960335977,0.10869179323090819
1877.016543614985,0.11149048217505594
1888.0266724336793,0.11222129172652343
1899.0511531638083,0.11186099555282497
1909.9787498275148,0.11196382783891481
1920.4236437754782,0.11110550090432957
1930.980250612912,0.10890626820227899
1941.4745115995115,0.105821150210436
1951.9607508532424,0.11689022606018032
1963.013452914798,0.10489339961350229
1973.9197121490051,0.10877555462798272
1984.9675296810185,0.10741929058841193
1995.5788977861516,0.10790227042797525
2006.4042496325003,0.10884993197797892
2017.497494519261,0.11168585086744509
2027.9289492494638,0.10758477366728376
2038.880367677322,0.107247637776816
2050.075258027523,0.10644980976527982
2060.979267943952,0.10888601319536044
2072.06426920855,0.10685299699830315
2082.544131310003,0.10419734772249024
2092.947983310153,0.1111041007643781
2104.0742574257424,0.10180352400397213
2114.9579965357966,0.11326681831256656
2126.031258800338,0.10421661770595855
2136.565083755955,0.10372002564894946
2146.9810135227426,0.1078320047178037
2158.009207308301,0.10038146911934781
2168.4869630746043,0.1047089603912651
2179.029680365297,0.10564657625454232
2190.033858727379,0.10567436578851935
2201.007632467342,0.10492370579162813
2212.0602916432977,0.104500559308855
2222.9501385041553,0.10607766753091959
2233.963005613934,0.10402695764895638
2244.999570508232,0.0969687773873528
2256.0007362685906,0.1053476900737202
2266.9707393662575,0.09965700519419265
2278.0697027383217,0.09756458244907724
2288.9706312098187,0.10366030822686942
2299.9689978370584,0.10570358122099337
2311.1094411206773,0.09635366463074845
2322.579566982409,0.10548262086296616
2334.0448120300753,0.1021780322736323
2344.9610523221636,0.09745087926283591
2356.031408308004,0.10022579223659249
2367.500942380183,0.10481475531023507
2378.4955308138624,0.1030037932210807
2389.002574002574,0.09681076934984541
2399.9625652930936,0.10523421145800563
2410.9843839541545,0.09382356618261183
2422.057879234168,0.09631303653280855
2433.0197101449276,0.09965390090311499
2444.444995975315,0.09930941520937203
2455.4476556495006,0.09881664736744306
2466.486038744155,0.09776054024064901
2477.501727386935,0.09593555055717821
2488.0498849913743,0.09318773810274901
2499.013722374693,0.0953681743265769
2510.057240984545,0.09574914688847691
2521.0567544843047,0.09339521192710086
2531.9266490029286,0.09428652508296473
2542.967718794835,0.0966604043244953
2554.1042300669505,0.09407914516051823
2565.011801150612,0.09884960425427745
2576.072841984514,0.09518257402261887
2587.0359964881477,0.09415320901957072
2597.9887914930305,0.09311595031736747
2609.4352435914643,0.09193078916662019
2621.015282880235,0.09725809063881123
2632.043125092305,0.0914435955629058
2643.0256294286146,0.09211850018049624
2654.3990976210007,0.09136512857237991
2666.003393832079,0.09207306482090402
2677.375,0.08995681310315963
2689.057296199594,0.09112425981637255
2699.9417263034907,0.0932782445612995
2711.028994171275,0.09542927071287294
2721.9579129432113,0.09367239693999313
2733.480984340045,0.0960464741789988
2745.0274908869987,0.09548038764560844
2756.5325533379214,0.09243384970919828
2768.0509016870274,0.09532631690224896
2778.9974781189735,0.09196601723142987
2790.474601867106,0.0917237414457671
2801.9033569170556,0.091543383086742
2812.941711936573,0.09034511955166534
2824.5438596491226,0.0919477697421399
2835.892878250591,0.08882697413918669
2847.0803624480095,0.09071201228209663
2858.465232477446,0.08896640076601117
2869.9836341388805,0.09283787731666644
2881.5120111731844,0.09061278974657787
2893.498206401766,0.09198216765688055
2905.0361857431276,0.08990456814303661
2916.4972413793103,0.0911081752993742
2927.989941450233,0.0906202357016505
2939.5143258426965,0.0897411094080865
2951.53803965687,0.09197652165514567
2962.9584407705142,0.08509977877342893
2974.473669699476,0.08831825161544372
2986.4395058222094,0.09143364876283244
2997.929283632459,0.08622630402484421
3009.4654696132598,0.08951703213841139
3020.9577717879606,0.08516002415704604
3032.4988826815643,0.087950832615583
3044.043808944326,0.08667868834786402
3055.445484581498,0.0897395018351978
3067.0018253726803,0.08753904694649615
3078.5215091187524,0.08947688180298334
3090.5409904286307,0.0895834609207866
3102.012262415696,0.08770316581044896
3113.5198418109912,0.08622436586857653
3124.902337742233,0.08576328713243649
3136.378067811037,0.08703526807973974
3148.4293769382575,0.08711801443512726
3159.979372197309,0.08384574283537385
3171.5256286931426,0.08711050393974766
3183.0350605026374,0.08610212302572151
3194.5358303886924,0.08606560155020873
3206.5568500842223,0.08783894295589545
3218.00243050281,0.08671695640660591
3229.54401650619,0.08669383308063257
3241.432293157744,0.08555307683743504
3253.424622399544,0.08672628977210528
3264.99168207024,0.08427002293777998
3276.9460480172647,0.08573793278808012
3289.039242632463,0.08463913560494374
3300.5224413950828,0.086485852860951
3312.4965440973183,0.08681617485891278
3323.9986102532425,0.08898520443685821
3335.486117043998,0.08607737371944006
3347.5326774420237,0.08385817255658821
3359.476376811594,0.08661511517573443
3371.078810180926,0.08709358662047316
3382.414228912241,0.08349465163393445
3394.491865194654,0.08412181374666997
3406.377366671484,0.08373591294949448
3418.3951329300885,0.08511372051705997
3430.469012679869,0.08069034037011519
3442.4526572124337,0.08584285308264362
3454.4608841165805,0.08172531544955951
3466.0135237805803,0.08398921412060774
3477.4535267921274,0.08516999826410925
3489.549746797736,0.08773287189042504
3501.9324195956033,0.08482443764931531
3514.480041395624,0.08635757234476613
3526.49129022734,0.08507973193754986
3538.436813186813,0.08237409485974502
3550.434731934732,0.08356109611184259
3562.500357193885,0.08037282265507716
3574.5462029808373,0.08590344482048792
3586.454327938072,0.08140929191501237
3598.407985117344,0.08332815181270195
3610.512565751023,0.07738594898369897
3622.474295425577,0.07984446783188023
3634.5489355411,0.08153870307860976
3646.3750541359896,0.07949280903537906
3658.496958285052,0.08225996553063024
3670.5312686122693,0.08494675189582404
3683.060844370861,0.08574425710950047
3695.5288273370466,0.08493140863326083
3707.988054373198,0.0851098093427132
3720.508578075022,0.08142717870984671
3732.4277349328763,0.08330075925248172
3744.596465171543,0.0819200920359386
3756.5472270363953,0.08100690369132543
3768.653385872738,0.0796539573016916
3780.4699765670766,0.0836508007481143
3793.0375052090567,0.07681978065794934
3805.504976580796,0.08254176169538364
3817.495124749068,0.08213705963153758
3829.4268203706406,0.07994325319702414
3841.4827586206898,0.07647735571232178
3854.0576923076924,0.08172617641258088
3866.50996076064,0.08071607454504746
3878.997098245129,0.08166510726445872
3891.487216524628,0.08052968692376533
3903.5808605341244,0.07951060430303579
3915.5512244602232,0.0784626467643904
3927.5218603286385,0.08060581792309397
3939.4395508239754,0.07983535072449233
3951.9834969994545,0.08053273061104085
3964.507643884892,0.08417083837204309
3976.349131341209,0.07913324490353031
3988.3856332703213,0.08095543550239903
4000.4314789687924,0.07682560603582243
4012.9439582156974,0.08053104120364053
4025.474542982324,0.07990930012290472
4037.9757533286615,0.0773432547582955
4051.0106093189966,0.0810839830648893
4070.943777220536,0.07834583006301207
4098.382818532818,0.07767128027393579
4126.545146137787,0.07935197794291703
4154.262391792241,0.0776615939172113
4182.5464988706035,0.07951568783758002
4210.027512040641,0.0772414173593224
4237.442338892854,0.07846935988327676
4265.416535947712,0.0782491438685836
4293.538532533456,0.078326683782062
4321.558288211886,0.07719922328481375
4349.927715475809,0.0811577748829653
4378.450888742594,0.07818350382015234
4406.992,0.07775562808013896
4435.77960845125,0.07597581439093418
4464.390132450331,0.07897782583570735
4492.423164614683,0.07545094061869652
4520.949402261713,0.0767303955559425
4549.954120700843,0.07432033757897594
4578.840790238233,0.07438920017120822
4607.988493185909,0.0735529158023798
4636.337031060912,0.07480857579456916
4665.058289077996,0.07626121958460248
4694.045749513303,0.07505059784502237
4722.871712222795,0.07387387415898282
4751.893876491957,0.07354149206992135
4780.501454257007,0.07472842661713236
4808.9936177141,0.07493483219949891
4837.899438818294,0.07495406142762477
4866.980741517097,0.07299081566975085
4895.979667163116,0.07469980740208242
4924.871851900308,0.07263079372766981
4954.056412284171,0.07131780823456134
4983.375193199382,0.07330727780080334
5012.972856583583,0.07188026530307545
5041.983832062064,0.06944958273536297
5071.703854611305,0.07156504028508033
5101.477585214555,0.07124409356073708
5131.055845614963,0.0708377823401504
5160.01416022027,0.07011513072991468
5189.453928663737,0.07245875886274698
5219.40529731856,0.07074875511519328
5249.488315926893,0.07203428634003836
5279.582651495781,0.06967084067985521
5308.9432300163135,0.07256855890202259
5337.888480472596,0.06681319189960397
5367.162517919979,0.07034424861319095
5396.647390506163,0.06988611660743
5426.603010530396,0.07023518916767207
5456.461854083856,0.06921569153635003
5486.635840020709,0.06888417632604035
5516.5293657008615,0.06877267560048132
5546.678365228673,0.06890613139879548
5576.113191433452,0.06764651615863367
5605.589100570243,0.06812757394315466
5635.372287036434,0.06770604263627467
5665.521330394191,0.06778681169355684
5695.600856954516,0.06548350153494578
5725.3696165966385,0.0671945343723534
5756.07597836462,0.06689480710564487
5786.581285320016,0.06928986409501
5816.365286665796,0.06681307614963748
5846.517017934285,0.06852036262837093
5877.035020694047,0.06618534235409512
5907.476078122952,0.06835399253032538
5938.018045112782,0.06652083040136632
5968.829618654986,0.06808341047469829
5999.417292483551,0.0688783281281543
6030.002450664259,0.06507580688827984
6061.049279855325,0.06693845069023054
6092.102507470443,0.06809306067688857
6122.512932189761,0.06693600381648368
6153.083621285418,0.06616108587994374
6183.49838826393,0.06882075675431985
6214.092713942776,0.06611466013688327
6244.65418227216,0.07015021668518812
6275.080543394282,0.06870636187853166
6305.3978968123565,0.06708622013316014
6335.483783605258,0.06898962769575905
6366.436868686868,0.06827370050894464
6397.413836983457,0.06898857336957705
6427.997026695107,0.06759280055175917
6459.039106866288,0.06562852658492116
6489.61166710561,0.06606549543145747
6519.889643020297,0.06658601442842907
6551.135345221765,0.06652055780262753
6582.404359120573,0.06606876682705808
6613.834948320414,0.061541535443245095
6644.634538152611,0.06336671756694676
6674.562314833103,0.06422891165180648
6704.5110441109,0.06314984909553926
6734.94222335219,0.06276177466081273
6765.953030303031,0.0640725650987403
6796.8412325368845,0.06554283754127097
6828.443160045983,0.06563683850818562
6859.787341938883,0.06566274203772708
6890.491837671278,0.061626500662766724
6921.480418766964,0.06418534112192717
6953.104957805907,0.06086567240848106
6984.577924174901,0.06256065185876294
7015.984137388568,0.061777023892665046
7047.483028720627,0.06370721749887326
7079.628765352295,0.06313964609210133
7110.888307155323,0.06273231117623079
7142.489612143822,0.06234826195253012
7174.46934008176,0.06246263172427544
7206.309752566465,0.06198100728942751
7238.715931896161,0.0655588866692704
7271.525318877551,0.06345030306642709
7303.531097043659,0.0629991774646637
7335.523335530653,0.06412223884433821
7367.500291620763,0.06422862461971816
7399.427868529817,0.06642832640769152
7431.559929147806,0.06396858206023305
7464.035493925323,0.06314311031644355
7496.436079826121,0.062470291389651364
7529.1366714415935,0.06312819150136015
7561.933389435526,0.06436099191121998
7594.91370363252,0.06412840154758638
7626.917935363248,0.064321555942642
7658.99377593361,0.06468702994780437
7691.925725816951,0.06513394482760486
7724.455574346299,0.06265276767421472
7757.190699768459,0.06466583317371398
7790.537032274656,0.06307793565048309
7824.024345788309,0.06278639085971752
7856.8607338730735,0.06278138588006282
7889.3379079388005,0.0627047847025232
7921.984069752196,0.06346094665196941
7955.6357435197815,0.06402684148523811
7988.938800890169,0.06388121924004343
8022.990458015267,0.06492199068694017
8057.583382170997,0.06379574051277347
8091.524708349718,0.06296853541600939
8125.45821195054,0.06103334361998485
8159.0442933526965,0.06621230039753717
8192.404011461318,0.06274164446289958
8226.69155717445,0.06498625059402166
8260.927136642784,0.0629075415358568
8295.498482449195,0.06176125999501589
8329.120155293807,0.06313652014032059
8362.485131195335,0.06430097714935312
8396.519596277363,0.06482043451385847
8430.312901342673,0.06371726678250515
8464.637415933781,0.06147847531904676
8499.135375367694,0.06331382856621941
8533.550314053913,0.062079253661295006
8567.514015001974,0.06346175622155693
8601.400477296182,0.06096823791352126
8635.49545100078,0.06331246100807253
8669.571986207793,0.06485998722982748
8704.06474727261,0.06442794340402246
8739.152413703607,0.06398785268186614
8773.12499168496,0.06305596652772982
8806.504305359209,0.06363212108689789
8840.758301005983,0.06206314333057592
8874.541866493842,0.06445725412627036
8908.474402507509,0.06477620334258628
8942.557946370176,0.061675041142664686
8976.99742914069,0.06442722417101909
9011.61146663184,0.06206221381676067
9045.749967178679,0.06359973091002882
9079.938684719536,0.06661834703443532
9114.956739731311,0.06414147466621144
9149.430806493847,0.0633570108840312
9183.421935147126,0.06255566234067464
9217.89513374154,0.06225419393833554
9252.732552693209,0.0632303686295249
9286.847172004133,0.06331316378245075
9321.422500645827,0.06160130095430076
9355.915644765715,0.060854495098196085
9390.47732523599,0.06160421818487291
9425.310417464572,0.06271526337912084
9461.373603397582,0.06165497268466099
9496.845823295787,0.060320103063048844
9532.121051944661,0.06196114386721539
9566.862738771295,0.06147604731524026
9602.051663405087,0.06257764825724012
9636.90526107595,0.06343983807708274
9671.806320748545,0.06147633906770411
9707.382243110997,0.0628318328672521
9743.599973845952,0.06083009299205241
9779.568004135168,0.06279392101439325
9815.273822633932,0.06288196875128221
9851.408684210526,0.06271282538845235
9887.488924870466,0.061325134970711195
9922.99655674745,0.06182302987250825
9959.033278397566,0.0611707616515871
9995.168358208955,0.060730349976299405
10030.349178743962,0.06067998927034209
10066.026027216278,0.060149098805907054
10101.95924068313,0.0603775347417363
10137.96230249787,0.05873959248412785
10173.112613508318,0.058955899207723365
10208.638546398442,0.059498925256948554
10243.917980663162,0.059976288756318684
10279.480789268038,0.06047315914014795
10315.503808273144,0.061057581326112366
10351.463419354839,0.05946994662573569
10387.367228355608,0.059240342670547244
10423.461095854584,0.06082346511886257
10459.476103777879,0.05699817488947141
10495.391234496497,0.05939176530598887
10530.902696673447,0.05914782579444068
10566.036705107084,0.05820425365581257
10601.51701772412,0.057354539404405706
10637.39651359438,0.05984945414280591
10673.971567935307,0.05860873387234247
10710.748569925701,0.057984589021038604
10746.385967221748,0.05978354311229028
10782.315748339195,0.05814733071380209
10818.856516129032,0.056790837152406515
10856.081680280047,0.05731958518403568
10892.701063410792,0.05794998865969841
10928.941864199911,0.059163217181586285
10965.186420488386,0.056417216179589766
11002.537971051457,0.058974916791513406
11040.034590174573,0.05823167715540587
11076.91992905938,0.05913095003412043
11114.5120598478,0.05896753590726698
11151.968911917098,0.058794734619622716
11188.40323535214,0.058005517882636935
11225.391492943158,0.056885617838783605
11262.864516129031,0.05853747922963925
11300.534334627378,0.05587563058889876
11337.371094524076,0.058802676892767566
11374.056616023892,0.05697378616418285
11412.069384881264,0.05884814680457522
11450.03131232549,0.05725614967107181
11487.917057500803,0.05791492067331734
11526.397929769391,0.05819643354537931
11564.37539533983,0.056759306384247525
11602.446488404179,0.05504081831578491
11641.1794855264,0.05780176080115561
11680.315336867969,0.05877304477205381
11718.341867869462,0.05663112892186152
11755.936245496654,0.05748681805024796
11794.843491836336,0.05589055878615708
11833.603220129065,0.05723875400281754
11872.031774852474,0.058431201592095236
11910.572980045796,0.057398584714201895
11948.393031268282,0.0559359433941209
11987.127283402922,0.055899172356100174
12026.461006087793,0.05671956435540603
12065.830781311346,0.0566642227976055
12104.89977086743,0.056917197137310103
12144.07748136524,0.054927801943402826
12182.466342096723,0.05422869265226801
12220.871593805135,0.05609529173553669
12260.74688903143,0.0551394137630081
12299.945449794212,0.05693187104445011
12338.212183075404,0.05582634162124258
12376.8293348937,0.05639638719157836
12416.175663546608,0.054456825727414136
12454.714173640168,0.05400777436781412
12494.572323388868,0.056927390898444716
12534.48275862069,0.05638822213046742
12574.06369136686,0.05622249733537943
12612.961603650587,0.05571755675010324
12651.748497854078,0.05388281743874434
12691.489665003564,0.05487389258817482
12731.641430948419,0.05476938420907854
12770.575761554623,0.05493591702172476
12808.863770782677,0.05406257314339122
12848.535264320042,0.05516423487031125
12889.049339997437,0.05435590280386818
12928.860071419125,0.055036267250493216
12967.845292785507,0.054202892563421715
13007.630641714693,0.055692615532694195
13047.010373992334,0.05451436116121431
13085.956222395427,0.052987844711625647
13125.613805851233,0.05440795542277296
13165.199617136444,0.054727405726252905
13204.41138337871,0.05427851066788559
13244.378439332431,0.05232957741128787
13283.901273261508,0.05321114006570763
13323.348493721127,0.05271838961102686
13363.364527512744,0.05246137565202575
13403.062680304223,0.05346186822778127
13442.028329534354,0.0532452288401977
13481.510715441891,0.05164148881640848
13521.525769875016,0.053043640527974584
13560.911215572034,0.05446740962305751
13599.870774441477,0.052265147416784896
13639.582548242479,0.05256330622233711
13679.451749871332,0.0533658014881259
13719.357320099256,0.05259744139672991
13759.473062536912,0.05249172306528339
13799.629409509202,0.05242767862732695
13839.20266388091,0.05416982512544478
13878.010712652687,0.05285358167026682
13917.723755481042,0.0527362738872117
13956.861937351934,0.05255509571490539
13996.109760083677,0.05142122796835804
14035.123177083333,0.05243057114541171
14073.79262193934,0.05291405028318028
14112.997752231713,0.051532697386613494
14151.893264316603,0.051229045716347364
14191.534970044282,0.05191348743351084
14231.545525241398,0.05259044681106365
14271.259222984003,0.052056599834999086
14311.41981223697,0.05079453530495858
14351.538566864445,0.050082233960199465
14391.115046569592,0.048332920062547254
14430.371195297192,0.050763720161980226
14470.492091388402,0.05151903877892174
14510.412003348574,0.04955255793803424
14551.592772174812,0.05129908053507677
14593.0527466702,0.051199948344963976
14634.489244558259,0.050574944191950265
14676.595905243126,0.051722936020764186
14718.25566783262,0.050931282840484364
14759.977948851774,0.052422041572885866
14800.72191229891,0.05038889456145272
14841.732828908747,0.04917088769627233
14883.43710021322,0.05026190427613462
14925.515441610387,0.050975618797630046
14967.625948208213,0.04913376744249125
15009.42101551481,0.04882701102644057
15051.575849354755,0.050511256118209544
15093.450095275643,0.05039815418794223
15135.636181099811,0.048913107404586285
15177.352504396535,0.050127917226668484
15219.42441144043,0.04971962029090782
15261.412416280267,0.05007570614791939
15303.183426138225,0.05149725768753575
15345.278074170463,0.051307858189451355
15387.473821138212,0.04901795759514271
15429.87679525987,0.04851992523209578
15471.855039936629,0.05016777150544829
15513.510902620512,0.049789198834103654
15555.539146833138,0.05001123515470435
15597.94042086238,0.049434668903740694
15640.83785031322,0.050780836456356254
15684.47447291599,0.05141724162443185
15727.441727844782,0.05149141358936342
15769.347503417746,0.05073384365948457
15812.06993595135,0.05095592905586113
15855.018361212755,0.049997253413051744
15897.994796351022,0.05021739760812959
15941.003695060288,0.049638414984347116
15983.692925833224,0.0512702761175144
16025.145842798727,0.051001865163261606
16066.6532968108,0.049510609695203364
16108.157175697865,0.048314311477214704
16150.986700402233,0.049636221564908135
16194.02433985409,0.05071716553696798
16237.050101115532,0.05047043603758988
16280.292758889178,0.04886030843143128
16324.980226716476,0.05116757573578267
16369.576382073928,0.051195639988668364
16412.491287128712,0.049201428417607426
16455.8848026653,0.04811263113581182
16500.843331164608,0.04828880371577444
16545.716804979253,0.04844199578233652
16590.528139946276,0.0499740317452503
16635.23310505233,0.04819890556748518
16680.953144674928,0.048486879345961464
16726.213655816366,0.04882186373407349
16771.940618955512,0.04804975854554674
16816.42374105443,0.04861319998076287
16860.67674761325,0.04880535263660907
16906.15918929555,0.04814912513639316
16951.23115512411,0.04751314355086877
16996.157231472414,0.048381552816338456
17041.00478500262,0.04815094185952522
17086.336445568308,0.0484962686884682
17132.332160900427,0.049395655226868306
17178.11971138078,0.04748316827236022
17223.325113858165,0.04843673957524812
17269.959776463707,0.04999620324623092
17316.969585193812,0.04866258462677365
17363.175246224557,0.04953084216333864
17409.564666491595,0.048448295465786495
17455.387647324016,0.04882200717727872
17501.347627140804,0.04836990365186037
17547.51349232277,0.050224081234314835
17594.680977669716,0.04898322229646381
17641.650805174235,0.050081140181815136
17688.06419547233,0.04964778706751619
17735.54245688231,0.049642389271792424
17781.572297341012,0.048103528581516605
17828.053994131074,0.05095567613709499
17874.363849765257,0.04975044647275654
17921.08929731134,0.04983761217058295
17967.958414936675,0.050335679354644614
18015.54008822003,0.048684567582885065
18063.278814987683,0.050113846762280125
18110.64456079116,0.05100542241043382
18158.313651674263,0.0495650743281425
18205.789521699466,0.049236987067361244
18253.579829214646,0.049319545828903334
18302.736389684815,0.05098000219320356
18352.188964621877,0.048622858927736705
18401.036767546684,0.050538587920169346
18450.006699186994,0.05011692836607244
18498.557735500068,0.04920932923180136
18546.998432908913,0.05028541558153449
18596.20141998209,0.051686774701808054
18644.541344948197,0.050874377023164025
18693.250899049577,0.050928690857894206
18742.404298143098,0.05024769588204958
18790.478738087415,0.050691206657680676
18838.260109574745,0.04915780761879039
18886.04157949791,0.047687221267946146
18933.769359403137,0.04856620019056357
18982.284725848564,0.049332434339154255
19030.42508367789,0.049283914161065416
19079.26684391414,0.049729239404243904
19127.48301175859,0.04742395589481525
19176.668386675374,0.048785755077905266
19225.839074550127,0.049028292577355144
19275.07380843711,0.04873545059531369
19323.919725669497,0.04931096152197223
19373.381437908498,0.04785503810695595
19423.542838751207,0.0492247697819301
19472.947371874794,0.048361034068441756
19522.449067713445,0.04881987212133222
19573.087012818854,0.04852637297494069
19623.875144880876,0.04838641238047509
19674.450209095663,0.05046115642745892
19725.33866995074,0.04802373541438611
19775.731132386925,0.04889663268186509
19825.725355723625,0.0481811899546991
19875.244051488753,0.04762143274463028
19925.47568270481,0.04876839309981205
19974.897994193718,0.047991083108938584
20024.986254295534,0.04956382151215021
20075.358216692588,0.047741401317502
20125.39430894309,0.05045464114654399
20176.04976994362,0.04807450949750559
20227.046027005974,0.04702457418339026
20278.5723855359,0.04787080239789713
20329.93151400405,0.048300314680641186
20380.88892523059,0.04803348723849369
20432.043300970872,0.04859112670040704
20482.994082070625,0.047040703458943345
20535.32435740514,0.048219004816159546
20586.740691927513,0.048453887202044084
20638.319332679097,0.04878443293554584
20690.83042329747,0.04909623021997677
20743.26513529297,0.04876952179016781
20795.575056836635,0.05002237434638409
20847.345749885837,0.047692266951794314
20899.618453865336,0.04800752879946368
20952.125635579585,0.04824515888830001
21005.684275826043,0.04690465189839383
21059.41067270375,0.048344031192300824
21113.581629961758,0.04986925016024937
21167.43153205501,0.048809117009461375
21221.528237457314,0.05060639492022817
21276.71409344357,0.048876250260731835
21331.431211363935,0.04854246287500681
21385.88723708128,0.04986192090660481
21440.481756580662,0.04937885608691928
21494.68707263579,0.048599689615917124
21547.891304347828,0.04753538374445894
21601.874479437793,0.04746786108072914
21656.408284405446,0.04618956162156932
21710.939151733917,0.048765005413001015
21764.560294020263,0.0465942236518135
21817.430246715798,0.046812136240378305
21871.574615536927,0.04623473813135841
21925.273091073388,0.04658213438270457
21979.879424348503,0.04714799250115803
22035.121796132415,0.04848510063813706
22090.595673448366,0.04662788825315411
22146.02604200746,0.04694264739661133
22201.278868813824,0.046254187672005134
22255.729120807977,0.04737593720608159
22311.019169329073,0.04718857058148652
22367.096160072524,0.048173288392516715
22423.366296079577,0.04747756190081299
22479.070680628272,0.046264049488030506
22534.221626218354,0.04675899016708387
22589.250619053826,0.046310849151114004
22646.082120314313,0.04539184013887163
22702.11810197929,0.04455773102775344
22757.489472332778,0.04576427933810546
22813.782007822687,0.04731737586746066
22870.84143873621,0.046854887731936294
22928.430354241144,0.04588969283027467
22985.640720908974,0.04635956219989591
23042.258637391024,0.045935318367870834
23098.434788325005,0.045867806917045104
23155.51823964689,0.048196802782074555
23212.510649418527,0.045911611530005614
23269.383287159333,0.0487099972435096
23327.235592889236,0.046223995859397925
23385.792658989794,0.04582460513941896
23443.83025540275,0.04719430065896422
23502.28223132436,0.047790254872440256
23560.441002189877,0.04671208440122532
23618.99507356805,0.047310926682607175
23677.313804017827,0.04684500374267365
23736.151358344116,0.048329411162952765
23795.750115351657,0.04758532586323504
23855.7381308047,0.046447005149085056
23914.653821201504,0.047062406810174706
23974.232887490165,0.04696634598756075
