D,r2
2606.9771677086164,0.12084164352968489
2641.642717360917,0.11883531550229093
2676.7235121430476,0.12210612282492471
2710.9053174172545,0.1121437142502681
2745.880621876735,0.11411663051032704
2781.454520697168,0.11418069572988085
2818.272013004606,0.1155309209072037
2855.13125,0.10767215142162301
2891.560564159292,0.10944376480115812
2926.9611468381563,0.10910487723426512
2962.1782286811076,0.11124991329366328
2998.2362697118,0.11193890507892708
3037.2060178910274,0.10946940192369187
3075.76810795924,0.10770873031390185
3112.386244841816,0.10875942413127214
3150.411111111111,0.11626007711690191
3190.8433279308483,0.11352405408527232
3228.5973209404046,0.10523511899721953
3263.543574186431,0.10797560433661127
3298.9438531133583,0.11009397182732326
3335.602399781838,0.10853642580271358
3373.1869541484716,0.10425911628769788
3412.2125170068025,0.1073000024843238
3452.3303327877798,0.10898400543761264
3491.098073051481,0.10719504266104357
3529.695640099972,0.10000983939008241
3568.7850172215844,0.1040500049217998
3605.8416009019165,0.1032727932860119
3643.5022358859696,0.10512158020382024
3681.130787037037,0.10892237448396808
3718.537392271337,0.11016908321182169
3756.942502818489,0.11259089700294647
3794.512138728324,0.1039759950389799
3832.408526256352,0.10448607107468703
3870.809067868206,0.10781079460845708
3908.610878661088,0.10253853235624175
3946.7736496141756,0.10735139381986895
3985.4185195609343,0.10203792330396458
4024.878151260504,0.10704385491574772
4062.928240740741,0.10772628884705868
4100.12887894884,0.10008335571247798
4138.7260351673285,0.1079809135970837
4176.563766048502,0.10374165596467665
4214.450574068888,0.10071189525997562
4252.7184004474275,0.10280823385637752
4289.78104292711,0.09758111924355699
4324.76093128904,0.10262978632016959
4360.987688864018,0.10023480856174825
4398.663485826551,0.10538843780235302
4434.805036785512,0.09582482363354203
4470.977458438997,0.09682588317951862
4507.910840645344,0.09754612296074329
4544.016036655212,0.09670130932700358
4580.669584863033,0.09773300394102434
4618.356715141146,0.09690943169575386
4656.521569718898,0.09864037698824411
4694.736990950226,0.10128542434542837
4733.746723646724,0.10079026581096918
4772.435002813731,0.09659886787337608
4810.762094479226,0.09914302658539334
4850.056682411781,0.09897372401111978
4889.64430488153,0.09297798011323746
4928.1876758581875,0.09933396053984633
4967.9027011327335,0.09445652179432484
5006.165654334622,0.09609429394361449
5045.110921501707,0.09537328355822335
5084.371980676328,0.09330839177320852
5123.6114883984155,0.09494622929208586
5162.025366403607,0.0967581026932395
5201.407572383074,0.09130823063560063
5240.999434549053,0.09197407773511641
5280.364409181071,0.09565128401377786
5321.6190744921,0.09734635043123946
5362.41737649063,0.09503783798835275
5402.32111142939,0.09202824231305892
5443.377897117015,0.0925768116017846
5484.929983060418,0.0922501982170762
5525.660350678733,0.09454406775904173
5566.928531232415,0.09361320701640946
5608.8341325811,0.09554003499736728
5650.043746494672,0.09447084127255942
5691.180811808118,0.0946383813472049
5734.387979683973,0.09954998661059557
5777.811943726672,0.09374661023446507
5820.74838164931,0.09562356426450887
5865.323935720327,0.09808640368057547
5908.582842724979,0.1012888813231361
5954.170974155069,0.0960574857834415
5998.404571428571,0.09239649609193666
6041.868450704225,0.09697901170867097
6084.970102505695,0.08605056608197938
6126.852243498142,0.09429482997219625
6168.399719887955,0.094551688737772
6210.459016393443,0.09394316982146438
6252.5590528443545,0.0937647378927668
6295.489208633094,0.09217684981891532
6339.2375249501,0.0958166765640813
6381.364695849915,0.08938568923330367
6424.8151189127975,0.0935698392143988
6468.411299435028,0.08918271511594858
6510.887363407117,0.0954733411029257
6554.875035181537,0.09331138022622608
6597.506526674234,0.09538693028144776
6641.032130777903,0.08971324073561424
6684.167719701321,0.0957217491720425
6727.518664047151,0.09063619400434829
6771.800056963828,0.0917502524645951
6816.716751556311,0.08779144323677815
6861.838350055741,0.08657985073683556
6907.767146486029,0.08867600510947496
6952.459007092199,0.09165620675814272
6996.771029369832,0.08792017221956348
7041.512291607799,0.09495969800416591
7084.976265370317,0.09331875919674358
7129.233398166158,0.09112412129631876
7173.507605633803,0.0871536601734163
7218.328747492118,0.09361792262929691
7264.367127929963,0.08662595985762597
7307.004257734885,0.09049569564787636
7349.304163126593,0.09347026604026464
7391.364385117864,0.08936093791594771
7433.777871860006,0.08989419686907968
7476.580843339849,0.09485238566951318
7519.66969353008,0.09190167552618454
7562.009531819456,0.08798629630337891
7604.309111552654,0.09059240884071743
7645.8064697609,0.08821343945007672
7688.074272804292,0.09104083039029615
7729.35230197312,0.08874227490137443
7770.164980326026,0.0878709624939277
7811.249295774648,0.0892370824208129
7852.0074906367045,0.08747377404383709
7893.255511588468,0.08870177832605253
7934.7406884875845,0.08869371818688308
7977.099609375,0.09034257992204629
8020.613830392715,0.08927531221307337
8063.515443468405,0.08755726117087609
8105.268694910435,0.08769894376879778
8146.8436353372845,0.08718057369382141
8188.404721274175,0.088910156483695
8229.989001692047,0.08820546396406817
8271.996879432623,0.09098249879905035
8314.284792368126,0.08865187501301725
8357.09238665526,0.0913346774698982
8398.837815126051,0.0899165270703355
8440.024902070509,0.08860427599239572
8481.20143678161,0.08983194182100267
8522.578480310593,0.08548781979712063
8564.431683168317,0.08425969180904919
8604.67575322812,0.08983312890587991
8644.431470670002,0.09099742966476054
8685.066704838247,0.08921669928321224
8726.993562832355,0.08559644359745035
8767.482728842833,0.0827256431415441
8806.415939172064,0.08735987447019734
8847.078940027894,0.08481060605853924
8888.192264257481,0.08626065508305682
8928.782003973885,0.09455617874177481
8967.699350098897,0.08824591351143231
9008.782386363637,0.08796583764769603
9050.450929899856,0.08619801383287388
9091.852509010258,0.08788711434679296
9135.232066304658,0.09072767950689754
9178.56352343309,0.09033572535531294
9224.593794076163,0.08826382155665957
9270.565192903408,0.09145421483345503
9315.738339021615,0.08644653723253036
9359.915885194658,0.09016227553068566
9404.70235426009,0.09178647798949846
9449.137832427796,0.09178964918853236
9493.136135857461,0.08845636252163419
9536.61443001443,0.08717492563280373
9579.180442701037,0.09312344724798069
9621.606557377048,0.09422804372442346
9661.36797274276,0.09041889959819707
9703.307132867132,0.09122754379579438
9746.800286123032,0.0868672690984801
9788.772226926334,0.09312770924402183
9831.482827135964,0.09315090483523943
9876.131101021567,0.0940472451920932
9921.35807617459,0.09096245688036396
9965.591900311527,0.09015171258306719
10010.952340425532,0.08700029502134998
10057.361048478017,0.0907675191799757
10102.625846501129,0.09020130786028002
10146.215961098398,0.08780077664513773
10190.67075892857,0.09171027187511856
10233.678510517339,0.09193397750425682
10277.156940509914,0.08905881500583665
10321.37373167982,0.08976634520582118
10365.101656196459,0.09011637414693854
10409.235986547084,0.08923915923488883
10454.263231981982,0.0932936429873991
10495.185555238368,0.08773433866068163
10538.859313449635,0.0900039489338045
10582.9935302391,0.09104036297458061
10626.46103526735,0.09476757840703981
10668.509893891598,0.09012795929958878
10711.477649704808,0.08546030240228339
10754.797064634491,0.09030127513749071
10797.524026158659,0.08966826000538253
10839.635748519875,0.0906716038182477
10882.150300601203,0.08784595051461759
10925.90061247216,0.08895075773256743
10969.695614789338,0.09190773557433968
11011.812482585678,0.0925111766968272
11055.542529378847,0.09078533544337121
11099.067950169876,0.09019226662550925
11141.979077099455,0.08840326192026729
11185.05428973277,0.09254466046839871
11227.813371266004,0.09244238250937574
11271.870940649496,0.09026298088528428
11316.450200343446,0.08713823439475296
11359.800783435927,0.09212021264906356
11402.12408759124,0.08798402071707247
11447.239384440012,0.08624868853967566
11490.303510758777,0.09115971666555983
11532.198978143628,0.08965696901678263
11576.421275395034,0.09159378029161563
11620.914293849659,0.08645566709380915
11664.061264822134,0.0918211679584477
11708.932558798526,0.09158914920103098
11753.78020419739,0.0915342680534171
11799.715768799102,0.09003707380758917
11843.897034135423,0.08859401927535107
11890.179096045198,0.09092138063930619
11936.883270731003,0.09152793577985988
11979.729119638827,0.08897200116028886
12025.525,0.08756850560986874
12070.26144341477,0.08878174710412988
12116.58544935806,0.0904122689810998
12161.601345668629,0.09534474737611784
12206.476177051029,0.08945200214280666
12252.366342301088,0.09021755646797584
12297.556083916084,0.09450457365436746
12342.010344827586,0.09404192420798212
12386.301358234296,0.09724894226874414
12430.839722222223,0.09289073911117564
12477.494452347084,0.09232087106879501
12523.505614823132,0.09084801161261834
12567.908029612756,0.0937530543077271
12610.538066723695,0.09373315360761873
12652.584291725105,0.08775835786739275
12694.566533409481,0.08789917278872195
12737.726768377253,0.09481929952017451
12782.993772997452,0.09481838599824156
12826.203729867195,0.08887058817936237
12867.854834054833,0.09035773132797653
12908.672360683282,0.08651092182048684
12949.217916315642,0.08648789311795335
12990.942594718714,0.08679634830760553
13032.753023909985,0.08839625660721558
13075.05485586342,0.08871638457422278
13119.100958826848,0.09197372827231406
13163.554410080184,0.08848004321775242
13206.898913951545,0.08456454833674638
13251.031383737518,0.08341680657268198
13293.907480314962,0.08709023989621993
13336.04875962361,0.08891568843383106
13377.353142857142,0.08548823969536841
13419.298664393293,0.08942383580917986
13461.103064066852,0.08764948646061194
13503.781720124893,0.09001315254283374
13546.145584045584,0.09019448069315555
13586.47502093218,0.08760910773526712
13627.15916760405,0.09170074539666175
13666.115166949632,0.08925625916672604
13707.031805157592,0.09697360201895264
13750.103739105989,0.09006928388393977
13793.151430173864,0.08584857811314664
13833.95906601326,0.08684114324777185
13875.786785119379,0.08374361825406972
13916.09997175939,0.0882557760403843
13981.546301020408,0.09152332957647354
14074.660242501595,0.0930686978628649
14168.280773143439,0.08966559001074106
14261.299221640935,0.08589182745776168
14353.818355884605,0.09003866031414041
14447.768575063614,0.09174391794375618
14539.030361015435,0.0888623464970119
14627.387567846989,0.09347711867273677
14711.526489645534,0.08542563984358212
14798.91331387232,0.08647325620272342
14886.110084680524,0.09118848501443115
14973.883712121213,0.09582009467939782
15061.13093100795,0.09039686370926729
15149.567615658363,0.08872193805645293
15238.704962174637,0.08621837513694183
15329.980815652394,0.08702047928733328
15423.613735001276,0.09384528027524665
15519.429569414455,0.08991306662485572
15613.47811620169,0.08907872383751651
15706.822961645923,0.09249535433765403
15799.434837889383,0.09256303296135356
15891.842064911832,0.09224175912723276
15983.972268370608,0.09316229964461199
16077.899224806202,0.09448017042370843
16171.83235444331,0.0932941386212365
16267.456140350878,0.09150653313375212
16363.017918853193,0.08844127654944346
16458.00498402556,0.08964492200699492
16550.328218897837,0.08780096152201261
16641.231150038082,0.08793551447749343
16733.517818367607,0.09183983412027359
16829.35321042594,0.08961302028465122
16923.748850868233,0.09015433461549911
17018.417662007625,0.09088631898593816
17112.48070760159,0.0932164894454082
17206.118194568404,0.09055668316772778
17302.47027506655,0.08998103804368524
17397.537315333673,0.09054910917419763
17491.236361313404,0.08682277974999192
17585.45385007649,0.08963230939736998
17683.35819755601,0.08854769801176945
17780.948133848135,0.08878165117278965
17880.352770048066,0.08884539401044919
17981.31110826721,0.08892153098160845
18084.760486630337,0.08917426346097902
18189.887910123834,0.08516770500442403
18293.335072537542,0.08582910422505118
18396.85569911731,0.08830118306613041
18501.44347826087,0.08980534037891835
18604.848834262546,0.08667441850657179
18707.789339128212,0.0847114776998656
18811.685178092685,0.08388115042970977
18917.420119852097,0.08719812432981079
19024.092413441955,0.0862904786594302
19130.14912057099,0.08667001470504547
19242.218575063613,0.0859271647709844
19355.111139434106,0.08965520635125743
19467.321964354403,0.08925929636802114
19582.797153024912,0.09053250704126652
19697.750127421,0.08575882735501614
19811.881070745698,0.08365989708275817
19925.2664613015,0.08551368555129243
20035.193924050633,0.08641898802059438
20141.47819394561,0.08527491035749983
20250.361473231238,0.08336239020509405
20359.996277756385,0.08472607273363984
20468.314067472947,0.08531191864410631
20577.925295388133,0.08463297558128874
20691.565540194573,0.08715873976285744
20802.92869920777,0.08567302197636782
20915.868902439026,0.08653901580320202
21030.502671755727,0.08654132804076471
21140.312052200614,0.08265948425871951
21251.01002538071,0.08792873384488666
21364.486890906766,0.08394811094397067
21478.340218088517,0.08326419085961656
21588.437934961406,0.08238314267658542
21697.498719918076,0.08845921834049175
21804.131320850847,0.08334415641739557
21913.788390231428,0.08535607238158893
22024.435008885503,0.08518876804807712
22136.666154830455,0.08452921260368632
22248.099630526183,0.0850332555660819
22361.19363089909,0.0835995713396044
22472.679715302493,0.08346734685662416
22589.2576184379,0.08499638691037596
22705.570977519576,0.08345363883031656
22822.067774936062,0.08459687284721915
22935.04895820018,0.09003525463621609
23048.48939143692,0.08781575906070878
23160.88593106996,0.08347972536383096
23269.73027893475,0.08776385190140447
23378.79081632653,0.08636309928893504
23482.47683224233,0.08111835858468468
23585.975566073943,0.08179791314218597
23689.041440303223,0.08501324367200654
23791.546083835405,0.08317456472613628
23896.71155561218,0.08385894194003658
24004.856618112728,0.08162495522119778
24114.120231213874,0.08267921613550441
24224.926909458776,0.083835457720469
24337.15008323729,0.08498573519441983
24445.920225006394,0.08508158528433839
24557.046220083575,0.08316049493201341
24667.779167730405,0.08693719861061294
24776.568073912487,0.08663043867885081
24888.155801245393,0.08580253211544484
25000.169957956427,0.08495103655479667
25111.603053435116,0.0834263050755012
25225.546148949714,0.08575793866651121
25334.409556751216,0.08749709645196281
25441.74199310961,0.08739892774511024
25550.849297573437,0.0865238720214088
25659.719185016453,0.08808803061535131
25769.856357124583,0.08824721476551312
25878.172927543616,0.08946621590877196
25990.064762876085,0.08748800621034637
26105.339542651593,0.08660582563731617
26216.954718901045,0.08640038918639378
26328.45015873016,0.09094183140802192
26439.661347970385,0.08673110170649113
26551.375032043066,0.08693889760085131
26665.34754554656,0.08602715312307159
26778.064084596765,0.08352123097827578
26888.709412669916,0.0816864215502134
27003.963408457836,0.08788302783644415
27114.764863828153,0.09269428772627726
27226.029182132344,0.09054310326042066
27338.64796047631,0.08975609093680104
27453.56252394942,0.09314225543512773
27565.677811939535,0.0847341498530032
27680.727875541954,0.09125800656325905
27797.1499303533,0.09278648888650208
27916.04259946271,0.08847422324730599
28032.631041958935,0.08874449170420144
28149.241726069245,0.08763075905710616
28261.127368151563,0.08631641265236766
28373.41110545084,0.08614794409580863
28487.22892181911,0.08612828580815837
28602.506823109296,0.08351704654253565
28717.579497641207,0.08697781227151509
28837.03536445745,0.08576106776185904
28963.31077821506,0.09055675813423873
29088.177979076296,0.09048448775817566
29209.179349904396,0.08721506344649271
29334.119260204083,0.0894662776658306
29457.193692543413,0.09280886595698133
29576.68122605364,0.09056468446634823
29702.403765424246,0.09062295797650582
29825.33005868844,0.08917503692597592
29954.455044699873,0.09130662820468459
30087.045500762582,0.09018672195056895
30216.074481699514,0.09172649534530923
30352.00355104629,0.0878896230517665
30487.905737704918,0.0894180340132677
30624.364401377024,0.08839836049687806
30760.080614447124,0.09128499069178453
30894.45105837075,0.09073772063587693
31028.703212646607,0.0881544106208859
31165.10121920244,0.08959361930334367
31300.581785805138,0.09108621407669792
31428.261607142857,0.0891681057525026
31560.29365079365,0.08930589781734247
31693.935048395313,0.08908287573380058
31825.92279224094,0.08811417682979471
31958.430802437786,0.09007135143513624
32094.636827991315,0.08994435707398517
32230.99731389102,0.09204965064479458
32364.232373640436,0.0905973563945844
32490.02026252071,0.09204113243507325
32615.359104137668,0.09085684814189976
32744.700778359067,0.09075409016294055
32870.976340491194,0.08967849379718285
32997.334306754696,0.09214555901039524
33125.21597746768,0.09068943240905782
33252.7937515875,0.0938816616740006
33383.93810741688,0.09243767992142599
33510.498405408856,0.09251876732042599
33631.44183972481,0.08919634334478321
33749.45254172506,0.08878046153162014
33871.439883441024,0.08983852269866092
33994.639115993865,0.09242879568702726
34115.033384301736,0.08466168973543337
34234.13250254324,0.0852267006815659
34353.928132206,0.08686459191113347
34467.77212757782,0.08929321617578882
34584.963436234815,0.09031166603348506
34703.461871971434,0.08711791821744437
34822.55487493619,0.08578446847220576
34941.77986217458,0.0869761858977458
35065.19697547338,0.08947481148518308
35192.18027734977,0.09060557983213971
35322.33109648012,0.0833394819416843
35450.93374343201,0.08442262335837267
35585.70526851616,0.08623291944491401
35722.04307927607,0.08732352871632476
35853.12858783008,0.08989722861763663
35986.43506576427,0.08763456367028251
36120.474306792166,0.09203804407155837
36255.16630587037,0.08927940199820708
36389.44356385018,0.08816349922797134
36525.25308092999,0.08887461821619465
36664.20776401481,0.08948941130711986
36799.64761418729,0.08808756964171971
36935.00813628273,0.09026288848483542
37068.591527599485,0.09061989503635837
37200.852828746174,0.08816010543860046
37340.08852375494,0.08859402064211122
37480.633842239185,0.08950455384241968
37623.49968067442,0.08926102239556956
37766.968280254776,0.08900597342119636
37909.569440898646,0.08878875725892091
38056.66243009659,0.08905074301320494
38202.496692111956,0.08766368554915628
38348.62301992846,0.09151312617030063
38500.598289507274,0.08539537267291782
38648.5795382064,0.08585509619719148
38794.96984349154,0.08789539322414378
38941.10040878896,0.08901944859575447
39081.85384222619,0.08988362715126291
39222.06576107655,0.08891465568310346
39365.03446075303,0.08916607042162622
39510.141819571865,0.09275428533673692
39656.47776786852,0.08577512426179613
39803.9715457575,0.08599163235932838
39951.07802770365,0.08822130835577058
40093.497575912224,0.08573211349614925
40229.05897370436,0.0864210454999331
40359.92436437971,0.09123973255812017
40493.39143692034,0.08984188183554696
40626.41459984659,0.08843868988125425
40757.83522654754,0.08738746827395179
40893.5998729352,0.08853126058900303
41029.654475703326,0.08639378075927276
41167.45236576967,0.0884578381062026
41305.80939648586,0.08787725787367236
41443.5006993007,0.09137949121729683
41582.351877964364,0.0857109880474963
41717.206278026904,0.08915292936712212
41847.93682744651,0.08548796317124477
41984.54154472579,0.08707973113795096
42121.38075742067,0.08730108361938688
42260.387444514905,0.08795428734407612
42399.911824929615,0.09144618057510764
42539.43322309845,0.09263586350625908
42685.39761507886,0.0881440259194248
42824.28331013539,0.08963099125180603
42967.32699668283,0.09082158734446548
43107.026753712234,0.09049400176528764
43244.920122106334,0.08923333364488531
43380.1625333842,0.08737577829988946
43511.86457135557,0.08651249753346449
43648.280279898216,0.086920636121435
43786.10756667092,0.08536442652307405
43927.439847231064,0.08444849030780342
44070.307741604716,0.08253831318348841
44214.505098139176,0.08448167811974891
44361.274257299505,0.0876664832934136
44509.728324434276,0.08672411551951877
44662.81042654029,0.08836783854819795
44809.053778514084,0.08506023510153801
44954.4672873358,0.08585899534379077
45097.958019650374,0.08549435753707967
45244.34433303719,0.08472287882098442
45393.76410518254,0.08733886219095903
45544.90256932078,0.0868094253373267
45703.4510230179,0.084551829753794
45863.41051154484,0.08490546088973
46025.40010206685,0.08674004010587832
46182.57151963284,0.0869691014511089
46337.90538481077,0.08460336715726792
46488.00102236422,0.0838912060780888
46635.04025990572,0.08708551946731317
46782.90132416603,0.08852270121275281
46931.58184826884,0.08597237145771877
47077.38240184167,0.08504978143395843
47216.13864042934,0.08330689048243363
47360.49142421548,0.08413778351603639
47505.81003446955,0.08549201374230105
47651.239846743294,0.08566096099627253
47800.375491564126,0.08387029904433888
47944.8742637644,0.08681239751764375
48087.580505782185,0.0860258609150235
48238.2448927477,0.08816477384948969
48382.82446467496,0.08494771139330831
48523.41159309995,0.0855904009044631
48664.84322737138,0.08856001336495525
48804.11453406621,0.08871539210026679
48944.22160172611,0.08716474080740148
49086.59207667732,0.0864148686262201
49224.14534366663,0.08346096960895558
49356.73582969992,0.08419138240325638
49489.25700101833,0.08456342673545185
49626.19243462808,0.08222961952289776
49761.510065393,0.08119208803615241
49894.98409264444,0.08190929277379211
50029.16762562332,0.08220575730657605
50164.72402348736,0.08491028234039519
50303.303372210954,0.08404959454123292
50447.802732379976,0.08517467008942882
50587.902043422735,0.0867517786803208
50727.350012732364,0.08084120881773176
50864.68398930073,0.08292906104634126
51002.07670672462,0.08505871471927966
51136.63887123427,0.08503041501252014
51273.80412108878,0.08490911624699736
51406.33970681963,0.08185314459402572
51540.68948717949,0.08123625080061542
51677.63762225327,0.08286974884644287
51815.44438742784,0.08493000630071845
51947.66090712743,0.08028260160306817
52078.65568557619,0.0801417635016593
52210.13765802579,0.07876863080196675
52345.38156046482,0.08081453938966351
52484.46618357488,0.08210014331380532
52630.251244733816,0.08104838674884574
52779.01924792862,0.08105738726716633
52930.53630006357,0.08234765328516712
53081.70921895006,0.08292742179016527
53227.305901806154,0.08253849977982097
53369.27067381317,0.08074608929987853
53516.54907702101,0.08068531226181858
53660.72890416189,0.08022701092531148
53796.413381276485,0.08196935531670857
53930.95187912646,0.0826903649249124
54076.53465598372,0.08201736902800993
54227.57225211376,0.08634781716624705
54379.21651586593,0.08384156504979864
54527.59263024142,0.0849413947417018
54677.943912099145,0.08655863460136065
54834.745614035084,0.08879950312487393
54992.14376915219,0.08456092651926743
55147.08249394364,0.08646043709692268
55302.214649681526,0.08385432267629746
55455.69219966807,0.08462342308610515
55614.46018824726,0.08303366075058158
55764.87573360551,0.08452187749968125
55914.12341244388,0.0840208281120871
56069.58654822335,0.0858141345342052
56223.981634995536,0.08412160876628914
56385.96960061053,0.09020165207751005
56541.667262056646,0.08402055352282758
56701.20881640974,0.09242591145055117
56862.00994897959,0.08814418097595854
57028.6845809341,0.08751353143018953
57196.83418497701,0.09360949210806936
57363.81673052363,0.09229754700140139
57526.062230671734,0.08738333488618365
57688.87702100573,0.08458059050902607
57855.7308382466,0.09103287972343305
58019.86295638945,0.08981484869594954
58179.0613442163,0.09050481391562315
58336.9837927514,0.0885641037464967
58500.42492012779,0.08922142857118438
58663.054839943885,0.08567176934256092
58827.87886893389,0.08926368428791771
58993.1991353001,0.09013755740711585
59159.7109325169,0.08981026074784462
59328.45442957298,0.09003059130639074
59497.396989411915,0.08664677180297267
59670.15668202765,0.0857328838067446
59849.25882651765,0.08458417843391619
60027.11057077041,0.0898498868406736
60208.03038393084,0.08338299901389294
60387.351337514396,0.08713012423361098
60566.77328244275,0.08580197626612387
60743.6617983236,0.08679334828116918
60927.600996550405,0.0856376802802655
61111.479007633585,0.08670174732264642
61291.77887450327,0.08718180511269742
61476.73431734317,0.0859448826600408
61669.15865751335,0.08793594612491726
61861.26080857033,0.08929696598329286
62049.86277017521,0.08884753542985346
62238.55181182454,0.08864016023300872
62419.07062579821,0.08882539980128812
62590.19285714286,0.08502114160233656
62756.08289758959,0.08363595615759536
62923.11167771545,0.08767136462234952
63094.76302713722,0.08305119370356479
63270.22611139499,0.08803697841086963
63445.70593479368,0.08944421553276903
63624.96740099325,0.09076694500241234
63814.95588422797,0.09207559650572651
64005.82836011222,0.08811676647867302
64190.88524173028,0.09011048662897549
64383.940204865554,0.09066819223703618
64568.57026476578,0.08503454109669427
64749.664067493286,0.08726675419426232
64931.18713450292,0.09137508036693705
65109.50700458482,0.08719080986835331
65285.22993630573,0.0860059481478729
65458.61789863399,0.08158336904919114
65625.20750636133,0.08569436300457343
65792.27675371224,0.08449788316810891
65959.39180913498,0.0823715369105785
66129.54330106979,0.08539340450874339
66294.94635575943,0.08327888141921229
66459.12841703751,0.08210337943363404
66612.48090722706,0.08159733055210208
66762.52269250383,0.08411809393536868
66908.02158730158,0.08247872778820863
67049.36553224156,0.08323142146178357
67186.15759275787,0.08086082919270227
67322.29726971166,0.08311078507952045
67462.08212744351,0.08320895140570753
67604.86511508294,0.0845385129092911
67746.3577586207,0.08361457062238101
67893.03449156873,0.08462079436375716
68046.83405612245,0.08451324685035744
68201.39672464137,0.08675365258933734
68363.59679692505,0.08870698296335461
68525.90329949239,0.0860059421997989
68682.76208083642,0.0854325261051271
68832.53023730543,0.0841382234033762
68978.97137768731,0.08208477162560197
69129.00357598979,0.08401259360403485
69282.89268417028,0.08600075118190618
69443.11585521285,0.08491508668623837
69601.95047862157,0.0823633136081941
69753.60545779137,0.08560429763633516
69907.35008976661,0.08333550860673565
70063.21992385786,0.08020830392979057
70207.93819577736,0.0852867711299868
70348.36892957031,0.08238468642470695
70493.87358081387,0.0833472066847991
70639.26821823731,0.08424662829009899
70783.16641201936,0.08500427226071713
70920.52086811353,0.08386511972593627
71059.23236832037,0.08407526220339177
71205.24059769533,0.08473503818359437
71354.57321428572,0.08207868038811189
71503.76656876516,0.08479643994620441
71657.74506809215,0.08820708769869828
71808.38275243466,0.08505986585526629
71964.66725820763,0.08987123418234892
72121.49398976982,0.08609161594908647
72278.91157330612,0.0847215722619659
72437.55844155845,0.0875687620734167
72596.63651441694,0.08756392991168313
72760.7803320562,0.08701201750117164
72933.48672453409,0.08802010080432661
73111.63443993918,0.08781862285168628
73287.45390524968,0.08825290983627535
73465.81810092792,0.08934189608105794
73643.86709183673,0.08422309154705784
73822.47075351213,0.08832843399388261
74010.30994897959,0.09044107118493555
74199.49567430025,0.08996411709475277
74380.51756860733,0.08879862020105418
74555.86163203244,0.09248336334621474
74726.44710553279,0.09039483629302053
74898.534196168,0.09227147645605907
75064.27839529833,0.09019758867143919
75228.05432569975,0.08817521831659912
75389.47589822274,0.09133327499924386
75557.0742112658,0.08886293346418772
75728.24279365079,0.08726276553802725
75902.50414911273,0.08953510213452195
76074.06344757295,0.08758094649240543
76246.04923037782,0.0880589699400174
76425.53960964408,0.08894751514268913
76603.15678237479,0.09158914089828771
76779.44523506988,0.0890154718053454
76950.65552436846,0.08592140117766182
77130.73883161512,0.0880521205637966
77314.29302206915,0.0853549082339648
77487.86995916284,0.08508549692176366
77662.25859205316,0.08447733168828069
77842.03217192269,0.08511245302482404
78028.28571428571,0.08644490511110439
78224.32750924627,0.08697334483310952
78411.10690139048,0.08904012802814394
78598.14413265306,0.08849511446264277
78786.0645777608,0.09256690231986714
78977.79568657478,0.08933012095369751
79166.45643576987,0.08732241398639909
79351.84008692317,0.089100939288647
79546.15273189326,0.08908136812778042
79741.00931003698,0.08955768651538899
79919.47592356688,0.0891246875949072
80099.79849124153,0.08331477469339818
80284.35396542959,0.0859805564149726
80466.9845248753,0.08795850422748978
80655.846921797,0.0876914049769837
80842.30356463275,0.08754264561104254
81035.58695097038,0.08732070850542085
81222.96705253785,0.08845009725636976
81412.70053475935,0.0877133090802362
81604.93819069648,0.09262471963751152
81799.07472947167,0.09091977926012741
81983.1905669972,0.08938254788230682
82169.2493301008,0.09158816803686569
82353.1788576517,0.08899143532779366
82537.74304314527,0.08914123145849108
82721.08255591054,0.08979466137239493
82903.83955792683,0.08792615422104443
83087.07151037028,0.08768756454090447
83269.45977453241,0.08913777282207083
