D,r2
157.57162515480942,0.6420077280231359
213.0752330226365,0.623804100299293
272.9496911991765,0.6033181624542545
335.94765028785645,0.5839272365909205
399.0779766748034,0.5675265050783436
463.7133493846977,0.5607049322599817
532.5482061317678,0.5487936354156421
602.4104038512971,0.5264551855879787
674.7050331125828,0.4990661496814034
749.0175533351337,0.4938900227240886
824.2676075089868,0.4841946473197491
900.735914552737,0.4652282329875377
976.782729436657,0.45874219824929413
1055.6318030605455,0.4421847040934819
1134.4317607973421,0.4298360702247954
1214.4898666666666,0.4240450764734222
1295.6844725511303,0.41685629889363823
1378.6272157803546,0.3957960133748756
1463.984173041414,0.3858315529420001
1550.9241978609625,0.38000658376029833
1638.0371603622802,0.37618293622970433
1725.613654618474,0.36008156488029025
1814.1765799256505,0.36714007192538595
1904.307170413729,0.3596332967472215
1994.442155088403,0.3509147576758001
2081.7850725639255,0.33333913011946636
2171.235854264422,0.3385931640243517
2261.2578114246385,0.3321713430065837
2351.0211699164347,0.31550691061649044
2442.632591371256,0.31343742606425695
2534.134735094757,0.3065043016933058
2627.4164816870143,0.2983749512851336
2721.6254842280023,0.29470956135009696
2815.4780926053904,0.28382189254336193
2909.2220216606497,0.28395650920357546
3005.1988652089676,0.280571629798418
3104.0181693048867,0.2677925177689071
3202.235358963759,0.2677657590561526
3300.385710337203,0.25737752057906604
3400.2442504848987,0.2497398328782496
3501.278118040089,0.24567918030298694
3602.81859629732,0.2411733496145746
3704.423854725547,0.23833953582412482
3807.580551724138,0.23653407038631755
3913.4662593723965,0.23531840050612932
4020.5782161711586,0.23164042957552683
4128.659751037344,0.21885924032629261
4236.993391160678,0.21973508757720916
4346.608635482979,0.21241783008735887
4456.913547852507,0.21268665207643914
4568.486080485116,0.20181144031375559
4683.788389771942,0.2029113228536695
4797.030512218694,0.1978555216741589
4909.650492166921,0.20205097375557726
5025.474817165724,0.19504856346106927
5146.536490790749,0.19603691243580854
5268.191398146868,0.19030036704184547
5388.919184918214,0.1855801693843466
5508.49853862213,0.18442483793794384
5627.806736609608,0.1784446583772815
5749.866198153507,0.17271664017633478
5872.878958964473,0.1675517672626853
5996.563568153398,0.1700612179935594
6117.233079584775,0.1653588636113043
6240.951704153443,0.16483366567424862
6365.519169550173,0.16656373545777187
6488.93820846005,0.17185714004582311
6614.1978691019785,0.16455930754206238
6741.648353169112,0.16204383451173437
6868.894555952708,0.1629322045875681
6998.258862783261,0.1627928360514353
7128.633107454018,0.15775536382254693
7261.577523125777,0.1537774839052247
7395.746677740864,0.15254375227084868
7529.658818669971,0.14681505887791677
7663.366022099448,0.1434159788473521
7791.864096519207,0.1455316985366866
7922.682283029298,0.14840277416424755
8052.03119823302,0.13933969764118137
8182.266583747927,0.13812246705981096
8313.82126006106,0.13854764382750773
8445.045096140546,0.13730255440760294
8577.41873620309,0.13534824068090587
8708.57405360597,0.13561633353310334
8840.848062447729,0.13521285313357145
8971.964762560221,0.13348135854220497
9102.275220507167,0.13203495111809307
9234.12949143173,0.13434564116195755
9367.016749723145,0.1352315544829163
9501.276507276507,0.13129848991672252
9633.32703969129,0.13257216807287822
9764.704722222223,0.13271181326133832
9901.747096238938,0.1338649123110815
10037.497917823432,0.1355343995707333
10172.535448275861,0.13151367484835816
10313.659548084872,0.12995095080079497
10458.025463603653,0.12959135243856187
10603.875276548673,0.12450020543096312
10750.876691521678,0.12458096133216297
10895.002079578539,0.12154706663343369
11039.15429362881,0.12696866055142
11182.44640883978,0.12236682567070913
11326.055899765937,0.1232337550288847
11471.434630947399,0.12369174699886884
11617.43155579989,0.12459654807984916
11762.522134877949,0.12097954331911691
11904.6042476402,0.12080979268056455
12047.746001103143,0.1227727979640095
12194.725737228298,0.12241964948366965
12335.304661487236,0.11778820366512521
12475.105604638322,0.11969896686610225
12616.317523783262,0.12047083236909784
12758.32314956256,0.11795561396212023
12901.858921161825,0.11812254639551621
13045.41376451078,0.1200179341352651
13187.64367657222,0.11983188740518931
13330.603548655392,0.11720108170619038
13477.374827300358,0.11869323293341698
13624.974795734663,0.12070070725792563
13773.254171838367,0.12005997160701506
13920.028095303676,0.12395648078359299
14069.87628294036,0.12429350710800535
14219.109693523784,0.1257213936208962
14366.439900525007,0.12843960329263307
14511.694793536804,0.12856012394158464
14659.347201105737,0.12647865685589615
14806.812353508893,0.1272625741362313
14951.688697584004,0.12568738256630546
15100.529874430798,0.12478976116208146
15249.68033126294,0.1238243258889878
15398.448423672566,0.12380744948697937
15541.750868417395,0.11873934983779082
15684.975344352617,0.11906308758517037
15826.49049007358,0.1179411108582106
15969.602152020969,0.11434956318061237
16110.614482758621,0.11521680082110732
16250.126419274438,0.11200703685337966
16390.550055463118,0.11288426483491316
16531.610384244595,0.11298253444237438
16667.88426888427,0.11058893116996756
16805.886549383573,0.1108111208318727
16942.46723922981,0.1127324919749449
17079.487193610577,0.11466727205148869
17216.229253399946,0.11324381498687923
17353.943814004982,0.11544132379550885
17490.932037496554,0.11502721761025275
17629.469931034484,0.11248698435445567
17765.682544091098,0.11089997465912428
17900.4715390992,0.10843330867981733
18033.80359116022,0.11071067244865483
18169.13734973055,0.11182719232710266
18305.393020357293,0.10957583607302548
18441.544522919263,0.11196488252305696
18578.13039256485,0.11078583724527212
18714.207777930467,0.11077519822802684
18852.94390447098,0.11221406454244703
18992.396709070796,0.11160254846005709
19131.33319542132,0.11218922354751114
19267.680712904115,0.11295897041215389
19404.459014123513,0.1139343129593915
19542.085359116023,0.11641088587702861
19677.788962839713,0.11680971745268111
19814.12842513147,0.1141058347799976
19947.923510799286,0.11686334074709381
20081.588609344763,0.11558397494756871
20215.075048732942,0.11442442390418454
20350.83756205185,0.11519736828306937
20486.118233421017,0.11549491763023097
20619.42730668142,0.11253633161367507
20751.225534851623,0.11489602566092412
20883.06677727084,0.11531836616738683
21019.0035971223,0.11793560920035577
21153.801212288196,0.11385848641682308
21288.1477021041,0.11234403785433773
21423.622751176306,0.1174837606971463
21558.410845206807,0.1142846180959681
21696.13728203709,0.11383682433407744
21833.79496054271,0.11395688445119356
21973.930876852748,0.10746294644114475
22114.95647969052,0.109690253439304
22256.501238986784,0.10704885987567046
22400.245013850417,0.10701395699776978
22545.1645639817,0.10894378308627796
22687.581669439824,0.10734790102156257
22830.44952616399,0.10629117512313785
22971.684684684686,0.10764524998695003
23111.46880619726,0.10968563896456485
23252.747853780118,0.10666726923390647
23394.543496271748,0.10906703544300808
23532.953478683517,0.10660544546841282
23669.747339322737,0.10691485782849634
23806.598561350118,0.10484752431095358
23943.337061585196,0.10191145551652524
24081.509779614324,0.09959870950395044
24220.990673719378,0.10294219457703492
24359.92363032651,0.10288379236374512
24500.068419603525,0.10418128846429846
24641.67220836797,0.10420962545590332
24784.91643760308,0.10290162417282252
24926.999307671005,0.10001595148667763
25072.026653777102,0.10390054883197641
25218.178621073115,0.1006871447956487
25362.992983904252,0.1005096170759998
25512.125294525296,0.09376924225119118
25663.739640883978,0.09512091251788096
25817.281418872106,0.09466328074993122
25970.880502276803,0.09486288206120108
26122.321106016396,0.09643590167093594
26273.435597189695,0.09632129931405231
26422.81179736294,0.09875344673521086
26571.5617590295,0.09473810110077628
26721.18002483101,0.09694410067221818
26871.15351486524,0.10113782844067978
27019.779539500898,0.09721771098191594
27170.99157923799,0.10111265607854275
27323.511621472055,0.10437429329632411
27474.03898446171,0.10247777469050527
27625.795325681094,0.10208079760795971
27776.236097695597,0.10038217943453728
27926.024322830293,0.09957505607974541
28074.984645179138,0.09659593256321637
28224.233838454053,0.09961781774696574
28372.024616235653,0.09804973624398758
28520.858504905347,0.09968093816455856
28669.74336039631,0.09988264695502423
28819.38931931378,0.09971505499185056
28966.448557958956,0.10156704118618268
29115.68309566662,0.10091144207811537
29266.12126659292,0.098861340935431
29412.853665245497,0.09922807616339668
29561.40562248996,0.0979076291362794
29710.979080077585,0.09692921753081193
29860.528046421663,0.09710533119722209
30009.21400885936,0.09665745220864011
30160.93052281237,0.09649310844139351
30310.624879725085,0.10166033623328548
30461.741697929694,0.10495374942304707
30611.030841250173,0.10715102829325857
30760.06872234513,0.10992950084929859
30913.85829062197,0.10188107825511437
31062.702586803152,0.10334904668982721
31213.44839021694,0.10069391851732964
31367.703949185307,0.09854789875776787
31520.840943789037,0.09937282109365676
31671.59239806496,0.10094858477246908
31825.546987285794,0.09390138983411517
31975.10812681711,0.09458994915688941
32126.242583864707,0.09600837315958079
32276.183110252518,0.09441820133016962
32426.245314222713,0.09877144393905465
32576.857814661133,0.09756638104328569
32727.47645429363,0.10321328130890897
32873.22362052275,0.10343972974313446
33020.90431415929,0.09770438187028652
33169.071201876635,0.10323414257241152
33316.027503819976,0.10077003021423948
33462.845198675495,0.09767938348557093
33611.64820982514,0.09844365275440074
33762.57531610775,0.10257279421661303
33915.89901375191,0.10506477788879308
34068.25017210519,0.10156158843391841
34217.42446143155,0.10028851103440833
34370.17996956702,0.1023789986171425
34522.585234342594,0.09856843514912694
34678.10780259167,0.10024585308456807
34837.750656530756,0.09775677552406735
34996.480176820005,0.09701686923039318
35150.77807041863,0.09725721911229815
35304.73887814314,0.0998025934245782
35456.757684851844,0.0962070177416868
35609.19518938347,0.09325817424227856
35764.07668923587,0.09310208777977672
35917.00470914127,0.09583915823042531
36164.85776696,0.09906501899916662
36507.21991546494,0.10322208275975049
36851.20666166729,0.10828677054537082
37203.19472338302,0.10527799574588205
37559.20327685024,0.10342073446405475
37913.21933594967,0.1089370578468694
38267.77631578947,0.11021516952817813
38618.21561291932,0.1096881236432499
38975.208151291976,0.10941504028932218
39339.91771164764,0.11063355830771983
39704.8059394845,0.10843120558179084
40069.026686619276,0.10929402126238826
40434.891918876754,0.11326305419094683
40802.877319716026,0.11008549070618082
41168.84973155201,0.11234741242895123
41539.55874836377,0.1097096102668711
41916.836055354695,0.11031421282574867
42289.59648466716,0.11242629371083826
42665.9614234077,0.11264349921620288
43048.77042534614,0.11149057811867277
43430.79461111458,0.11193523845008609
43806.23539701381,0.11160230944617022
44176.34760956175,0.11134132050650777
44536.38278765201,0.11080792661332946
44899.319972572,0.10830990888506695
45261.43426717415,0.10646251820505422
45628.14569701502,0.10210536003358589
46009.459280952084,0.10538184855702681
46386.47254254192,0.10553754302926081
46764.96190357232,0.10337925384690136
47144.565608036435,0.09797322073792945
47516.38080109637,0.09980268185674233
47891.0943525741,0.10016018072675689
48258.77478320544,0.0980646301795437
48623.89321537599,0.09826248851351496
48990.196413002865,0.09728166252146117
49344.624921884766,0.09515138426001256
49697.02810246207,0.09629141765817711
50054.68922290133,0.09632120070586157
50413.46769365099,0.10005233068665875
50770.29596104626,0.1005664811130034
51124.332792815265,0.09898497309131736
51475.625670450296,0.09745626671826695
51834.00921831205,0.09791448344154613
52197.02095285607,0.09810489717378204
52558.041190788244,0.09935076486332373
52914.60536971282,0.10400231880921476
53271.70047375639,0.10869184975496743
53624.751495140794,0.10807428355001497
53977.42442623976,0.10882196325587383
54329.11508776298,0.11003359493196335
54671.20123510698,0.1135862782065629
55010.8125,0.11645739093762163
55355.46245552712,0.11549998177806345
55702.29732426869,0.11546156452493798
56052.51410384423,0.11288743132878476
56402.45198232402,0.11264263086514642
56749.743172465394,0.11173076643017837
57086.69064119373,0.11364050401261928
57416.9129322182,0.11265862918233116
57748.57634945398,0.11210435907199473
58079.20101971025,0.10750729060876557
58414.59898857464,0.10965619811340135
58754.375038923834,0.1076108084253433
59092.273470661676,0.10666394118773698
59439.549707238075,0.10750364822687011
59786.080107225236,0.1080147109987776
60126.20976796407,0.10604319255049958
60464.338844522084,0.10341843234247662
60808.53260260323,0.10176924259322666
61155.076490438696,0.10398423127375342
61506.53969937005,0.1060496543631973
61868.174667329935,0.10402463024320374
62236.933999375586,0.10127772884503543
62609.366160358564,0.10188276105493423
62981.945940890386,0.10031015541448444
63353.97792879855,0.0961772578703414
63723.34370509216,0.09240362094056252
64091.89236522281,0.09032795370326044
64456.394254735795,0.09419509877931068
64814.174965680766,0.0980985923899237
65164.65500280182,0.10126926378158883
65511.43025945608,0.10194417840797963
65865.6401866252,0.09979477286530679
66223.06022068449,0.10067096759907673
66575.18102855714,0.10033503258567877
66926.95887081698,0.10289018580677667
67284.3734263991,0.11002823297056281
67646.10945397816,0.10894705200123098
67999.89915809168,0.10798078566158748
68354.5738215331,0.10739394168572418
68712.64435015911,0.10725654998943045
69069.70480763236,0.10272679537594719
69429.58060900429,0.1032812809805869
69794.24114892288,0.10684239949013459
70166.89034267912,0.10957912252166915
70556.15040827775,0.10674771795189535
70940.19749314044,0.10514366922136636
71317.22330883269,0.1064445621314602
71689.91159772912,0.10653924606909143
72063.3774772529,0.10478296447957307
72439.60957320503,0.10218026763831585
72816.74867510443,0.1027266412418928
73207.48507695184,0.1034805657707908
73596.1796582689,0.10338610935368736
73976.66654182272,0.10284713176197044
74336.8200623053,0.10240816727261746
74686.06473700592,0.10131388145885883
75032.5420911193,0.10278500258081567
75371.46950230759,0.10286484484673712
75723.54797587215,0.09742006058397128
76077.621727994,0.0986361101232881
76421.96485981309,0.10070849057140455
76760.9253992016,0.098518195377035
77096.03519061583,0.10280259513020984
77424.82197747496,0.10223230555114693
77746.0665124711,0.09374971788996926
78071.08484697685,0.08997172308905836
78399.64241592312,0.09303660609987048
78729.5261350153,0.09176979665595471
79064.33106971528,0.09362657427646325
79401.7482391074,0.09256108201995332
79736.89122173074,0.09153783446651373
80067.24378388484,0.09283102899274075
80398.88415205044,0.096307063819756
80727.29608381142,0.09472563073759174
81069.46239641099,0.10276587054566796
81408.95814069724,0.10516829875386229
81745.84323617339,0.10582803039139556
82077.5257018091,0.10494540501132654
82415.00611010661,0.10254779982257663
82759.91046077211,0.10897054225341005
83108.16814601826,0.11092638780819125
83450.01419676215,0.11535751431790722
83793.03657242714,0.11399787732911167
84141.42866031983,0.11319699491895925
84494.91401273885,0.10915437624727266
84857.93158189628,0.1079753871008206
85220.51070069258,0.10452564421878474
85583.3620947631,0.10334675375154835
85955.08840227088,0.1049723976642855
86319.7176015474,0.1068292600697721
86681.20932403834,0.10682934002919961
87042.8804870434,0.10753121815262193
87403.1069871715,0.10936447397250534
87765.77278690573,0.11166505744679983
88131.18822724161,0.1128970662796442
88495.99562991635,0.1141361530021065
88865.39759711156,0.11747736847803236
89242.2204066359,0.11902371941063884
89624.54408280335,0.11634953246092243
90004.28657051883,0.1184524615000219
90373.98377332585,0.11635979521316776
90746.39299295555,0.11486422718652896
91125.2693123674,0.1091681610668145
91504.52494860774,0.1076717893132628
91873.2072448407,0.10667125877213435
92238.16418189758,0.10821178929149732
92603.18834975676,0.10590517348046966
92967.27006345651,0.10579629434232805
93329.71540811872,0.10672803544447483
93698.42702803972,0.10631058574440656
94069.98848858192,0.1081572945338618
94449.03968798752,0.10801341651319654
94833.42784920734,0.1030893390061556
95216.80139546475,0.10217348703618502
95593.98357481889,0.10522746816304002
95968.59804471013,0.10377338908662863
96347.55773787256,0.10256037687074306
96730.60072278646,0.09920522947054511
97113.96354231585,0.09949295666979885
97495.5842647518,0.09663322898256227
97874.64837081802,0.09562428727078727
98254.64502650453,0.09440144808588041
98635.74837905237,0.09408105277993292
99012.81692778229,0.09494622336119456
99386.2553629334,0.09297371990118042
99759.88950482715,0.09360021683927426
100131.60036166366,0.0923760231117309
100499.83674488268,0.09514651915073574
100869.26343683751,0.0942830574557293
101237.77391412725,0.09907069779635139
101617.21071339486,0.10144530428542171
102009.1934981628,0.10145736365288022
102416.930625,0.10065712999994672
102823.94138554593,0.10270385468838594
103240.03353032659,0.10745341935740339
103645.8126875,0.10783160384215688
104055.99900410806,0.10767222341012628
104468.5750529859,0.10440979344088261
104878.87825110709,0.10492432549895146
105286.78292926768,0.10595541735664216
105707.02830834319,0.10672822860601633
106132.95505056811,0.10254715796772612
106554.42506234413,0.10215203876682809
106973.70597405836,0.10208450712646912
107394.19658439292,0.10334499306270495
107807.61279272546,0.1091521304293802
108211.700804089,0.10990761489075447
108620.12413448942,0.10558087880363262
109022.18438475953,0.1023427331112775
109426.04081886628,0.10249423985723004
109816.0391814325,0.10362374273794431
110205.28721945138,0.10760289525170552
110602.5739608039,0.105592948211001
111006.19407915238,0.1023039291849419
111413.52844311377,0.10290557978923279
111818.94169732493,0.10423850168555308
112221.6047438212,0.10318036559945648
112612.58213995372,0.1044857382245823
113000.40352516194,0.10522188830570901
113393.24113033735,0.10569298457179835
113795.32304423895,0.10542505581550134
114199.49869077306,0.10475427275261157
114592.36421486057,0.10657624060655974
114988.2435474843,0.10365598871163323
115391.96788475929,0.10211890125085724
115807.4247268186,0.09634522771284204
116220.40121068398,0.09336166011182774
116629.29231248055,0.09424829441473459
117033.26252804787,0.09428185307891561
117422.6511758468,0.09381543470436075
117805.99775714909,0.09437057881313886
118202.50611658969,0.09973103251306378
118601.63914373089,0.10033579687783872
118994.73546457282,0.09769077721759334
119391.21716101695,0.0989403606125017
119782.36695131833,0.09816409973761207
120171.78739076154,0.09603837508768742
120564.10100380323,0.09730576203026185
120956.26367942167,0.1030357382701023
121359.01483883035,0.10520917227322095
121769.017513244,0.10642667723091269
122198.49946898232,0.10375287345799712
122650.14875878803,0.10195349200621487
123109.11663026521,0.10139447892161046
123559.22186194426,0.10299945317327427
123998.61470808383,0.10709458435376559
124423.23400012463,0.10567083907491356
124851.84691650559,0.10792151528789905
125281.40513907946,0.10782505302083539
125723.95419133686,0.11466239716779449
126165.9965652907,0.1109081407149839
126602.73820357789,0.10606803477417592
127026.89588664877,0.10670587449665657
127445.33606914133,0.10469291603730166
127857.64625085847,0.09951197507360605
128266.09367593862,0.09952663352617956
128672.18171620864,0.09695328987461799
129078.09890999689,0.09715231816278631
129470.5370555209,0.0962386825602392
129862.97552753153,0.09707552284103317
130265.74878595442,0.09758647352444236
130678.40347044505,0.10054648539666004
131084.3545873847,0.10624916158999165
131479.1410809122,0.10966841731252626
131864.0349010825,0.11195303773000799
132255.56630712637,0.10938070955028079
132654.11168620604,0.10744682056682883
133052.61777916408,0.10407679875966998
133463.2846997259,0.10459907608198253
133877.46041458542,0.10058160422824276
134287.15462310618,0.10336115858346354
134690.6524124174,0.09904643207005512
135107.21912598965,0.09778855364787824
135509.8636051663,0.09640095111298476
135907.7073702573,0.10099643841182555
136312.06953271027,0.10335328573274925
136724.1969905095,0.10471609196747717
137138.2372997569,0.10509006491396168
137546.66951531408,0.10361345097045487
137955.9590996945,0.1038408251371144
138374.80541549952,0.10352666395316197
138796.41194477415,0.10665528211695607
139223.68581586826,0.10602630087000942
139655.15596787247,0.10706607470126239
140095.50280478684,0.10877682141981096
140536.14102884254,0.10853602778965375
140971.58343718844,0.10514616442862472
141400.19349806564,0.10782635752589743
141823.21954718392,0.10782460205935647
142254.59347568947,0.10747097479494107
142685.39477458378,0.10553018833390282
143115.38105328762,0.10640916660643614
143546.15216033967,0.10958698868870859
143974.168451862,0.11177330439125392
144387.12230754824,0.11746540430717611
144796.6718146718,0.11978158268125311
145206.84647069837,0.11606517792671002
145597.70378925026,0.11694141311262805
145981.6367484128,0.11896305086930219
146362.659888979,0.11849931224166527
146750.83227295408,0.12090514018446467
147137.2477092813,0.12076999634815676
147516.92300487074,0.11736001445178768
147893.60251619332,0.11929375155320923
148277.70059171598,0.12185198575965644
148650.2503743449,0.12400281204681078
149014.48040928374,0.12522773034153295
149374.90355962847,0.12139911580142014
149737.3787188923,0.12282487340719837
150097.94305139722,0.11714577339150715
150448.86259256955,0.1166047215694012
150796.03793835017,0.11394637129094147
151141.37886453065,0.11928557087911186
151488.3106300927,0.1199528768497991
151839.09384182558,0.11644317766976192
152183.9942596868,0.11833087944508563
152525.40316451754,0.11833133189441321
152864.09569169467,0.1196107617541053
153206.29522322823,0.11843083319258135
153557.73103018984,0.11624506358980155
153914.1770066159,0.11420226447868531
154278.78412065312,0.11176006467006477
154647.8217377764,0.11628970691239009
155016.24084586115,0.11391757101879756
155386.26062004865,0.11813021898350694
155754.2501714357,0.11585089286557858
156122.72976851562,0.10992720617099304
156481.72931721903,0.10783431701192263
156830.34630738522,0.10797983555960332
157189.01287419535,0.10606100637501457
157547.00578898226,0.10542818229212675
157915.77875444174,0.10827582599843855
158289.36294542736,0.10473324782494642
158654.72777777776,0.10245725737946595
159019.65229580711,0.10206440495170056
159397.8045216088,0.10302339250757879
159782.76534431137,0.10248143605976916
160179.65342465753,0.10244477241705292
160582.81299544347,0.10181772717014809
160975.0474116476,0.10240941408513116
161358.31388091375,0.10136939764204927
161736.6742268041,0.10230723391479368
162119.78073069023,0.10462507766827493
162512.63873138514,0.10665486075105621
162906.67195403733,0.10778064803496618
163304.00448849823,0.11278838032617286
163698.02448140536,0.11004588220955014
164090.21673217294,0.10984938233773023
164470.77384740158,0.11060384532475577
164845.82510121458,0.1110483430626117
165222.04839413782,0.11360260664687541
165595.74099731634,0.11451285223917444
165977.72701238873,0.11583688317165462
166366.1245868928,0.10927937707195101
166744.86529209622,0.11037949658208454
167116.7807972141,0.11115422727603583
167487.86868560725,0.10894414610872001
167862.0830268653,0.10548265478991663
168234.4159187235,0.10806627005363055
168611.478011353,0.11288231807502634
168994.95858541757,0.11175672849120309
169382.49067780757,0.10848771470757122
169765.14081785313,0.11104967091480415
170148.1891891892,0.11174497176482881
170527.3245351304,0.11267554060952249
170913.61731320943,0.1122436191639091
171303.5820923422,0.11685506859410308
171690.01851967326,0.11307282492490942
172083.83449694552,0.11247568908939813
172482.69229329174,0.10948033477272348
172881.92797956514,0.11140523300381286
173286.4629606496,0.10996445268821589
173698.24033906756,0.1125994686445432
174108.85486184745,0.11256346151383087
174519.96018195414,0.11031270956817699
174924.86318547634,0.11410020377270048
175324.27545618734,0.11255650901876198
175720.47740201288,0.11095813363942358
176113.84957957023,0.110015176078407
176509.04017189835,0.10508362847191687
176902.64868577136,0.10649014763943332
177305.93557021912,0.10607518646452771
177705.31227741332,0.10109838121654104
178098.73587605773,0.10401417676640436
178501.55272183075,0.10042142005824511
178909.57873671045,0.09973330524420647
179315.84277276965,0.10102559486396848
179720.7166012094,0.0978632220046533
180126.633570182,0.0944223874346353
180536.70841658342,0.09761532201867952
180939.91157947248,0.09748915423486025
181337.55566643798,0.09943135089616986
181736.40760565133,0.0966208141661276
182135.81299494917,0.10090888988996963
182529.3736825694,0.09804211094042763
182923.5726083964,0.09596075405881242
183333.37189209348,0.09558197817518474
183740.10242503585,0.09575598736234775
184149.0057403132,0.097494656483167
184550.63476635513,0.09537046024224455
184940.6744476345,0.09683610937723434
185329.14525593008,0.09590636987049515
185704.8902666999,0.09641759210608537
186087.01927154796,0.09826878013127557
186469.21582329817,0.1000185129837434
186855.49563754207,0.10258908950178976
187251.36176305797,0.10199548912155805
187644.84543924185,0.10642687482066843
188022.31138956425,0.10870197159581048
188402.81112637362,0.10556307021188512
188782.4802217654,0.09982623365980883
189174.74957846748,0.10013855685239965
189573.70444915254,0.10074334875404777
189984.18890480045,0.10024595933578719
190404.6622388525,0.1039420423413501
190826.64251811142,0.10171376656090295
191257.20655492553,0.10301857011451607
191681.152584648,0.10341844154054713
192096.67086319724,0.10519557678859678
192520.5639332004,0.10404935862257889
192952.0610182181,0.1036817482936056
193388.6695538385,0.09875703221888599
193823.18933766152,0.10341328232722723
194244.05934792096,0.10828659086023089
194668.87186993894,0.10668056188098259
195086.60917672064,0.109074488799618
195499.2863458066,0.10508148953921681
195921.73566224548,0.10304213465379607
196334.73367901542,0.10525235385829015
196738.50189924653,0.10339024362895807
197146.21118244718,0.10218074083971754
197560.40598503742,0.09947518227209419
197968.86754884216,0.09821338677925065
198372.8573744933,0.09496214011871874
198784.5493554213,0.09680231569424486
199192.5427875913,0.10180170960221128
199603.33902743142,0.10138280593666257
200022.13350801673,0.106145268530703
200440.784814861,0.1035981635849537
200859.06899987545,0.10739969874938347
201280.94304271796,0.10552274639443351
201710.80235822572,0.10724310195402172
202147.56306502898,0.11012930400540553
202575.89498256973,0.11136201504043677
203005.51809785323,0.10814790048528117
203446.60570929942,0.10465415461907024
203894.55465435487,0.10731727421363528
204330.91564837904,0.10771242777116143
204771.10983596332,0.10617930509309234
205214.77177570094,0.1092082171546011
205653.65176734616,0.10808678584071839
206082.2788911781,0.1080612036117311
206496.92015185463,0.11092095332804873
206910.03807740324,0.10741649660758461
207331.05745264207,0.11145111169554282
207754.6150778816,0.11314280730421883
208172.53933004802,0.11472524312505257
208593.22484394506,0.11768861915550706
209015.7635808622,0.12016009006156407
209434.56807541044,0.11967448130561574
209846.4303765951,0.11930967335642832
210257.86417519342,0.1158290631325365
210665.30498442368,0.10846284820221923
211080.3905029678,0.10880075684009846
211507.42058054067,0.11753302677086318
211945.1351519681,0.11294745785573918
212390.63819691577,0.10941285315547104
212831.3403843754,0.10631040662309692
213271.93129010155,0.10256246856069845
213718.4511564117,0.10102967738454462
214150.60164526984,0.10251500606382775
214574.91080895654,0.10043389798712651
215001.20421525222,0.10317051577764717
215421.07402783848,0.10484083592833461
215835.73086034914,0.10559610435935851
216261.87031376708,0.10311538438111874
216686.39099806745,0.0968031074538701
217118.2087905237,0.0967482249549188
217550.7495328267,0.09634622535325782
217981.76429106342,0.09359171376378529
218414.27345359215,0.09491723539862203
218847.7790429967,0.08894129218277283
219283.3290886392,0.08716823684043476
219721.76886586356,0.08524540477738715
220161.32922655717,0.09087628092623128
220601.50140493287,0.09209153281065777
221027.9428357464,0.08916355057232615
221460.62119419713,0.08971874505099516
221891.7734637916,0.0944916032294797
222321.0443668993,0.09552445965081055
222750.65604738155,0.09397822397924664
223189.1932788827,0.09139864877512567
223621.04769634161,0.09368048990069643
224050.0391214825,0.09355163880612868
224477.54498442367,0.09455148036434334
224901.82424507113,0.0907264846799301
225332.4932934057,0.0898884524265427
225756.2062375498,0.09102570503533253
226175.47933316682,0.09067491050728305
226590.76834361948,0.09449698697645188
227005.3680966316,0.09526020258561368
227409.41497192765,0.09617614210859685
227816.77547205085,0.09792464580116006
228220.4319530323,0.09884731293362667
228620.86747663553,0.09960659078951326
229021.71417887192,0.10148268270929377
229417.48338632254,0.1031382499119379
