D,r2
194.8367666232073,0.1370333813457352
271.55970047651465,0.1280366068349007
350.9922573755173,0.13302205676922235
434.7601567602874,0.11859028938762411
523.4784499802294,0.10458600346088989
613.5033995467271,0.09524771612263905
704.4901464713715,0.09332990242744538
796.1269096756902,0.08111816835561993
889.5997081066737,0.08248398639986361
987.5765633351149,0.07906181722889945
1084.130516180797,0.08590789204909469
1180.717598177188,0.08327188356017129
1279.0953075291623,0.0804783534016461
1375.3299587052086,0.0811715760345152
1473.061799252536,0.08097825810676197
1572.154101406955,0.07558508904471187
1670.580154707922,0.07164702898627098
1771.995056119722,0.07060461342285801
1874.19386257505,0.06233314091829752
1981.1099574014909,0.058895551183262104
2087.5372233400403,0.0510159049600605
2193.302214560403,0.04772941046662574
2302.0919555615046,0.046197851808895934
2408.72165359564,0.04282459174966569
2513.4033041788143,0.04353270085841121
2616.9789285222423,0.047383260093426124
2723.190654464781,0.04526660703820746
2829.809281189755,0.044135378418167746
2938.845170257123,0.04147435104889504
3046.8335635359117,0.04112234408630698
3155.4472271914133,0.03859739981807873
3265.5499306518723,0.039266981760643326
3375.6314771314082,0.0347582763436744
3488.4611348888584,0.030761074062567336
3599.901532033426,0.028725735102064793
3710.2599531615924,0.02792338957448645
3823.1790568654646,0.02754085197435303
3936.2395342389796,0.029011511123860582
4050.924309392265,0.027728765757608367
4164.357331113885,0.029373964068976636
4278.036558548653,0.030120372177206055
4391.414323313478,0.030570338395611494
4505.7040408219555,0.02922415920541916
4618.03368596882,0.03359961542381614
4727.462921970116,0.03269469803397033
4837.151523507514,0.02976400126866864
4946.3866186452415,0.027714254039759485
5059.41048699502,0.02618504002000655
5174.953861030529,0.02419243768589573
5291.555218530263,0.023767063132655246
5408.241077628108,0.025200807460887372
5523.291494632535,0.02440468346883175
5640.045258320568,0.02373201301496137
5754.714285714285,0.026417518056045166
5870.248647148605,0.025960145894251534
5984.933425414365,0.02609831438467557
6100.978982300885,0.025294901336946757
6218.818344827586,0.02307096190670666
6336.45232172471,0.020479143038474253
6455.984457396614,0.02210233458161816
6573.307618129219,0.022542126939760154
6688.859977796281,0.02225855024610436
6801.900845929829,0.022537806419412304
6915.1136048766975,0.022724626466937962
7030.37649320335,0.022530441939076683
7147.419742845293,0.021494732331101385
7264.348406845694,0.023247220548177707
7380.251523545707,0.023916527934146052
7494.422289823009,0.02336779141040459
7611.59997249725,0.020901573854077208
7730.655933379598,0.019277040372544067
7848.675232671204,0.019105952724448462
7972.590577214492,0.018530832883630746
8095.378065582805,0.019550234531525833
8214.653489979268,0.019037511351117604
8331.76923076923,0.019637619793696683
8449.939098998888,0.019579139056575327
8568.747667398464,0.019690400954637702
8686.213572023315,0.01897571031819036
8804.96308585649,0.019607577470722243
8924.984681203423,0.018519838170622024
9045.14350954885,0.018053205861058973
9164.399861207496,0.01868111971856094
9285.656050955415,0.019281540650361043
9406.645646474402,0.01831963979625986
9528.468450977673,0.01788112712187187
9647.558129913115,0.017942577390618896
9771.752861674251,0.01845723468016374
9891.071697062509,0.018270442894856978
10008.312370421561,0.01867084899787118
10129.941865270699,0.019305821992119505
10254.381347723813,0.01905930352864238
10378.157705099778,0.018500134811342817
10501.387154696133,0.019136504807652895
10623.459156876295,0.018428765144116267
10744.180834835668,0.018636349774601556
10864.415219189414,0.019340127348720607
10984.568665377175,0.019295632846183738
11106.448533480907,0.018844329410685097
11230.004992372764,0.01846987169007999
11356.579283532352,0.019404278032441626
11481.027406693293,0.019288296088719153
11603.556328233657,0.019286474292110892
11725.915004813643,0.018325714231043077
11851.027482391935,0.018329718085462056
11975.531735033259,0.01896448957530721
12100.874913230598,0.018767101741252096
12226.556472692255,0.01936298052332692
12349.358853661914,0.018977818633297668
12471.34851841595,0.019048047055012285
12592.281752634499,0.019389145805325622
12712.44126984127,0.019023357573569002
12834.999033416183,0.01927246037998274
12956.900416666667,0.01892352253936845
13080.135821309656,0.018318638224130306
13204.36868337256,0.01853551287272584
13326.292458023672,0.01811562321981321
13448.971700717835,0.018558403594618293
13571.91611387507,0.017896796227024607
13693.229961304589,0.018619516625833214
13813.178198524294,0.018998640836825235
13933.640767319901,0.018707660479089918
14052.609288864389,0.018885754356112686
14169.942257217848,0.018100273347288094
14289.758001669914,0.017513322248451566
14411.762286029818,0.0182006466003619
14535.729166666666,0.018242900247743332
14660.36955017301,0.018245935545903494
14784.011947763267,0.0183287321967864
14909.616317530319,0.017604413100483586
15032.346488202014,0.018112858989215296
15153.624514697725,0.017947905977871013
15275.76369910283,0.018437891332848032
15396.72081429165,0.017700626941616754
15516.74457730812,0.0181877585692702
15634.859869968184,0.01813055250947167
15755.723720418271,0.018463021101114436
15877.614216027874,0.018932992753643733
15999.215270121278,0.018572434794451784
16122.8056819749,0.01791178138382502
16246.112845303867,0.01841629882343509
16366.637336669446,0.01806544418972936
16485.243302954987,0.017897124882008904
16602.801164725457,0.017717045262807755
16723.013821700068,0.018765973912719502
16847.393038932452,0.01856079806404213
16971.195793551957,0.01893321143965002
17090.18481573843,0.018072001637526987
17210.352337356082,0.018508590497313432
17331.899059734515,0.01923308430529174
17453.43284408751,0.01906372086161062
17574.80501239328,0.01842351691500212
17696.838486066823,0.01771033068134982
17818.133425990272,0.017939917561971164
17938.049794238683,0.018360201629814252
18058.241966759004,0.01767698123346325
18182.004149951583,0.01731727749194534
18306.41752006643,0.017816542190718057
18433.794330183435,0.018888892654280582
18563.95988973122,0.018666334120986974
18692.858153078203,0.017977370391794076
18817.91048699502,0.018187740528796938
18945.89871847871,0.0180525907604454
19075.5742505871,0.017644468107306154
19204.39525197834,0.01846598094482578
19332.232147780534,0.01814837258001458
19462.09656414519,0.018457684370640933
19592.48711197339,0.01816206846198491
19725.240265120134,0.018276150691952608
19857.30122979135,0.018030128132568827
19990.42815614618,0.018744539918395895
20122.550898203594,0.018038077905131344
20251.509470216854,0.01816868695856944
20380.425319267073,0.017954703260894725
20509.093702422146,0.01890155967484529
20634.194783573806,0.019638290961268012
20760.384192439862,0.018693737000930924
20888.44364640884,0.019116899772375243
21016.623729285613,0.018742340122037345
21144.936470911085,0.01759979673456896
21274.043701442843,0.01780051471850182
21403.822246910153,0.018639883826588773
21530.86058022824,0.018391636515802137
21659.20176893311,0.018232171938846204
21790.933194154488,0.017789034884112383
21923.246755040043,0.018035247874361754
22054.74280600303,0.018010082840979887
22188.384636716582,0.018108792497330894
22323.224416017798,0.018138754899655257
22460.7837577426,0.019521063291486354
22598.406843053053,0.01810837748999831
22731.73983179374,0.01875052162973744
22865.2302668149,0.018148100846527106
23001.20700152207,0.01880472272684351
23133.69358178054,0.018809136484306863
23269.340968676694,0.01837992684901981
23402.446260387813,0.0188815335403484
23535.509334808463,0.018233741218143064
23665.54394002499,0.018648077946161433
23796.820693465947,0.018115223751755557
23931.17489597781,0.01821211802371175
24060.753236023134,0.01769979640220993
24189.04134974416,0.018545510882621196
24320.47811680243,0.018161606795006897
24453.939817376868,0.01877645765835667
24585.807617728533,0.018813737468048455
24717.9448437932,0.01811376602256803
24847.247947683318,0.018866827190594387
24977.123412479294,0.018759268530198558
25109.176219344172,0.018468411598732033
25241.916459197786,0.0184664709766508
25375.611334907626,0.01849685156664824
25512.10108800441,0.019083602795424044
25651.13883885271,0.018845621033857115
25788.549365692223,0.018661818368539435
25926.2316125451,0.018721440745500993
26064.851877415793,0.018228560726367225
26200.943106312294,0.018137832922778447
26333.697603546196,0.01861656342324422
26469.81605536332,0.01855498451688727
26605.628567489315,0.01887813092706819
26738.508713692947,0.01828263070339937
26874.88612148886,0.01842646139705747
27010.447317208786,0.0182248379147234
27147.77589298028,0.01817943350850027
27285.528660652326,0.018180247580329732
27421.16311566132,0.018139753269239826
27556.419135973414,0.017572491746536467
27693.451723664333,0.01838877952629349
27830.955308813325,0.018006572626940748
27966.27996125104,0.01855201348745816
28104.7855558636,0.018301544892664556
28242.112424409017,0.018701280588993962
28378.727939142464,0.018277949061925557
28512.0001384658,0.018467709621578142
28646.19191359734,0.019181928827152053
28783.246356696738,0.018716246758324312
28922.345740281224,0.018922527978059767
29061.26938549036,0.018294356376434385
29204.13112033195,0.018979176808887797
29348.588859782158,0.0184089404877862
29491.649027777778,0.01835473778061255
29630.673907066262,0.018450256444287345
29769.675405742822,0.01834557664668887
29911.56740720298,0.018157170093665766
30055.759169550172,0.018714931330289133
30198.436850131708,0.018494946911904054
30338.24133646279,0.01842067065686834
30480.2273480663,0.018585955798864014
30619.49909959828,0.01837306594022126
30762.09697977279,0.018723634267721913
30901.8704369469,0.01840583791926969
31044.419069959982,0.018512816529478223
31182.66288245881,0.017619889427838202
31319.201856469936,0.018914935940762583
31456.157362515583,0.01837498496676622
31595.115395245994,0.018378159915278105
31736.296,0.018435157227346226
31878.04273858921,0.01876747401129574
32016.4033379694,0.019043643984714118
32154.10874965498,0.018741433635132792
32290.114620689656,0.01790862700578784
32428.472072072072,0.01816621088085155
32567.82355377606,0.018195355816170843
32705.879136093037,0.017644748608277798
32842.6650963004,0.017430726565757403
32980.60138217,0.01869735372165377
33118.88910371496,0.018593200138799004
33257.576285240466,0.018243986334092962
33394.097318219516,0.0188240392822016
33529.06346340786,0.01859568464124616
33665.2574107266,0.018364477341069416
33801.21053361053,0.019264657402176224
34016.3173226873,0.01852585142882979
34320.41210986267,0.01797031000368205
34624.38026061475,0.018430584652916263
34925.66907775769,0.018613722097049628
35227.80683237572,0.018435692239870502
35535.10690256666,0.018117148552604847
35849.97088891659,0.01835856352234919
36166.01083639534,0.018616830448776756
36475.30890445223,0.01883149004379826
36788.338903785,0.018907182704619028
37098.89635854342,0.01842608993255364
37412.095190568274,0.017995358836592132
37724.49737991267,0.018152028110009974
38031.95713839425,0.01787544046810945
38339.411310413554,0.018078962742817565
38649.82610321615,0.018237842848025414
38966.07981045018,0.018268824247160146
39285.10320084857,0.018476991955441
39601.09832179175,0.01879409022997582
39921.56257025103,0.018785415802108584
40235.613881108,0.018301963542100178
40547.66731262112,0.018060488956762596
40864.19317686609,0.018668288253210787
41183.14228582141,0.019198480554930248
41499.25768321513,0.017772204463843654
41818.54937152148,0.017901599463576567
42137.898055832506,0.018112588929915994
42462.08865181858,0.01823022170952548
42781.22869061702,0.017878187622217396
43099.06413939545,0.018334826925783736
43424.18424990647,0.01835250309742431
43743.24943848266,0.018545030392132716
44060.53711327345,0.01808169080918875
44372.04475655431,0.018286217729076706
44689.52904951481,0.01848076509784081
45012.52191035819,0.017807801486655644
45339.70669659558,0.018203839887460292
45670.257554046475,0.01775821289432214
45999.428758495975,0.01804084763243347
46329.12446137513,0.017803742141244007
46655.81640162145,0.017892243691902607
46985.11896304605,0.01801889543061635
47313.608552016456,0.017503043932788766
47643.58818022966,0.018271191588355683
47971.379613466335,0.01850889139228361
48307.120705779664,0.018642124325771774
48636.512719790495,0.01766351988182716
48964.36496624156,0.018030523793806638
49296.51913487908,0.01829460000990467
49629.98093576724,0.017988658115057947
49965.000187172445,0.01829704718309904
50286.16544117647,0.018483004050751536
50608.51142750094,0.01871831170980967
50934.82059593567,0.019167815835467283
51254.93294551823,0.018609695469738858
51570.49990669901,0.018567114140066964
51889.550492457296,0.01873800637299464
52214.036443057725,0.019578496637848587
52538.11515189321,0.019160366327563492
52859.59951304782,0.01806159512741833
53192.38914844577,0.018316939341964544
53526.67494694795,0.018716963413805087
53861.04620749782,0.018685000675339986
54198.240157234664,0.01834885892759626
54532.31226580065,0.01839031993879831
54864.667144281084,0.018685186310710415
55205.385445921485,0.018608206594259186
55545.51047250966,0.018920262437438447
55887.11043825696,0.018600578410917522
56232.261808198666,0.01813683590313507
56580.08633138304,0.01831884571183039
56932.78344905235,0.018598650762939643
57277.847297381355,0.018438120489772496
57626.685803432134,0.018042743891687175
57967.70127765659,0.01904196223794961
58307.402334727514,0.01884118936911095
58641.71693634035,0.018183274202311125
58973.61167102153,0.018872785422888606
59307.67977282656,0.018339690844072967
59643.39126365055,0.018179416891143812
59979.43017456359,0.018357721493709216
60322.6290403095,0.017849769004018464
60664.84785994642,0.018124909502359548
61007.02210289711,0.01828089985059251
61346.101203466984,0.019580876574426285
61686.96179059749,0.02026540454468562
62032.62870358795,0.01901657694935928
62377.74054054054,0.018243581941516547
62727.88582677166,0.018143662887042195
63077.35469022145,0.01815306087435011
63422.98499812477,0.018751890705961175
63764.05654854581,0.01903093778589638
64102.45491495748,0.017915728752887577
64445.644829520665,0.018097955087263154
64798.67672494245,0.017912807169705607
65140.82909022838,0.019980101072866695
65477.04812734082,0.02053515698494179
65811.06927109337,0.018431275649465093
66146.08677222292,0.01882816263635933
66490.93445996508,0.018193086863770046
66834.36376123877,0.017610460329946325
67176.19376364203,0.017984177725315565
67512.55511958146,0.018018065499924598
67846.60287976064,0.018143177757740075
68181.90847224824,0.01777851007908108
68516.31012539772,0.0190857892407075
68852.10583463339,0.019005800708826407
69192.04699494477,0.018515761580801312
69533.71691656816,0.018661721913218514
69879.71440174946,0.018666660063926758
70219.25591974078,0.01856141360896368
70558.52669948283,0.018614271942154946
70906.82013849897,0.018309961468621835
71256.29746598427,0.017331574306277957
71596.91930656024,0.018236335187378556
71930.88990024937,0.017961750897922027
72270.51583541147,0.018165530228758
72609.95168840897,0.01759438038322687
72949.73110709613,0.018480687160485225
73288.96588073853,0.01851241560811209
73627.26239321569,0.01823297193608603
73976.45670914542,0.017999698633989824
74320.29731078804,0.018168016034670078
74665.38721335992,0.018132261385574583
75018.71328627647,0.018199532399622853
75367.92859366245,0.018101568792273558
75722.72107696152,0.01876817882454657
76070.02808918784,0.018722738189810992
76411.41679665564,0.018816452683079386
76747.00274109145,0.018348952266426053
77076.4751746507,0.01805378590315017
77405.64048243969,0.017822773865311455
77732.41553906591,0.017811223042817754
78066.63929216773,0.018022925460445004
78403.00386220645,0.01772356475383981
78734.7733258441,0.017867494543842424
79060.48127574586,0.018466925515696946
79383.6032290238,0.018846321974349132
79713.37164774853,0.018677311814968237
80040.50902842861,0.018365872129205717
80367.61075121466,0.01856171134207923
80694.13616809028,0.018192936925470277
81017.86148078725,0.01853390872623921
81347.46411871065,0.018630758320299718
81673.99738382957,0.018478703051916675
81997.27791284832,0.01830810278587864
82319.72509512819,0.017782364568483047
82643.74319940105,0.017711806469886304
82972.09128941617,0.01783754556094885
83302.93632398754,0.018021548751100055
83632.03284625952,0.017954254514407825
83963.53057665961,0.017388637188165204
84289.74565285136,0.018130888808805198
84616.45904202102,0.018433238979478683
84939.25621069672,0.01830718031872799
85267.03348325838,0.018068732960050116
85607.27650171179,0.017961984418385826
85946.72625,0.018333845021872727
86283.79520099719,0.01807157536948654
86616.92092123331,0.01806277696241246
86945.4816084788,0.017796046560617836
87275.68824042898,0.01802694237053834
87609.60382411559,0.017908699685803636
87954.69662360357,0.017624459769567186
88294.93054947803,0.017802216389562878
88635.0062799229,0.017681320057294055
88984.41442565671,0.017557410780612296
89325.7825897036,0.01880517804814671
89667.36952998379,0.018872781940272136
90005.3320658272,0.018530016778178792
90352.63258805896,0.017932860722746417
90694.82154441118,0.01766285439720275
91033.15643885116,0.018221896389825375
91378.54584634604,0.018192937612655138
91712.72433614495,0.018119116930528534
92043.82970247728,0.018920903800117777
92381.23203695612,0.018772211779046716
92718.50737169517,0.018778499260278865
93057.00862607826,0.018506087013314076
93392.9509217738,0.018490526751431764
93733.77662159636,0.018605098940891334
94069.64766483517,0.019191440894665828
94400.64116144308,0.01883305351380065
94731.85835623283,0.018148952546404765
95067.16988079635,0.018547388139453426
95400.71040667621,0.01832794300657872
95740.28150368428,0.018342051592405335
96076.06496013951,0.01798294163440507
96408.22543135785,0.018486226003753298
96737.69889657752,0.018607333582400094
97071.82682364667,0.018813278269553455
97415.30436408978,0.018542463597236117
97765.52172013481,0.01794435184498963
98118.331691809,0.018342261163111686
98458.7674607134,0.0184373911516394
98798.9977521074,0.018656917875257167
99130.07036459957,0.018406986871197992
99457.59750545681,0.018344541878573182
99788.15179851631,0.018767514821123866
100119.02126063031,0.018474287198155203
100453.66459047026,0.018696231413314217
100790.99134657288,0.018752508922217564
101127.66875078154,0.019332854022218883
101451.30302841475,0.019909931734195026
101768.29424585876,0.020207065420759705
102097.44284107946,0.018389600130851395
102438.36130158334,0.018784448222895534
102787.45248925166,0.01997190108487745
103132.92862049585,0.019189628002657284
103477.91214276801,0.019304635424162147
103813.08875998003,0.0194742864152021
104153.58437597261,0.018978055104316632
104490.38379863843,0.020039679264740994
104823.97884027215,0.020374025238776385
105148.87972123701,0.020948615523926874
105474.64738223166,0.020854254934742186
105800.3649835004,0.020503301034952664
106133.65473736807,0.01948925067107977
106474.51360607758,0.019718001060388294
106821.26035539982,0.019436245895196266
107161.24368231047,0.019802107940479662
107499.07276805183,0.020262547822213504
107850.60670370139,0.02052112984098802
108208.14533649644,0.02048704501607795
108563.74394571375,0.019292976478360053
108915.95614966581,0.018335831242216803
109277.73741343814,0.018722326284678084
109638.96048859529,0.019137445411514818
109997.72756770249,0.019626292911130043
110352.02330218069,0.01970749468455929
110704.36582318025,0.0190034449608091
111063.17119531348,0.0185726659095808
111426.68293443031,0.018821353439889017
111774.4101732951,0.019255077669989667
112116.47129664295,0.019771837769312916
112463.07042253521,0.01949824542003551
112819.58453653353,0.018928470929001406
113174.28157698057,0.018411448267280982
113525.54861024555,0.0182944987369023
113879.4330521712,0.018359412091821056
114230.72774249782,0.01826518097881834
114575.43641131299,0.018671666003994405
114924.97257028864,0.018037844831029316
115268.54482370593,0.017825116388616523
115608.165152458,0.018190786636788022
115950.49328921906,0.018506552708211343
116300.73937164943,0.018544260295186406
116648.55606136193,0.01853283939857076
116997.64989701017,0.017861481600199562
117339.40099843993,0.017597071891430824
117682.33329182492,0.017887688948465427
118029.64224648986,0.01824390283143634
118377.70453270154,0.01726830701408061
118724.9981913434,0.01718747924065269
119065.1859870227,0.016966809804764053
119405.44382057521,0.01744114565816424
119750.83442469598,0.016983864465454784
120102.2181296042,0.018337569841562266
120440.93811541818,0.01761963559139184
120777.49956348217,0.017800877333343377
121114.85429017161,0.01831787093084102
121449.70825276028,0.018247035123199248
121795.95635118306,0.018424441528691826
122139.80089904477,0.01843347729005834
122493.30182090297,0.018197431188424835
122847.82722676487,0.018494928553309774
123206.6489030167,0.018297004026591325
123570.3145569225,0.017494718292305325
123924.66465237977,0.017385940772711724
124290.5688559322,0.017995825853393564
124653.32572355289,0.017815880080605893
125011.08847736625,0.017704396574958727
125368.20368174727,0.01791772366704953
125727.79231970028,0.017884790071963433
126094.31251945464,0.017635896841946726
126464.8790715088,0.018419849690138726
126829.18307923019,0.017641239578420738
127203.32969500405,0.01850873793261973
127573.27098141913,0.018177814443774108
127932.6501837205,0.01974233272011792
128296.83880019955,0.021057518376474578
128667.88336042005,0.02078745943826855
129041.73062546723,0.020249334951920085
129414.55333873683,0.020047836530057143
129776.32257460358,0.020035199231658925
130147.85304748848,0.0194074357904304
130530.75955364379,0.019025497300818567
130921.2828188338,0.01979001184252733
131297.8005742463,0.01921447151068403
131660.3303827453,0.018874067422365783
132026.04396358193,0.018621113971079586
132398.55035859058,0.018509939308343982
132771.13236763238,0.018780806309591662
133142.00062402495,0.019170427091921516
133516.44235088595,0.01835068519516484
133895.86630583552,0.018025119147555637
134292.1430356808,0.01863703761691445
134679.03041445932,0.01852497890562175
135050.01913010966,0.01932094909246745
135424.05565619338,0.018961318790227482
135791.04646666252,0.018346240778878135
136161.43183800622,0.018401984620106934
136525.83117856472,0.018814688793331116
136898.7328063733,0.01853063245514158
137270.7721913792,0.018242574202476887
137640.2789450714,0.01877299819351924
138011.94217453685,0.018504226509958765
138389.43435162093,0.01822603368650462
138761.4223998002,0.018813744979147253
139134.48963924605,0.018787640350358566
139510.97064506076,0.0191604725898182
139881.11340785612,0.019311917079060822
140256.50807105016,0.020215698745608083
140631.37746197954,0.019062145582990495
141017.5047993019,0.018808771988857394
141402.26229814827,0.0187895708786182
141783.45332416895,0.019086447449059345
142158.7539756782,0.01888328952384448
142529.85597707593,0.01905410380934592
142901.14523988005,0.018740811103318242
143270.77887130933,0.01884940974723247
143650.494314632,0.01907941773065452
144024.28414960482,0.018926563986904472
144397.24575,0.019342596492459074
144771.61418501654,0.019010176598099407
145144.67884938672,0.018864099880322775
145509.37458715023,0.018385212695074166
145869.97349337334,0.018782284242290868
146243.67693074862,0.01817252405895467
146628.82667248583,0.01878564968904407
147014.66847724293,0.018401197067158443
147398.8264880025,0.017997729290011068
147790.5222263728,0.01815803271734945
148180.4144375,0.018570423629559102
148576.82771722204,0.017441488368052326
148960.22877284922,0.017637303298631918
149341.17959743255,0.01781742606668713
149720.1472737493,0.017606729285270316
150102.3030737577,0.017370985472867768
150484.1904494382,0.01767762346249024
150862.2145126129,0.017974414729082237
151244.36627979533,0.017633460301609602
151616.0567848906,0.017694471019110165
151989.5803671787,0.01762547070157301
152364.8181874883,0.01696575434080664
152741.02724269062,0.017514023152080123
153127.0079875195,0.017992764263554915
153511.07303686146,0.017416985042241758
153883.0222291407,0.018914658084866403
154262.51684131735,0.018951815587317896
154653.50902279114,0.018662907219461553
155041.14482457782,0.018351696986419027
155426.48063226292,0.018267735253282024
155809.0671191084,0.019355751367773243
156194.48176547597,0.018962151049114865
156579.58993389047,0.018778501958831732
156969.6591875,0.018535507692566018
157369.24326683293,0.018855036717370294
157758.398492963,0.01863463714055103
158139.89047589348,0.019427782151320964
158516.46216233078,0.018633882367259467
158901.43621399178,0.018760662217069835
159273.27818703957,0.019070880062052258
159649.64218349886,0.01943396069994118
160019.27414233235,0.019057253306389473
160395.8791339074,0.018826368063654855
160771.59800312013,0.019801141863314307
161146.8029661017,0.019717339441753336
161523.52928713858,0.019645203882505843
161905.28060110993,0.01889519922610465
162285.30220808383,0.018389157930424053
162665.1992638343,0.018489418554917373
163044.66991747936,0.018894130035491383
163421.68732885236,0.01839417544630443
163803.91289155124,0.017924980659466582
164181.44959162042,0.017757464011361856
164563.89869077306,0.018236141469807482
164944.1745962462,0.017867861548112162
165331.54134165368,0.01820645181172388
165712.11320636902,0.017778906841835578
166083.9548455406,0.01758497184706042
166458.98344474292,0.017715881706348406
166828.57167766846,0.018299026911497755
167205.38514777404,0.018213371983274863
167586.9649703403,0.017529069285025723
167968.72074434868,0.01774269479189919
168343.89163758725,0.018181101767607375
168723.64381770638,0.017746332517993568
169087.75809975655,0.01776799886640895
169443.35728530475,0.01855604952982474
169805.16438954396,0.017611237966640842
170170.5338903785,0.017445687375776824
170532.92334081835,0.017717379053293052
170899.0863650546,0.017425924186197882
171265.71903455158,0.017221031152557447
171631.05159597727,0.017578042072831056
171999.27627309036,0.01778058077926484
172360.28205128206,0.01804067062957593
172726.17075607166,0.01787281108003773
173088.56922789072,0.018135012375853993
173450.2754681648,0.018246732274399127
173809.3407803846,0.01865355139937236
174166.63563713554,0.018816940071877192
174521.76020185658,0.01897110326650884
174888.7667123971,0.01913333212960184
175250.7254950959,0.019085389805751068
175601.8501839955,0.01937766211765205
175962.70670739308,0.019137544270030563
176330.59905189622,0.01845635215631653
176690.12823866468,0.018375434954901522
177059.86618839676,0.018206417926778556
177434.36359092896,0.017957126391524636
177809.25194837584,0.01875701682341069
178174.78071597856,0.01819819923993776
178545.689257435,0.018094339791888084
178923.8640413733,0.01788372332171454
179281.9660615135,0.01784653005447541
179643.6200137337,0.018390827839626554
180001.9325723553,0.019091529556526692
180362.72251994017,0.019059215028976107
180727.37545261582,0.018871981562891275
181102.5929325092,0.019157625378140877
181478.4971659919,0.0199904260675327
181851.0816390171,0.019647563009152727
182220.14009360375,0.01893879558190966
182588.03697468512,0.019335279351797234
182945.47649332834,0.01859597187510683
183296.37039805643,0.01865939424992242
183654.3164683782,0.01850676287013099
184002.3088555604,0.01892395296428727
184359.13381600298,0.018322732693454
184718.72632823192,0.018553706711248025
185079.01473526473,0.01855578640821701
185436.36879167447,0.018479466681462973
185807.89692394086,0.01803103292555922
186171.11204691496,0.018079348816879663
186533.71480347434,0.01837212604745464
186900.97896178265,0.018577281828599652
187271.34673743366,0.01797251941384683
187639.22411109036,0.01786560147597097
188009.88497506233,0.018668919883356606
188381.70283931357,0.018646035311774965
188750.32360643471,0.019064357804071532
189125.58083832337,0.018561355827736895
189504.0408290673,0.018590388506473973
189888.2151993511,0.018379038270444726
190269.29930191973,0.019083040472276335
190647.8366327359,0.018385698154754344
191028.2096211366,0.01845110228166021
191412.93839246742,0.019024464357293353
191791.21835778956,0.018004920891372348
192158.97763657884,0.017816405460532408
192532.59001871492,0.018211448440221337
192906.3225585451,0.01999538435560681
193287.27507646213,0.019998504961857556
193668.6639595177,0.018906977829938502
194055.33870766932,0.01906825693320754
194441.42784857572,0.019451892436751533
194830.9986297957,0.019411141866010423
195217.12635063395,0.019139935373116486
195601.37483641802,0.019571443958165836
195984.89996879874,0.019522098717598288
196372.04609818477,0.020410355839115237
196746.95466998755,0.023822391363475092
197114.932625,0.021467462517049837
197481.99401384298,0.019271760036056334
197845.92573423957,0.02022442723090352
198200.48123675352,0.022363426072419205
198557.53304678254,0.020580806524211844
198926.34398402396,0.020048670796587714
199295.5668785839,0.022435602724704476
199662.04941824096,0.022006753334113657
200028.8667040918,0.020105323467046382
200400.57742880288,0.019357337300703787
200760.8638658605,0.02009266837632522
201117.75538672312,0.020149232940119423
201477.1092237557,0.020696720414466185
201846.4321257093,0.018231506578400444
202220.398215734,0.018781066944207968
202597.62886726548,0.01874116556266441
202975.18319945203,0.018344993009587866
203362.22335310647,0.01832204976749531
203746.04675810473,0.018562190354497923
204123.44462459467,0.02148213303373034
204499.9235859658,0.02046979402137144
204886.79861630517,0.01880957749348941
205277.85310452417,0.01850715725892225
205670.68937363665,0.018264301916403346
206064.37915313515,0.01905349586167029
206456.42062998007,0.01868952070530591
206848.87457098285,0.01895347001714611
207241.2282330944,0.01849123366635414
207633.11992758146,0.018407487307534477
208031.06555333998,0.019080745772385898
208423.63904511937,0.019670145019076005
208815.82986543732,0.01904576842040609
209211.452539732,0.018624349355532747
209600.1950078003,0.01829759073347908
209994.4306683323,0.018654626631475837
