D,r2
204.01766450916935,0.12327077005431272
280.3395740062407,0.114240878190845
362.49855339295107,0.11365513442736112
451.8410674378862,0.10109952960741247
541.7451485954675,0.09083629856166374
633.8797122685494,0.09105740067181628
726.4622047244095,0.08531368185545941
819.3311567164179,0.08162805583080499
913.593916755603,0.07413804779813506
1011.6146984422846,0.06891599492057132
1110.428398384926,0.06684771324945
1208.6282017428043,0.05892383954092246
1306.1230460921843,0.0548800757738412
1404.684779706275,0.056002837890901346
1503.1979681860714,0.05724868589314564
1604.4386950127023,0.050158596056308055
1707.4036746105712,0.05104408548842242
1811.407139023081,0.048456740077137295
1915.9540547656661,0.04667640475789256
2022.1809447558046,0.04300170899254008
2125.2366371206017,0.03987183946368011
2230.4863205658617,0.040291170642394986
2339.034519525523,0.03866348115234063
2448.2065864303663,0.03804363227526962
2554.0686137506987,0.03679816529977207
2658.5750275330397,0.03681372517825267
2763.6441147927353,0.035413133297679436
2869.4826212391813,0.036543123625523616
2974.0972280261876,0.034578898228180485
3081.937534473249,0.03390153731309237
3189.136685650785,0.03282444101358812
3294.9426478717523,0.03273926812743348
3402.2123221439424,0.032736117103312055
3511.1761937716265,0.030574464399423195
3621.2054605626035,0.029265825002741823
3731.1551054384017,0.028893626814222088
3841.6392022008254,0.029001947731467453
3956.083748615725,0.02866623169823318
4069.459111664591,0.02902066876593173
4176.425902864259,0.0286307983748976
4285.205092720731,0.029400957206837993
4394.870164208182,0.028703243720015956
4504.356846473029,0.028849950625646315
4613.978479790316,0.02827637849433192
4724.309652402714,0.027569874572350044
4833.708125346645,0.026622265409809016
4942.8,0.026470562652356595
5053.08592777086,0.02704384961295491
5165.335921253292,0.0260370485927709
5280.315687896333,0.025444940472782326
5394.314778736432,0.027211141679460985
5507.931195816705,0.026682215538074695
5621.732123059867,0.025554076794859777
5733.7561617280535,0.02523925705049876
5847.738213399503,0.026613421447414676
5961.969915430473,0.02628811024826415
6076.214928680238,0.02595393590189009
6194.015689512799,0.026533486045781644
6309.015344207907,0.025877514589949503
6422.052602282215,0.024858867997311823
6539.22506534599,0.02673023665875907
6656.270965956269,0.02536131687873169
6771.4842541436465,0.025119259795625196
6885.878421564541,0.024849954128160108
7000.836129211147,0.024275063632236735
7114.419807427786,0.024465107615283966
7228.866000832293,0.023747589275692874
7344.719524007195,0.024539550919346353
7459.249930613378,0.023904697190127583
7574.04862550076,0.02364777254963018
7692.114847101148,0.023290253649384845
7806.514329226084,0.023535302524787048
7922.6990170289355,0.02350408396827658
8042.453265221593,0.023782993023720087
8165.645183645183,0.023400812966819746
8286.856219042378,0.023245019641915814
8405.50311160282,0.023417748265285934
8523.707147814019,0.02253967613279485
8641.609940795814,0.023817447714275148
8758.21393728223,0.023172818225253165
8874.27451519736,0.023639983226603736
8990.527199555925,0.02404180773653622
9108.652125744356,0.024040555520854795
9227.442057111173,0.023861081015979422
9346.667034482758,0.024409194087139503
9469.017711360177,0.024762650603892922
9587.947026279391,0.02420726821883394
9706.615077177508,0.024408827775419795
9825.605444997236,0.02347801816598653
9942.040708211349,0.024378779614904936
10059.759712429144,0.024958364778221845
10180.575024201355,0.024617875247724685
10302.898458998348,0.024260480507543983
10424.68621741542,0.023241448480158102
10545.239471855455,0.023389527677141156
10667.7171911502,0.02356292315973357
10786.080216126351,0.02334314736519407
10903.346335369239,0.024165994926835264
11021.708281487627,0.024491710566275884
11141.258126988518,0.02463102901525694
11263.012389867841,0.023265564909110352
11386.829881862404,0.024223487506298
11507.662627375379,0.023806388292894255
11630.292286309937,0.023865741583305705
11750.911980102252,0.023713499725238875
11871.978723404256,0.023146437599178532
11993.13815060908,0.022842221684313883
12113.943700841728,0.02374597114193555
12234.586766541823,0.023907905666310583
12352.250691754289,0.0235214289002602
12472.077349598005,0.02303974536035125
12592.823895027625,0.02373312990453636
12714.121295658168,0.024663490485910478
12832.353203342618,0.023681728072865563
12948.727009113505,0.02379267613526926
13064.341399336283,0.024035218127939448
13184.601053507069,0.023988924459309172
13304.50283580025,0.023266711280555533
13426.713163335631,0.02330189331325664
13548.55463576159,0.02351556537367361
13669.465077605322,0.022573840199258885
13789.080560177483,0.022841137578542878
13909.263106930419,0.02314808021900451
14028.871132596685,0.024517286439048807
14145.665699682277,0.02371920123673724
14262.689430669068,0.024090075326310523
14382.81423418424,0.023200585974917753
14502.513985045694,0.02406947218390698
14622.788134421242,0.02371923097167005
14743.310150117064,0.023787399033489785
14864.714878318584,0.023887348052418027
14986.558441558442,0.023702098779179247
15109.818875780707,0.02440964263471548
15231.06316664358,0.023470934816854402
15352.255753066005,0.023833755047238937
15473.01316336428,0.02417711196258529
15593.149689011749,0.02373619239412601
15712.551457383617,0.023790024415315754
15833.259290072103,0.023636011607957898
15954.250103634102,0.02382048826407076
16077.92187715666,0.023575463232803486
16200.612134644687,0.02296795088569279
16322.956937136527,0.022484341129995058
16444.2402444105,0.02332083157136072
16564.463397790056,0.023278374193588847
16684.781613976706,0.023319078611081245
16806.17393109174,0.02375272392898061
16930.73259820813,0.02362255692286359
17054.064346137846,0.024014502555282084
17175.890068965517,0.024328266080578132
17297.7140878238,0.024969165627872103
17421.54486381861,0.023840289122867883
17544.1555524747,0.02367090488415832
17666.2964650649,0.02382214501402446
17787.961335920176,0.024236869004146625
17908.612018831347,0.02435008725794556
18030.757006765154,0.023378540442246337
18155.539606006336,0.02409971066515015
18284.395833333332,0.023621016403552183
18411.872425708363,0.02344004113149408
18537.446030206458,0.022729591837116366
18660.245754521606,0.023126984378827743
18783.527527388713,0.02348270276851409
18908.333103638368,0.023882551588530695
19034.897015961138,0.02466559598669866
19162.21374466327,0.025178996330648976
19287.81155395084,0.02361213147506086
19416.297739564554,0.02399659662777238
19546.034563481135,0.02308144185716796
19678.01604204121,0.023679572106517062
19806.653383146535,0.02264685419343649
19932.823488725964,0.023793921581046207
20061.03644678492,0.023073680454820736
20189.690321689908,0.02425423010359369
20318.850458206052,0.022799195489676346
20445.998894416804,0.022634903649122486
20573.968797670226,0.02277856875638341
20700.365860362836,0.024461385803141972
20829.373368508746,0.024152089430935882
20954.998202433628,0.02414270104802841
21082.75841611479,0.023482772230792714
21209.454229754134,0.024192102377104573
21333.292206003855,0.0239227142657345
21456.626747888688,0.02354836278111812
21583.59376731302,0.02369171931491422
21711.688488210817,0.023496054504009555
21840.28664001103,0.023592338000459324
21969.92131102199,0.022691835179456124
22098.37861111111,0.023169371465729924
22226.641900290015,0.02335251101572581
22356.925335919103,0.02443692943617777
22486.86254485233,0.024049418935901703
22616.976917760883,0.023762200825442874
22744.676523670692,0.023322417185880483
22869.715313321343,0.02437104896785784
22998.339883753113,0.023204548954298965
23127.518896551723,0.024772822177248167
23259.872410936205,0.02404291721521913
23389.94593845301,0.024359359225322955
23516.068894104654,0.022832167105078887
23641.726416401165,0.02426145180124324
23768.6582942313,0.023521372495389964
23898.725920778317,0.0237338429826062
24030.066556199945,0.023656654108177987
24159.69044975014,0.022616337828358632
24289.814136125653,0.024396690404874598
24420.495784381477,0.023239000320356
24550.36888888889,0.023099628182145362
24679.572359301357,0.024302206005702036
24809.515344207906,0.02423173810853672
24939.872112211222,0.023493619746154992
25069.735432852387,0.023882109680790152
25200.827082184223,0.024716386875851655
25333.49273758473,0.02318789689949186
25468.529132980206,0.023635416645052105
25606.13479278535,0.024186361761873946
25743.842455313843,0.024043424462316755
25882.693427620634,0.02343948981117653
26020.13615671127,0.023763192241257437
26155.70770080044,0.023530116604933315
26288.563891982183,0.023404870435524406
26423.440280065897,0.023175598105234167
26558.169357083218,0.024406707472360633
26693.588048578527,0.02300334420372034
26830.930671103717,0.022800775627718015
26969.29314878893,0.023400905246667474
27106.543825799337,0.023561388302701394
27245.382937335,0.0228500507540271
27381.679211469534,0.02383406247825304
27517.062387853694,0.023371092712067488
27649.555988315482,0.02346406814091265
27785.62553485162,0.023808201623442066
27924.4262453429,0.024633567988428924
28063.39407776394,0.02317090488766781
28200.832919083125,0.023092135472374497
28340.03230726567,0.023841160365253612
28477.24286110341,0.0237890422436497
28611.06555340878,0.023717685545750686
28745.95735843832,0.024083463682958797
28879.793136982495,0.023458875703238926
29018.58876187853,0.023823493672363794
29158.048147634243,0.024296886227465096
29296.918851780294,0.022688935385112942
29436.52955017301,0.02269839301148751
29571.88661787046,0.023183332772987304
29705.371805555555,0.022724536924491202
29839.720199363146,0.02375185731712886
29973.040038658015,0.023713444835810574
30110.743727598565,0.022942340037176222
30250.27887948967,0.02412497811545761
30390.100858963702,0.024021907632107865
30533.147563676634,0.023745641011775783
30672.475729497994,0.024137573374661526
30807.866988283942,0.024881818577182656
30942.451872399444,0.02424573112490316
31076.230737422466,0.023668492307175465
31211.569446371584,0.02431183090698284
31347.316282917414,0.024295700956472252
31482.095271210015,0.024068037754349236
31616.312534435263,0.024734324259589685
31751.026228143215,0.024942480456879773
31886.964384318057,0.025407441774843748
32022.23351306512,0.02539738573436668
32156.568790781617,0.02412666216714769
32290.29747272476,0.02356162524717919
32426.619074022732,0.02398813944956133
32563.94350282486,0.024301325620275687
32697.576704151048,0.02612267712061918
32828.89861878453,0.023258779764824836
32965.1575020724,0.02431436040713045
33100.65904048808,0.023678213454025487
33238.305717457675,0.02508995575451481
33376.15778632244,0.024175948322799522
33598.365177677675,0.024479572330434022
33904.688985687615,0.024488269302738376
34205.01537115721,0.024199328506714586
34508.73272749907,0.024086808852791537
34815.87421147961,0.02415332992533932
35116.50868671773,0.024770753626305358
35422.21009507131,0.02359957626468225
35727.97342709565,0.024551945894571183
36035.70932700712,0.02387409003592449
36343.55441901079,0.02445363385000815
36652.234632683656,0.024771434001879006
36960.51176690325,0.0243456812946744
37268.40789966305,0.02470252091054344
37572.870985845235,0.024702228715070478
37877.7039276808,0.023921838169739626
38177.19001751314,0.02441465818521408
38478.22648453094,0.02417436391837255
38782.12056295927,0.02357512476840861
39087.2603439681,0.023882729776505508
39390.75955224814,0.02377931977637083
39700.38926634669,0.02377596342600288
40014.20113402704,0.024412261961590565
40320.131405061715,0.02371937257242747
40631.67507020281,0.023711605163177475
40948.197678772,0.024259125944522942
41261.592844655344,0.02399751704636114
41572.99165265059,0.02353978456724095
41889.10711610487,0.024242219594395525
42210.944274761576,0.023994435888964827
42534.135377711296,0.024335293009336085
42849.63799775309,0.024139748578420495
43168.70150559131,0.024448132575606185
43483.380320309094,0.024402789850282748
43797.192300504576,0.0240960603453606
44110.17207995003,0.02363699620557702
44424.541924592006,0.02330483374980924
44749.820686652565,0.024036710780128402
45078.24369065467,0.023526016786126664
45403.32224441393,0.02428924302609926
45728.06807424016,0.023423882973061038
46054.97672386895,0.024131505935632545
46378.985711611655,0.025361796220409745
46703.76871257485,0.02528971889495225
47026.59859111028,0.02448171218661536
47345.43090091216,0.024326371764164863
47673.31710199005,0.02389663332432829
47998.35551663748,0.023725627407558993
48328.14912335434,0.023430522534341743
48653.64330218069,0.023110372756058154
48979.62364249158,0.023424231441975685
49306.183754827456,0.023975025823841555
49630.22513415699,0.02357565619953382
49952.442576855785,0.02424469202556347
50272.195795496955,0.024302790910362183
50594.15943296072,0.02360591215523473
50920.32524332418,0.024880529297094896
51239.99587834884,0.024106902074058877
51558.32342493924,0.023381480792033827
51877.45921167519,0.0233598648906695
52202.42746518454,0.023866102961935733
52527.28855132914,0.025065667057011774
52849.466038207014,0.0244290479583287
53173.68310781318,0.023229226025703938
53502.063645430746,0.02376233811697574
53828.749218261415,0.023888535064156145
54155.7021568383,0.023840326950765996
54481.77580514546,0.023728127574851245
54801.890716510905,0.023406690409264786
55128.30611225573,0.024265042688664206
55457.62231652521,0.023738639594303477
55784.03308617359,0.023304728741267728
56108.2249375,0.02338146677322386
56436.5452732598,0.024349956027526227
56771.148060371714,0.024143321817549312
57099.669140576276,0.024253652717102548
57423.92501869858,0.02438052507242984
57742.9452011997,0.023953575919062768
58063.003490401396,0.02324271081299621
58387.76511700468,0.023632260139659265
58702.91309233939,0.02324036111515422
59023.99009222333,0.023363574284738977
59345.472523364486,0.02403085460094607
59668.75452841974,0.023791601731055018
59991.31849357775,0.024069583775451094
60323.03578553616,0.02421805840785827
60658.49376169682,0.024597827573638396
60992.57957452118,0.024365494931903698
61328.386288563415,0.02376666530235026
61671.861741358836,0.023929096770471184
62017.86696617996,0.024867352282105078
62363.76911105578,0.024018725639870724
62700.74169005301,0.023755889172756825
63035.65215218342,0.024393060609250384
63369.47682820481,0.023572936462249068
63701.25185879413,0.02366794017654506
64034.96881807431,0.023176878021097056
64367.253875,0.023977547209606462
64701.73629047352,0.023741050700772887
65033.908195085445,0.023862851367896034
65367.277053576996,0.02352550382835502
65700.89365415783,0.023404593291307365
66033.88919442536,0.024057666775200014
66365.93862928348,0.023489481818975047
66707.69457422289,0.02373245002231456
67045.96239710652,0.02340357909009463
67384.13855760224,0.02355697944026403
67724.73131905861,0.024850143958592957
68053.34175241659,0.023770506037811497
68386.1250934929,0.023230596235175448
68721.70128493014,0.0241481097122169
69061.73849516078,0.024319425081364685
69399.79858041219,0.023337285111715664
69741.27642683002,0.024279119261865018
70080.26107022577,0.02439747036480344
70413.44941367266,0.024352615013641263
70751.4919646194,0.024731663859936796
71097.19212775248,0.024105056594976037
71438.01010794284,0.02412625363731875
71766.56652735325,0.02442791145451273
72097.59396287732,0.023426663526450547
72436.73627194621,0.024215250917929133
72776.16876558603,0.023607804077855125
73121.62682743972,0.024406450406818443
73466.09317389138,0.023751023227308717
73810.84639420072,0.024184760287870977
74154.04414694895,0.024247388342447405
74490.99262315579,0.023477620495051373
74830.52136326885,0.023504019741682702
75170.50012490632,0.023372068309843636
75508.97076788831,0.023453071006047793
75847.28350483318,0.024206268190669667
76186.81207133058,0.023625458412469137
76530.25789539384,0.02317584456918682
76868.2442623976,0.023653743402727974
77201.74001244555,0.0231484928171082
77535.17659188902,0.02354677558132425
77867.00093353249,0.02303847701211374
78201.91184194073,0.022882437745998043
78531.81437647938,0.02378851438434977
78862.54049504333,0.02370222202888447
79185.95558193291,0.024297757423078718
79515.37850292689,0.02451431675584435
79846.30850065679,0.02394528585270553
80172.41381026439,0.024392182335175542
80503.95784674952,0.024010180218919496
80832.08668286908,0.024433222282753953
81157.27400424522,0.023893436182923836
81487.16662509354,0.023373008178733935
81811.91106941839,0.023908831841737508
82131.99135733383,0.02465097470436764
82448.99375234287,0.023408461805259365
82765.88150505429,0.024043759709004745
83091.43135545732,0.024439965143361813
83408.67970309382,0.023584021058691118
83728.19952494062,0.02397925465765985
84050.27583629228,0.023893107930296056
84375.91080104647,0.02381508503362051
84694.40837859774,0.02411352829949275
85016.30782662924,0.024134515737205944
85346.94876589379,0.023812704438894838
85681.97158203735,0.024052515972211534
86015.84526039715,0.023447786588833588
86351.70438410761,0.02311184331853781
86681.54262694398,0.02345523982447347
87006.53943591664,0.02332571450610067
87332.72823580731,0.02352159790377744
87659.12351766322,0.023670387961358955
87993.66109725686,0.022921634889779822
88325.57442020379,0.022985231776159163
88656.43643275583,0.024310794079323874
88990.26612199077,0.0236097709427815
89325.00953805873,0.023991263624454362
89654.20086002743,0.023597866361386062
89988.39054990326,0.023979582527430005
90328.92550071754,0.024715559864493166
90665.14449713002,0.025203631751106563
90996.10027404086,0.025839153221867056
91327.79284910613,0.02567120790147309
91655.50953033511,0.02363105907869238
91983.56251948862,0.025261590394212198
92316.56432364885,0.024042974044534975
92652.33721799825,0.023744357541660117
92993.93494516451,0.024138081193644856
93334.48406610539,0.02448065489074906
93669.4478040857,0.024609585553032394
94001.00006239471,0.024097416443061813
94328.20554862842,0.02380097131084975
94661.12874251496,0.02443449245946588
94998.89877683474,0.023850722464572222
95332.10903659447,0.023803702895835516
95662.78577683262,0.024094126956074657
95997.5476635514,0.02249318761927766
96329.03163806553,0.023943498900041296
96663.13376113637,0.024284749506282035
96999.91651599227,0.02420915476301357
97334.79561907139,0.024134995302130927
97672.37471938139,0.02429808187731186
98012.0563670412,0.023467583107910903
98351.9240885011,0.02379639323504252
98693.60295769374,0.023395146356048283
99025.98210053636,0.023726452407475365
99358.58138663335,0.02336657693716228
99689.66826833073,0.02341891252965617
100019.66122499845,0.023430850228187503
100348.31457449464,0.0234094329766485
100677.22462458721,0.023980768560441533
101009.75821156488,0.024525940935174996
101340.66851724783,0.024063369060505265
101668.86010847204,0.023430831797472747
101997.76933641301,0.023717721398322403
102332.75492518704,0.023538828960828168
102669.70568415799,0.023896520528566834
103005.3611769106,0.02489617856442699
103346.02300785635,0.02406722696265536
103678.59417390761,0.0238563869780616
104005.97651236683,0.02381927785062737
104338.04020695674,0.024239558408034913
104671.28415539066,0.02426437765092212
105013.66410688643,0.024338458144111248
105350.75161933234,0.0234385526000389
105688.90567335961,0.023879387758814805
106030.26969300704,0.02314451510576436
106374.00779253164,0.024323557287417835
106723.42573267512,0.022968762602674418
107068.10450180821,0.023939563343164216
107410.35459533607,0.02440027402201166
107757.90699557716,0.023663981896615668
108114.38316590754,0.024372500601382182
108471.5266316579,0.024018841759621254
108820.15792421131,0.02383992092931928
109177.85611735331,0.024512674046831336
109541.01622262433,0.024657455359031938
109903.24560638165,0.02325980570258476
110266.51045633311,0.024184476217801603
110620.29343484773,0.024185389826609616
110976.8892211838,0.023890076466535612
111336.57962339444,0.02377500712820208
111688.09430194096,0.023338124046030646
112037.92824608473,0.023774052191306374
112390.17862262388,0.02446870277710277
112744.88659922568,0.02379339125608236
113099.34718230664,0.02417373761084442
113445.0683675379,0.02391226279936693
113798.66793346209,0.023921354272509573
114150.43092371983,0.02367642773936326
114499.10496409616,0.024967471284791196
114844.2765479828,0.02455735986408886
115181.54419734629,0.023952292962843333
115515.10626091294,0.023701495753593912
115853.66130747576,0.024481583728623753
116200.57489247646,0.02567902787009052
116544.38056352075,0.025095701406581853
116886.94965418406,0.024596896133920958
117227.34693240035,0.024825765793664804
117564.82837542875,0.025301450852840607
117903.47737062238,0.024945111938417686
118241.10552544695,0.025321444615645537
118571.46754057429,0.025547216132528798
118905.66457153525,0.024987846338089505
119237.15591867283,0.024879115731993924
119563.47571785268,0.026305232636578267
119897.36428348423,0.02626198164664491
120235.06275341526,0.025143243240469678
120570.92673946958,0.025357760827608513
120907.85391575663,0.02430494226355092
121245.68098885361,0.024488797863210485
121580.28533117127,0.02527451116331538
121920.80933949308,0.025214840527346183
122258.35989028115,0.025208699807914996
122601.90121684868,0.024350484830802176
122944.19870275664,0.025514607749572007
123286.3631316282,0.025385278260653954
123627.97183098592,0.02630720780704715
123973.03721743474,0.025720291410078845
124324.45400649027,0.025470379241824995
124672.15960891767,0.025057987641469357
125028.36724751734,0.02523246746805931
125385.92880299252,0.02477307134970302
125741.62594419127,0.026925152168904776
126099.06070626403,0.02572569854519321
126462.6592495637,0.025051557410435427
126821.92335994013,0.02528122778463632
127179.19346372555,0.024882297677512395
127537.2065847727,0.02527107756504424
127893.57042341221,0.025888365778250943
128253.40048664836,0.02496971475471543
128617.98376522011,0.02470250388988193
128979.76343213729,0.025538062225403446
129334.23686670406,0.02576811291491422
129695.89714321357,0.02462045627569217
130059.85500467727,0.024616466258622616
130426.4180798005,0.02398614341198904
130802.51764411967,0.023977301649972513
131172.70101161484,0.023931760912653623
131536.26006596553,0.023398407957054956
131904.29072087802,0.024084594359619307
132281.21399176956,0.024749216187288377
132653.77623601476,0.024091761738437092
133018.41325767024,0.024376568577375482
133389.2622347066,0.024095816821438795
133761.16906946266,0.023766238726498877
134131.17274878564,0.02470051054639768
134502.12174292482,0.023486058703057467
134877.67445054944,0.02330985202818631
135253.27287449394,0.023419289164051504
135627.21907796102,0.024315273022136936
135999.14267032009,0.02479558505151128
136366.67972019236,0.024567065811327057
136733.7572791321,0.02456145788494187
137103.87646618419,0.025663457693822687
137464.70577211396,0.025711867393810532
137816.8003365115,0.025621755190405424
138180.644029711,0.024835070666996136
138540.98142376263,0.024430804698350725
138905.1375952054,0.024759425972979202
139269.79651090343,0.024965838795263973
139636.797588555,0.022976646332920812
140018.77213849794,0.024562378696692918
140397.5327213688,0.02409047467870167
140773.411158959,0.02423015797704872
141149.56161741834,0.023946389773910497
141522.66141141142,0.023269374621908423
141882.99277168495,0.025441192104423794
142242.76145073844,0.025498027363363443
142597.10446735396,0.02559485181071674
142948.05728355047,0.0245929115636245
143307.46338273757,0.024715216352819962
143679.65133549675,0.02439770980801263
144046.49631710362,0.024299621390330352
144412.78350901266,0.023886054766869915
144778.1659707074,0.02405360514895178
145145.55593728527,0.024608996613570966
145510.96144743398,0.02589593562472735
145870.30533683288,0.024571466145148393
146228.35804160958,0.024813954971865407
146600.40560969515,0.025699103690066942
146975.39585673282,0.026902543026642252
147349.54810386698,0.026389434628823517
147730.7907223575,0.02733925758422029
148107.73394495412,0.02556941386717796
148485.09259259258,0.025025820015331948
148865.19609067633,0.02491518140640597
149243.5753313834,0.025873816192300572
149621.5261678741,0.025760125150454612
149996.60603604166,0.025127544842483317
150372.88034134795,0.02836098352004414
150749.28473220425,0.025988335216992026
151137.90578265206,0.02555092028679726
151512.4139198704,0.02514156783351844
151881.59554140127,0.025238465193445407
152262.62511697548,0.0245410613488082
152647.37819993772,0.024339917142974506
153037.3334584115,0.02440156404094448
153427.51808053776,0.02503637578030229
153812.23906941933,0.024305635444350274
154199.12227701143,0.024039434586825868
154581.94303718492,0.023954308299543283
154965.63395473533,0.024111795210234398
155345.86924758038,0.023892521961888173
155719.82705127407,0.02471339756264109
156100.6255622189,0.023084200600301006
156483.25651740053,0.02285615089303515
156867.62685728556,0.023769564261133587
157248.8428429052,0.024110103661376083
157630.49090229312,0.0243029941318218
158009.75550839523,0.02409795793546231
158380.03814747866,0.02409432229167916
158742.0673946958,0.02346865059053477
159101.2706367556,0.023758160975760508
159460.63415850844,0.023669161319946348
159821.31017710152,0.024006238726725387
160182.4915877368,0.02495649127407244
160546.83669896843,0.024464467671597375
160913.5996390341,0.024324073377488317
161278.68246150008,0.025394068094281394
161640.6913048902,0.02459375787566464
162009.38509588357,0.024282159404448587
162389.94601349664,0.023356936135422522
162768.9153894081,0.024041712197069017
163145.97774730413,0.02338447011812774
163521.447875,0.023617226264289387
163886.2374409351,0.024062599401011967
164262.53800549178,0.02384279811867418
164637.30019992503,0.023968301074830146
165011.06114054224,0.024237071744993757
165393.59503926212,0.024128729133976862
165769.74775112444,0.023184416993983673
166139.46931520518,0.023703972677839164
166510.1469763966,0.023426718862032056
166878.7744901789,0.022811406082738083
167250.16403038983,0.023632312288774774
167628.27483010164,0.02294277709232231
168008.78239700376,0.023665537346864347
168390.55225460886,0.023889963410236147
168767.3393314589,0.02402713469302886
169136.04437242926,0.0240223327589657
169502.45728893878,0.024369718097125584
169867.92849566357,0.023185563458505126
170236.9724271602,0.023563723464219245
170598.93826314478,0.02417506678056278
170966.77623119656,0.02368542266311868
171338.5025561097,0.024141228862291753
171703.440321776,0.023764051484615172
172069.16018720748,0.02320511005667552
172435.15941667705,0.023792966959072986
172804.01252258426,0.02475045915650515
173175.1124656164,0.023963082200797896
173543.3255799451,0.0234265250887836
173905.04146402294,0.024157414410467867
174263.33628815782,0.024752919744532104
174629.4244971667,0.024901263631905306
175000.64023247093,0.02445359870377141
175365.5681747464,0.024018073256535644
175731.42510930667,0.024086897784778516
176099.73202940077,0.024006241624181072
176465.16519947557,0.02291711235454744
176822.61773146992,0.02362587416049322
177187.58268894986,0.023910835947677463
177555.2223261615,0.023348795753812678
177918.5293382491,0.02277033441104521
178286.71780668452,0.02377917990868864
178654.32091045522,0.02401764869203056
179013.70501401433,0.02339460859394848
179367.22721598003,0.023897728724086072
179725.21689298618,0.023345307750130776
180082.0065633204,0.022806620402806954
180437.3449670275,0.02357687936298592
180798.41814546363,0.023500720079867657
181164.5488017973,0.02378546640052446
181531.2818963369,0.023338850701480608
181899.00586729916,0.02307177627334596
182259.54068208742,0.023557362809756576
182624.2595734065,0.023058983811978663
182985.26038936726,0.02302100504986629
183344.53884524255,0.0227658700758497
183702.66710337513,0.02301415477998218
184063.77689616394,0.02239444982883382
184420.454993143,0.022730474859618505
184780.90927783662,0.022708934535141317
185146.25375928122,0.022384518500770927
185520.87590466684,0.022029281242335375
185896.73817841546,0.02307479285891445
186269.33922548406,0.023130780004464918
186636.9986277445,0.023399982404297057
187015.45118453866,0.023616254948029585
187398.21711183226,0.023472098364556868
187774.35562612864,0.0231753532298763
188151.38444722048,0.02377165350882458
188518.3088574456,0.0241386751119636
188894.37525708944,0.024097051905356198
189271.81447228644,0.02507561682961702
189646.1727748691,0.024406847940806494
190022.28153405554,0.024013298237733436
190406.0859375,0.024394534146681822
190778.83188929752,0.024094212964707554
191156.07855984027,0.02408419993550081
191535.13943056506,0.023870544125570867
191913.9112857945,0.024326161488287916
192295.88865979383,0.02370981509887267
192673.31247275672,0.023665647852966473
193052.16817359856,0.023503991463439948
193439.23183520598,0.02326690889769376
193822.1940699126,0.02459475276490226
194213.69465410768,0.02361063846412014
194617.85961190492,0.02410332745900181
195014.6294748659,0.023753064871798832
195398.99226064162,0.023427951512533185
195787.31192032367,0.02374107030967918
196185.4356862011,0.023199620618610868
196583.05400349214,0.022312555791975504
196978.76927398713,0.023225278273695294
197370.8617531618,0.022182829849107074
197760.33054549995,0.0228182173006738
198145.9116766467,0.02253094636632081
198532.95590619932,0.02320781370955262
198925.06256237524,0.02313123917807788
199312.84499314128,0.023055914676285424
199690.7008621767,0.02309084050292431
200071.77865070457,0.022903704443949804
200448.23947089288,0.02298719113080641
200820.4303064275,0.022324965755549715
201201.67831077287,0.022960754176507413
201580.81274601686,0.021710457250212926
201962.00642545227,0.02232811355713329
202350.95611793306,0.023114766942472314
202734.69274892448,0.02273427890742203
203113.7481740433,0.02349946539372404
203503.6045786289,0.023057427184889075
203895.06355140186,0.02304693036424209
204284.7432837686,0.02280533194314242
204675.72176463247,0.022870818887022568
205061.064017935,0.02244993013063346
205454.18664501217,0.02279839959497511
205849.20973876177,0.02305319776963937
206238.181982431,0.02355533387001284
206631.7759870065,0.02351686305785111
207019.85067929703,0.02324316994769435
207413.720125,0.022820225933354536
207805.9005979073,0.0237092301043078
