D,r2
30.04608980077312,0.7751081561565045
40.57288732394366,0.7533839156716997
51.09048760991207,0.7381514161567855
61.5893052018916,0.7331867724910116
73.6140586797066,0.7174809780899596
85.54367801216513,0.7161440243614593
96.03303663129066,0.7126946282632831
106.60012903225807,0.7075154910341581
118.55693691310674,0.6994051930254994
130.5818255468539,0.6917185264875593
144.12073639033204,0.6853762843956105
157.59618939286221,0.6734593684766685
169.5903474342201,0.676562084425299
183.0820192986585,0.6665622645755384
196.65713430154216,0.66586888190446
210.1879564228421,0.6614772188003236
223.60712102689487,0.6534011499052357
237.082096933729,0.6600468406016889
252.17215158314636,0.6477638462510968
265.63468338154934,0.6381128810333794
279.21139143730886,0.6305532049205279
294.1176392923158,0.6372155511816358
309.13377135348225,0.6321399359232662
324.19807464064354,0.6275826407622558
339.22132824219284,0.6255451959623692
354.2495307052829,0.6231837499123085
369.2355683532154,0.6242153948040059
384.1720354480236,0.612978173941596
399.2456140350877,0.609530126543797
414.1992737835875,0.6062758384226137
430.7436928702011,0.6106343612488002
447.2421254047689,0.5999974898383105
462.26883940421766,0.5961457120236532
478.77691068995415,0.5860370831712425
495.26722433460077,0.5856551165011751
511.87514289343324,0.5774101616323717
528.3380895163713,0.5730458555439701
544.8707901139711,0.5676055755667078
561.351906614786,0.5743209310371945
577.8072399372713,0.5652474641322944
595.8152631578947,0.5655667867576565
613.5179826374535,0.5628697259276784
629.9121725731895,0.5583800844208389
646.9150511577814,0.5602905097160462
664.9509413219733,0.5504704536418612
682.8875788319167,0.5580036807547255
700.9937931034483,0.5560391904280998
719.0406069973303,0.5484276406141089
736.9945538332635,0.5499169899763824
755.994549372544,0.5513394624304457
775.0764465718711,0.5337140616305848
793.5169790817713,0.5305307909107965
812.032303768773,0.5335007464583188
830.0481268011528,0.531034806968882
849.0159214541595,0.531545434075473
868.4897034596376,0.5157242525619156
887.1084408841418,0.5133936452182455
906.305710940549,0.5103179290480518
925.7718537783558,0.506018784785773
945.2367906066536,0.5053883668419944
964.7970842011306,0.501183669510301
984.3673768308921,0.4960212119819333
1004.7766675668377,0.495365978060231
1024.4822564682595,0.48865418107485425
1044.312491373361,0.49262429633515165
1064.6668970283345,0.48773691265277574
1085.1709551394315,0.48976847789499833
1105.5166617947968,0.47605636702452647
1125.696744563015,0.47523526865955706
1146.3641881638846,0.4732669748037186
1166.9905673463727,0.46694248308998954
1187.9378048780488,0.4693664651915896
1208.5749894381072,0.46375096649976116
1229.082472826087,0.4603028543591824
1250.2150463283087,0.46474651316109
1271.2043132803633,0.4566255816640296
1292.1477257111446,0.4502414513808303
1313.289658014009,0.4534970692573899
1334.164521544488,0.4471889872992707
1355.577028885832,0.44341682076648437
1377.4112085502877,0.4383129701592352
1398.8302022085186,0.44501459506639646
1420.950258654994,0.443564498072562
1443.4154080642927,0.4404840641845958
1465.3669878508588,0.43745244508587805
1487.6073160593044,0.43065793208316266
1509.2860556648861,0.4335001999046116
1531.9038590829637,0.4352385963603779
1554.5524744027305,0.4262924867335308
1576.9494466457165,0.4228411885019897
1599.5117941386704,0.42365705096724066
1622.3983989326218,0.4214265767607091
1645.8015542603387,0.41151459788035233
1669.390323903239,0.41089124011106437
1692.9779113658606,0.4133704598379147
1716.583851790405,0.4071225032349645
1741.1009463722398,0.41029831365916875
1765.6483762597984,0.4150339155740594
1789.9116007071943,0.40415520855747195
1814.5025161754133,0.4023793064742151
1838.9388366707533,0.40436076197179915
1864.5281296826045,0.3933011723584597
1890.2486331328596,0.39553186768725956
1916.0515811665496,0.3845717646520937
1941.0151515151515,0.39461539751880187
1966.468162184757,0.38006509829515295
1993.0033751856352,0.38922056470860367
2019.5980019698889,0.3922204135952803
2045.7753613020907,0.37488765047839
2072.8742225293713,0.376099424837355
2099.8781684382666,0.3770483943147929
2126.851544107464,0.37536558807327963
2153.9939134043434,0.3678971007625392
2180.9724517906334,0.36899240994422244
2207.887607668797,0.36771046514341565
2235.4989154013015,0.3592952227076212
2262.9811507936506,0.3649735942468391
2290.534877346855,0.36212217513852857
2318.6211809836964,0.3599299824482555
2346.4727272727273,0.3492872703573254
2374.6955739972336,0.34597690261206954
2402.9135902636917,0.34491643670326316
2432.079151943463,0.3458638175941461
2461.2293677770226,0.3404081154032466
2489.4370823261766,0.32641118178836837
2518.446860559935,0.33535527404747245
2548.1036225779276,0.3193244214950626
2577.0733740967203,0.3308722968232906
2607.0942914707857,0.32640925007912314
2636.9623556252673,0.31916663708833815
2666.611224628797,0.32238640793636375
2696.6985123515765,0.3202080071592673
2726.443916748149,0.31682233833519313
2757.1558746375813,0.3196370105764974
2787.8189151599445,0.32009237622214093
2819.4804522544614,0.31472658993989194
2850.971521677529,0.3233168010931286
2882.4373105538716,0.31296375060203785
2914.4928728070176,0.3185960662771169
2946.447642886942,0.3167054562067182
2978.484292465944,0.3129899313790239
3010.3843616875088,0.30899846494706873
3042.599690228105,0.3028589701180554
3075.03438549362,0.31146787085523936
3107.48411476557,0.30744786582381084
3140.1050391322256,0.30455190511310337
3172.58084248575,0.3016607666963339
3204.920782327283,0.2976964946404888
3238.5562449420017,0.3006938823078356
3271.8738601823707,0.2935634250823566
3304.877894736842,0.28844168034797707
3337.8517380985622,0.28179622935317206
3371.346300326442,0.2839255622497859
3405.435003431709,0.2809610614761806
3439.0353471342064,0.28011605206355783
3472.9782337446277,0.2773432485924521
3507.9862734438707,0.27282996472044413
3543.156006674082,0.2649814428972319
3578.6169181780424,0.26507767714349784
3614.070119411275,0.26105177160569504
3649.512675668228,0.26747267145348025
3684.990360782154,0.25724428875576916
3719.8927471296556,0.26092357507142355
3755.605914052784,0.26229087757350156
3791.4024255788313,0.2626533583248033
3827.240516999157,0.26393227490062793
3862.344566247124,0.263616341002453
3898.4999294084428,0.2550774025590782
3935.0986977381767,0.25776214882390724
3972.1331961591222,0.25480662717253727
4008.830002775465,0.25571217309916605
4045.2799888283757,0.24612529195698804
4082.457507466739,0.24561433937807697
4119.66592613163,0.2423251429336706
4157.497007654836,0.2370879701277106
4195.46426092991,0.23873617855720078
4234.2120462046205,0.23573739112771713
4272.381093265709,0.23248539076175326
4311.5373214766905,0.2294365323205721
4350.39000851547,0.22441936730816167
4389.034686043323,0.22911559176385846
4428.379187259748,0.21808255788329206
4469.019588908815,0.22417828200535106
4509.5781446760875,0.2145588517164938
4550.055886014663,0.21703288140410903
4590.753498683664,0.21750619560519338
4632.417397260274,0.21725942724535227
4674.010827318157,0.21845295461953826
4715.535234439265,0.2177740719873497
4756.487165021156,0.21179946619644552
4797.490499457112,0.20963930627590216
4839.414204466639,0.21022779253106275
4881.452269601101,0.20958356643605602
4923.302405973452,0.2038622499552957
4965.158302791091,0.20781051399484407
5005.850625869263,0.20357091100557437
5047.455247122546,0.20054546412750976
5089.110939691444,0.20379571609200128
5130.440419447093,0.1987787518836784
5171.501694915254,0.19712381683529012
5211.994613259669,0.19492594943083386
5253.191182586996,0.1964130916250004
5293.819417742378,0.19771217242891526
5335.058185810347,0.19909338592227607
5375.369822485207,0.1974776695524137
5415.4264042640425,0.19236646313692082
5455.387119209904,0.1912269185967192
5495.531755915317,0.19622360964536004
5535.679927667269,0.19664250935777114
5575.788950276243,0.19364828245513405
5617.418070652174,0.1976133841200915
5659.0684647302905,0.19739833922971908
5699.8086823431195,0.20086270396566924
5740.9298221425615,0.19027756092472398
5782.290571231934,0.19190981142950123
5824.307278742763,0.18703751538856248
5865.512791358727,0.1887286672473737
5906.822727272727,0.18667152040642723
5948.009915783754,0.1797050894075609
5989.149214295648,0.17590787076503078
6030.633296612504,0.18381962109061503
6072.293426573427,0.17786024473214784
6114.463826255361,0.17309511933581379
6156.877207392197,0.17383208013231358
6199.477770034843,0.17104906372822634
6241.572279147051,0.17321665383463897
6283.929229480737,0.17112667534511133
6326.936635006784,0.17120192295195208
6370.015429524604,0.1698524815924752
6412.724555846302,0.1687199985540036
6456.320579547053,0.17263083909174623
6499.276333789329,0.16499434360418236
6542.916503769897,0.1685605961482479
6587.051292572835,0.1637764437403235
6631.368592006778,0.1640138753759824
6675.574415744158,0.1616292595895218
6718.9934011547975,0.16359974087277462
6762.225491544067,0.16000431069336887
6805.979679292231,0.1596542967547068
6848.225280181586,0.15914719043540115
6891.452178605153,0.1536504541119053
6935.59518539015,0.15328869156096722
6978.929601119664,0.1518689209709688
7022.411610950612,0.14906708322565926
7066.137426077162,0.15020051880110563
7110.8488864598985,0.14942463669924844
7155.893058419244,0.1546190211436739
7200.339716902581,0.15410497142458718
7244.552569280045,0.15618149902202358
7289.309073464912,0.1525625805176197
7335.361065121413,0.15596398889615712
7379.614641657335,0.15054178961433
7423.488546438984,0.14685140681651485
7467.73191312768,0.15029426214964248
7513.013209121245,0.1475967771866471
7557.649017467249,0.1450520209004037
7602.724423581389,0.14041581006601508
7647.371448371448,0.14391003231683558
7690.854667411962,0.1408207191474036
7734.670465337132,0.13875568020930978
7777.969459232278,0.14138495147633356
7820.7579838933625,0.1326368818642154
7864.024259131634,0.1318798368904498
7907.104433909649,0.1354547178782115
7949.854673672567,0.13527517351128412
7991.280087527352,0.1390189511794203
8033.448842624298,0.13371794746237936
8074.355699957621,0.13845672780144072
8116.236727470732,0.13398336273465036
8158.5281621243885,0.13378263001582338
8200.691927512356,0.13130888567077875
8244.503359385712,0.1294277292209006
8287.350538536859,0.1281635000457325
8357.382395023327,0.1258725011902361
8454.922946602246,0.12357181970121604
8553.430366295786,0.12339714868799591
8652.538537917339,0.12277758296937627
8751.57281553398,0.12031105034623431
8850.293664117391,0.11910145667348013
8947.542322896405,0.12231840087158777
9044.215327781603,0.11882080262199644
9141.694475481068,0.12065819408515853
9239.313106036909,0.11224880416510002
9338.14680666004,0.10955802894015212
9438.037292384832,0.10677077178224813
9539.809394145677,0.11142762587705171
9643.362170639899,0.10899819271337961
9748.37401918047,0.10981842152454382
9853.894334224766,0.10963148984259913
9957.677508131099,0.10865006400525688
10063.406542926314,0.10701910929909333
10171.281509716928,0.10646180110569106
10278.127006018054,0.11315640202855547
10383.756450400802,0.11140505888553612
10488.846766722254,0.11371618422179931
10593.26441464026,0.11329598443767741
10695.319126365055,0.11187658343607734
10797.092540661806,0.10998113584915511
10901.195111305107,0.10937514786242752
11004.77048365038,0.10780687163223063
11106.728656435953,0.10868391036687813
11205.592962939816,0.10826341439660456
11303.7372412507,0.11038718005822447
11402.929318068691,0.10809694583830641
11501.77875996016,0.11114823182960586
11602.155682603505,0.11494415089411067
11702.037192149019,0.11330905351703037
11801.205332668826,0.11257305806110518
11899.152900043704,0.11006165950838435
11995.352407015798,0.11088956201944995
12093.590804597701,0.1098033201533665
12191.945322297466,0.10886846396231085
12291.686715546166,0.1092395555053978
12392.549791886688,0.10822275122524276
12493.10334251377,0.10597997357842505
12594.550942689475,0.10516944300855553
12697.360469448584,0.10360658149210555
12800.556138706654,0.10590232084952858
12904.515257192677,0.10761145106554493
13007.975961538461,0.10419541183497202
13112.03853612762,0.10538755586293738
13215.344116733933,0.10617329914458459
13320.864557988645,0.10757784720961716
13428.582184517498,0.10943749918381418
13538.08185785536,0.10983106493979233
13648.443688775193,0.11171413423680977
13754.967856919517,0.10976932883283742
13861.04325,0.10915233866221387
13967.79489904357,0.11535005446186034
14074.02999875265,0.11650208185254833
14183.195887781012,0.11207800948954187
14292.40273144943,0.11741048896221727
14401.595267591674,0.12123129055965803
14510.252340531768,0.11894674688316129
14617.991754122939,0.11710171172091158
14725.399761486316,0.11743354210362117
14831.537390439486,0.11736602919015188
14941.0357231765,0.11866992288031138
15050.902867830424,0.12001329621595164
15163.054465283816,0.11759000992803373
15274.052444277955,0.11961690463406074
15381.464666750346,0.11796465491656352
15489.303501217,0.11914267111398247
15599.372186994902,0.11879060239795121
15710.592742942792,0.11606656592141117
15825.503549190535,0.11252331319400097
15942.108646757466,0.11171151807695273
16058.447596483571,0.11072168560840662
16173.54784404531,0.10865860251341848
16287.703545042528,0.11102275754503765
16402.63341413388,0.11440354680533252
16519.672762694823,0.11351548001696207
16638.416187117135,0.11491658496145901
16754.488306653326,0.11414420464514154
16868.25502895933,0.1123310713340798
16982.813242465923,0.11548633626647307
17097.52114171507,0.1182764789595442
17210.675112895133,0.12016402895787488
17327.57343914688,0.11586422254236778
17445.322252077734,0.11888023516578504
17564.236716176743,0.1166261191685202
17683.00627470666,0.1172884691648421
17801.829517172722,0.11449078608544379
17921.324472731812,0.11207292110749485
18042.312609347664,0.11299407052013329
18163.60665592464,0.11436384584278524
18288.577453365775,0.11291821090410085
18415.463856546914,0.10990105044229839
18539.51807304786,0.10917467393597259
18662.55478044223,0.10631821325166281
18786.748416739105,0.103061611362215
18912.97550612347,0.10674945780238075
19040.905621742368,0.10484883744971461
19169.85515215897,0.1049493268312499
19297.367948638035,0.10537843497095728
19421.208174250485,0.10451954631189513
19539.5633125,0.10186434004691916
19654.631815346227,0.10177716444131409
19771.979674291397,0.09995403179273298
19891.47106713427,0.09363186387006904
20010.59381200397,0.09088586640801803
20128.932668798196,0.09184215431144277
20250.091203588338,0.09134930105440275
20371.243604073523,0.0949926007939269
20493.244363727455,0.09516563600477028
20615.741927471434,0.0954376334656774
20737.542058417952,0.09095923280770395
20857.570775683966,0.08747460932363686
20978.843396695243,0.08403115400704379
21101.12137071651,0.08385375067419357
21224.21921828172,0.08150578975384674
21349.989260661743,0.08032613346197325
21477.49059551334,0.08189091979524558
21608.35020357031,0.07972556371726851
21738.904859813083,0.07950606861718693
21872.427823158945,0.07674547110986113
22003.657911116643,0.07649905401000627
22133.151712071984,0.08084264341053685
22263.040799850958,0.08473499593562367
22394.075093867334,0.08096292946627055
22523.393649603102,0.08511266017802137
22651.995628551802,0.08340410563533582
22776.76949978143,0.08027232734580857
22901.939723811895,0.08033948091336278
23027.78865850612,0.08128860842999015
23155.97812345067,0.08077501277691403
23285.97179231153,0.08014775451517413
23416.29384451277,0.07965331087122166
23545.108067729085,0.07725325563335302
23674.747686191688,0.07831680344613717
23804.135287485908,0.07622027489601217
23934.839895013123,0.0780388354715171
24062.59836167308,0.07603601807995014
24188.45247456781,0.0757191084368996
24311.921461073365,0.07372986082892474
24435.753787404534,0.07009936948353962
24559.06660027387,0.07125954298232495
24683.580310232675,0.07154614616947554
24806.738518979466,0.06951057927557755
24928.239818441834,0.07019544116036597
25052.37492948919,0.06847787371215565
25178.30190208918,0.06802214331822493
25307.926331508213,0.0705227469319969
25438.70988310308,0.06997430614171898
25569.58434296365,0.07100781656119687
25699.741423643776,0.07226222812134135
25828.579595645413,0.07127281846913466
25958.43287962038,0.07242360176062973
26088.8072319202,0.07206631878729113
26221.614194835973,0.07531832700996198
26359.260567314257,0.07460311992487045
26501.47256592926,0.07419450599154229
26641.274370481176,0.07270737632910883
26775.646457723222,0.07384230572325803
26907.122169959235,0.076606818158333
27038.178408165822,0.0787933544319531
27170.086301029904,0.08101903832213712
27305.16586733105,0.07837604353564691
27440.228806687042,0.08101854992608448
27576.26601662604,0.0827395532664736
27713.149027406624,0.08165471330614209
27849.624774129228,0.08124719467918899
27988.029786166677,0.08361166561842119
28124.388157894737,0.0841735760261382
28259.25404287326,0.08007533421942221
28395.70519147873,0.08032174800124382
28528.39572692164,0.07872371205792855
28662.497301656225,0.07934123638365961
28800.305839780383,0.07759907342259353
28935.437178683387,0.07805872888572545
29071.080019849884,0.07904900905707342
29207.027746390457,0.07828560040116973
29343.219112627987,0.0786776241917752
29482.363999500685,0.07718506858374515
29622.092585622882,0.07533775744552647
29765.22501703736,0.07150899448502772
29907.860568773933,0.07479477311600527
30053.236274631305,0.08111631298707295
30200.302929760863,0.07974895008899481
30348.938064114536,0.08115539874061604
30497.703309100027,0.07802018522745294
30641.76279650437,0.07633806988020825
30784.428819121928,0.07276582506737805
30922.605901146402,0.0698920512842912
31067.06549510812,0.06526310740195672
31212.358373922816,0.06498739231891276
31356.07962674961,0.06691323774676346
31503.90539184953,0.06781558923784624
31650.20823229497,0.06919816968773175
31797.593767493934,0.06819464861996082
31948.289485152214,0.06749271683136025
32100.931129649376,0.06526512884980835
32256.914979757086,0.06488291302468834
32416.726058184544,0.06876947411424544
32576.332792410434,0.06924102666634027
32737.587784356496,0.06692711793115645
32901.663558373744,0.06608155481946063
33064.74248308694,0.0651850579923673
33228.120161290324,0.06701668721713115
33398.7390056765,0.0697836468251139
33570.456416995185,0.07357479412467344
33742.721750530654,0.07322783531053166
33917.1687973191,0.06968976242312291
34085.494368664746,0.06878711938298782
34251.545064377686,0.06559420518701059
34418.194399299915,0.06870061784052653
34584.44889442541,0.06712175291384585
34753.76188691034,0.07088901948490074
34915.60782971307,0.07471697619169194
35077.20888916594,0.07412678574467735
35243.55716787591,0.07514374089889131
35412.29004922425,0.07610257706259176
35585.08595845549,0.0752751360263994
35759.870670321456,0.07558261297634694
35936.92782152231,0.07655671145614243
36115.60728997628,0.07531332033412148
36288.97473802395,0.07526562579498555
36455.939799539316,0.0749056081506293
36622.65961044654,0.07424713253584438
36787.84230435322,0.07002224141060427
36954.859908812694,0.07090537206942844
37119.055785382974,0.06824540519087688
37282.449801439565,0.06669471042713267
37442.998690854685,0.0683176296876939
37601.698307625054,0.06638497580578903
37760.639293074375,0.07107120938149399
37922.42481132664,0.07058571791142651
38084.382219176376,0.07093156549337436
38245.07899529042,0.06919949582084038
38404.14915718107,0.07029128459001269
38566.56789047916,0.07178461585301713
38729.47332753047,0.07195860681104813
38893.15128253136,0.07174321899396995
39058.99619819258,0.07020160727268922
39227.28643940343,0.0681255991890752
39398.56870181547,0.06944818174540611
39573.33972636971,0.07043927296025301
39752.44445137546,0.06823146206835165
39933.50927951009,0.06838653780164297
40119.15110060938,0.06892609637325316
40298.697626354355,0.06801466222287107
40467.32415122497,0.06800953771703074
40635.18505804519,0.0638656992189779
40805.96022478926,0.06399322439320783
40976.03373373996,0.06635336239536342
41149.008468771404,0.06445429322931631
41322.02580082264,0.06827383424325109
41499.02481094932,0.06950294591043782
41679.29117243102,0.0708154972708782
41855.71760299626,0.0732560252356486
42028.52885572139,0.07158213864903859
42196.53137683422,0.07226451954011011
42365.150737812095,0.0703736222168199
42536.46763490672,0.07375931335796926
42710.68648816936,0.07273348836467966
42888.348440332564,0.07050105782211483
43071.06821299414,0.07527472061568408
43258.094660194176,0.07663349352529167
43451.27484433375,0.07777941146189017
43642.04303892216,0.0760080716652425
43828.11948425862,0.07611001450213627
44010.85856884397,0.07456735082855684
44196.36936599963,0.07544118457964907
44380.29627550065,0.0744063337187034
44566.63869114525,0.07153979010384563
44752.73162244454,0.07233884605335308
44948.23133071308,0.0721137136027778
45150.4162199227,0.06917471924522506
45351.753720145054,0.07093961229823419
45548.787212849405,0.0737201574621874
45748.30520937189,0.07114977824538525
45950.1655728483,0.07320640428426461
46156.79812967581,0.07629431350150225
46363.590507038745,0.07182951369430934
46571.54750905232,0.0708967268292242
46778.016570111504,0.07455690284986138
46986.56438116648,0.07243294731650983
47196.62039059088,0.07252756178112509
47410.450394094834,0.07152919018591128
47625.72324378233,0.07254473917830927
47845.81420184861,0.07238238404404987
48066.36671649227,0.0747889463277757
48290.62250499002,0.06762565145970988
48525.41971778455,0.06808528991644715
48765.528299524165,0.06896915558969381
49003.49875435974,0.07026295379397567
49243.44491604769,0.06997422322458043
49468.99320702979,0.06521698980787705
49694.255973120955,0.0663685734118958
49921.10046772685,0.06540055019174223
50153.44626445764,0.06862195983110468
50385.79459560426,0.0658276075592651
50624.67566724869,0.061179386713262146
50867.07482780213,0.06394564372153684
51110.769623404914,0.068294934863681
51355.40726183792,0.06998139879271423
51593.14607861459,0.06460509650419696
51820.94507350641,0.06652346862536786
52048.98650329643,0.06426438672720211
52282.532508900134,0.06541821868888097
52519.903276131045,0.06698450963261428
52756.709518463074,0.06817737044899508
52993.634479745335,0.06829361688959575
53233.81143711456,0.06726209807569448
53481.44382232176,0.0714650661719603
53725.008778530224,0.07266088113857751
53973.77289650037,0.08064149629122021
54220.227461074835,0.08670505191050719
54460.0377112326,0.08358403968449134
54711.58567774936,0.08789232508019251
54965.78546066156,0.09324272770192686
55213.72926008968,0.09836689691438376
55466.901354810514,0.08997428803152753
55723.413227777084,0.08644065378896225
55985.1542450178,0.08319970082160286
56246.9524431995,0.08027683033222906
56517.95071522269,0.07910512697514564
56799.939267472284,0.07369071463597031
57099.25749139819,0.07744361730321134
57408.86192962825,0.07519897785697507
57721.71822444514,0.07299384801371543
58035.17549111319,0.0699775737658886
58359.34327055008,0.07298915174335617
58686.76534363512,0.07025227901408183
59003.45058992446,0.07093809440541492
59306.448591724824,0.07952967972775771
59618.88525101341,0.07952212307625485
59929.69629167965,0.07055786655283375
60226.64133833646,0.06862543052494607
60511.691344956416,0.06947921422987793
60791.58058264566,0.07108720606478461
61073.549077076575,0.07325774041913526
61352.79857597902,0.06767311557220275
61620.462198991976,0.06687439673001254
61875.46714419184,0.06648029156795089
62127.361166750125,0.06632387508491351
62380.48108444999,0.0691719734671078
62628.19202041579,0.07161562507454264
62891.81101329837,0.07236105787958426
63164.29470198676,0.07099332836149337
63437.06053253702,0.07075470436416662
63726.82844272039,0.07584196045236075
64026.42526590782,0.07340063166714256
64320.23655176713,0.07545663858317746
64611.96870909431,0.07608245182350737
64903.97854559062,0.07928687677939666
65190.81773337496,0.08479819891944541
65474.83379018191,0.086707864721164
65754.83883264592,0.09219752229895438
66027.82899419367,0.0985434522072628
66288.00411779385,0.10212458126622959
66536.15566625155,0.10422714946603966
66787.4562082527,0.10339382623137566
67046.38325552443,0.1003338684810111
67316.29791744606,0.09424846848002946
67605.97043413174,0.0879907580609734
67898.66421078921,0.0940599002453037
68204.34332730786,0.08651079428096184
68506.47921211744,0.08339467004361344
68803.39876110625,0.07796003501620402
69110.55579078457,0.06698890120880618
69412.80304353249,0.06470913327281606
69712.57918721517,0.061103891525889
70014.22160647572,0.06015620535738691
70323.7114688631,0.06525286881331116
70630.86754057428,0.06901496662879546
70949.07428856094,0.07164695368042137
71273.15985269334,0.07591332188350745
71610.13947828258,0.07761244503111871
71939.09960706043,0.07621726280754816
72265.11373698323,0.07393140967164342
72598.61926462327,0.07573224936157698
72913.06884080563,0.08156036299835875
73206.78475643984,0.08268715231846732
73485.24002493765,0.08294467015826315
73750.36152312103,0.0800586431748796
74011.59873528675,0.07813573270031793
74286.49810146281,0.07429735095564814
74569.86329050767,0.07079621245888894
74843.16384745023,0.06903955333308032
75111.4235411223,0.06823884148049406
75386.74527475279,0.0735596169649187
75651.13905343892,0.07406988339835201
75927.00292743693,0.0788327007310667
76206.71270614692,0.07795344632482144
76487.77800571926,0.07487811010263538
76770.90757141075,0.0744517061112606
77056.69536713287,0.0751905122159013
77335.39562363239,0.0755842794842194
77622.2439935267,0.07415572897825656
77909.6358974359,0.07671233642907373
78219.88843876596,0.07432047694755911
78535.77372580745,0.07209024871859976
78841.36468018721,0.07496753207326007
79139.9241998877,0.07923482755450621
79432.02484588082,0.08069934558843093
79735.11247967988,0.0755678393306153
80040.5569486028,0.07670469898875995
80348.00815640371,0.07554625004417634
80682.70723950864,0.07496844374969638
81019.12150174912,0.07497751282822278
81349.26578405045,0.07786287411631512
81685.14781090184,0.07901712419614099
82018.62157107232,0.08856941380375725
82351.78696194635,0.09584021370104294
82709.2461672691,0.09007060581599292
83064.17818567772,0.08952391613037987
83411.85016814049,0.0930895576439397
83753.56353763575,0.10162830045674966
84107.86770670828,0.10226972090203328
84455.23603491271,0.10331810091953374
84784.40814163706,0.10642929568139903
85114.22093240966,0.10924720398003791
85448.8674315645,0.10925499298574085
85773.95347967074,0.09881966575402236
86089.91206735266,0.09202957244818433
86409.81673728813,0.08940205357032605
86721.81640942323,0.09426954191766303
87028.50885949588,0.0964931637097896
87337.08715967853,0.09488128660763819
87646.99438832772,0.09223079557980035
87961.25756535846,0.09664028896540346
88277.1125662613,0.09260174814587864
88576.27540574282,0.09184410741989056
88881.88543095921,0.09097511198631394
89186.51779814226,0.08982087671972253
89496.94611114576,0.08962698319817411
89813.64885114886,0.08271411316632517
90128.12036633231,0.08704907314600283
90450.3527798554,0.08524403708791513
90761.722594378,0.08306990698813492
91061.97730240657,0.08518867640394605
91373.12107791155,0.08296317948732086
91720.62773449672,0.09139477187441497
92098.85284760776,0.08226124297063281
92466.44468736336,0.0849699464619989
92840.63108427735,0.08257837837654415
93234.560401847,0.08026361602743398
93646.69741191145,0.07997611433101946
94069.72294426394,0.08395116998781518
94492.33275217933,0.09886387757988825
94888.4115334207,0.10228625212446081
95311.3180315599,0.08066671520313018
95775.85711609318,0.08663882137435408
96233.71249610471,0.09366969917563191
96662.30247490805,0.09779016699353191
97069.25006239081,0.0996001949627885
97470.78716637565,0.11086399573769974
97867.84075716874,0.10332317871892799
98276.40230673317,0.09717020475653669
98678.39002366422,0.09601557816988589
99064.32462593516,0.09205116783579202
99448.24529834426,0.08485965994906917
99859.38248302498,0.08204907210907954
100257.3222603809,0.07713108930523424
100644.3011597456,0.07657607118055118
101040.5134730539,0.07888268733279111
101421.29621783289,0.08156953585234132
101804.2490325802,0.0789158240207414
102202.85866716586,0.07495757346214178
102604.85204558192,0.07851863997435297
103020.02286071205,0.0800232617952147
103443.88343099364,0.07619007055823238
103873.75911726202,0.07411777573818752
104291.15503343123,0.0744791636456235
104676.94557695904,0.0843744214267576
105055.8650808516,0.08731859287639172
105432.7466367713,0.08722130630085904
105807.25424151696,0.09712913512163192
106175.83340612716,0.09676754944663804
106513.7760114706,0.10104131496233489
106841.9124610592,0.10695561243852585
107176.21295485807,0.10486287491658096
107519.34015728373,0.09382771805319134
107873.00604399027,0.10084304137622876
108220.10607948175,0.10279300916616466
108570.42727727102,0.09790115010931942
108941.20829183266,0.0977804293816742
109306.32532751092,0.10534290077295291
109675.94997192938,0.10990733297840322
110041.20058665668,0.10323336336571926
110391.92141833364,0.09574648190846266
110726.10395205095,0.09599775038601906
111058.34857356422,0.08865825131792608
111417.7522654834,0.07880725603463676
111789.01898655378,0.07233812655815816
112147.73338326155,0.07204905206366626
112482.59246318942,0.07377832822810458
112830.77730540794,0.07112939415037425
113188.33231688345,0.06710254690819921
113541.41173163419,0.06848722003455615
113908.7604827672,0.06867535722622405
