D,r2
9.086166007905138,0.3234599937369802
12.095157179269329,0.2805046303694166
15.099823321554771,0.2440895348182895
18.113513513513514,0.2462511985512025
21.087224669603525,0.23342223480277502
24.104799216454456,0.21279732546336938
27.10546875,0.2019798727493757
31.515313563441907,0.18950964510373824
35.959221501390175,0.17952224835810757
39.08457711442786,0.17535261257889237
42.118110236220474,0.16453781784791896
45.124378109452735,0.15791590316482013
49.60997506234414,0.15180535227369762
54.091375770020534,0.14767885736461642
57.10369609856263,0.1516205380462033
60.104145601617795,0.1441178111095721
64.63335114911811,0.14014004167312888
69.10602910602911,0.14625239781002472
72.11902113459399,0.13446337316451476
76.62768240343348,0.13197770115917723
81.10987791342953,0.12713133564295287
84.11612175873732,0.1219198746816014
88.57371428571429,0.11975125115819686
93.103711790393,0.12853369523741048
97.59618717504333,0.11213580278310943
102.10680751173709,0.11309762811444675
105.1191011235955,0.11303820526836006
109.62521008403361,0.11246329179967147
114.11744966442953,0.10514006328213278
117.1383495145631,0.10536953232927793
121.6258218768679,0.10529386677782335
126.16043956043956,0.10750389726287424
130.46543209876543,0.11053203837887947
134.99680170575692,0.09764246560010906
138.10131108462454,0.09750102685680273
142.67495559502663,0.10145146021719952
147.15674362089914,0.10371860507140925
151.48086419753088,0.09978687371361794
155.9708423326134,0.10302510589342583
159.16229116945107,0.08927036143289523
163.634401972873,0.09577881612195793
168.14901477832512,0.09710386719833333
172.62447257383965,0.0978791323143245
177.15065243179123,0.0999298255838866
181.52926525529264,0.1006708013283815
186.1081081081081,0.095361000201429
189.17016029593094,0.09671508946462756
193.60866752910738,0.09605741092480867
199.50065274151436,0.09005988373287131
204.02191464821223,0.09404235503082013
208.47555257870061,0.0993103919246525
213.05088495575222,0.0844248395981107
216.1607795371498,0.08215933044788545
220.75742261528742,0.08895162917956398
226.4738311235171,0.09413142202099449
230.99881656804735,0.08770766410543174
235.49221394719024,0.08583288154990848
239.9942396313364,0.08713117558131912
244.74420145791916,0.0935606990552314
249.2153846153846,0.09085062562390196
253.71630727762803,0.0904583308447046
258.1659634317862,0.0900931909745166
262.73556430446195,0.08739924343966804
268.5975954738331,0.09058698195258827
273.12073490813646,0.09347661774040769
277.75277234181345,0.0874148561866569
282.2226720647773,0.0928556912947541
286.7319236016371,0.08826280163852836
292.71296952515945,0.0849755324662103
297.23893805309734,0.09558323921767811
301.6990902729181,0.08942628458979687
307.6067261496225,0.08124018680146013
312.14535666218035,0.08594467709872101
316.6949384404925,0.0894620017781545
322.63711495116456,0.08715666671937022
327.1038186157518,0.0882484846393201
331.66571834992885,0.07971794544538748
337.5969811320755,0.08267729185807364
342.17661691542287,0.08007587750580573
346.7703756201276,0.08790283160211115
352.76194029850745,0.08598790613674188
357.2828685258964,0.07527707954352929
361.7705263157895,0.07566576148179995
367.7625,0.07698954112921838
373.52457627118645,0.08252504096309463
378.02787878787876,0.07543716378640528
382.86899563318775,0.07258073701773024
388.6261467889908,0.07650216543747788
393.2041884816754,0.08313619581359877
397.75128017556693,0.07415292980361957
403.7842866988284,0.07318509270450801
409.4954356846473,0.0747327550052575
413.9813736903376,0.0724955832158772
418.8249818445897,0.0742849804209971
424.63425925925924,0.07594083892990205
429.2078947368421,0.07407632044592072
433.81705539358603,0.07346010506891296
439.8665158371041,0.07374670606110689
445.6539074960128,0.07308828821486896
451.3052373158756,0.06893748479806801
455.9904988123515,0.07225590376326371
460.8826219512195,0.06680919946449573
466.91189759036143,0.07126986634700934
472.6175986842105,0.06884312923150626
478.2985702270816,0.07222969820565922
483.09768637532136,0.06585222406603192
487.9169899146625,0.06923031011143296
493.9547619047619,0.07049360925239388
499.9930448222566,0.06816865679229982
505.95222929936307,0.06707346022397619
511.7157275021026,0.06551800196268252
517.2341137123746,0.06807115037701804
522.0094117647059,0.06446609501630854
526.9117408906883,0.06746978885400062
532.9254901960784,0.06727018635926547
538.9917293233083,0.06916099772942007
544.6385642737896,0.06675829917943814
550.2462311557789,0.06594849906605361
555.9439178515008,0.06609597006410682
561.0551558752998,0.06298702490597162
566.0575831305758,0.0653258101074298
572.063579277865,0.06293116995426984
578.0144486692016,0.06605909370189426
583.7128378378378,0.06328337624295723
589.392943063352,0.06293679982632915
595.2542955326461,0.06108909945650455
600.9850249584026,0.06294338958803242
606.0518697225573,0.0643076562746233
611.030612244898,0.06115062006682702
617.0587288817377,0.05867285001779865
623.1413484971567,0.059515297024210656
629.1304713804714,0.056412668216469765
635.1405653170359,0.061503081554753564
641.0274771024147,0.05889464103071008
646.763603925067,0.06512473438512181
652.2159383033419,0.061608330727749176
657.9729957805907,0.06296255163424908
663.9463829787234,0.0610764875128013
669.8811023622047,0.062225365246650136
675.9084033613445,0.0641300774836514
681.0522478736331,0.0627178593668537
686.1350482315113,0.063248635144635
692.142749244713,0.060675703521070996
698.1410048622366,0.06283003644920161
704.1197654941374,0.059260383644303
710.121451104101,0.05712123562726434
715.7868396663578,0.06267805727866597
721.4874696847211,0.06336994157014689
727.4749163879599,0.05955272963395226
733.2254134029591,0.057268863335752596
738.8064516129032,0.06131754439985408
744.8227642276423,0.05815714008800665
750.0390625,0.05957376855725189
755.1840968020744,0.06186657265556403
761.1926751592357,0.057790373457649105
767.1818181818181,0.05514018127742272
773.1688311688312,0.05869215498450203
779.2190395956192,0.056548077485420616
785.2844036697247,0.05307588540511915
791.3367965367966,0.06252703173928945
797.1926298157454,0.05641087494335
803.2493946731234,0.058353429599680644
809.2734761120264,0.05933441726643787
815.2504038772213,0.05829314402959964
820.796261682243,0.06005253650658592
826.4252223120453,0.05738069429884177
832.5426421404683,0.058538963658555744
838.4566993464052,0.056459850735235614
844.5201314708299,0.052958471843878197
850.1185324553152,0.056048434346140145
855.7177759056444,0.057066734740100336
861.7177814029363,0.05898185984268598
867.7234042553191,0.05680463624783472
873.7149643705463,0.05192600496985949
879.0064446831365,0.0534683280548904
884.975696926376,0.054188233352142026
891.6352739726027,0.04981636131032988
897.7489397794741,0.05078237875500538
903.7168674698795,0.05295979410547232
909.7583834909716,0.05573594502151082
915.685393258427,0.05712621163394101
921.6910774410775,0.05831807938548726
927.6778063410454,0.05816857553844849
934.0793650793651,0.05216936731599386
940.5270034843205,0.052885015727635556
946.5280414150129,0.05531572490045816
952.5779334500876,0.056372480436277156
958.4256637168141,0.05658919468194178
964.9432835820895,0.057206177853631884
971.37558685446,0.051719965494232946
977.2940630797774,0.056517228530324426
984.0419928825622,0.05333784222466838
990.7198952879581,0.04841670774854077
996.6175468483816,0.05484822150990564
1002.6960132890365,0.05565487348010168
1009.1473771856786,0.05555778026178408
1015.5185520361991,0.04861407087814252
1022.0381254964258,0.055557937143864984
1028.2896790980053,0.055161905385278
1034.3551815766166,0.051184334344016
1040.3402959094865,0.05277111364359211
1046.3011413520633,0.045957479653442476
1052.368467670505,0.05053063570953168
1059.0395604395605,0.05473924649186272
1065.6406388642413,0.04767969226995102
1072.0686119873817,0.050070016384046324
1078.5181255526084,0.05386094192238891
1084.8380112269447,0.053960088191725646
1091.4262877442275,0.054966627126398514
1097.3385416666667,0.04912040175973236
1103.4527089072544,0.05177528470551652
1109.983835415136,0.049114302654802384
1116.688789237668,0.052545340764200546
1122.605285592498,0.0509413291697156
1129.0759493670887,0.05417833201637428
1135.5483584738242,0.050630623927965905
1141.4650349650349,0.055575024998259295
1147.9163378058406,0.05319350702397945
1154.3755420641803,0.05428804067697771
1160.4221840068788,0.04972029126559449
1166.4789762340038,0.05333520645496844
1173.040770941438,0.05244801956273345
1179.6437613019891,0.05027390781164528
1185.4773913043477,0.05077547683436116
1192.0633802816901,0.04867707913183016
1198.4647006255586,0.04815718863657951
1204.4676524953788,0.04745926709451723
1210.9339477726573,0.053993913821866156
1217.405643738977,0.055539258716113295
1223.438596491228,0.050054987227845654
1229.535587188612,0.04888830965923451
1235.8546686746988,0.05157986739461734
1242.5390835579515,0.055168387015099754
1248.9724192277383,0.0534963654050945
1255.5108790252393,0.050861286283785105
1261.9413629160063,0.051267891901612926
1268.4518581081081,0.048788136773669444
1274.4014401440145,0.04949517331793313
1280.4946043165467,0.04726684986435002
1287.0188536953242,0.05337449000031447
1293.6352723915052,0.049284864964564926
1299.544821583986,0.050280768236914894
1306.0601265822784,0.046822817647841006
1312.4917127071824,0.05283761305761347
1318.944576405384,0.04985175621386888
1325.379134860051,0.0494589085768157
1331.409377817854,0.05021115159961766
1337.3573333333334,0.052571536879207084
1343.9117647058824,0.05234722529440094
1350.5151515151515,0.049320761205151026
1356.5764119601329,0.05153805204367277
1362.5055603079554,0.045782955269346275
1368.560975609756,0.05293201761987622
1375.022852639874,0.05257393518209702
1381.494411006019,0.05192664679514401
1387.5820642978003,0.04934817972643101
1393.5190771960959,0.05282123361116431
1399.9789156626507,0.04929665996438367
1406.3217866909754,0.04958006823973144
1412.4634782608696,0.048409079823819666
1418.3689745836984,0.04802330178116974
1425.0,0.04693352270659513
1431.4710596616208,0.04499421805447937
1437.9293739967898,0.04588232564197573
1444.9340305711987,0.04618867282276092
1451.4602739726026,0.0438760607853537
1457.967032967033,0.05102231375439294
1464.4413357400722,0.047160524788508205
1470.512641673932,0.0458150494601408
1477.0420560747664,0.04821301262763081
1483.5728155339805,0.047046634098004754
1489.5697356426617,0.04818718813953768
1495.8997594226144,0.04811414513250944
1506.4683544303798,0.04628411445593772
1521.1661067562522,0.050048245158583644
1535.6025297048677,0.04913042562497879
1549.4694201747418,0.04621756053972728
1564.0181887078438,0.04534279083426972
1578.9455930359086,0.0455684508499756
1593.4360061680802,0.04638590615413474
1607.5159511618747,0.04628129970781217
1622.085693536674,0.04764425068750083
1636.2812251392204,0.046374251246161145
1650.9032020610969,0.047291405855474686
1665.4605678233438,0.0461015207295724
1679.5346108721158,0.045881218468370774
1694.010522360015,0.04272943028527388
1709.1000378931412,0.04683468395790827
1723.953212031192,0.04678817788608794
1738.9903437620703,0.04673205323342357
1753.9902255639097,0.04461846617039162
1768.6307448494454,0.044038704634430444
1782.9084427767355,0.04677570532198098
1797.8886337543054,0.045649232225066366
1813.0707335329341,0.04592847939717332
1827.4455637349865,0.045409340962723
1842.491042047532,0.046915091380064104
1857.87216890595,0.0491639201303326
1872.9239587313718,0.0477231753923606
1887.469769291965,0.046113331953392504
1901.9548507462687,0.046826549169781545
1917.058778035576,0.04481162161826968
1931.981502453756,0.044569146270850034
1946.974524714829,0.04573034337552311
1962.133202357564,0.04448802494640369
1977.498703223416,0.046784041924742475
1993.0288129081828,0.04179481337883983
2008.0641174198531,0.04223898077236588
2023.584592701806,0.04140781973131045
2038.8877665544333,0.0428628880960853
2054.047128712871,0.046563205002627034
2069.499451954695,0.04551272725997508
2084.9898595943837,0.042857568044344985
2099.927743431221,0.04462043600934334
2115.517550410754,0.04385637418741357
2130.9432544156334,0.044289054712357744
2145.5450487012986,0.04293607476137359
2160.439471753485,0.04094909778815107
2175.9915090698573,0.04383990397509552
2191.054567022539,0.043358414564482105
2206.4437012263097,0.04312422425950739
2222.504704554008,0.04384694992610451
2238.002348336595,0.0433799094358647
2253.5080030487807,0.04318265548830186
2269.5663650075417,0.043654444415976705
2285.4996274217588,0.04203485593040256
2301.0739575137686,0.04318148693155661
2316.2795580110496,0.04213692592610661
2332.9768397459843,0.041081709828738475
2349.0185770750986,0.04279703263531976
2364.4616283599535,0.043246094866661595
2380.973398276508,0.0441998944955302
2397.582920320244,0.04312416952139735
2413.4414814814813,0.04169970154158457
2429.6515666289165,0.041751515764822174
2445.5789273488017,0.041815854204508
2461.5603053435116,0.043262447999707
2477.5108241549565,0.04356411742686606
2493.519016519401,0.04304961821744424
2508.9306288032453,0.042691889999406395
2524.387048192771,0.04207209459214534
2541.039581777446,0.04229677987461016
2557.7666174298374,0.042331897081934876
2574.5213402473078,0.04071186940197163
2590.9344385832705,0.042862110775934666
2608.059650455927,0.041024333412503645
2624.9829566506114,0.04054155675424318
2641.736036725325,0.042030475289874275
2658.6443435489973,0.04281631676737434
2673.9475383373688,0.04379566567955723
2689.6239220097486,0.04149041218437285
2705.465748182166,0.04239452605774722
2721.5219364599093,0.04412025687636423
2737.6317376554844,0.03932058148455375
2753.3097514340343,0.041656957871436286
2769.4210725075527,0.0420553461929101
2784.7766212970378,0.041476928343688636
2801.028990694345,0.040598862898054276
2817.0470494417864,0.039774805383369506
2832.9597934341573,0.041479726076592664
2849.491874752279,0.04144556847725791
2865.9584699453553,0.04366926981063618
2882.3052837573387,0.04063815713684718
2898.512280701754,0.04360703009012884
2914.973461113159,0.0410216996127367
2931.352783109405,0.04362488207870837
2947.5099106101825,0.04025731014610611
2963.3632201449827,0.04257381938888424
2979.891982182628,0.03893821593365442
2996.9725667042467,0.04071390153015917
3013.602084137399,0.04167891242773771
3029.7392298894397,0.03968539119980194
3046.998449612403,0.041839780735928124
3063.3555468443747,0.04018954746268359
3079.9426751592355,0.04164393162488564
3097.5344452501813,0.0390936447854213
3114.604141776185,0.038841503692355575
3131.069750367107,0.03982058421606399
3147.5170387779085,0.04125149944753365
3164.1161217587373,0.03956934084161976
3180.912433661865,0.040446197942447484
3197.450059218318,0.04060628874572841
3214.040831477357,0.039167747122027356
3231.2778402699664,0.038815788988963915
3247.452994843316,0.04020085490253196
3264.0532786885246,0.039369017516526154
3281.0252100840335,0.040909262918328984
3298.248082822086,0.041649223945598
3314.8833526458093,0.040644852517513076
3331.859457422758,0.04264543005286075
3349.4954887218046,0.038719080163496074
3366.90560361038,0.04010832030717346
3384.500382848392,0.039343485137753986
3402.184353214562,0.038733761247640636
3419.121695178849,0.0378903016282343
3436.0095748755266,0.04006709920128097
3453.4551825894505,0.0415638025559872
3471.1395076201643,0.040119850987509836
3488.128855915658,0.03891225906490924
3505.5455204932896,0.04111421957526589
3522.922660479505,0.04006683276716499
3539.4652259332024,0.040385181878739095
3556.4650735294117,0.041833169859307504
3573.5475270479133,0.041140768313846346
3590.0771276595747,0.04196085089529561
3606.9580181543115,0.03943502257659767
3624.0147671336613,0.03830539815203768
3641.1746656176238,0.03878067804929481
3658.419881305638,0.037622884708700635
3676.120124804992,0.03808774352166082
3693.2631978731483,0.041119525230406025
3711.02184376157,0.03922684113742358
3727.9144687264507,0.03977877395341571
3745.084567420109,0.040783284173858195
3762.0390625,0.03902723604876771
3779.4274104174365,0.04061052342609739
3796.946865443425,0.0389783758761434
3814.426646706587,0.03988970677238603
3832.578906851424,0.03810014825418956
3849.961744452946,0.03811262350262782
3867.1126279863483,0.0400104892630134
3883.9560015438055,0.03984325699270993
3900.712156862745,0.03854454269595794
3918.8862056348335,0.037498694953822194
3936.906912804399,0.03762989376566301
3954.5095729013256,0.041324246518821814
3971.92876929165,0.04177230179985538
3989.5707980875322,0.04035062137625224
4007.5028527957397,0.039556885047472595
4024.9482418016596,0.03944211176010511
4042.419054996127,0.04052848002977286
4061.0113970588236,0.039413837869485345
4079.532258064516,0.040480614556442945
4096.863618601016,0.0399100919837467
4114.418488684311,0.038592975776097965
4132.369548584545,0.04005611788292906
4150.372610222395,0.03946746198155326
4168.377695167286,0.03755772785828102
4186.910056925996,0.037902584699604315
4205.626231993935,0.03619764487795942
4223.9569127013865,0.03709339411878
4242.37552742616,0.03976976492888671
4260.521380933699,0.041132178830150815
4278.637442572741,0.03865561382872213
4296.314623902253,0.03841175824580201
4314.569024856596,0.03641918535218777
4332.408200290276,0.0392879028765443
4350.432781590634,0.03796332150418801
4368.580952380952,0.03973079963431964
4386.989477503628,0.03746495918800575
4405.389594916601,0.038712337295330045
4423.33922397234,0.0392700979664204
4441.41006097561,0.03985890824690207
4459.393181818182,0.03844972683675626
4477.5625,0.038061035098228835
4495.346402740769,0.03829743249922729
4513.412952380952,0.03854402759880803
4531.621611302024,0.03787015639546819
4550.048851622311,0.03832054752103728
4568.504543658633,0.036937033622413434
4586.594533029613,0.037228484736211556
4604.478597785978,0.037430913150271895
4622.652950310559,0.037278657615796816
4640.595924644367,0.038958913659828766
4659.02699704142,0.03831875266902512
4677.991586998088,0.03867365032967843
4696.460298742139,0.037462062277713135
4714.926996197719,0.035366491007996624
4734.17880794702,0.038361598811757366
4753.117196476446,0.03859005345053516
4771.359798605732,0.037903917467020265
4789.66170129361,0.03567059217516946
4808.026613197229,0.03594102084506923
4826.641502129307,0.03659068226651372
4845.10284629981,0.03596200283636867
4863.756725595696,0.03774985878453443
4882.596010950332,0.03773843950383085
4901.120787580462,0.037601046963792684
4919.979865771812,0.036242289185709695
4938.518445061483,0.03682183284509661
4957.371771553292,0.03680247703031759
4976.403481012659,0.03616774063937134
4994.9795918367345,0.0355637010921437
5014.070175438596,0.03577905283662096
5032.355835240274,0.03785780693621245
5050.984695782008,0.03547681208011962
5069.3827258320125,0.03546000225147834
5087.790543036572,0.037295197179958224
5107.023326959847,0.03695622802062761
5125.431272154391,0.034673649050755095
5144.488938053098,0.036809016254391404
5164.2380387504945,0.03560583865871794
5182.883925162276,0.036281874813490524
5202.029067572669,0.03614003341195557
5221.000380807312,0.03647577368965468
5240.460943257185,0.03836163813100538
5260.105546995377,0.03643496526888104
5278.978142076503,0.03695681191812717
5298.01417624521,0.036006617849731935
5317.284090909091,0.03654172372190403
5337.011075949367,0.034907060050793116
5356.520958083833,0.03695150369553228
5376.033878504673,0.03655332296700993
5395.4307866868385,0.03584981614798403
5414.39751552795,0.035923698357645126
5433.568467801629,0.03503611167432345
5452.9862041781635,0.03568004207583122
5472.372292755788,0.03722252351994704
5492.439759036145,0.03697466097473196
5512.353718384296,0.03366320162270204
5532.57661134697,0.03349200340325083
5553.0944971537,0.03453819130718065
5573.388611004232,0.03563578397499062
5593.478988326849,0.03461015593530539
5613.953727506427,0.03601383002035103
5634.423076923077,0.03486898232422602
5654.515151515152,0.03703666935299003
5674.612102404965,0.03707386958508815
5694.408856088561,0.0355935296366391
5714.05719844358,0.036828357900534264
5733.505123339659,0.03385929922581659
5753.964932126697,0.03307483320324881
5773.808502185141,0.03498998917412807
5793.902869757175,0.03271978021547224
5814.402262973078,0.033639939941081574
5834.68998470948,0.03438564085340897
5854.979853479854,0.03461582103428991
5875.701480904131,0.032149300285365986
5895.793747617232,0.033434031993850484
5917.0072243346,0.03440740951462262
5937.358994197292,0.033669310152334375
5957.874719521316,0.03426123005607071
5978.99218444705,0.03380000320169074
5999.934989043097,0.034549272082877294
6020.598846153846,0.03516106953412454
6040.566312475404,0.03356760361574727
6061.022306238186,0.034218576781563245
6081.933633295838,0.03401168662303089
6102.86992481203,0.03451687601310316
6123.336137820513,0.03530861583566369
6144.080316742082,0.036972139946067156
6164.939776951673,0.03467920747513773
6185.995003843198,0.03444418948432522
6206.98388909704,0.03466207675735494
6227.945884146341,0.03403697625998909
6248.950303490136,0.033866677699140195
6270.489151122954,0.03427601367759089
6291.964932562621,0.034763311476823766
6313.574468085107,0.03544620212129089
6335.311673592747,0.03509177856600067
6357.004636785162,0.03383277666072831
6377.8767754318615,0.03601668648946276
6399.48,0.034548202489090414
6420.799922148696,0.035047932116242554
6442.400677200903,0.03460842127414391
6464.401384083045,0.03262937334428464
6486.139669103502,0.034850794845324905
6507.466765688823,0.032216947194007826
6529.0720894371625,0.03299659830980158
6550.428301886793,0.03441972538634101
6572.171585989768,0.03446586165456162
6593.426880488736,0.03562087683661659
6615.1642884689545,0.03465678407493693
6636.918270977116,0.033270596736496905
6659.352042764413,0.034547460187119385
6680.892969984202,0.035786269943365666
6702.621982918678,0.03407628087831513
6724.608843537415,0.034012461298126184
6746.007654037505,0.03277903208834837
6767.266033254156,0.03369141684796573
6788.880802079465,0.031307725260245334
6811.445904173107,0.03316492505329109
6834.1498493975905,0.0331103753903279
6857.0,0.03429013826329473
6879.680675569521,0.03402395864847659
6902.31561461794,0.03441917863253408
6926.126567844926,0.03268545332899144
6948.537554069996,0.03448299245826362
6970.60851544838,0.03243996553783113
6993.588553750967,0.035103631048074325
7016.045489296636,0.034562849495024466
7038.895707831325,0.037200613596512666
7062.435698447894,0.03648739575227686
7085.4272691240585,0.03290478745104486
7107.917161961367,0.03330114233044591
7131.0326045262755,0.03218185203712351
7153.877206158468,0.0337808578365481
7176.408585055644,0.03465472449834986
7199.536594336153,0.033566267288578915
7223.102544333076,0.0327921882559049
7246.417450169237,0.034408040876440824
7270.215566577642,0.03309149404466637
7292.8125244618395,0.03267611917691837
7316.439181508147,0.0341587583578942
7339.863636363636,0.032692316585324455
7363.138359891178,0.03442155620351542
7386.57859027516,0.033270850062804516
7409.576659038901,0.03434448736680218
7431.79003021148,0.03559313067761897
7455.586232420429,0.033793093161327135
7478.593530787218,0.03167784827690224
7500.931826886251,0.034239343182965135
7524.30397621702,0.033323481654726296
7548.026482213439,0.03534143577258452
7571.1035514018695,0.0312578445601398
7594.023657529103,0.03442837634904521
7616.624470950365,0.033104152474135326
7638.2657480314965,0.03320715069761163
7660.949761642831,0.031474718832806205
7684.064750957855,0.03362929122896746
7706.89737654321,0.03663127470695666
7730.09800226159,0.033457936764849795
7752.187061574435,0.03274831088024734
7774.953399541635,0.034072712923102356
7798.779843808107,0.033482291098679846
7821.838635492526,0.03449012094570896
7844.604483282675,0.0361222952723371
7866.360478579699,0.0330713936634476
7888.988122605364,0.03230290298390498
7912.1703317182255,0.03372601966206497
7934.877717391304,0.031455008977657475
7958.235747303544,0.03175132500173374
7981.277674245248,0.03463338483161294
8004.9067475360125,0.030235116183770866
8028.127189642041,0.03232574073724409
8051.002660585329,0.0333521936512278
8073.920401854714,0.03426740825511209
8097.453596287703,0.03234345938666077
8122.177376925968,0.03154882144586617
8146.73007518797,0.03212099282222934
8169.876648564779,0.03220714941200153
8193.34,0.03264317306762543
8216.986837156826,0.032820910363552135
8240.242157612854,0.030944840733801767
8263.037227722773,0.032278350316113084
8286.64168530947,0.0313444087680678
8310.213777611381,0.034048951822829146
8332.886519421172,0.03232838097004402
8355.687252573238,0.03208586338606714
8378.409380863039,0.031205024043953
8402.54848719938,0.03544431235328643
8426.56646971935,0.032994658371572456
8450.559741248097,0.03406163306770262
8474.622053231938,0.033381566502151946
8497.924513618676,0.033346472239130634
8521.71336370539,0.03289419635017348
8546.430634739643,0.03217003958153434
8570.41857798165,0.03312343291527273
8595.128058103975,0.03160486337610528
8620.48208223312,0.03336293484903624
8645.468823070927,0.03342174578714446
8669.970966556413,0.03279956494716411
8694.465007776049,0.03242367910598896
8718.184424641611,0.03226742239230862
8742.635542168675,0.03229090155590294
8767.40428790199,0.03440885009485854
8791.529924242424,0.03314745872157651
8815.336232980333,0.03482055896458818
8840.117804041174,0.032653293436133886
8865.438582980361,0.033216052558399344
8891.100724914155,0.03345781818073252
8915.839393939394,0.03242083686473507
8941.104686318971,0.03282234643502801
8966.023167489555,0.033327555178554825
8991.643018867924,0.03319747813879879
9016.463594113091,0.03134823720822424
9041.3490990991,0.030678873828498376
9066.498815165876,0.03146251081131134
9090.895817774459,0.030915378900093788
9116.38213875048,0.03202787749135159
9142.653000372717,0.03276611744062185
9167.530350194553,0.032807768047374994
9192.106784888203,0.03222674655331257
9216.51677593521,0.03117712553199521
9240.948953360265,0.03248666583510238
9265.657086614174,0.030388361227694966
9290.050149700599,0.033493363577239546
9315.05684367988,0.031207972757186196
9339.45630317092,0.030570612432392855
9363.861509433962,0.03171576704555618
9388.7774401823,0.032503552808226734
9412.497837200157,0.03097806820282935
9436.67929582855,0.032382478461903716
9461.139412207987,0.03271343554570454
9486.433828996283,0.03222060586102337
9511.60461478295,0.031014424662370907
9536.489313835771,0.03228737524174599
9561.916129032257,0.031241271089463507
9587.603737604883,0.03230333936357977
9613.245398773006,0.03242466744489917
9637.949367088608,0.030857264721411343
9663.561051004637,0.03086932227715807
9689.57783641161,0.032158215871659034
9714.905017234776,0.03134150076941751
9740.150787696924,0.029897632257195626
9766.194433555469,0.029587590058901502
9790.924069855733,0.03352451087310215
9816.932816537468,0.03038890013734408
9843.838996138997,0.03046405324709686
9868.988859008836,0.032038210560207406
9894.585949177877,0.03235121595873442
9920.096190842632,0.03204137620642929
9945.069303201506,0.03199695058898419
9970.311832061068,0.03232022084805381
9996.596428571429,0.032600454621497216
10023.112532931878,0.03137436751415645
10049.566318926974,0.032034373801564174
10075.043090062112,0.030866985981324705
10099.995485327314,0.030273468525438704
10124.858872493378,0.030900523015569514
10148.828425598744,0.030529069145907972
10173.000370644922,0.029786725077859816
10197.913721018624,0.031357577535130444
10222.96784073507,0.031808487991102294
10248.068638604474,0.030891812629554982
10272.247822644496,0.031156204786112064
10297.01065854587,0.0323974461653088
10322.115947467168,0.029864426933187548
10346.6644863409,0.030406815073756654
10371.266412213741,0.0314483076531056
10397.5625,0.03251909873958859
10422.567315175098,0.032844419049104547
10447.181473044799,0.031850918057996835
10472.453078078079,0.032233272739010735
10497.987194412108,0.03379095428323794
10523.593365635483,0.03201878770197838
10549.03642773208,0.03105131382977054
10574.55124860231,0.032819773445713046
10599.96032357473,0.03228204473369212
10625.074723598933,0.03148907696650624
10649.986445783132,0.03171991939351067
10675.032457496136,0.03196023415113233
10700.459133709981,0.03139887591384206
10726.139274691359,0.032128513687404665
10751.493005671078,0.032247968435135346
10777.050505050505,0.031352997393125207
10802.958472376715,0.02945526380435106
10829.348314606741,0.0327677932449952
10855.963977485928,0.033055638166535437
10882.101359223301,0.03379018116369099
10908.120508982036,0.031771068265047275
10933.947207345065,0.03326301777387574
10959.453444360333,0.03311819618234427
10985.504394344669,0.03276603364085424
11010.88780297107,0.03041537678087716
11036.987831858407,0.02889833561130713
11064.091980235651,0.029507619086987503
11090.451809523809,0.029969758618391372
11116.416699180647,0.030873012984727565
11142.907161803714,0.029629654863204964
11170.254857142858,0.0289988136939777
11197.005366040628,0.030077002321236095
11223.463897515529,0.02970116107901587
11250.159732540862,0.030488299263923078
11277.444357672784,0.030474281249072997
11304.480597014925,0.031208510081150487
11332.698588325067,0.030078838457663744
11360.375,0.032385494104341855
11388.726407914764,0.03097400751408476
11416.250286150324,0.029902631755632365
11443.496557000764,0.029378251166961415
11471.265793528506,0.029629517480516284
11499.33013803681,0.02931745543107931
11527.82838038633,0.030434470986401868
11556.480882932598,0.028365514538136103
11584.808478988472,0.030549755174995814
11613.55729564553,0.031017809199484395
11641.414588057445,0.030745395480428046
11669.055598755833,0.030751846938616045
11696.853851963746,0.028601563907462848
11725.098564221964,0.029631453854984047
11752.927487976323,0.03168870201874196
