D,r2
127.26554078332734,0.3811657641618088
177.50655624568668,0.35229611506310876
228.22314049586777,0.3173510503943259
280.71055418284504,0.30034383528544845
334.35385169186463,0.2893624553156706
390.0732451678535,0.2962736678173758
446.90194003527336,0.27519824084226424
503.12317550729796,0.26422741584703274
563.06069061737,0.2631454834855498
622.1690493209435,0.25674410141512805
676.6598785280457,0.25480884115172003
732.4721830985916,0.24576866653433777
790.9008005569092,0.2343635285834617
851.0771967271434,0.23690822370670042
913.4975778546712,0.22771962074491592
977.4450846236946,0.21539550483277323
1039.0337273991654,0.22318895197767796
1101.6217835741982,0.21485377999876984
1166.9267089499647,0.2215399717287239
1234.9568117977528,0.21518088874622887
1301.354872881356,0.20864241060706065
1365.777110561639,0.20009467767887854
1432.220811287478,0.20025787282640767
1499.1685714285713,0.19233225770126808
1564.5956442831216,0.20118454498584587
1630.1422319474837,0.18803338076638912
1696.7696566998893,0.18993997243818797
1762.9895231213873,0.19526285098384372
1828.0954829232464,0.18431034620205822
1894.3438544374303,0.19542399466855417
1962.3960897900072,0.18542401197054398
2031.4115286391827,0.18319547111865328
2099.8190476190475,0.18079509338073396
2169.315673289183,0.17659556159112574
2239.7583454281566,0.1791930115218801
2309.5988970588237,0.18422438235728963
2380.373299006988,0.17716361775573738
2450.4598540145985,0.17680178478549446
2518.333817653469,0.17376302640638608
2586.5625696249535,0.1886443123991457
2653.4868278599783,0.17544671854304952
2723.0216593245227,0.1735203902729037
2791.749077490775,0.17053559308618318
2859.180823915421,0.1675847676235508
2926.0415149308083,0.1673253119320925
2996.8958641063514,0.17085736988789543
3068.8959094229363,0.1727316682216321
3142.826166180758,0.16199902103854194
3214.0010993037745,0.16772790280463878
3285.8459028281363,0.1718743181123504
3356.103678929766,0.1606376940766787
3428.5570809248557,0.1615926378716417
3504.179055291102,0.16534408482898402
3576.970286133529,0.16021331649453477
3647.1217201166182,0.15750363164379588
3720.276533235402,0.1593759264985427
3793.078589790672,0.1567159997415951
3867.9419071976617,0.1561622470643401
3941.1611374407585,0.15194316432152777
4014.1485148514853,0.14686114130892577
4086.5067989709664,0.1534774829733546
4158.274252370533,0.1557865093695873
4231.6556291390725,0.15421768001151565
4306.436743674368,0.14956969036508777
4380.350253807107,0.14943738168079432
4455.674778761062,0.1461833293055133
4530.808510638298,0.14538557198590002
4606.880189366351,0.1405006945594066
4681.430083972253,0.14608833841502872
4752.644180874722,0.14294878271206168
4824.323049001815,0.14116191338292444
4898.393196781273,0.14363396424182737
4973.777573529412,0.14559364956415982
5050.303172314348,0.14322519376852547
5126.888109305761,0.13949076958479317
5202.795710650673,0.13383798946706224
5279.248994515539,0.14330230776838315
5352.988632196553,0.13940406404552932
5428.747155963303,0.13609644412133579
5505.240713765477,0.13539109250085532
5581.220631424376,0.13840272009160595
5656.112909157779,0.13825030995397197
5730.020682148041,0.13526904449822663
5806.173736628551,0.12883771763532845
5883.346055045871,0.13901672883973906
5959.036549707603,0.13626873919172752
6034.304918032787,0.13227948810550022
6112.8965009208105,0.13531909324647326
6190.032727272727,0.13830614910803624
6269.075091575091,0.13357399153136568
6346.194485294118,0.13577772917834546
6421.250090744102,0.13367849226272904
6496.983119266055,0.12678760182722768
6572.359030837004,0.13097245724315576
6647.771595900439,0.12980428017040666
6724.403566229986,0.12745747067534177
6803.632023503489,0.12946175599429122
6880.1818843215715,0.12946086324022066
6957.505899705015,0.1306474400234666
7032.5406193078325,0.13058628828505878
7106.48664471277,0.13001308114495233
7178.674444444445,0.1299165089549618
7255.622723962127,0.13334096064924036
7333.216020297209,0.13015429769347506
7411.047864506628,0.1288562798418654
7487.437385907266,0.1263927982944297
7565.837600585223,0.12414204114316055
7642.436209439528,0.12486979865714716
7720.673476833273,0.12528077668361234
7800.36356986101,0.13048227328356293
7878.004011670314,0.1285350159371818
7956.497789240972,0.12995410253042775
8035.91609403255,0.128278838695471
8114.522509225092,0.12226963876502464
8193.189002184996,0.12637926744614705
8275.5781938326,0.1284032710541348
8359.60939206407,0.1256516576429239
8438.908159531651,0.12221094076945939
8516.906514538094,0.12818555281041555
8595.075713240672,0.1262652581346392
8674.034181818182,0.11965929525962461
8754.472201901975,0.1165632750114008
8831.455380095484,0.122720157156939
8906.954178885631,0.1232619002695157
8982.706827309237,0.12224551269785959
9060.067131327953,0.12351049655285729
9135.730099962977,0.11882219617930515
9211.140072202166,0.12366827377432635
9288.217677136596,0.12513218650899743
9365.487994089397,0.1276394269407786
9441.49927166788,0.1253036543798135
9518.47685525349,0.1195656424883001
9596.587978142077,0.12498847981710436
9674.080176535492,0.12076323396158213
9753.797243380486,0.12298833925902873
9832.338235294117,0.12203643491434296
9910.78279883382,0.12276365573460804
9989.72418879056,0.11735390691531448
10067.867636363637,0.12439641153856326
10143.281134856301,0.11987541983081657
10219.399854333577,0.12265289139978922
10296.917616770872,0.11596717187758165
10375.273454545455,0.11995398585361909
10456.46966374269,0.11948987894907337
10536.239410681399,0.12089743211769367
10615.707485465116,0.12239795068195616
10694.384558823529,0.12253275048385309
10769.874408445578,0.12227448050094701
10848.111151870873,0.1238799288692566
10929.60629345042,0.1168739609127988
11008.044176706828,0.1179356005277005
11091.426793557834,0.11537649926703582
11174.662637362637,0.11428893241258385
11256.057790782736,0.11970751599528164
11335.51140544518,0.11901633152321058
11417.62322533673,0.11313597122332464
11499.52795031056,0.11961009167692802
11582.180843195267,0.11731240413022484
11662.530530164533,0.11999123734246148
11743.061656329806,0.11561412140976704
11824.299272727272,0.11368404388494195
11906.438305709024,0.10888265588735267
11987.00911410864,0.10768790329864678
12070.319644839068,0.10906572306910782
12152.51195652174,0.11110979179293462
12237.974433893352,0.11188032497273694
12323.808047249908,0.11538861425250962
12405.581268221575,0.11148885933101585
12487.387673231218,0.1126540414740332
12568.193370165745,0.11420248582021034
12649.528555838488,0.11692880108564688
12728.00767263427,0.11224556341814873
12806.114212265884,0.10997218111577425
12887.893967093236,0.11197429943583967
12972.476889214968,0.11504559623493887
13056.51901975128,0.11299014730106163
13142.340379008747,0.11741889552982777
13225.561164333089,0.11150151767418767
13309.03764619883,0.1100739178924228
13390.18234865062,0.10958120898490234
13468.941002949852,0.11471155879308241
13548.851905626134,0.11043219020156747
13630.282174556212,0.11400773941444015
13711.916334661355,0.11345554913813195
13794.847786315404,0.1160101930252699
13877.059449541284,0.1136665486792186
13958.70423572744,0.11261675365509675
14041.159099164548,0.11864796691722614
14121.365044247788,0.11462333216733564
14206.040742088033,0.11352434930711024
14290.524488304094,0.11313043053488396
14373.658241758241,0.11640010556370542
14456.02456912358,0.11353554656611806
14537.662786467807,0.1123956963363441
14619.963436928701,0.10517569259321978
14704.787335285506,0.10676692512212184
14788.792327554407,0.11409076056053262
14872.787249544626,0.10949583726365424
14955.558974358974,0.11239794374351536
15040.282322863404,0.11730708391765525
15124.580680570802,0.10910446206852108
15206.468692786526,0.10868391541977736
15289.206617647058,0.11367096077513177
15371.721777130371,0.10426261299629298
15455.235078725742,0.109666161568632
15537.725238444607,0.10233942185273777
15620.709298052187,0.10536124679638319
15701.070335276969,0.11060802872910076
15780.506195335276,0.10466613240999131
15863.552117863721,0.10603342311879699
15946.885305972884,0.10607629050797307
16027.872713972201,0.10116677344287292
16107.683211678832,0.10167817913162229
16190.582485465116,0.10404531091395518
16273.781354051054,0.10941015604650532
16356.53823743627,0.10686311820664092
16438.882525697503,0.10055367323936588
16520.614369501465,0.10335241369572508
16604.88985823337,0.10159388686539336
16685.777736822707,0.10599515200530163
16764.963084795323,0.10412293853203687
16845.096160877514,0.10971204513636894
16928.039855072464,0.10602545501084014
17010.476435935198,0.107012432870566
17090.819868995633,0.10440278446943643
17171.707335053445,0.10257454865726492
17254.520925110133,0.1055639191436032
17337.33710324699,0.1078225725016703
17420.305535324107,0.10270050043278467
17501.87317251462,0.1023112949259594
17582.49704142012,0.10605356400523341
17663.037640246108,0.10066498542434034
17743.90231362468,0.09890648247153214
17822.296120058567,0.09839868723411999
17902.940484937546,0.10021560623900386
17985.416151327754,0.10242769156658323
18069.529541284403,0.1021724449274247
18150.903944485024,0.09752001688143873
18231.51095690285,0.09751536544992784
18314.153199268738,0.09374113271481183
18397.682890855456,0.10015908071137701
18478.371522693997,0.09930881452281425
18561.317332356175,0.09853147399937254
18643.477124183006,0.09718227467181277
18724.71751203258,0.09818269936219318
18807.66558206797,0.10328981658434572
18889.13257016248,0.0985975806659073
18971.37216117216,0.10129085685806949
19054.70354143848,0.10446167147855553
19140.158857979502,0.10354716234047195
19222.05435181785,0.10570626981126273
19304.447110141766,0.10509703668557574
19389.311022189886,0.10291022471163755
19472.822189566494,0.1052970771107828
19557.58972477064,0.10195536637130782
19640.870991253643,0.10350115568570775
19726.533259423504,0.10209355485830163
19813.003258508328,0.10022653493421987
19897.796771826852,0.10269412620334406
19981.84618208517,0.10147734203471256
20069.10307017544,0.10355214760728955
20156.57080291971,0.10264952397863474
20242.46656923639,0.10715143845164005
20329.94837758112,0.10515248190491008
20413.91001451379,0.1013431873396785
20501.46963562753,0.10470742600068081
20588.12733944954,0.1053663592763893
20675.53747244673,0.10255771916534595
20762.091073364656,0.10486405794533496
20846.284245317664,0.10321989689679312
20934.00511882998,0.1031625786167849
21022.32435424354,0.10577459121291752
21111.787790697676,0.10690829384308416
21253.637250041316,0.10422912020088948
21450.67529683377,0.10573538570534884
21648.453104359312,0.1080775352186046
21844.19719240297,0.10081121238302311
22035.968272234095,0.1019635538374913
22227.381944444445,0.09953071553903199
22419.408274270645,0.10225386788466621
22617.267461105595,0.10139204745178572
22811.392804093084,0.10040609775417925
23010.246665568913,0.10469216041628386
23205.411725846407,0.10214015383958974
23405.741191965757,0.10464445094240836
23602.597526793073,0.10023524510329246
23798.161284980957,0.10085226608655778
23998.17714850181,0.10218149038678391
24196.889568523722,0.10316340834129581
24393.262392597488,0.10023965254084295
24594.6619369741,0.09886867609824858
24794.138659623637,0.09637326611396242
24995.29632679954,0.09708696769555261
25196.22920092075,0.09610628569490726
25401.570132013203,0.10009744912115447
25608.578078573788,0.0934524578529566
25812.521294156486,0.09690588185534289
26013.015061238002,0.0970211164134176
26217.847407407407,0.09550683647803779
26422.8264681555,0.09558803974001126
26626.32448474856,0.09520576974344841
26829.232003971538,0.09752037372012175
27035.965834428385,0.09821932564328506
27242.967145451545,0.0988360947708064
27451.76450173525,0.09690276569761817
27658.839359418853,0.09887542256752126
27860.484544557712,0.1000846231763832
28062.078829945465,0.09783444075101912
28266.862336803835,0.09623458212190422
28470.07404353562,0.09493436206363463
28671.513486678803,0.09693167961930063
28876.890512147078,0.09856983404182613
29083.322559366756,0.09639445290363446
29286.82041962663,0.0919418879710078
29496.38715535744,0.09472583101223152
29709.274929948904,0.09423217809678357
29918.82271376692,0.09614816088220102
30129.325792602376,0.09751564638421714
30342.715770372815,0.09596991802432542
30555.040897097624,0.09520810841892112
30766.78278823918,0.09453230407602184
30979.533487297922,0.09358724844370052
31191.723523589575,0.09788211234610086
31403.01190279385,0.09997936101970886
31617.110983039685,0.0964666228488221
31836.204797353184,0.09673877503556486
32054.938849513765,0.09480725260251648
32270.989763909525,0.09357043555636567
32489.125763327283,0.09774583958098461
32703.39612967251,0.0960761696154828
32919.54806902219,0.09808202634615469
33137.25457543281,0.09831225872449294
33353.4166804294,0.09883454170560944
33571.15508991916,0.09705326397039656
33789.5753968254,0.0938310380746228
34010.05527140736,0.09216554570034892
34235.64855072464,0.09768603252513226
34458.25024744309,0.0966573518863287
34673.24351561209,0.10303915878379163
34886.96218001652,0.10655538102410482
35105.84125678566,0.10064591000633709
35320.60370492888,0.09783097528887207
35537.84678747941,0.09833221270178034
35753.55647428477,0.10042684871159539
35962.76819006765,0.10164874877391598
36182.669798879,0.09582329661371816
36408.387708024384,0.09774566041542453
36625.15430267062,0.09705104601297503
36842.43789334217,0.09255253109090207
37062.178624443346,0.09758425403727577
37283.3590548579,0.09735573855981497
37500.97229094508,0.09449547723197137
37715.35328058028,0.09747146640913767
37934.978446857516,0.09509613467696819
38148.38072408662,0.09713084931991273
38365.93858060267,0.09796578203639768
38584.78442717805,0.09447790178762051
38806.55291398382,0.09940078520803426
39036.636273701566,0.1003345388917915
39267.074995879346,0.09754357242548553
39492.62586949321,0.09556564189800881
39722.37623436471,0.0911192433608052
39956.40336411609,0.09560605026535099
40184.19827871566,0.09477295604370523
40410.6528189911,0.09913778713088281
40638.71204361474,0.09479897565936196
40867.44752018454,0.10019886791759512
41093.98268755153,0.09874674326741269
41323.72051536175,0.09622818004724483
41546.55572016461,0.09532625702312127
41776.02902853373,0.09593134748693186
42003.67414988445,0.09945433109779657
42236.403610467045,0.09909183228370243
42469.81451612903,0.09971141364162386
42700.46651270208,0.09732667794284773
42932.56498015873,0.09759887540189854
43167.88759052008,0.09584036854006031
43403.40634815672,0.09538980289204825
43636.77079207921,0.09491566763554013
43877.4272757256,0.09660512087743264
44109.46345077379,0.09478629206712012
44332.48556343838,0.095977723727472
44562.17871917922,0.09599352071055588
44787.13707421425,0.09286790261813051
45015.836727935086,0.09734323521267492
45245.45661497855,0.0985034575201111
45475.49070264933,0.09887627815803594
45702.219230133815,0.09680315899640549
45927.646583030706,0.09624277908191656
46150.81861614498,0.09690100312488716
46377.523770221196,0.09769791053942359
46603.63331128019,0.09554139886988194
46827.97499177361,0.09529971607727594
47057.73448844885,0.09511334438136491
47289.17387714663,0.09532993366340378
47514.433272697206,0.09803453274226664
47745.87203166227,0.09321104179978773
47978.587285902504,0.09372443222847268
48205.95930521092,0.09451281428404269
48433.495067412034,0.09593815833678071
48658.502230299026,0.09395019420351305
48885.091164327,0.09442193736603062
49116.04116581591,0.09306455769465335
49351.30024772915,0.09572707046566983
49585.56134564644,0.0933628334241104
49821.707898658715,0.09357827804846221
50054.66907775769,0.09287309001149849
50287.26313181368,0.09329699934281364
50520.48060736095,0.09162888488658329
50748.47279920871,0.09596912841663245
50980.98152120112,0.0962884385946098
51219.633223140496,0.09410098091186753
51464.16485148515,0.09616839081336451
51704.65809853353,0.09611473545847565
51945.58109897385,0.0935738830814349
52187.57963145772,0.09530120959223258
52432.21144937128,0.09047413314134405
52671.71303918341,0.09492064498698256
52915.18852999341,0.09481237515315395
53153.9478390462,0.0937027365255031
53392.92586490939,0.09078246087712337
53632.60085978836,0.09655199943226994
53878.99440329218,0.09759935141620861
54118.056572653804,0.09309983139479526
54358.92098317387,0.09732173847094747
54601.84621751366,0.1000558666191506
54845.5189206976,0.09754260969378399
55088.712708092964,0.10082637750940691
55333.5969581749,0.10213707194421945
55572.1335972291,0.10109425549471279
55808.90795117123,0.09785257731431309
56048.64479973628,0.10147610642798587
56290.919165148254,0.1013334545613359
56529.0054338877,0.0993247001703482
56771.37516512549,0.0989056051964286
57015.05585763717,0.10252819222218074
57256.77385275668,0.0986538356785161
57498.24128819158,0.09777864563245539
57737.41296815707,0.10050705674244707
57976.793297011725,0.09991343280286388
58220.32376711199,0.10057633695228342
58465.614610817946,0.089638063342351
58708.20220830587,0.09934169569079843
58950.9905785124,0.09887754634775832
59202.45002469949,0.10188077713646604
59450.036297640654,0.09829069282481956
59689.200033145506,0.10006294533006357
59934.203883495145,0.10073081103665994
60177.31674656968,0.09703006728960493
60423.245423057895,0.10285457780876271
60667.86053412463,0.0934423759609588
60909.40705339486,0.09773438597223526
61150.09244253349,0.09663634550370387
61383.84019091508,0.09794931326501712
61622.565382707886,0.0992539367586813
61864.178961296726,0.09462481247142439
62106.00049382716,0.09330885021183964
62351.53667380913,0.0939795520784446
62598.815541989774,0.09492195904540533
62839.29263854425,0.10032629282038959
63084.548509306536,0.09444146014967286
63325.02787858793,0.09430356141504762
63558.48852188274,0.0958501737562951
63796.820280296786,0.09555454683078253
64043.25297029703,0.09253683015516886
64287.67244796829,0.09544794527720113
64523.88187808896,0.09391360310642
64757.73475107155,0.09492487841621755
64992.62477201127,0.09281064822506081
65227.302042160736,0.09665985515556001
65468.12135682529,0.09770771605880335
65715.12053571429,0.09282742708237439
65955.62382445141,0.09287387154165952
66193.0338116444,0.09666830149057282
66440.97421061332,0.09968117841218208
66689.4691561112,0.09464648134548198
66938.82214876033,0.09267599141745594
67187.42119161578,0.0938363780500665
67433.9797330697,0.09387459785076067
67685.72655348608,0.0957669897877553
67941.28040317251,0.09554718540232841
68190.85648224608,0.0937155106843367
68446.52231187222,0.09450961058852038
68704.85891293573,0.09372175298966602
68961.58628646778,0.10155940741776986
69211.409143423,0.09370876232600468
69465.03713484074,0.0911734057677945
69717.61249381902,0.09993305995620397
69969.25231481482,0.09400822518266749
70220.67206343962,0.0911835557854757
70471.85850608753,0.0908220394625567
70718.24463519313,0.09787417499297901
70960.71447477254,0.09587941294282429
71212.262030323,0.09410320419634609
71470.84837010207,0.09740552672763067
71727.10031451746,0.09209576151157782
71986.69863464385,0.09367510796275934
72243.47156084656,0.09717723942799743
72500.43348699374,0.09246788398880325
72750.27698675497,0.09722066180891502
72999.39604286892,0.09485420699436875
73246.97708917092,0.08939426164879774
73493.93814091962,0.09577255617369526
73742.37462981243,0.09712500694236674
73992.83126755909,0.09229856674861354
74242.72944866293,0.09658924848581839
74493.18550247117,0.09688375976299679
74742.38754953764,0.09236271374276159
74994.88901734105,0.0926405013041398
75239.15206993237,0.09160565571766857
75484.00941681811,0.09323487731969886
75727.7632142269,0.09237106763608834
75970.56063355882,0.09564354936969038
76210.25986078886,0.09341973557138246
76455.56071545783,0.09197736055484765
76694.53811881188,0.0915730002193906
76935.8510322048,0.09885601349656319
77183.88720066061,0.09392048704166765
77437.61841018013,0.09353310756291033
77700.55919644327,0.09143843747352662
77956.47075346993,0.09583881089879565
78208.49299026885,0.09617472858601768
78458.78645575877,0.09320784355247881
78707.18190822053,0.09478855535356472
78962.62130470686,0.09449244714655927
79215.57380560132,0.09721574241339861
79465.31782945736,0.09648693963688243
79712.52741083223,0.09512777141350941
79961.5645134644,0.09127695812266019
80214.48681173756,0.09430374677729379
80465.75637206223,0.08981564133527628
80713.85294117648,0.0979395354618693
80957.19331900116,0.09565040361558666
81198.35665839537,0.09665633830060279
81436.30311008722,0.09370322728560085
81679.7645991422,0.09613254142964678
81924.05453047776,0.09775577173059014
82166.01419376135,0.1004702731045968
82417.35516331244,0.09951936210611537
82673.13943499091,0.09769818731091592
82933.8565763384,0.09367872304471107
83189.71890465193,0.09233909081316936
83440.59321192052,0.09654553281191448
83693.01118053272,0.09517972605454746
83944.93807641634,0.10012092590592749
84199.30724781245,0.09784273568021003
84455.2637489678,0.09619206915693253
84715.95215311005,0.09619761000145587
84970.70947507428,0.09826356230360377
85232.58282411231,0.09893856025263947
85498.05219689461,0.09905179626710314
85758.28420879302,0.09300242823678244
86008.59023424612,0.09803802860854656
86254.0168762409,0.09725150467607838
86520.03435804702,0.09690109439568952
86784.4151940545,0.09928551254729095
87042.50264288075,0.09865725894973211
87302.04716358839,0.0967918849064573
87563.25292469929,0.09715663116319258
87825.50479814693,0.09724771882784677
88081.45119341563,0.09523429320385933
88341.70391800298,0.09615780324962475
88601.66336470199,0.09560018909778335
88865.66446826051,0.09557522432676088
89128.8575897267,0.10029616794768094
89385.60254924682,0.1016093533417272
89643.86649041639,0.09989586840942401
89904.48138998683,0.09809201809428768
90166.72119815668,0.09602184566942976
90430.5814453448,0.09627231552707376
90698.72266139658,0.0995897935666726
90958.46898263028,0.09489942833593
91213.95750988142,0.09753778984615892
91476.85542367293,0.09252824493690076
91743.16094420601,0.09261875453231316
92008.45055307908,0.09676684363199363
92268.51910669975,0.10150250606286047
92523.1616194865,0.09676986764032987
92782.67211221122,0.0992421567222471
93037.40651886168,0.09393940093483569
93290.67395593555,0.0949669250538919
93551.67415730337,0.09002757527910729
93815.0465730801,0.08955042562037374
94087.79950535862,0.0918444313689677
94359.31575477916,0.09536171192494586
94633.5867877787,0.09227605984358114
94904.24900793651,0.09616693053063298
95173.15886618325,0.10133293196043296
95444.69386745796,0.1010249271494269
95716.21319880913,0.09305553374203054
95998.14772727272,0.09273498473769032
96275.78403833443,0.09441461944017453
96552.9410116988,0.09361819811165688
96836.14479338843,0.09538645010948198
97121.77785091328,0.09581497022869578
97406.87559808613,0.09268731470291514
97681.27619204752,0.09598010406808272
97963.50973918785,0.09377304624386193
98242.8494214876,0.09561568048998838
98519.08917092468,0.09677768805217793
98789.54468858417,0.0976375776642536
99061.31775392238,0.09689750363708916
99339.21368646159,0.0964543354203477
99623.5142904345,0.09377730815103164
99907.65439841559,0.09509837992940855
100189.54866380732,0.09519251506328398
100463.86617038875,0.09147227676587556
100736.72484768648,0.09526233849864134
101011.51310367562,0.09797178849447022
101289.63664852384,0.09864421726667509
101571.12628099174,0.10068257694015513
101843.79498184219,0.0990992476582431
102121.02042497117,0.09570151326037854
102395.38469152094,0.09743957602186107
102662.5142904345,0.09657225400395464
102934.53092528452,0.09968347086865444
103208.9510501075,0.10025537423373429
103480.75853537853,0.09619864231029474
103747.2634612218,0.09498002191923348
104014.49909255898,0.09279032985423866
104286.4517463996,0.09569947410940541
104546.04080961,0.09533153078285585
104806.86007617155,0.09809449265828193
105073.02376629807,0.09657901535231939
105336.19855358316,0.09381411252760566
105601.39343451006,0.09172268978915078
105872.927744709,0.09061653255031747
106141.91051675747,0.09508662957940697
106406.92639552116,0.10433160189240087
106671.23056610001,0.10241030710125543
106950.25894181638,0.09876200930392186
107226.40607962993,0.09843459141749475
107503.79480820106,0.0934230657865654
107783.24518993587,0.09420044367491869
108053.56036333609,0.09914510354350953
108331.70351427158,0.09514727964872795
108617.31064111038,0.0976908666744761
108906.35178777394,0.09562671290269871
109185.44976867152,0.09284172502359739
109463.09177788763,0.09433938183181938
109743.74966931216,0.0929233303619916
110029.00840197694,0.0932158925669228
110308.18408865365,0.09236050789171797
110581.68470394737,0.0941811374805988
110860.74694618686,0.09229369624201494
111135.6014876033,0.09153101742565098
111413.5,0.09560361689058104
111693.2314799538,0.09863757766422447
111972.43484723369,0.09342527381951925
112247.5365492262,0.09662542363426758
112529.08725165563,0.09515355708663
112807.72715275487,0.09793116326076645
113086.25886232482,0.09761355441928235
113369.12563891179,0.0975623279188187
113658.47082096933,0.10023538028831927
113950.60779135028,0.09735407344355626
114245.69206663368,0.0935689026832607
114535.98614547253,0.09596128694645732
114831.33967571145,0.09366269465828313
115133.24674253669,0.09223982325990564
115431.39418950149,0.09424797249732919
115724.20376175549,0.09298226472988443
116014.82285997031,0.09382304957852397
116294.0416735299,0.09718910479054596
116569.4427152318,0.09205245500331677
116840.84349258649,0.09530655621508693
117125.63231657048,0.09706372069846313
117418.07022471911,0.09287846985860593
117713.26433750824,0.09523498082927094
118000.24320316361,0.0918359000629665
118279.09955423477,0.09379285471914817
118559.17549942216,0.09573723126593486
118847.92207363382,0.09353490146310581
119136.49256689791,0.0904199976549569
119421.41624114643,0.0896328864332891
119714.42748846408,0.08971983049009416
120018.02564102564,0.09059773662637323
120312.67441094085,0.09024337183661132
120603.87003133762,0.09292157481998597
120897.45670460169,0.09467562279925386
121193.13289256199,0.09000626790069957
121480.96324377782,0.08845284292997674
121767.2614876033,0.08849260361653391
122053.33899422918,0.08707387788503798
122334.72805280528,0.09100642334189209
122620.2290909091,0.09233240674045244
122911.08299028486,0.08806582830787787
123205.14973614775,0.09225548963842961
123504.54534960422,0.08925914007056067
123803.59923979508,0.0932621333099135
124096.81683412947,0.09461873848268573
124394.25639333444,0.09234222039195313
124692.57008108555,0.09242060094811508
124997.1948650428,0.09233246133444072
125307.20999670075,0.0952975740337333
125616.86647961709,0.09674388545329995
125919.6704733532,0.09242827195838563
126223.80484988453,0.09295227094967771
126530.75820009889,0.09478922853890918
126834.55880409646,0.09141597908331892
127147.9812345679,0.09165768157605128
127460.51248140188,0.09187349662860267
127770.07361660078,0.09009535919680309
128074.79683116026,0.0921404073540526
128374.17191882528,0.09292120858833264
128674.08051476654,0.0941080765478207
128968.69777043765,0.09665478735190997
129269.59930601454,0.09292340644097023
129575.22167325429,0.09676388372682926
129875.399009901,0.09151134892517306
130172.35941885422,0.09264522116959485
130460.05040489175,0.09472712002638298
130751.07472781261,0.09347354120652812
131043.15629117259,0.0948436300624597
131331.8623655914,0.09264897221292238
131613.09221379083,0.09675530330713042
131895.65490519375,0.09233977411134438
132195.92620108963,0.09493859872566343
132497.1898963304,0.09427443207088063
132807.27656405163,0.09459677803118001
133113.4828609097,0.09291641909206187
133417.04094436188,0.09308153727133796
133716.58248271322,0.09390065608527763
134017.0109163083,0.09124463307994471
134311.8203305785,0.08962966241285064
134601.12440270226,0.09013662920181896
134900.27071640806,0.09336300488437144
135204.085187016,0.0935169760206512
135500.36062056446,0.08985888348667258
135792.5519630485,0.09349365940043376
136096.07324315407,0.09561230726615859
136396.881526768,0.09089212657940297
136701.97247403988,0.0928621486528925
137001.60957886046,0.09410202266918133
137310.71725503134,0.08952846641857505
137619.60961950256,0.09342697848542156
137926.12749463963,0.09771292488297596
138238.97473579922,0.09127348917946654
138553.82002639392,0.0895992473820989
138879.39369428853,0.0916423870364499
139196.57291666666,0.09097310358728865
139514.5143469657,0.09497051940609837
139841.00016466327,0.09607001989614379
140169.73292541757,0.09490224994806208
140492.30927665182,0.08594798633518244
140819.4740056115,0.09311545323189069
141148.62756113682,0.08489296232253198
141476.98631492167,0.09039611097182126
141806.32699933907,0.08789744902659077
142142.9509787794,0.08658416679311509
142480.18431502316,0.08716109091763186
142831.05075807514,0.0841258623882786
143180.28795379537,0.08591586033630472
143521.4366034625,0.08606620696304808
143870.43128196668,0.08518972307770935
144215.22560370492,0.09033614202893037
144559.62394992588,0.0898067960653517
144902.30003297067,0.09109079459429971
145249.860753221,0.09310132642318983
145597.28691635045,0.09067095263221135
145934.45827836412,0.09271853471590978
146266.391440846,0.08823809369664713
146611.14396310327,0.09169912839101224
146948.5198478333,0.09237318432810013
147283.40435356201,0.08840549311540734
147615.46760098927,0.08451564691647322
147948.41782407407,0.08768917283583245
148275.69825600527,0.08725968684130933
148603.35410811706,0.08517540570939709
148930.4716265259,0.08836474656201322
149254.43819112066,0.0832753434888238
149580.46805349182,0.08418355870462309
