D,r2
6.1356729377713455,0.4844212672307481
9.13328106624853,0.4037965012025204
12.123089300080451,0.3724226162887719
15.12251655629139,0.33417164011100353
18.134680134680135,0.31128000596352906
21.146101113967436,0.29917780635643915
24.12359043752819,0.29270485579539124
27.12797074954296,0.2796580244389639
30.10623038995966,0.26748439267070967
33.12986445124617,0.252607588528807
36.138053097345136,0.24359594275911103
39.12788550323177,0.24967012099420816
42.14048059149723,0.2446102045280151
45.035765379113016,0.24358174953200049
47.0,0.2783107237992747
48.122577737719695,0.2377052560977764
51.12655205348615,0.23604058978661627
54.107612781954884,0.23306079720689857
57.13598519888992,0.22510906973474065
60.0,0.21469542437032685
61.505376344086024,0.19653192920662632
63.12429111531191,0.22355077311669763
66.13355834136934,0.21899033347422367
69.13660161827701,0.2196170309248071
72.1304347826087,0.21284099687903377
75.14450312049928,0.215554270623461
78.12862669245648,0.20954734210618628
81.04699343102577,0.20680368986622621
83.0,0.19764138268770126
84.12764932562621,0.21893698934731404
87.15222482435597,0.21749973042297255
90.13843175217812,0.2087785464936199
93.16046966731898,0.21705987191717416
96.14343029087262,0.2030599456342493
99.14970355731225,0.20462916438915346
102.14556331006979,0.20031236049338255
105.0555841482244,0.20440058761497656
107.0,0.1711026171851785
108.14134275618375,0.20610124693859028
111.144750254842,0.1945411831611632
114.0,0.1945284393888933
115.51412429378531,0.18909242112945124
117.16658476658476,0.19337679489281995
120.16890213611525,0.19459951650810117
123.1663306451613,0.18936761929431883
126.16850974196946,0.1916306647643444
129.14975369458128,0.18804763455964116
132.15030060120242,0.18641515789212182
135.1632860040568,0.1858127637226003
138.168743509865,0.18570297481066367
141.0,0.19353632421483336
142.56084656084656,0.18177014310626594
144.16692586832556,0.1890976142873316
147.1748717948718,0.1930276731812505
150.05091103965702,0.18210626738127428
152.0,0.2014215558286642
153.16833773087072,0.18469721958168414
156.17830687830687,0.18425353805502492
159.1720041322314,0.18281013304500432
162.1963157894737,0.17743883553749196
165.18714359771903,0.18114524069053495
168.18090185676394,0.17986343189234535
171.047212741752,0.18394663567833427
173.0,0.17738869908979962
174.17138523761375,0.18012879388596204
177.17360041088855,0.17704736968573404
180.1654334038055,0.1807543094165239
183.1888528138528,0.17607873531560264
186.19771071800207,0.1805688111726544
189.2012611665791,0.18208908078629585
192.0689851767389,0.17562838049834684
194.0,0.1754508913132836
195.2071163037706,0.18313744983244012
198.21543241843605,0.17550152027216512
201.20850622406638,0.18097740047868555
204.0,0.16667073505971938
205.559670781893,0.17522549555909875
207.22111344537817,0.17699920586611959
210.21262817053426,0.17655921339846983
213.1947424892704,0.18385671370802895
216.2057546145494,0.16967966838815882
219.21115322144018,0.1753550007018566
222.2225721784777,0.1745889165000839
225.22204213938411,0.1775200253345616
228.21055437100213,0.18252938634297258
231.22246220302375,0.177393860868654
234.21448313985627,0.17818381893961877
237.21471389645777,0.17524823616347499
240.20893054024256,0.17614344665975315
243.21055408970977,0.17011914828564392
246.22966507177034,0.1731313216072379
249.21556550951848,0.16826000722209355
252.0,0.16694757013127567
253.57751937984497,0.19199611865022223
255.23706896551724,0.17551388510328855
258.2194285714286,0.1765528770117673
261.2340782122905,0.17184478621098104
264.07280139778686,0.16491293128535534
266.0,0.17970151982258123
267.236594803759,0.1721951723668728
270.23911903513374,0.17003971558403108
273.2474393530997,0.1653842701240751
276.0754491017964,0.1713108162122479
278.0,0.1801003499221621
279.240108401084,0.17966684786342954
282.2477973568282,0.1728313739762658
285.26289517470883,0.17074058135419262
288.23973362930076,0.17479366386921025
291.0,0.1636419143267978
292.57950530035333,0.17219279468670215
294.2528344671202,0.17910104019004122
297.27176339285717,0.17677325684284514
300.2566421707179,0.16770224216484417
303.2446162341248,0.17528612285466638
306.0,0.16928918016164493
307.5210355987055,0.16823546148800336
309.28050171037626,0.16061728988523866
312.26778484673224,0.16603268931436713
315.2915254237288,0.1719814025548601
318.2972206466251,0.16785266802507934
321.0866141732283,0.17355218099060532
323.0,0.18585690935710272
324.28024417314094,0.16887546378299564
327.26666666666665,0.168512310201499
330.2926966292135,0.16017236529351397
333.31015752308525,0.1669908987132973
336.0919165580182,0.16547607201549883
338.0,0.16245961189503955
339.3056346044394,0.16190977557954103
342.28278221208666,0.17365793619583206
345.2865168539326,0.16321958013716867
348.2743661971831,0.16290477637067124
351.08196721311475,0.17292880840644687
353.87187700192186,0.16682044253176898
355.5917159763314,0.15807501811648195
357.31045932484784,0.1631165178706219
360.28540185893934,0.16417895996434742
363.33816705336426,0.1645421414748954
366.3031496062992,0.17024673786769673
369.0,0.16945843195317134
370.5206611570248,0.15400157391716035
372.3292325717633,0.1716374672682307
375.33545770567787,0.16286881843044898
378.28865373309816,0.16724879316447627
381.3241791044776,0.1534484868960524
384.35920577617327,0.15172060407624724
387.10065789473686,0.1612140052463811
389.8577951728637,0.1576606911713124
391.6011730205279,0.1527088845307041
393.3658675799087,0.16023738332417767
396.3523316062176,0.15545873165445562
399.3388042203986,0.15862309794862353
402.3668850506254,0.16194349277471085
405.38029850746267,0.16185135870379663
408.11269517990496,0.1628208267415156
410.8632760898283,0.16764364394020997
412.55882352941177,0.16068801586359505
414.3568047337278,0.15569762250938074
417.353982300885,0.16223375956523056
420.36494597839135,0.1514665445147734
423.3821470245041,0.15413131289045578
426.40677966101697,0.1607981887521905
429.13208852005533,0.15500869047296084
431.9769557307459,0.15451513933133745
434.8562753036437,0.1548837105643864
436.575,0.14411251297116137
438.3824413710162,0.15613805568722489
441.3780560524747,0.15012250303039962
444.38814180929097,0.15089963854109484
447.3754601226994,0.1513962644962099
450.40062695924763,0.15583159835869853
453.39623786407765,0.155578718814
456.4016239850094,0.15264298162219786
459.1223628691983,0.15268603884051157
461.8420703384207,0.15752194538002778
463.57073170731707,0.15595561689720217
465.4192166462668,0.1525181896549531
468.4185463659148,0.15562696650896388
471.38633461047255,0.15728379640710932
474.39184177997527,0.15277251643576464
477.40564903846155,0.1575667495418067
480.43483556638245,0.149940193404284
483.43594527363183,0.1536219597568293
486.3878594249201,0.1511301388642678
489.3948524795982,0.14964748648502105
492.1491097922849,0.1496056271597479
494.82409972299166,0.1538394810979085
497.5925473427001,0.1561500827151265
499.59203980099505,0.1526753944973784
501.41169379144065,0.15133458329991495
504.4219041692595,0.14976702189681568
507.42105263157896,0.1441336005532685
510.4342581423402,0.15310478093773827
513.4531346989447,0.15745929439363812
516.4246411483253,0.153453817748591
519.4251421351863,0.14917742192262606
522.1430646332607,0.14743054244551884
524.9587039390088,0.14842635140491825
527.8213552361397,0.14731053699036775
529.594262295082,0.14276449402104702
531.4353293413174,0.15699936884515067
534.4463414634147,0.1478081841301019
537.438338658147,0.15051564691744265
540.460966542751,0.14578955342124766
543.460248447205,0.14906915827855577
546.4402709359606,0.1436560980671325
549.4894703254627,0.14802421416967454
552.4440129449838,0.14347810613686066
555.4528535980149,0.14571994098316243
558.1619718309859,0.1435500050845799
560.9733009708738,0.14210337877825022
563.8142116950407,0.1483157131908009
566.5778481012658,0.14641223832943398
568.6093117408907,0.14784731114612892
570.4540880503145,0.15070725022935513
573.5198237885462,0.1479456354384037
576.4527813712807,0.1488213225712167
579.4608208955224,0.14935911592373824
582.4977578475336,0.13514891063549944
585.467720685112,0.14568472492681345
588.4669312169312,0.14983405758788654
591.5154707044107,0.14788724088664387
594.4921976592977,0.14626810998644563
597.4877887788779,0.14345526267745284
600.4881422924901,0.14168146909749305
603.5016567263089,0.14149041571802098
606.4993788819876,0.1394659411624013
609.5106516290726,0.14727117431770798
612.1712275215011,0.14947373804883735
614.9381510416666,0.13713355061827728
617.9656925031766,0.14912870563636263
620.948362720403,0.14508741583703708
623.7945906432749,0.14671167578743868
626.5251889168766,0.14255084847859079
628.542,0.14643993559280727
630.5043246839654,0.14146524975953217
633.5003198976327,0.14169675151580657
636.5112433862433,0.13887002878551807
639.4897172236504,0.13972277047114431
642.5165184243964,0.13484050929227917
645.5484084880636,0.1368538036192083
648.5144138372838,0.14835499067386557
651.5278497409327,0.1439263944971121
654.5605559232297,0.14807876670437944
657.5648452929559,0.14182576062990723
660.5818791946309,0.14218835999237067
663.5302144249513,0.1469283524833318
666.54821664465,0.13937335560338568
669.5374241402562,0.14885921535710342
672.5714285714286,0.1375057999518392
675.5620957309185,0.13909124078414756
678.5462351387055,0.14238116067490175
681.5788770053476,0.1397909762432028
684.5597686375321,0.14253543636213228
689.0403198933689,0.14520525924081581
695.0381679389313,0.14360813770695555
702.0486268581507,0.13892853982582007
709.2195046439629,0.13932635150243342
715.7766810610734,0.14068826458864161
722.0367597004765,0.13792617498565934
728.0458248472505,0.13704218565119314
735.2732629511416,0.14254165528288298
742.8372021991448,0.1322232464945999
749.1073871409029,0.1333124892315719
755.1113704568189,0.14144911911639743
761.9870533402382,0.13440816681835738
769.5539462015962,0.13599247859500757
776.0782726045884,0.13706912611686775
782.1046353101568,0.13971386372907743
789.2794681667093,0.1364449220328048
796.801261829653,0.13612032907786667
803.1232432432432,0.13828207037297274
810.2873303167421,0.1404904384664676
817.8145510835914,0.1308764627613552
824.1606018194542,0.13034312377560262
831.2520325203252,0.13740339427180748
838.7769399937166,0.1329826447008926
845.1682743837084,0.13180945596265817
852.0010840108401,0.13156241343708064
859.5053638735866,0.13010243287683335
866.1780673181324,0.13295100493707657
872.9805212620028,0.12810570470430757
880.5162259615385,0.13218286346607433
888.0805978898007,0.13307144115725097
895.2020202020202,0.13034364490193423
901.8077663671373,0.12967875483236513
909.3103633916554,0.1305148519969866
916.8107672469374,0.1296257760538882
924.0721709006929,0.13244336587004168
931.5527653213752,0.1302130555701591
938.1898967551623,0.1269059983047599
945.3118590586379,0.1307894114326747
952.8701923076923,0.13075142045380683
959.9599435825106,0.1286717411844659
967.135072655218,0.1307124566657907
973.8489835430784,0.12545937566993745
981.030734206033,0.12754133163755643
988.5243004418262,0.13149145126153086
995.232683982684,0.12490106307383968
1002.2660300136425,0.13363745055439938
1009.8490189557699,0.1255045386271193
1017.3118771882574,0.12806798745318385
1024.8628872775214,0.12498355886910438
1032.0403653506187,0.1303301378872607
1039.530385078219,0.12512235615335843
1046.9795616113745,0.12485087118453377
1054.458293988039,0.1230591444249745
1062.3937823834196,0.12659643648429925
1069.9333795975017,0.12441028916450454
1077.3461754780653,0.12198547296102585
1084.8772465242455,0.12967906743612936
1092.3672068113156,0.12441221442386138
1099.8678414096917,0.12481688845322991
1107.3480323751046,0.1282671804704433
1114.8894101876676,0.12172603831112162
1122.3602962119055,0.12474063401307156
1129.86541680616,0.12595141218327488
1137.7937100213219,0.12125237327891464
1145.9987293519696,0.12225729952942346
1153.5463132236441,0.1256551098376883
1161.3778359511343,0.12451241131113398
1168.9034552845528,0.12398668245636656
1176.3318674875404,0.12185880246992697
1184.5934128336173,0.12005342740716479
1192.5716100349318,0.12370149073707176
1200.3783622235505,0.1256043750156202
1207.9058864998237,0.12118370578016936
1215.4050343249428,0.12245061760750676
1223.5839295542103,0.12250929009899977
1231.5321044546852,0.12147524145790736
1238.9376199616122,0.12302472860599988
1246.52765692977,0.12101174211986751
1254.403192432752,0.11769034631562371
1262.5747460087082,0.12205712314890081
1270.5679596341847,0.1197040207701098
1278.3999405292893,0.12026919907517948
1285.909441909442,0.117330253842481
1293.7918134995934,0.1144574133854573
1302.3953488372092,0.11659452235879239
1310.639586410635,0.1176483570776059
1318.5776436964115,0.11698426475255706
1326.4182986536107,0.115777190125868
1334.5825271181473,0.11840290221942354
1342.4423948220065,0.11661595861167551
1350.3583729216152,0.11824325377294027
1358.519541580958,0.11670036688854021
1366.5652032520325,0.12132406043158145
1374.3513761467889,0.1160856035711896
1382.6038690476191,0.11454138066733446
1390.4621903520208,0.11287157942413135
1398.389745109662,0.11793117517550496
1406.5580579116702,0.11645105238014004
1414.5341098169717,0.11177614767390245
1422.858737071312,0.11510489823785552
1431.3878224355128,0.11527028260971744
1439.5630304935555,0.11357526741695104
1447.5129533678758,0.11149041218270458
1455.7995533221663,0.11485113124178416
1464.3562855337966,0.11113301892155635
1472.9723112795104,0.11306738557542463
1481.56,0.11938087194609964
1489.529788597053,0.11193828985411138
1497.9273936939544,0.11362013589331957
1506.4609325771896,0.11785015593995751
1515.0721208665907,0.1138595746427922
1523.5465334166147,0.11607321164807166
1531.5331971399387,0.11517681157102894
1539.8812837262142,0.11525815287466169
1548.4634146341464,0.11357865207768353
1556.9737676563852,0.1128208676756791
1565.5270690728064,0.11082020286161663
1574.1488996856244,0.11230544544374924
1582.5460969044414,0.11213757548510378
1590.9320829781188,0.1123297920044818
1599.3722275795565,0.10747750824227371
1607.974306569343,0.11296194966536727
1616.674081237911,0.1159020829718883
1625.1536914679689,0.11530772389235323
1633.5268180322475,0.11118473417867906
1641.9489472166138,0.11686447714967388
1650.9099883855981,0.11296188236879373
1659.3998051315361,0.10752511186345484
1668.0011435105775,0.11136776873504345
1676.5540803108809,0.11538695088932242
1685.1892048752177,0.10791423657729232
1693.4247572815534,0.1074561311836756
1701.869205786832,0.1134926399013109
1710.9281314168377,0.11180099479796936
1719.865838885524,0.10900747433029026
1728.8909740840036,0.1117782149480303
1737.8943041691134,0.10547617530874612
1746.4749322493226,0.10917458523106442
1754.9608187134502,0.10862207479392366
1764.0029868578256,0.10655777136972276
1772.9843426883308,0.11032225788879574
1781.9255771567437,0.10724499817974247
1790.5275771503611,0.10388159803572174
1799.1351433801099,0.1058611387891133
1808.5540313549832,0.10402574585098082
1817.8674552623597,0.10712762181475484
1826.8990712074303,0.1116384020540098
1835.5511529717442,0.11007825768842837
1844.0518119197363,0.10623712073756661
1853.1510703363915,0.10864952174011823
1862.0743727598567,0.10690153905004637
1871.1059375,0.10491804046636462
1880.1406202026405,0.10644907026883835
1889.146282973621,0.10047783031020069
1898.098860486603,0.10163387556015886
1907.173071011374,0.1062607962497321
1916.5154811715481,0.10582090013063088
1925.9312118289938,0.10141254547818256
1934.9393659587565,0.10316454216025836
1943.8913110224132,0.10838421559500978
1953.4393461428162,0.1047950763973355
1962.8919949174078,0.10203160190211057
1972.4661588045708,0.10526038940494875
1982.048058561426,0.10063919421311708
1991.5651162790698,0.10134863906193492
2000.9734144778988,0.10002727038889
2010.4206578188114,0.10326019093146178
2019.9385565669702,0.10044524444789946
2029.5701906412478,0.10331517083549756
2039.1477848101265,0.10229308866043779
2048.508272859216,0.09949043582034463
2057.9961402380186,0.10114659461543804
2067.555200464846,0.10150996806693276
2076.9719008264465,0.10119312694096601
2086.4901150781943,0.10436788630595416
2096.473429951691,0.10533294618786898
2105.99455651617,0.10317385513729596
2115.4336051252185,0.10263386646979625
2125.559906487434,0.10343979121816622
2135.0592758731177,0.10305378432316212
2144.498996271867,0.10600382108026528
2153.970731707317,0.10259420275008474
2163.444576170717,0.1063841360216821
2172.8920157068064,0.10352833331130669
2182.60170212766,0.10169031838073071
2192.461237980769,0.0983101961466392
2202.0304389618714,0.10026548415295704
2211.3927617917534,0.09865796766400552
2221.4651162790697,0.10131126167955119
2231.5467906418717,0.09747425838421403
2240.993375289831,0.1038247205119965
2250.4491654021244,0.1069395735095126
2260.494328358209,0.10466785261095202
2270.511915535445,0.10267944023827638
2280.4835066864784,0.10228304563682522
2290.4940747493165,0.10009968785659064
2300.5188137755104,0.10245902382972609
2311.0530451866402,0.09859246414218166
2321.4978645515557,0.0970884784937328
2331.516,0.0994909562945148
2341.5533656761672,0.09901712361776835
2351.5618118905318,0.10105336127213334
2361.592422853651,0.09771615739549036
2371.542330521712,0.10266849459363075
2382.0476190476193,0.09944371815623747
2392.5239419215322,0.09936036103658366
2402.610205963726,0.097063556056275
2412.494110353379,0.0997138843007103
2422.5301204819275,0.09757666634167562
2432.530236907731,0.09540839287237292
2442.9609352723123,0.09452412020255395
2453.559592096877,0.0960560852148709
2463.504077791719,0.09687123170420586
2473.9052390495276,0.0997446659629421
2484.4202572347267,0.09568666884473953
2494.922794117647,0.09813602839947606
2505.412503927113,0.0975361182075134
2515.5010934083098,0.0966606471363328
2526.0161849710985,0.09692001746836243
2536.4860173577626,0.09309555410553323
2547.0960548885078,0.09604162902810888
2557.515650209745,0.09730032473454639
2568.0440047253396,0.09592149674338915
2579.029203539823,0.10038335140270838
2589.470077220077,0.09671380681892613
2599.9738235294117,0.09549943433878552
2610.4498056994817,0.09559528381923632
2621.0784597568036,0.091895307925215
2631.488824101069,0.09362657949496549
2641.9812084417463,0.09519264550492702
2652.942189781022,0.09734801927970321
2663.5142665323933,0.09523454643273681
2674.0362555720653,0.09775830895283157
2684.9366529169124,0.09331804626915578
2695.992025989368,0.09423198666474714
2706.51135273425,0.09380972420758374
2716.9479564833873,0.09536767725012332
2727.474753890124,0.09182306717298022
2738.0219153407384,0.0956349765244418
2749.115304606241,0.09531427086117236
2759.575016097875,0.09703170911487154
2769.9666070363746,0.09477502377307818
2780.945527700402,0.09444329412871183
2791.987102579484,0.09505718157408923
2802.9774413772634,0.09386522769349924
2813.944532488114,0.09469857440805377
2824.986200822079,0.09615438731768161
2836.035988926484,0.09428150174447353
2847.040772532189,0.09524168315818013
2857.469777638584,0.0943011055206031
2868.017393957888,0.09495718123681995
2879.434423897582,0.09189249705055595
2890.5139072847683,0.0911901184361689
2901.4819243604006,0.09420161242569464
2912.5197704081634,0.09247418151734338
2923.0036101083033,0.09476683997026429
2934.0149521531102,0.0964559888425249
2944.9383233532935,0.092445344798313
2956.102500771843,0.0919410537778853
2967.0476927841437,0.08768583655107869
2977.9724433557867,0.09343339480336585
2989.0732006125572,0.09209274717953694
2999.838454228698,0.08976501152265405
3011.420163170163,0.08728833622080559
3023.0252445566425,0.09092029091781104
3034.535011574074,0.08933654038848476
3046.01705955335,0.08836830628918746
3056.9532089788177,0.09096523081322885
3068.456129985229,0.08801624023932796
3080.0406403940888,0.08972179061146088
3091.4244288224954,0.08788041200741914
3103.071181102362,0.08808868183729282
3114.502300172513,0.08870332580873141
3125.9186939820743,0.09035281084949488
3137.464759657918,0.08968818805230275
3148.981198215424,0.09044412194924623
3160.0541039040886,0.08719744853650203
3171.476539589443,0.08959691678756874
3183.5420255420254,0.0889992251341382
3194.9240112114608,0.08729086592145675
3206.023551877785,0.09091524731131352
3217.419170673077,0.0873866078010981
3229.602520045819,0.09378688455091964
3240.9806825499036,0.09088219896575038
3252.0404935147108,0.08863824188954814
3263.44813867576,0.08867874447700273
3275.5736667670985,0.09016745724305289
3286.9869592875316,0.0930404376569309
3298.565230224321,0.08859470464042786
3310.467235598903,0.08677554298742284
3322.447016918967,0.08769037665048501
3333.9818063677712,0.08762136136645624
3345.694294294294,0.08711570803973348
3357.634379671151,0.08848087667737835
3369.0295724847315,0.08739770289626106
3380.350200114351,0.08994033424603867
3392.4170702179176,0.09023405846274082
3404.500299580587,0.0872081989332626
3415.975016436555,0.09300309290024043
3427.501669195751,0.08896479348803515
3439.468188736682,0.08937407707455045
3451.5287356321837,0.08910580139265784
3463.432473444613,0.08617600082384282
3475.359904105484,0.08674037350069921
3487.416896235078,0.08935454233199835
3499.4914303521346,0.08809116295214917
3511.55881472613,0.09266027666030252
3523.452215857703,0.08897093512978818
3535.449323308271,0.08798671237577187
3547.482021078735,0.08922214124023933
3559.492908919004,0.08813059900097427
3571.973888091822,0.08804604143989231
3584.52935723115,0.08900196791698796
3596.460406885759,0.08860082651105912
3609.0386501297953,0.0898557242063486
3621.987692307692,0.08456929267969689
3634.9975947083585,0.0870170598478506
3647.4022508038584,0.09202561542489786
3659.9839685420447,0.08911651681398156
3673.0743975903615,0.08565356482482667
3685.9453904873753,0.08649305484750697
3698.343118686869,0.0891659812506578
3710.9501216545013,0.08726934143611019
3723.8831804281344,0.0853916158900408
3736.887235941684,0.08478340303028842
3750.043833131802,0.08631418226627091
3763.073925146922,0.08558758297021783
3775.9382906510336,0.08863181693464876
3789.055062710309,0.0843742809702982
3802.01911407767,0.08611122635268932
3814.917701863354,0.08602649634786798
3828.579407616361,0.08579595642779936
3841.449289725801,0.0867422541078769
3853.9510385756676,0.08605396029676309
3867.0849514563106,0.084890852809024
3879.972390776699,0.08583467949714539
3892.98217998218,0.08951546020547893
3906.009670595346,0.08728970368822832
3918.9247801031242,0.0865170612457449
3931.4142764015646,0.08481914510741856
3944.029076738609,0.08535318756537676
3956.985798816568,0.08544288642422326
3969.959741856177,0.08664131966865656
3982.846083231334,0.08369981727135117
3996.460553736231,0.0872586683300936
4009.369923857868,0.08398695404678119
4022.0895434462445,0.084686821401117
4034.9153262518967,0.08529903631316915
4047.9131513647644,0.08517812063591028
4061.503632664923,0.08802673355054089
4074.56126737795,0.08285033988225783
4087.029960256802,0.083596418904508
4099.973820395739,0.08569036313619424
4113.444794952681,0.08340990489174062
4127.071654040404,0.08597333049007869
4140.09273947529,0.08221801006666192
4153.06848,0.0870710447413529
4166.488706945229,0.08644390371185307
4179.964010282776,0.08807539570328396
4193.480649926145,0.08311160391498566
4206.999073502162,0.08552284959519431
4219.887899262899,0.0799175771890289
4233.437148772552,0.08263965750337095
4246.965314338805,0.08399244877753125
4260.405389742104,0.08501494060979739
4273.9854660347555,0.08202940864089325
4287.571890620406,0.08425643101788222
4301.056543837357,0.0865709712119517
4314.534431137725,0.08287828242723465
4327.971455756422,0.08198897440980704
4341.563560583507,0.0809244220032502
4355.434705882353,0.08398149353434392
4369.511097598054,0.08656567507424275
4383.561682242991,0.08361740882245419
4396.96288209607,0.08541970517980567
4410.461677730839,0.08230841875466961
4424.54308015611,0.0801321630449637
4438.5987337955985,0.08314465836943577
4452.499254399046,0.08110825771509711
4465.914102564103,0.0842170688487583
4479.488521579431,0.08168215874314223
4493.950876185005,0.07988551727869361
4507.929885786802,0.08075225111747636
4521.425834363412,0.0846554798874354
4535.458045112782,0.08102048848882608
4549.64179548157,0.08285667339923238
4563.543072289157,0.08093368097854443
4576.903671164104,0.08276811924182285
4590.409715857012,0.08003267583410387
4604.528345996493,0.08218558961029936
4618.590297339593,0.08315973885200054
4632.515209125475,0.08249678372850312
4646.942736588307,0.08307042505748906
4661.958321016849,0.08805222221695366
4676.64674237896,0.08344311819566934
4691.427426810477,0.08631278470497115
4706.054831061055,0.08446327170326771
4720.598973371832,0.08259171865373885
4734.993487270574,0.0771537109734602
4749.5825,0.08163945604350578
4763.84,0.08281264321313911
4778.9446303620325,0.08004542059290641
4793.857796765335,0.08012396298249028
4808.91419939577,0.08228746996089882
4823.523660294579,0.08577506155147796
4838.014017297942,0.08210975888098454
4852.981297134238,0.08659371912406699
4868.248706240487,0.0815545842003267
4883.011850501367,0.08052591351999872
4897.949969116738,0.08300225664542726
4913.069545887583,0.08237504117301007
4928.43670886076,0.08425578756369217
4943.786784949526,0.07920785114320016
4958.546744036105,0.08255606094355827
4973.473143528031,0.07866216712876126
4988.99125188537,0.08022180001723574
5003.5279542566705,0.08163742122669056
5018.094643944005,0.0812255993559099
5033.004273504273,0.0819412804934426
5048.460755813953,0.0790965672116126
5064.06733698964,0.08484220091763492
5078.8662825955125,0.0811098841891024
5093.964296802235,0.08322667022459204
5108.946831530139,0.08000519677040338
5124.498790078645,0.08337899952020791
5140.496074879227,0.08014517415109931
5156.466866566717,0.08291809628656784
5172.461121157324,0.07883006937221025
5187.990284974093,0.08456304570891114
5203.545481481481,0.08160269499651353
5219.552486187846,0.0777886279368951
5235.614719904648,0.08193028132197615
5251.580587711487,0.07922892192799694
5267.165374677003,0.07993691775197541
5282.391978122151,0.08186885150392402
5298.472306755934,0.0797641064857002
5314.918997668998,0.07916561642538371
5331.581530021335,0.08079965148345536
5347.393337408313,0.0865854120903574
5363.413678818922,0.08198142644521254
5379.568663036903,0.08502109680681665
5395.393681652491,0.08332800142824359
5411.552,0.08905431113692588
5427.396135265701,0.08660554927157461
5442.987847777423,0.08414475734402281
5458.562275449101,0.08263725373582825
5474.494842322429,0.08367661978624899
5489.925688661115,0.08380173852958465
5505.507775119617,0.08372964426857064
5521.49511002445,0.08540847902585391
5537.534436890334,0.0831446629597879
5552.945842625039,0.0882523644649087
5568.976002341235,0.08119458133552253
5585.488084184463,0.07933836880988014
5601.448167867209,0.085483456587313
5618.039351851852,0.08359025030102159
5633.899967835317,0.0828808894559788
5649.895606015924,0.07971757271898429
5666.452276980661,0.0836674060521992
5682.918658892128,0.08481333694820802
5700.086445783132,0.08221455529223959
5716.772810777709,0.08412296319691641
5732.425849476024,0.08315770274864087
5748.482310250983,0.0863888251322176
5764.5116631323845,0.08860122907109687
5780.533049040511,0.08377600826912908
5796.451503990178,0.0869095439958926
5812.541654135338,0.0882278336332129
5828.912187958884,0.0832522568427242
5845.471858837846,0.08669132568771193
5861.556551297898,0.08490072520511434
5877.425053207662,0.08626108853454405
5893.497830130193,0.08252998503774024
5910.0381381381385,0.08643562861174445
5926.636054421769,0.08029579797206413
5942.474772036474,0.08571382203760564
5959.027760641579,0.08231291049795178
5976.095857988165,0.08196141207715744
5992.96285200719,0.08184363210753569
6009.3557005281145,0.08338298812586648
6025.520807833537,0.08243357715268396
6041.6015649452265,0.08326346063918179
6058.023403640566,0.08399454991225326
6074.571837253656,0.08674747529604038
6091.0762454435,0.08675838670269895
6108.0756740196075,0.08899263118206921
6124.969272076372,0.08174468852208934
6142.022946859904,0.08324959145412825
6158.900273639404,0.08327429094236746
6175.883628588882,0.08364499172953684
6192.869279090637,0.0833433690235359
6210.119283065513,0.08569350980847365
6227.0375894988065,0.0821472538001237
6243.504204297727,0.08116548545263098
6259.748519788096,0.08346653825316312
6277.428279883382,0.08702768446689554
6294.447645600992,0.08689524787969699
6311.006025911419,0.0834648885261446
6327.425126903553,0.08706433378327276
