D,r2
116.91802443991854,0.6708867241525754
162.00387286324786,0.6369494351886242
208.37558372248165,0.6025077301652609
257.5806323060574,0.5899495166756786
307.60157545605307,0.566886542970724
359.0775059824515,0.5440694456624027
412.66657949790795,0.5320763296807227
466.52594307503745,0.5160763314966663
522.6772285038128,0.49745735017363896
579.1933788754598,0.48138843255139757
635.931899641577,0.46109062889196417
692.898671319286,0.444416384146842
751.436703821656,0.4315974176439838
809.776105234608,0.41726205698934976
869.6879674583388,0.39909060272584557
931.6596823702122,0.3850200892199024
992.9979892761394,0.36958086767961085
1055.3550092519165,0.361785280063615
1117.3614001892147,0.35206936326300636
1181.4241734707537,0.3467899437098367
1247.6141938869212,0.3368475512007679
1312.464390896921,0.3304970525494561
1378.7543463835434,0.3164285933787447
1444.6909865530556,0.31080249206064425
1511.4765755716676,0.3029853040152653
1577.5856065798491,0.29147122601362996
1644.9236217192056,0.28523554722026684
1711.2410056952353,0.2793430459611256
1778.512272476558,0.27813952576337814
1847.756350082827,0.26597611984887465
1916.1440145271686,0.25964269786833594
1984.0468190581107,0.2616097092983478
2050.409409822534,0.25655280800444397
2118.011487889273,0.25542167500287133
2186.9684503127173,0.23640982133621494
2257.039602594177,0.23378565564516127
2329.0759756435095,0.23263087279688252
2401.3038971807628,0.22625172445916095
2472.4800662160296,0.22344978324504938
2543.5596952908586,0.21520473425683784
2615.0200442355545,0.2119824907929895
2686.733905579399,0.20247076601346795
2759.496857102947,0.19490025680263529
2832.181967662373,0.19386146647140345
2907.556367144432,0.1931537621383353
2984.4667868534184,0.18928523005571407
3060.120723226704,0.19135211564574625
3137.2604395604394,0.1921302349591242
3213.9641472868216,0.18173072741802934
3292.7116266148078,0.18138343164386786
3370.3810112668316,0.17596307764395738
3447.8616457461644,0.16974620347641145
3524.940191056348,0.16631428893768013
3602.910386407235,0.16385418577927743
3681.0900963821764,0.16690476663828235
3758.2714010459677,0.16271705377647186
3836.2852409222696,0.1580903931973368
3911.875,0.16190447249849524
3989.8057080131725,0.15741093863426694
4071.049331103679,0.1532784635235468
4151.041780821918,0.15156547271779186
4233.253957234102,0.14894390368223556
4314.629132660119,0.15106128363318813
4395.521056977705,0.1453796276691586
4476.840912251426,0.1465169813388732
4558.629660200853,0.14318955914608947
4641.287416851441,0.14048078697292307
4723.203814562161,0.14032389836651418
4806.0553633218,0.13977017999220748
4888.966730558598,0.13847637087306672
4971.169202847968,0.1327621893930302
5054.041107152644,0.13294836585427697
5135.23428413182,0.13304067208052875
5215.17698867608,0.13492892563720052
5295.850981476362,0.13201116078738662
5378.755680262798,0.12989192022586132
5462.132535152443,0.1272857555078138
5544.874274661509,0.126521549480316
5627.161904761905,0.12447668703810606
5712.1215070207145,0.12377919572420616
5798.402387158732,0.12232051076436795
5883.4997927317945,0.12203421690889674
5966.552455357143,0.1203913795500572
6049.965260545906,0.11739427657038073
6133.151296630148,0.11780390373145105
6217.427102154274,0.11724460472124372
6301.798020074247,0.11791224157523439
6385.334893324157,0.11712482342169055
6467.265989988877,0.12140250569448827
6550.596124567474,0.11417599458892398
6635.708944890612,0.11505250758485364
6720.146829810901,0.11351966866017422
6805.990036850007,0.11456676537133618
6891.363812690496,0.11700545524363895
6975.803746155997,0.1160157502772627
7061.629701060752,0.11817758406150748
7149.724275862069,0.11826216310214832
7236.686668514412,0.11797047899185326
7321.265151515152,0.11698353770339835
7407.969756097561,0.1145163262162877
7491.196597612841,0.11787725084279808
7575.15734846388,0.11966464661536103
7661.501662971175,0.11939846787980832
7747.321522491349,0.11948107716635051
7833.644943510609,0.11725338488114401
7918.546298863322,0.11897753987560794
8002.871021311929,0.11434180220920469
8089.200304119436,0.11647597588792709
8176.624307095343,0.11712590692431316
8262.239097537487,0.12172657928439021
8349.829618278072,0.11846209628237929
8439.381775442478,0.12084981296566262
8529.123026225456,0.12218487837408888
8619.503550048727,0.12208735902323305
8709.52893359052,0.12357778620545068
8800.531740519516,0.12370438229350555
8893.290353653501,0.12307988561873402
8985.13131593559,0.12034604334121105
9076.361349184406,0.11823474075948971
9168.147550034506,0.12425885113065352
9259.525229997213,0.11983552616594242
9352.040060364934,0.1270063966410938
9443.386819880936,0.12595451964630738
9535.428492085532,0.1312489951663637
9626.20629855716,0.12749259611984612
9717.759424263193,0.1297742443232985
9809.727562768761,0.13262074525788123
9901.407776394079,0.12923206771520426
9993.474889012208,0.13277779383041846
10085.752355875831,0.1367715031117504
10179.332501732502,0.1384095354222647
10272.12739820566,0.13883667893450835
10365.092965857672,0.1383047360284317
10455.715518441197,0.13769715169673832
10547.239391845196,0.1313211572554623
10637.477856448702,0.1313075410539128
10727.241169977924,0.13541188564263434
10820.093728367714,0.13457296632729593
10914.992297111417,0.13557396434217314
11008.339096486336,0.1345657249485165
11101.120291448997,0.13091879747265034
11193.044809351517,0.12811816558092298
11285.703509979354,0.12851005069026378
11377.893344472292,0.12856407507181988
11470.436408634676,0.13208717526487898
11564.340601711288,0.1295696541507432
11657.823366555926,0.12993780560004436
11751.831082022003,0.13081420998781937
11847.728668233993,0.1280381335286283
11942.419150982278,0.12979907292463666
12037.783930058285,0.13153509674877764
12134.466446189886,0.13635196416324658
12230.813500828272,0.13475978984027998
12329.834053225582,0.13785135952808417
12428.382717750826,0.13501834923629646
12526.866472545757,0.13584194607823474
12624.651348376445,0.13199331479844592
12720.538066842324,0.1346293926692874
12815.240105540897,0.1374628977232834
12909.22659355723,0.13460339265498633
13001.602436323366,0.13035573789709254
13094.897795035362,0.13413674481828491
13188.557458563537,0.13539370524650157
13286.54328854412,0.13420157090701043
13384.329638353887,0.13493592825688594
13480.24474557522,0.14017281724569947
13575.370365246265,0.1380561804894683
13671.657052166713,0.13473419455595906
13766.339013577168,0.13604166365550616
13861.029622485534,0.13471164338948963
13956.96590273896,0.1322661587298784
14055.606505627231,0.13362154193745798
14151.97422037422,0.13767404741118133
14247.618324824065,0.13290475470261756
14344.639166666666,0.1342347937935696
14441.83384188627,0.13057892841519358
14538.894729561489,0.12818242530487287
14637.746938213844,0.12741510901735836
14737.592710643015,0.12891101783628464
14835.67871430542,0.13086397639443537
14932.618583947698,0.13112129567279632
15027.311509303929,0.1314465540515854
15122.116933259791,0.13320108675878625
15216.746529705719,0.13075963683963426
15308.83091987312,0.1299163627875146
15403.169923769923,0.13022468278983096
15497.789125946318,0.13053748423409542
15594.724358084663,0.13185695610142925
15691.242125711115,0.1286507207689064
15787.504269972453,0.1317137153433509
15882.770405330371,0.1281341658166652
15979.063668866887,0.12265193478252912
16076.855274144169,0.12874804535066758
16174.608394514476,0.12514891682687213
16273.174056733682,0.1251651534747556
16374.489795918367,0.12240736435666966
16474.929972375692,0.12123446221476641
16574.52137701277,0.12540646589013243
16674.54201507882,0.12331692388979756
16775.284548346935,0.12218817395434955
16876.682842046717,0.12398431450918429
16977.044223327805,0.1261369419142233
17077.983913465538,0.12673001862589023
17177.597348798674,0.1257516801881142
17278.41298665566,0.12416731261358788
17381.062828674232,0.12223237793259302
17484.052205471802,0.12271018103146947
17587.91243480648,0.12634626792794057
17692.173985086993,0.11817799601652913
17798.113878007833,0.12138174029833926
17902.488317433985,0.11927555825740016
18007.491742361686,0.12148815815938661
18112.24982631652,0.12045142769105782
18214.992457487657,0.11806140072429058
18316.636904761905,0.116908306545517
18416.469171885874,0.11674376364191655
18517.634949049847,0.11989306837333434
18618.258592017737,0.11867934227776845
18718.63230620423,0.12385230973995776
18819.250138274336,0.12339482724509515
18920.954419889502,0.12593644052340425
19022.35542920538,0.12883947493099068
19123.310937070622,0.12766445922992004
19223.95693379791,0.12790025977992145
19324.522900235228,0.12614886641517792
19425.149965541008,0.12643148922235622
19527.64429065744,0.12918881731032616
19629.279053680133,0.12875142194641404
19730.892956184136,0.12360894784215207
19834.11692265117,0.1248733509711737
19938.13071714799,0.12727445723806113
20041.57322638639,0.12766102183105912
20145.128889503525,0.12630545244879887
20248.45736754967,0.12418453320914716
20351.94072948328,0.12503606839386563
20453.8834398444,0.1298391814674271
20553.745477144043,0.12598153559666192
20653.657967412317,0.12469787798715531
20751.251735628994,0.12438077425269821
20849.272714795497,0.12699770359367663
20948.27521272144,0.12386095603543139
21044.541374087843,0.13126411655440864
21143.68922651934,0.12968296529835135
21241.064146778866,0.13368528296968973
21337.31180400891,0.13022003079183228
21430.77196391395,0.1303385142302426
21528.32290809328,0.1297741716194963
21624.95937673901,0.1292003257690128
21720.6033126294,0.1280701502060184
21816.753066005236,0.12897742795261014
21915.81422815062,0.12670953536676977
22013.94056525353,0.1326939452637512
22111.589231196227,0.1285856864409843
22209.06200909467,0.1275289996718581
22306.131818181817,0.12872425215280942
22405.087331386454,0.12718635181986723
22505.41213880824,0.12610826192602645
22607.0620793847,0.1296085596377867
22709.58664634991,0.12810469018442425
22811.83808993457,0.12900272183912126
22912.781038062283,0.12750772442933717
23015.403615289084,0.12284940620419606
23116.35418111219,0.12316899929485732
23217.536497861183,0.12469825703710065
23317.47794320375,0.12613005237858566
23416.114667408852,0.12109704973651171
23516.238760964912,0.12834232022778416
23616.07613225896,0.12491495270877954
23718.32679015759,0.1273325304669482
23821.265705172653,0.12629791458308018
23923.948010536533,0.127148436905951
24027.053834503648,0.1269111200147871
24132.34373274434,0.12775751276004463
24297.034637989247,0.12571222904122537
24527.190879641166,0.12419614437172845
24757.93394346906,0.12445543850654203
24987.548391127773,0.12103836538011684
25219.881975984572,0.12059281907932345
25453.274574787392,0.120442500620104
25688.11945881913,0.1235295796655163
25925.036038839786,0.12299177567287062
26160.019636045276,0.12121230704672604
26396.54010095345,0.11940594845427985
26626.143089126224,0.12015804147670027
26857.188729763388,0.11928890192030296
27091.196377443048,0.11998943085585408
27322.465440670545,0.118058913643909
27554.264192139737,0.11827946938374839
27790.614631408258,0.12217182697620305
28024.373849216223,0.11626209928348637
28265.47985004686,0.11335009453211478
28502.69113987058,0.11436826876857809
28740.12495316598,0.11525807760209646
28981.561849566897,0.11358733723529078
29220.06088583905,0.12174515117203423
29462.617674592773,0.11902949153562956
29709.591795897948,0.11965141659669938
29962.508794828766,0.12168091066857833
30221.282118543502,0.11891557392287673
30481.05220758134,0.11835420768546752
30739.94779842834,0.11662830752634966
30999.994016454748,0.11654178566268485
31259.367811078573,0.11605442181351644
31510.40394827263,0.11709309587427057
31761.23643483125,0.11829674168965672
32009.68673946958,0.11838413765072031
32254.950911816137,0.11740492835485677
32501.23466650028,0.11492440719077134
32748.321553228623,0.11622799699184042
32991.232998815685,0.11904880898725397
33233.80824484697,0.11918477665042446
33476.9920813069,0.1186411799820063
33719.86124610592,0.11963194018686543
33958.938030454316,0.11975042033699311
34199.015220510264,0.12014655597002906
34441.07170518426,0.11573332229578068
34683.16818125233,0.11815742765831837
34927.93635625507,0.12211550217354625
35169.44578763709,0.12122870532327602
35412.76409042785,0.12282855678456271
35656.135743222185,0.12421786599583737
35898.81626543595,0.12356074225423248
36142.07665853811,0.12815894285021262
36384.586999875355,0.12790804944774367
36627.1812909261,0.12482280932652566
36873.43004243635,0.12481782667230075
37118.331938807365,0.1251266420981587
37365.46602667996,0.12691383132643955
37614.20836960577,0.12516309892103872
37864.833437460955,0.12035854884283344
38116.53714784343,0.11916615457153155
38366.720498442366,0.1166949585230722
38619.42849095575,0.11714968349154622
38876.6652951811,0.11792534900061045
39129.8160697602,0.12057265130874109
39379.52816637522,0.11664600146883453
39629.349497597206,0.11441338119472957
39879.01907611745,0.11696243896586196
40129.09528841372,0.12041929428652678
40380.80702523323,0.12026422025545168
40627.76016664594,0.11809427989594581
40879.47574696837,0.1214636207539847
41139.04537825574,0.11457866907626942
41398.70546659995,0.1154879284259679
41657.69227897716,0.1212078426528077
41923.22690021896,0.12000891069314482
42187.94763387297,0.11823710998167294
42458.634746238844,0.12030899233246203
42728.39072023884,0.1203476013973466
42989.365803303306,0.12139019736143004
43248.20192187695,0.12275981039957287
43505.240890436515,0.11743178866000463
43768.19421719853,0.11658419937534863
44029.11163836164,0.11526765551227659
44283.977651892434,0.12005967886974539
44538.940805888225,0.11728724321582024
44794.66252962455,0.11819161339044301
45052.51268591426,0.11761069227014205
45305.69630966457,0.11593007717561496
45561.87698462308,0.11555157917052823
45813.191862635314,0.1133270139925257
46063.83734263991,0.11194932226873015
46315.26765055343,0.1153714743156984
46570.1215314585,0.1156413154793066
46828.22679640719,0.11586549153356149
47089.34420515374,0.11838816686576129
47354.68842026454,0.11837095885228345
47619.75876892405,0.12168689954346384
47886.05218097738,0.12050638155853327
48151.79824452191,0.12501018087100024
48428.41981633036,0.12333444254265226
48703.29679795269,0.12548373908591595
48977.709556993526,0.1269049092919815
49249.173002375894,0.12501372219643364
49526.56516040445,0.12966803189687973
49801.646780420975,0.12332527399191112
50081.38801222479,0.12579484563988697
50361.90897196261,0.12195148521990597
50634.64874507104,0.12093863081666693
50910.916599190285,0.12198376092895023
51187.35390946502,0.12550246141335772
51462.62869619463,0.12810634410512878
51737.94071811495,0.12495634177858644
52009.647326153274,0.1245509018409115
52282.52827948253,0.12574076892137287
52558.42042266692,0.12236761625816589
52834.104027890186,0.12481163745000451
53110.80110013752,0.12051334925521574
53384.23868876979,0.1209805903540399
53660.663223397634,0.12026516225833689
53939.1176066883,0.12284396044803597
54221.295596307384,0.11879007231043721
54497.69355745798,0.11542788963038135
54774.58225485316,0.11614834984150962
55054.634907725995,0.11602920652871056
55330.69887248489,0.1150200825283197
55610.0695516812,0.11503573501996045
55893.74979731836,0.10860506515925514
56177.29629861198,0.11129034378806557
56465.229638854296,0.11113832017739025
56750.78635088813,0.11427368548089728
57025.58335934087,0.11470139025912447
57300.34798351854,0.11555658768286159
57578.017178066846,0.10971417005334098
57858.52281404519,0.11071208190732144
58139.71839044717,0.11245103447205931
58429.66425,0.10978999318938996
58728.1983697343,0.1116130617033555
59025.58944409744,0.10887461912447001
59321.87156649019,0.11266538307391577
59610.13531909579,0.11195339171763921
59900.76653162979,0.11804175020869334
60192.74961003307,0.11596303715457955
60478.52949254104,0.11617383102340675
60765.64215442092,0.12085390145561273
61057.82446177847,0.1204771907891267
61345.5686875,0.12296644965490636
61629.31813368218,0.12722404927442746
61918.05308741978,0.1270948347463651
62203.396834299245,0.124880636062274
62491.5687425823,0.11952501952450593
62778.08992828189,0.11674892067580846
63063.05445945105,0.1145093049321171
63339.42354043085,0.11362376522553841
63613.6507649079,0.11695836964520848
63895.69371499689,0.12196641902881913
64177.210536171275,0.11744292049240093
64459.04377966525,0.11533981466386811
64754.45591357562,0.11652478384257152
65055.23063051859,0.11206275889535074
65354.25590551181,0.11219613754025047
65653.18516674962,0.11701959486011407
65951.18071535768,0.11642394285848505
66244.132211838,0.11729926101378851
66533.32237129485,0.11901809139248469
66821.4489376285,0.12067282537286984
67108.68534912718,0.12102294814114187
67397.83594579404,0.11845823304206887
67693.98443046646,0.12036346538585131
67998.69823555085,0.11801090930572569
68298.7621422782,0.11752021745516163
68605.69562230687,0.11879620513723063
68914.29687110447,0.11745144296210974
69216.83001062434,0.1201593892760604
69523.56629283489,0.12223061056425343
69829.87587368947,0.12289521991385795
70127.50009360374,0.11773801907953993
70422.93170367606,0.12099870666301145
70719.53333749922,0.12430663948190268
71020.57626379107,0.12733915303357662
71325.95210513203,0.12546099575314607
71640.57548701299,0.12255666029683025
71953.06439322965,0.12348244007942444
72264.58073143425,0.12563421318755863
72571.33208302075,0.12709953564623971
72885.26839907772,0.12617266128298898
73202.48053565867,0.12617739520790908
73517.61905951414,0.12692154010833853
73827.76223122468,0.12734010702558038
74141.89300180718,0.1258242729219939
74462.68544659587,0.12764743859616362
74780.45949816325,0.1258296766416551
75096.7793125,0.12106881235670472
75407.36224299065,0.12148178117937329
75717.95594108837,0.12875991947785762
76029.31714624555,0.12512996215796954
76338.01668119009,0.12274370380454157
76643.7738407699,0.11816439621231
76945.60865234982,0.11830533884132839
77240.22017604095,0.11935521852939471
77541.92125444229,0.11702050173323365
77850.12872459793,0.11846016482464006
78151.64775,0.11560952505628264
78456.38373831776,0.11942771018595591
78760.3814877272,0.11930281530776646
79068.99608013938,0.11925993012457509
79375.19250903653,0.12120896152025053
79682.62496101791,0.1185389016749754
79996.78223943047,0.11628848396952897
80311.67915807883,0.11676751210563442
80639.79175219257,0.12401671441659962
80969.95302264646,0.12081954806574648
81298.48094940661,0.12343346695672792
81628.56284698397,0.11900329186637225
81962.26482483977,0.117059069574062
82282.89940014997,0.11417074797606802
82598.45168525325,0.11181357546245564
82915.68875577187,0.11377730946951041
83229.2975722399,0.10844575422230687
83546.08812523387,0.11360144917597655
83859.57715355806,0.11799455679104516
84177.39469092722,0.11919866315678358
84493.21079531289,0.11889494006383636
84814.53564307079,0.121018801430579
85134.627514682,0.12578515361058254
85453.68709938391,0.12573387807415548
85765.7053085725,0.13034141889327203
86070.06949903301,0.12931251771102262
86385.75834112878,0.1285673980564276
86698.12430750078,0.12310964057586754
87016.23001061108,0.1257913919631594
87336.17113800849,0.1227218169285544
87658.3174563591,0.1255734878132519
87986.0254733433,0.12545947354616055
88307.97254804093,0.12458797386488521
88640.4070188585,0.12303384091619697
88976.43898939488,0.124516885533807
89306.73255307227,0.12235878638605292
89636.59907603945,0.120296334616972
89961.78945071388,0.12040277178229337
90281.1525180753,0.12092495750707334
90603.39667562333,0.1193192791303726
90924.23328343313,0.1216629414595117
91237.48499190435,0.12325415996888918
91551.05752074365,0.11787316045082132
91868.89244022722,0.1185014894090694
92188.66635531478,0.11433345501602159
92504.47970824761,0.11775263358763298
92825.04962189864,0.11943891988035171
93142.32173804626,0.1236921451654511
93458.10069834144,0.12498827800231989
93779.01165181631,0.12509775787133937
94105.11773891318,0.12612668134121024
94433.04455260202,0.12806291179022186
94758.05301234876,0.12569926861282382
95073.90983759567,0.12382577444599686
95383.91784844131,0.12314552589029347
95699.12923768496,0.12292092009915374
96016.04002489884,0.12369971769158607
96319.6595983535,0.12160099389460254
96620.81860145967,0.12111758852189752
96921.03074524477,0.12442682922442634
97219.51260766447,0.12795371469373337
97512.70281725256,0.1278930163514782
97806.87317529632,0.12512011463253842
98102.86716995259,0.1268704122521581
98385.89444444445,0.12675976415298015
98666.3856351528,0.1224330177645893
98954.35335578842,0.11983423913987908
99239.67131337126,0.1213973034642845
99521.44725055984,0.12180092165356371
99800.35710271621,0.12229361549264885
100077.39177826223,0.12447403678570723
100347.2706485068,0.12271226484964508
100614.45902660933,0.12034664553987684
100887.78876404495,0.12285106218341763
101162.21423220974,0.12093863066708735
101446.07511210762,0.11880897263797499
101734.82232048328,0.11821352134920673
102024.52744093012,0.12047748854461472
102319.4845347967,0.12210751142623273
102613.16761239634,0.12225106726563312
102902.33671690123,0.12362538268849226
103191.00062554736,0.11490255043679382
103481.19886752535,0.11544302150177532
103777.99432526814,0.11370937021477728
104077.81567942076,0.11426874919047754
104375.13776083969,0.11593696131915723
104673.13540889883,0.1157648940404838
104971.73653666147,0.12308723512753175
105275.55934847728,0.11495184434819046
105578.66298445984,0.11441982318723841
105879.4052218345,0.1147090240729594
106180.14831222313,0.11178617159466966
106483.01143821489,0.11303882263481899
106780.7436519791,0.110512959621058
107084.17746461308,0.11432378380920626
107385.64886973897,0.11775482050847556
107692.20512660984,0.11517306084954228
107997.47487955954,0.11538525415605635
108302.8721335992,0.11147661528894859
108609.30523690773,0.11247899129388605
108921.1198978002,0.116073711336089
109234.65013103707,0.11713139352638582
109544.88505603986,0.1126079844718619
109850.12507024665,0.1147530426489711
110159.67650906372,0.11329213445587255
110467.8793125,0.11357139413598155
110774.98857749204,0.11171900085481064
111086.20107038396,0.11489101717376889
111404.75276062137,0.111570859482485
111719.80211263204,0.11448473378553269
112031.55921749424,0.11140812226957858
112338.85568358767,0.1142709924498718
112644.97322765851,0.11215018683765947
112950.77029468569,0.11327979134854281
113262.14286605916,0.10731005814118251
113574.90297017347,0.10410871819813752
113897.65210618146,0.10438432916736841
114218.75396330046,0.10285200204636231
114541.80295658682,0.101336388938803
114862.13824884793,0.10802202437147886
115191.80572035222,0.10769698817069488
115523.06763164462,0.10556455274155147
115850.87705530642,0.1072816774617183
116170.0558784924,0.11002731764133204
116496.40415992029,0.11295515283842424
116816.1711093077,0.1143967707787556
117141.38347788107,0.11120340333267623
117464.55957645593,0.11250346176317387
117790.29827951627,0.10874614047587731
118119.2181693478,0.11087322746864231
118439.80806441545,0.10944148448871824
118766.15931801149,0.10655300966587608
119101.131378665,0.10799696595080852
119447.93935991016,0.10842512441278569
119782.85823826445,0.10581507088471861
120115.09743621733,0.1056079202181425
120456.4144306792,0.10096765588889373
120791.58914631861,0.10339435313562295
121120.20150600535,0.10248719599307646
121458.96522826767,0.1099304827406101
121798.21710444416,0.11197654392826922
122146.15864093436,0.11148430199138551
122491.73869942017,0.11183236226353567
122837.31799763106,0.10776421596015577
123183.45327423685,0.10907476594117116
123529.87744548287,0.11057251245393512
123877.65517456748,0.10818874155685779
124229.96441236857,0.11051628619023983
124586.8320410205,0.1062913934587285
124933.51628167611,0.10405177624339494
125279.95718825949,0.10197404020588077
125628.76639420977,0.10626991204452728
125985.08215244397,0.1041226599545099
126334.84010468594,0.10110290120274745
126684.55188120047,0.09893367603266108
127031.34651365847,0.09998729550054543
127377.03668410562,0.0957397302421633
127714.38048567326,0.09735954763580369
128044.84292670745,0.09478506886515188
128385.79982566465,0.09452409249226815
128731.62418912175,0.09633553092790105
129085.97275561097,0.10253358319151262
129446.22695434646,0.1021663605159744
129804.42647701042,0.09664310876386965
130160.31174492465,0.09537814316562988
130512.68402344725,0.09926003392980375
130862.33021865072,0.10197628555543281
131218.2195182828,0.10051908372052634
131567.0634603373,0.10258475576327639
131914.9492297137,0.10241640208445418
132269.40380417835,0.09839863854143455
132626.85438224662,0.10037415270418039
133000.75297489253,0.09731967392514036
133369.18711044628,0.09660896126580913
133716.8923951759,0.09626998335777634
134055.93333333332,0.0974625151293696
134392.08132060163,0.09950143559560846
134727.04130583763,0.09759316939407746
135067.7534759025,0.09984624474446138
135419.04920694392,0.09729802998858669
135771.35556942277,0.09658662469283079
136120.711928776,0.09832716479887371
136464.71134149388,0.1038598814189602
136802.01320214223,0.10107357487736354
137139.96181682058,0.10228894367810348
137465.98825,0.10385766950303396
137792.29134250327,0.10189913476129386
138116.8999250843,0.10119909747240106
138438.95731669266,0.09944986840772761
138763.77336827654,0.1009374070476522
139092.57114390685,0.09964516258601927
139415.44971004553,0.1047355397805549
139730.06562597564,0.10210498338036841
140045.4925140362,0.1038398111317758
140354.39230241408,0.09943966110375185
140666.42925704314,0.10010557055187719
140988.80914698736,0.09874159280207725
141305.77513722554,0.10306423955053573
141620.45605286123,0.10666787763054011
141934.28444722047,0.11119507501917389
142244.45190687224,0.10863464110019151
142550.6651501932,0.11338491344159164
142864.76558603492,0.10726500199661097
143180.41120678897,0.11240972310670484
143493.19694323145,0.10133627727925107
143815.1278396714,0.1000113127916891
144137.80192512032,0.09717738550302601
144461.59264559482,0.09404992918622349
144786.736668122,0.09661634262425312
145109.78266575016,0.09688961683964442
145424.7373478939,0.0940098585741599
145739.24408810132,0.09321761877658409
146059.7235341766,0.09080757275973711
146375.5224141156,0.09603753847894049
146690.47524135784,0.09487281560394574
147001.66496035957,0.09776910199309222
147312.2498753428,0.09783363160266353
147629.07466783107,0.09852193163019478
147946.19124251496,0.09878695780816948
148258.515625,0.09839213268936203
148564.8345883378,0.09719413763963781
148869.58025231076,0.09831095303616937
149173.37923096068,0.099263574216496
149475.75924419696,0.10282783893646909
149784.65188180405,0.10701255729625118
150085.0174081238,0.1074562114144386
150385.13632107858,0.10298805531169301
150692.77142501247,0.10311924486528914
151006.88965861575,0.10725307350784606
151330.44390365656,0.10579499728081246
151638.71245627187,0.10364675052204093
151933.1987307118,0.10778596157582024
152230.9092840185,0.10394248688165325
152524.02141875858,0.10188910534560953
152813.22733221162,0.10391445142944643
153111.22207008154,0.10300352705610938
153408.72494390426,0.10509437810444415
153712.508247938,0.10630702938900151
154013.2425168371,0.1040729027720349
154329.39695893312,0.10374889934187705
154642.88489836638,0.10697500560645744
154957.0800324878,0.1081880998572357
155283.206651719,0.11183525554790703
155597.8042622336,0.10952362549956461
155910.37477410107,0.10642520164938321
156231.2716611565,0.11156492846535493
156544.76938889927,0.10715675696437511
156854.49694285,0.10585326740863706
157161.52113816075,0.10421181354502669
157467.56409936337,0.1051586698840738
157773.75384134916,0.10672418113828501
158082.51244929797,0.10997839706634191
158385.7661521225,0.11205421499734063
158686.829625,0.10986282958796868
158992.63089299077,0.10939614059891413
159302.89741352445,0.10794335414563791
159613.51868460389,0.10875187080880051
159918.9675543886,0.11172370533343536
160221.51325556735,0.114663305339169
160532.47085564828,0.11412053125997973
160847.16615787178,0.1116468555711181
161154.95133653187,0.10645139632659315
161462.08,0.10779958664064873
161765.0872089394,0.10137868650747457
162073.32510134083,0.10245742747932182
162385.90888667,0.10092432661658204
162702.85028336552,0.1054343280333928
163012.40283325012,0.1078402998009366
163321.85639327878,0.11025586985649738
163620.4379589297,0.10657086203282011
163922.79454363842,0.10950410549256719
164229.97237982418,0.10831575430763885
164535.8792716388,0.11153960016557311
164845.36595107339,0.11307567647597763
165156.28429906542,0.10900801175999084
165461.8481897628,0.11110571884998548
165762.40553857668,0.10931633878989991
166066.9030469188,0.10839652143757893
166380.73730877304,0.10338436173222845
166698.35295216742,0.10474773857406806
167017.75788815995,0.10460596983205792
167329.84230505943,0.10750473960229463
167635.97192413275,0.10161670873350352
167939.49077721502,0.1011617439502018
168246.47668329178,0.09752217071249639
168565.63126090207,0.09995181694973496
168880.8679210018,0.1003317126714997
169203.17135901118,0.10504435737233388
169522.20792819746,0.10653054981148288
169843.5001875,0.10497578720133978
170167.88189859226,0.10297694710258469
170486.33291801644,0.10788239149173548
170806.56783417618,0.109927345141681
171129.02636171007,0.1092339719830345
171440.1018703242,0.10718967781860816
171744.51644366636,0.10909436007941227
172043.43063332088,0.11036187614631188
172337.13966864644,0.10924141200554197
172634.78457795247,0.10857980792687616
172937.8586449325,0.10734532569224908
