D,r2
68.95920792079208,0.550834220136803
97.29391803706604,0.501303555726444
129.01649678111588,0.4479544527066196
163.45275127434323,0.3989559768617173
199.42270766662028,0.3668508840971236
238.6382468106606,0.33693569224101433
280.44578793515814,0.3112843660707451
324.2415394824154,0.2969025385425065
369.40186275852625,0.2812060241094673
415.8333333333333,0.262039589551194
463.7016949152542,0.2527124684836684
514.5196280991736,0.2343178866911555
567.5522149793801,0.2178738545622724
622.4996633903326,0.2153909962103131
678.2066323160259,0.19724504242586366
735.3324749254541,0.18886907701179753
795.0857590392899,0.1818687644555304
857.4460181721005,0.17556454198205307
919.5618250539957,0.1681423936191586
982.4968102073366,0.16527795311325127
1047.8322031644727,0.16126182661281946
1115.7567675159235,0.15306452513463642
1183.379407806191,0.14823636643257646
1253.2083718473525,0.14693564460230282
1323.2318638392858,0.1382501083809215
1392.1645027624309,0.13707985177931165
1461.9183842855166,0.1302490011848998
1534.583368041094,0.1261948583640043
1608.1090560350733,0.12426401874279555
1680.013156072566,0.11947304673156439
1752.221775869234,0.11678705045128239
1825.126339223598,0.11980092994108428
1899.2329817833174,0.111413082495816
1971.195033482143,0.10170919757355212
2043.615607334896,0.09881510559649266
2115.762996941896,0.08754874615345647
2188.19041077071,0.08415678267437247
2263.130458893664,0.08764953297551341
2337.1300654504944,0.08608325323536592
2409.6072411894274,0.0820720005228422
2482.0695039380957,0.08100535971437796
2556.2057607497245,0.08096244477458962
2630.8387408532376,0.07997884002215981
2703.765898361566,0.07521652417142895
2777.108671637669,0.07721376647579954
2852.5890959282265,0.07610523275614327
2928.239257000277,0.07494264001009747
3004.2961888980944,0.07380067053270598
3080.8765056070883,0.07480342802801256
3156.672201466722,0.07927124745743275
3233.6608251690354,0.07564854778433454
3313.8175873104215,0.07634164279041296
3395.6629445822996,0.07440346991788929
3476.6363131593557,0.07419357780412908
3555.5251629003187,0.07031432804163328
3634.374553939061,0.07154746870661771
3714.9804384017757,0.07187849447727813
3797.293069858057,0.0705987928741037
3881.2269172726023,0.06950577122153659
3965.840267149019,0.06762543981807491
4048.5146368406517,0.0679712352047739
4134.047704895299,0.07147359233817827
4220.640736668499,0.07151065806252362
4309.530663329161,0.068252054012516
4402.490342163355,0.07058801515495879
4498.05810567189,0.07038547610403166
4594.359895403248,0.06692559443793074
4687.915467374598,0.06809761870425371
4778.606147934678,0.06877342994404065
4870.188851913477,0.06924376647663022
4965.915943227229,0.06856797414003728
5061.63864265928,0.06901640894496561
5154.229385722191,0.07069483904190445
5242.501601448266,0.07074920454040902
5333.246697853605,0.07084399104133997
5425.923130193906,0.06818339298182612
5519.492072245967,0.07052423105442876
5610.91107709435,0.06862683292466441
5700.320491576913,0.06543497492169917
5791.819076667129,0.06721369619262094
5883.894511858797,0.06377234118087925
5977.612586445366,0.06304787092946292
6069.683970099668,0.060577671799352355
6160.643074792244,0.06132042367340316
6253.326997780244,0.058639161499656395
6346.458356164384,0.06046572297389055
6440.040381689946,0.06121220364853581
6535.600361161272,0.06044855015348377
6628.442014946028,0.05848298827880006
6721.252423151482,0.054640945048166426
6815.740200166806,0.0584870580727661
6915.963359407164,0.05607425387578254
7016.353423135675,0.05835882952092573
7113.86500275786,0.054796156177469905
7214.391652846877,0.05447899936534753
7319.736966495204,0.052968410674590134
7430.273227047828,0.05460706871779119
7542.063856254319,0.05372426639147654
7653.7347280334725,0.05568505794842298
7766.247524752475,0.05603803373665285
7879.892857142857,0.05373972737407003
7990.9002073255015,0.05766392610982961
8097.846848097751,0.055323118302629426
8202.74857934858,0.053465734754353504
8311.94404432133,0.05202155921588905
8423.344167470046,0.052295144917587105
8533.869918699187,0.05689364670821468
8643.936890498746,0.05631084210874894
8754.110667034178,0.059284622433284806
8864.042938009112,0.05357079315518521
8971.41908195812,0.05381946666530956
9078.453502832666,0.05522312621146398
9189.26784971579,0.051691678742311356
9300.042682926829,0.04789173120751998
9408.069094433675,0.04885208667296964
9512.614427860697,0.052242123036550944
9616.558783039647,0.053998479808381135
9722.700194498471,0.05342287541483283
9829.635633139374,0.05473279219936305
9937.243306651946,0.05245373337524598
10044.350577875619,0.04927760240080171
10149.759120022278,0.04781602077996873
10255.908815843763,0.05071476298371088
10359.727436323366,0.05132373138989695
10466.348817802504,0.05065575285611751
10575.337117541188,0.04897609521655224
10685.333194963332,0.04986824653316962
10801.755113322277,0.04934439312835778
10916.548235294118,0.04834501318594736
11031.028351224882,0.04801928683121448
11147.941486411537,0.05012053485961149
11263.890367290367,0.05153572887637617
11377.097235593454,0.04948220724465729
11495.943564081179,0.045801726568523014
11611.025027654867,0.04509807666841732
11722.939574115044,0.044292150728872846
11835.673882875382,0.046825482740048975
11945.63417335918,0.04799561804391807
12056.383599339571,0.04509648268513018
12168.603225357987,0.046614560933979365
12279.282234759874,0.047121514655429714
12386.68576581576,0.046696519886010486
12496.143766431438,0.044651167413544
12606.297390584012,0.04476439762606872
12716.564396028682,0.0435742886555798
12825.94273433167,0.043678359240107996
12932.324417960088,0.04394868763315369
13041.242789794787,0.04462751418101162
13150.096443890965,0.04372144282554801
13261.483924154987,0.04367351673596738
13378.699958557812,0.04295389987730846
13495.221745152354,0.04416187227440743
13613.831527777778,0.0480914388889197
13732.559228650138,0.046566762845261796
13853.140088593576,0.04482612878293585
13975.137151573985,0.043489345194552956
14097.375780274657,0.04441807171736447
14221.64561837942,0.04669611596986585
14348.110771793448,0.04444540597385504
14469.123839867018,0.043448853794678846
14587.600941567433,0.043579165880804294
14702.80935201887,0.043213810759984914
14817.284630242826,0.042196799278190575
14929.815611639773,0.042619021923041525
15042.295231513475,0.04285283453033117
15156.524322830293,0.04352210536675851
15268.597137298499,0.04324863744196188
15378.049814228705,0.04377748507998546
15484.658924374395,0.04317991840491469
15586.742470719464,0.04578690464803453
15690.231415198237,0.04216823020972065
15795.711426994203,0.04442008984796519
15904.566431632795,0.04359475933751845
16013.742118362832,0.04090118503986244
16121.176560121765,0.04447269903655154
16227.495474167943,0.043378405816969855
16337.7360132615,0.041212015504201525
16450.004827586206,0.039031253348727764
16559.227498619548,0.04113653379409683
16673.18115241122,0.041176295923204584
16790.227513227514,0.04016594652588057
16907.525939177103,0.04316365738660953
17029.79855314413,0.04368262778680601
17152.300648186458,0.041793807770528116
17279.683301078243,0.04205287017701216
17408.957259065213,0.04296575861874042
17534.667546540706,0.04087150664980063
17664.187525930025,0.04034838534000476
17789.71009681881,0.04019956972916877
17910.290362608575,0.040990808962894774
18028.78692628651,0.041344349464794296
18144.042851199556,0.042748130725360996
18256.815532646047,0.04155785820403342
18371.705849659582,0.041524668737403604
18488.28830199115,0.04177534643384893
18608.168003318584,0.041031163385642805
18729.167335640137,0.039882617361594444
18843.56234413965,0.03756052895536698
18958.1930139445,0.04275804751497869
19074.45292162836,0.03867327782298282
19189.57936070543,0.03570799327650239
19300.914503816795,0.035310728081666215
19412.92087518921,0.036617735564577175
19529.341490391264,0.03561972661010877
19647.66726843494,0.035534971860924844
19766.17570197387,0.036525466045972295
19882.031090934102,0.03791664246429671
20003.244447529152,0.03775442734511361
20126.63588536619,0.03894244503672466
20252.803168044076,0.040027285137798414
20380.82545605307,0.037506960676455425
20507.92795788307,0.03712988686719834
20639.34286898839,0.03776095255878732
20771.763099528693,0.03909784690940534
20900.50471044611,0.041352768302018304
21029.303265080245,0.03938719121746432
21158.57730103806,0.03891755687173495
21288.351668045216,0.03934087144452774
21418.38610572931,0.038264292699158965
21547.22922437673,0.037471922025245255
21676.272588902724,0.03933596413302046
21805.208932522124,0.03804974392312959
21935.59792674499,0.03657107222309445
22062.760370575223,0.03705443153766646
22186.159646457672,0.0378717855349482
22311.97119512533,0.035438762220358085
22444.471836847948,0.03399644746823264
22579.2588951959,0.0348937819049163
22715.569581958196,0.0382605393711139
22848.345608671483,0.03621970298261781
22977.214857774095,0.036987069093285585
23106.68412302577,0.0339878209701693
23238.125,0.03594687005072383
23374.1094355285,0.036196416970737944
23505.025334075723,0.035925722854662875
23633.512608515917,0.03742322347573339
23759.811572082697,0.034887112684817444
23882.46194153337,0.036801184556377604
24005.259192701134,0.036337756230109756
24126.80213385063,0.03556295234371963
24249.4175991159,0.03417800223722595
24371.86995019369,0.03524316836583924
24495.872410936205,0.03846097815929852
24617.574007220217,0.03757447029829792
24742.53623789765,0.03827073892347143
24866.113557678993,0.03617484534247659
24988.17572413793,0.036858152337054154
25110.013560260137,0.036825995265732256
25232.797623981212,0.035763417534956245
25353.5194571389,0.036001621439629095
25474.669067737916,0.033564641636739175
25595.20935072142,0.0342723228856078
25715.88778054863,0.03231041655030346
25834.699723756905,0.02968101191491948
25948.480160932297,0.030065165812532997
26061.51222863424,0.03263753943465295
26176.420819490588,0.03437528963968788
26287.967478549683,0.03550681354351428
26404.012201885747,0.032757147374806415
26523.069511355814,0.03353604682604386
26641.017123764443,0.034394491021908564
26753.727523062094,0.03475630224839411
26860.890659645233,0.03467952154797729
26969.977081319896,0.033351662014044194
27081.328547763667,0.031967559638760946
27194.02979256578,0.032870376273928206
27312.60899031812,0.033368300216935244
27431.771424634884,0.0317116078027765
27549.328240033337,0.03230943682387184
27668.19306037474,0.03274523553261131
27782.872413793102,0.0316458805503435
27896.87379443373,0.030804599387708322
28012.11263698155,0.033320453456071306
28204.211629648114,0.0344681507273027
28463.172877138415,0.03524668237541431
28729.76347511086,0.03320291340620206
29009.587585087116,0.035485953871694134
29296.20620358235,0.03445980645070609
29568.212232453956,0.03563865907300116
29834.275140537164,0.035114536818082506
30094.34160793364,0.0329171798643732
30361.939577227662,0.03396188986043816
30623.45493615696,0.03267623857793487
30886.75106011474,0.031793819324055075
31156.622470647013,0.03261382221015035
31434.82541070648,0.031701550279603335
31715.49289365416,0.03092139253822158
31995.099444062715,0.03203383296007717
32273.208219007232,0.030805656885403935
32547.819074857,0.032318331610602824
32818.76001502253,0.03402131884428817
33096.09993151111,0.034040157846752364
33374.9812531141,0.03261038427701237
33661.24076735612,0.03263861861875394
33954.07878485435,0.03225865636316147
34241.24766238624,0.03208901151518725
34522.12126307922,0.031021317040482863
34800.55638909728,0.030700692702639674
35070.39629583437,0.033874625697216595
35349.26421446384,0.03360783052784997
35639.45868981453,0.034188029250810235
35937.50502779339,0.032067487373726854
36226.638677953444,0.03340199773590193
36512.04272171635,0.03380145792961789
36815.051893845004,0.030705492112881837
37112.71580328688,0.03076136881167675
37392.57767534571,0.029508568584572847
37676.46368296037,0.029006050262709394
37958.611939367474,0.028749641430576012
38241.294322926406,0.03009940288624585
38536.682999812976,0.03206135857379322
38853.83242872294,0.03164902280399965
39157.92953354951,0.03194590356135866
39459.585338486475,0.03285995995384678
39758.12663454921,0.034173352543515924
40043.72918868511,0.0348620467771603
40326.366674996876,0.03321123594528539
40608.541723751405,0.03194563158426006
40889.25054697756,0.03276309390033965
41178.131490474414,0.030289848131339787
41470.48316498317,0.03176588386193019
41771.748390323184,0.03482675682652644
42085.794589552235,0.030353333315049174
42400.31047179231,0.02978560777172244
42691.560914657006,0.030692817931392204
42966.10791232124,0.03005042351606813
43233.59688667497,0.03123068006176042
43501.1122531614,0.03140011555762583
43779.37998998874,0.029232989858745728
44062.65564480976,0.02935412805705149
44364.179247633285,0.03046476026065508
44664.89511449429,0.03158791531325853
44959.425589099315,0.030739278856285017
45252.79250684591,0.030415923813470847
45552.338968249016,0.029517273612112184
45852.30051910689,0.03112108239547191
46146.82131485297,0.028841570645200126
46438.23820476161,0.02884856973550286
46727.202701857525,0.03233708522277254
47015.26944427119,0.030805984565531058
47297.44579514993,0.030161826901956228
47580.48758732535,0.03011604294702028
47869.36663754369,0.02911637633004761
48159.06141771521,0.030655753833967205
48435.67382081358,0.031252648988654076
48711.081251168296,0.03266543932794958
48985.232142857145,0.03038227826679859
49252.58711530058,0.029614733667201645
49527.82360271668,0.02950777259227007
49804.96201743462,0.029315845671548917
50087.52087103014,0.030244493313632194
50363.49107142857,0.03013265282202607
50632.18831980012,0.03161131214769369
50892.40647011158,0.031689293493355766
51159.005056179776,0.03303684988936829
51437.65053261073,0.032239353450058475
51721.87336162776,0.03131591536053922
52018.07890308507,0.029891805116781325
52322.63226290141,0.031114536105857325
52630.87066383829,0.030895046950973146
52929.15667371564,0.0314786295937471
53233.88890278994,0.029891914699357675
53539.436618839674,0.03027168597947525
53828.165742759265,0.030908306088161867
54118.33650852945,0.030816110035103705
54413.29023383769,0.030583641714819285
54715.99688376441,0.03175172189529644
55026.17434969746,0.028626854918556637
55328.90013714001,0.029438160161449047
55633.796734795615,0.030534545156528484
55943.811988760535,0.030622493803287316
56251.7475788816,0.03049927083257094
56553.69365713572,0.030796146482603176
56856.701119402984,0.030987367710613768
57172.49893789829,0.03145662973340354
57489.615792428114,0.030061035033621897
57806.08618757006,0.02946925884583728
58120.23975768174,0.03338791699318695
58431.866753959344,0.03240321761736059
58736.18079060763,0.03209515719188278
59051.05838733799,0.03147764548260518
59364.03913857678,0.033407859592537725
59673.93506574438,0.03195520913071452
59988.80384950791,0.030583548350963403
60305.48372209056,0.03223138411047914
60616.97776806345,0.03201903327769706
60928.266030439125,0.03089938691037507
61228.474931232806,0.029696197124469498
61524.24404502768,0.028965451016112444
61830.40004992823,0.029371634033994076
62135.87143124883,0.028595492692102594
62450.04661597906,0.02970319564180451
62782.11515944195,0.030139397149255936
63097.57722104211,0.030412148997760836
63433.65891521197,0.030415381250692448
63771.06072874494,0.030946382746697358
64096.25675760035,0.032592943651093824
64424.38598352471,0.029608045305221577
64740.831389183455,0.02857130602672218
65051.77987538941,0.029770002306443968
65373.32750218668,0.02752076915364602
65701.3468154057,0.02806289428786575
66034.45471014493,0.02985702566339593
66366.89317118803,0.02891315395482877
66683.48216619981,0.026104428796086668
66987.97373522607,0.02866785761773035
67290.80821746992,0.02679376798407233
67597.05943249143,0.02922790820946311
67900.24013979032,0.033022814841205145
68212.14800971781,0.03163624781393112
68549.03305888224,0.03161902430040185
68878.47036066392,0.030319218507689902
69199.36678114269,0.030636248860125625
69508.40632208991,0.03069871341855418
69810.5991766467,0.031066208430282176
70110.94995325647,0.03226253428238646
70401.63220899059,0.030309947734029327
70690.68501529052,0.029148839844340784
70983.92665752742,0.030215904841675068
71280.34116324109,0.0343206215113603
71571.25871639742,0.029719170838268263
71845.50579439252,0.030699228336968528
72124.17536847365,0.031017965366549563
72406.87640239342,0.030237163998274374
72685.32036170876,0.02964844073260886
72958.82884627397,0.03005931907726089
73234.8282545024,0.0292022560929152
73517.77231613749,0.02796552197799566
73805.09589212136,0.028532245667583958
74094.77718204488,0.02995935681624404
74381.45053234544,0.030931706579026705
74680.01811367895,0.029715417991592233
74990.32096764137,0.030995438024443656
75313.65224169109,0.03145049688890677
75635.23893639598,0.030310306089370822
75955.86857676736,0.028791194908080926
76287.56034967219,0.027726117892411653
76616.22731817045,0.03313194498357094
76924.48277363184,0.028685265197373314
77214.11962710379,0.029048811416924305
77498.55197958168,0.030398099766321744
77788.51651782927,0.030364856692370115
78090.52469443751,0.03113127266537387
78415.35045505548,0.030835006058727462
78749.44976285571,0.030936718094082043
79091.86758190328,0.032716389204924624
79416.60864965775,0.03411031947644817
79733.7136522608,0.03267325573097733
80038.1093876534,0.031468145985621636
80336.21476719511,0.028721313022739944
80623.13386269851,0.02845546242486469
80908.94917154603,0.031182419597105115
81207.60177212031,0.02900674617473013
81506.15623247992,0.0313704573017295
81809.51390100985,0.030862400681336673
82110.91963224717,0.030953307520401385
82398.33839641434,0.029679470036602748
82671.08659793815,0.027972471931208172
82957.1734878216,0.029443515450633326
83243.89187332126,0.029106417305353263
83522.08322942644,0.02803193373709546
83807.40463291612,0.029392071994724822
84100.03136323878,0.028930230520783605
84380.56919810142,0.029452365947955774
84663.29806315002,0.0302029166533933
84960.12625475404,0.029536152178712194
85261.443273906,0.02839925892408873
85556.75510331482,0.028393068625737924
85849.0413109851,0.028837290659719857
86130.38327091136,0.029625785914045473
86411.71182527301,0.029518725352697277
86698.57722308893,0.030087648187519366
86987.55687690679,0.02644188855233915
87284.23092281775,0.026805003100741853
87575.09409490554,0.028641604721353936
87859.83233345831,0.029327744293184473
88134.93719265483,0.030813083938621373
88403.75498468654,0.027967861796606045
88677.97222915626,0.02760588608675284
88953.57019236755,0.027364360440179644
89232.90021231423,0.02776685166617603
89531.05229734778,0.02691814689937311
89841.66633322914,0.02726831264602337
90140.47908366534,0.028040878193447204
90444.32043991752,0.027825406731487142
90739.43517073475,0.025045764140880264
91037.46099688474,0.0263687431191931
91347.34970738388,0.027091682932511324
91646.63503649634,0.027560681217522587
91944.25561604406,0.02817471031288937
92232.92805979446,0.025906378873116906
92523.64618934764,0.02645935325899234
92819.54520530874,0.0265565353609264
93119.15499282729,0.026820743950504596
93426.66870362287,0.02696405382262849
93741.12535079513,0.027815157656221272
94064.93960024984,0.028504264871321756
94391.51517417586,0.028146990761045244
94725.97348342714,0.02849572577518577
95058.07554696752,0.027811509161910476
95381.02480987408,0.027534237536869836
95696.67531657414,0.028169004556356785
96004.50787328064,0.02931390873733248
96309.26836122907,0.028278231681618027
96607.79237631793,0.029151736130922843
96909.75232159552,0.026248062906567945
97215.60260016251,0.027517091992074794
97525.30746733044,0.029429120187626744
97833.64089915704,0.02694902703592491
98136.68584982211,0.029288782100843958
98447.4494053179,0.02702218235646022
98764.20628082662,0.027981946800279687
99078.69161732627,0.027768581001994752
99381.0576599064,0.028062683057408694
99679.4902670327,0.029547074037600627
99982.72979546021,0.028647491268910752
100289.30745264207,0.02849667888809738
100589.216625,0.030164701928955193
100887.30406838887,0.028773725468402046
101189.38108293351,0.0273721833065885
101487.52720473667,0.026749611360846408
101793.14264301774,0.02526541921106933
102116.24119004553,0.027319736075453502
102443.15567742739,0.02808805059662981
102770.23164794008,0.028690787170431872
103118.69157362939,0.027493872538877685
103466.29748969652,0.027883652898573454
103807.11315936975,0.02545097591932624
104143.65128333229,0.026372250624722527
104467.49081054139,0.026282099123929314
104769.61911002934,0.025635582105050354
105075.26776705077,0.026213214314687226
105389.21242422349,0.0265982864485754
105711.11023769419,0.02459713104147626
106039.2422186255,0.026573484995961065
106383.99494571322,0.025017620791977634
106738.65201670719,0.025528106922613238
107096.39893981915,0.025752152266036547
107455.92818369002,0.0272686848765213
107815.82143526325,0.027633763678782338
108175.78274680785,0.027449603762857048
108524.74982822163,0.025674074239763006
108885.17954162243,0.02659200486653093
109250.44809559373,0.02588751467433573
109607.88508909034,0.026631397004636286
109960.0158216021,0.02582535828380552
110317.8199040319,0.026580165530134422
110673.221,0.027043054201997273
111047.09618377638,0.02722910132138269
111423.6876247505,0.028545959116262048
111807.06561269762,0.027256573456880928
112184.52491280518,0.027202901762094046
112554.70519690927,0.026391529250266634
112921.96687292955,0.028431312253952137
113292.07698536282,0.027671182289904263
113662.93221396916,0.02606706623724126
114034.62631611737,0.026483931075471742
114407.69767877199,0.028029067727881298
114762.45709828394,0.025032874960363327
115101.74617354907,0.026333227065267428
115443.24233358265,0.027975882282308313
115788.8839775561,0.026507493696646116
116141.49045301386,0.026996846897477507
116495.96355594319,0.026607301486077598
116833.86537140001,0.028023017578611666
117159.06027175268,0.0257093921154167
117496.09943785134,0.025824041546419322
117835.08199276718,0.026110700307965598
118185.68424990647,0.02595825413762304
118533.00523364486,0.02537289745638267
118869.03904785705,0.02387777277732945
119197.08944254127,0.02636192002854534
119527.75726218676,0.026108329767048976
119863.28729247284,0.024608596814238187
120225.4483404043,0.025909529105424697
120570.40351206099,0.0275838158463796
120896.4052250904,0.02631580513614174
121220.73159174512,0.025399810977599375
121540.68900536628,0.025597243449348307
121872.08796209712,0.025513493781634342
122226.13405277276,0.024760781841922392
122588.30396008732,0.026493337611091728
122947.50716153943,0.028402472039954454
123285.15262599138,0.029232329932596914
123620.56788275647,0.029758286407954603
123941.40750202505,0.02755242381357026
124274.6560644879,0.02663557704743522
124617.72363998507,0.026306734467550122
124960.4019375,0.027106433984426217
125320.44508094645,0.026482148191315787
125697.92729998127,0.02605201433391239
126071.53016704063,0.02551405334788076
126428.0364010989,0.02488420948286829
126783.9621547478,0.026369653373770424
127132.94831348587,0.025945061836200763
127477.14267897232,0.024779118372757657
127818.96698762036,0.023929126853725155
128144.54384543472,0.02573517855167803
128485.77817910076,0.0248929608250654
128828.1279091533,0.024505738037023037
129168.29088639202,0.023996472279830847
129492.69824736481,0.024116388366326652
129820.75449101797,0.026962137777581847
130153.03883373915,0.0253351976642607
130478.31013446215,0.027098132828826497
130819.53046953047,0.02704042276697795
131168.19765337327,0.026387046683660594
131498.08693210184,0.024973926302430893
131824.11814162048,0.02589271560143303
132145.92342735897,0.02574929024916213
132463.8826387591,0.026279984948971914
132788.88608543592,0.026897326066069142
133120.49249080825,0.028082244501572068
133452.2170305677,0.026991108642219194
133785.63104373324,0.027776413416768727
134113.67674055573,0.026235815613168914
134437.52932734307,0.026257877581752496
134782.1354075918,0.026995393881668432
135117.42224723316,0.027968360811138796
135435.29807031786,0.027759987655533377
135755.4868060742,0.0281325382161355
136081.64189610066,0.02758552623531394
136413.16233603997,0.026810266216831705
136753.71087798176,0.02781414944318623
137102.0267099351,0.027228370464729517
137444.70879223445,0.02960227592374644
137794.30858960762,0.028025399821685382
138155.67751608673,0.027825086198501707
138503.9943886776,0.026775061261876287
138853.88515912063,0.02715487898826068
139187.4378978904,0.02728932434058734
139520.53436737758,0.02605854096902052
139854.800622665,0.02640633114094843
140208.0649261636,0.027150681697056575
140583.48869315343,0.02710738713890276
140946.16860936233,0.02530801703366064
141310.48718428437,0.026393377887366083
141677.19260967098,0.025561575860766714
142032.65810153424,0.024032215272222043
142380.09938121133,0.02451587247566821
142719.55452450644,0.025063356582496657
143055.9320224719,0.024615345072902285
143410.44983778388,0.02484090617007095
143754.22769557344,0.024018706508075555
144090.3482943227,0.024045684420673806
144421.1152766515,0.022865661667858365
144752.83592142188,0.025177598053629784
145085.232837314,0.024810351983406108
145419.3437986669,0.025937719696985845
145768.48858248067,0.025839678072306395
146120.63187087124,0.026337591916816155
146469.12905034894,0.02563465709552409
146809.94820592823,0.0242778098600214
147166.7055850234,0.027528781456614228
147505.4534064701,0.0244032367490625
147826.87810976373,0.026485390114384656
148148.06571803032,0.02324003344855783
148492.4853746577,0.02437667268895068
148837.68054168747,0.025954164641694685
149188.03874711425,0.025626715900343412
149541.23210168857,0.02593251241450592
149891.713258736,0.02913522595242758
150235.96510108866,0.026239243343664603
150573.61240310076,0.026305113325013275
150913.55648223066,0.024243827318863362
151252.35171553338,0.025815413338681183
151582.8567853344,0.02651036093973061
151895.41418351477,0.024328697095670142
152215.50792066858,0.024847866234811587
152552.08990447648,0.02531146903551981
152894.57868146946,0.02600245456465933
153222.66330155169,0.023640369358564933
153560.02632399724,0.024991252040207114
153896.19375,0.026989528397114243
154231.84554011095,0.025468564051461355
154558.96790942075,0.026221686248170277
154890.41713753494,0.02494724923060489
155228.1653523595,0.025131737398469287
155562.38208341127,0.02634886010345374
155891.9882338293,0.026182231479692182
156217.1112151867,0.024787588647774236
156561.03475819033,0.02526092794347061
156919.20089647014,0.02662264018389269
157282.26394702317,0.025686775010701175
157649.72974825522,0.02309486778800046
158027.95344634177,0.02500516480213809
158399.87529676373,0.02544099076086173
158762.61786894445,0.025499678705288877
159129.62523376138,0.02511053368340147
159488.33699656572,0.026074992041046387
159862.6732519008,0.023841768742542197
160225.59119889987,0.02437117849969601
160580.84181988158,0.025015480693806526
160945.0,0.025170884381477215
161311.68851435705,0.026044647559434926
161687.7659667269,0.025699500416221252
162062.0500374345,0.02445239854155382
162412.35761878075,0.02489917840032239
162760.28097110405,0.02430145011332478
163113.98325,0.024701147203653163
163476.13805133317,0.024951502992559473
163829.9009110196,0.02414809333522483
164181.60130759652,0.024831152789605897
164526.98187046763,0.02352724613482745
164865.543758967,0.026393867604930146
165200.56521467798,0.02540013581948386
165532.89098728498,0.026673921369811584
165869.685466783,0.027686090178883658
166202.07578315513,0.02623351698402277
166547.41711829565,0.023958356842343
166902.82199376947,0.026627449332696347
167271.08100174868,0.025383782816545172
167627.41560062402,0.025027539914192105
167988.7872459793,0.025292578722754682
168360.03143908677,0.024290211053771604
168723.5256594126,0.022853285186210742
169092.92785371028,0.022062157917122575
169448.0497416423,0.02348871761161361
169807.18658764815,0.026268501269750416
170155.4228460673,0.025823426015911907
170482.63482376386,0.02492475505110686
170796.98638606133,0.02554303585069363
171111.58640049907,0.0228545766700982
171435.27378652876,0.02211321062511769
171770.08193447738,0.0243892971402625
172123.75449847456,0.022942382470370337
172484.03262296107,0.02615234765375835
172858.77665481315,0.023817067362457995
173241.8705098674,0.0226984598019255
173628.11356112186,0.02384261153745559
174000.70057413878,0.024343747407400838
174369.8158370195,0.02356757377923209
174734.30280898875,0.023073947156486408
175094.6785247025,0.023162387835649285
175458.20403447415,0.02431033427312784
175840.64492437916,0.025967698533632688
176224.17629065484,0.02549257244173503
176602.78327613106,0.027280553802320667
176977.6428704915,0.02789935911596537
177357.02284929453,0.028962092890263004
177726.1254683987,0.027934633839976256
178098.68739485327,0.028778261691137917
178458.18205080196,0.027046813400646165
178815.79937539037,0.026381084728372032
179176.06654228855,0.026020899471647586
179538.34527077613,0.024437752226153592
179908.37455499344,0.025054037539933557
180272.91542350664,0.025407190120417384
180654.16010220617,0.025167347024724774
181064.69283978315,0.024750961344762318
181454.43600948932,0.02349791337881765
181851.57806065143,0.023657428354150124
182239.13130114312,0.023858620982965737
182619.33989043825,0.024391978643163125
183006.95287370653,0.026454620817566176
183390.6424734541,0.02338203785781174
183762.27592650265,0.023160895841349272
184137.44425032756,0.02330268653273648
184512.842598376,0.024495389048530224
184899.52881377074,0.025394626474185358
185271.38949603448,0.025219364822068286
185643.42342398406,0.02381456019185263
186019.37544406357,0.02647764937940336
186390.7573483427,0.02487678968836805
186773.47772523644,0.02468459565290049
187152.65134696933,0.024720697736480016
187531.61586013113,0.025096169134058495
187910.81491419656,0.027413679113641627
188312.78809063105,0.025553560499823585
188718.8825288072,0.02414233132973495
189101.51813762155,0.026054079599392866
189467.63672118867,0.028109740637178627
