D,r2
133.30289139633285,0.187042082750817
184.48970985155196,0.1751539828892276
238.60226480836238,0.16438908455522203
292.2127994404616,0.1627524150915384
347.7663747810858,0.151592745942603
405.141904075009,0.13970202083104175
464.85656154628685,0.12697981324076357
526.6516105812489,0.1233621320653958
588.0773054508056,0.12697356410290295
651.4984963736069,0.11366104146098874
716.2247500861772,0.11152797797120668
780.8330151015449,0.10723821914577264
847.9095866314864,0.10465523026495938
915.672492135617,0.10317531013424107
984.3297391304347,0.09683635421551977
1054.4701348747592,0.09585990902748662
1125.6983151983152,0.09622900380167605
1197.4088061260006,0.09133881244585955
1268.1879030852363,0.09246180597947576
1340.992287467134,0.09191580918909875
1415.8805240174672,0.09058895680970488
1492.599930179787,0.09085126174750327
1568.9185314685315,0.09459800472613429
1646.362206116316,0.09016686062099462
1723.4885993485343,0.09457497340474995
1806.0075894470547,0.09033433382231824
1887.047601744186,0.0907514417996322
1966.4744777475023,0.08729849842487909
2048.767555797496,0.08858994269866233
2131.9215898825655,0.08473292287555798
2214.603701687534,0.08468488371794401
2297.7057437941658,0.08208433396286215
2379.18676337262,0.08452459258359692
2460.7113776808433,0.08508800212147898
2544.8832847778585,0.08707580299503641
2628.9620253164558,0.08597864152752543
2713.758032310764,0.08814608196648535
2797.574027377522,0.08257122897156133
2883.911268372346,0.08125523801390061
2973.7875657059994,0.07667559874379438
3062.531459655485,0.07775763890242489
3153.2067827681026,0.08032996660380984
3245.158226707515,0.07671282633401741
3338.3383526850507,0.07453681583381722
3433.689961880559,0.07402232461979115
3528.348981077147,0.07668517067862171
3622.8984982811653,0.07527741658369386
3717.260703224631,0.07659640770250556
3809.920331651045,0.07681214760960903
3903.12866776016,0.07341793524967384
3998.02747153443,0.07523619554179561
4093.9439624005786,0.07836150644518383
4193.811141552512,0.08111083204636903
4291.4300546448085,0.08098733344986615
4389.735309973046,0.07697507812155167
4490.071311325916,0.07463151829241815
4590.423076923077,0.07395749931775866
4686.904131931859,0.07207484093723782
4781.706535590752,0.0744574399176989
4881.396592350915,0.07451767117075885
4981.69706253379,0.07739536264373453
5082.600545454546,0.07541267221584776
5183.299528301887,0.07451713352852274
5284.876367614879,0.07631590343044185
5383.532769175369,0.07513711175376901
5482.982149362478,0.07447021159311529
5582.489710435258,0.0789757982718271
5682.1126403477,0.06957680421556268
5783.706724669204,0.07223631343408003
5885.468085106383,0.0697635502826873
5986.5840740068925,0.07194941951034602
6091.501527952543,0.07387114551364203
6196.069436850738,0.07684210314031421
6299.571792538672,0.07462544906152886
6404.817968609056,0.07642776504926647
6513.470802255776,0.07298156198308792
6620.733938294011,0.07329093117807406
6728.0453395953755,0.07447622604038608
6834.574537540805,0.0752659896936233
6945.775303277204,0.07038236375552971
7056.155668975574,0.07255429083376859
7163.999819494585,0.0674805977411102
7274.649355365898,0.06417143804198487
7384.522379912663,0.06634599901527405
7495.6931053301805,0.06648051238116458
7606.215946240465,0.06695384812870346
7715.971723762915,0.07045298938089155
7827.222805429864,0.07141478368759074
7938.508514492753,0.0655617325583085
8047.136612021858,0.06538817596995611
8156.208288288289,0.06630192890190789
8266.388697699693,0.06757087741994913
8375.678584392015,0.06849229719060419
8484.125819373634,0.06948192265037262
8590.709048221059,0.06730368373037562
8701.796946009816,0.06609234700282456
8814.742070725482,0.06663776841547246
8930.088293830288,0.0713145920050576
9042.98367198839,0.06880642783882428
9155.637931034482,0.07045731930128118
9266.210574127907,0.07027933411104934
9378.289855072464,0.0714226056744772
9491.523973846713,0.06905614537075412
9606.375676651029,0.07018702419594983
9722.022677793904,0.06903313023186118
9838.279927338783,0.07134153011218004
9953.136157062352,0.0676530302004944
10069.467736121125,0.06964179882294624
10185.5242506812,0.06882490909345322
10300.25642427556,0.06684513117066929
10415.180199818347,0.07025154666321592
10531.157155715571,0.0714089672430168
10647.32975432211,0.07089199806475452
10768.690506444002,0.06937729365296187
10890.512425176854,0.07007519231324978
11008.983824063976,0.06858736031969538
11128.115280534006,0.06810328530511257
11247.257776969256,0.07354227373494025
11365.513179421923,0.06598955707612944
11487.59368231047,0.06984427120845076
11609.432280319535,0.06785125565410931
11735.34371040724,0.06498759189963897
11859.157197313487,0.06487682989677836
11979.712802768167,0.06856841725596603
12101.108896539228,0.06493052965987692
12227.694025785364,0.06692858017959359
12353.120558375635,0.06450140614208812
12475.716563972454,0.06365788802619068
12600.646162221012,0.06455540748793341
12727.231270358307,0.06483080986999284
12854.62088411861,0.06550482666258724
12977.868688703233,0.06014207900459084
13105.816075307748,0.061750902448484045
13232.140098378575,0.060347860015950376
13352.302697841727,0.05954403628963437
13475.123470319635,0.05874951704358341
13604.194990088305,0.06284914682064678
13733.276479181884,0.05967587635914515
13863.89305782128,0.062407949099795926
13998.448798988622,0.06400287220278371
14133.497194570136,0.06511386614554761
14269.588224571637,0.06631544618769905
14402.209934735316,0.06692431164659547
14533.487915682355,0.0673399827382701
14670.945185719438,0.06744895379335687
14808.524137931034,0.06657106732556903
14943.075818181818,0.0636758184760734
15080.56,0.06241891626467687
15221.034189580318,0.06337756420293143
15362.19071791153,0.05760177652514774
15503.828685258964,0.06350664343090213
15641.71158392435,0.06237563386151676
15775.067888909058,0.05978516549737774
15911.135125317835,0.06323920193008944
16047.051314596554,0.05750327752807367
16183.076950932464,0.05993423817449854
16322.49945553539,0.062474824823191485
16459.76851851852,0.06248451041803972
16595.48706818593,0.06124041286817489
16735.96102003643,0.06163881928326865
16880.040253853127,0.0665323060329803
17022.561675997833,0.05861321438924812
17160.45662431942,0.060330701249813316
17300.64747548129,0.060610508515891136
17447.320426994753,0.057956617685388324
17594.890522875816,0.05948435948160611
17741.003440159333,0.0579288631391732
17890.74428726877,0.05985418543534497
18044.456284153006,0.05793699780601584
18194.55499276411,0.05921976968939039
18339.965617609607,0.05915614813235157
18485.45472690982,0.057658244095693624
18629.877779786657,0.0548278816729403
18774.878584392016,0.053412418569118054
18920.586669081687,0.056392352210962914
19067.82121486854,0.05669678656047687
19214.987824822823,0.055741068941221696
19359.793610455617,0.0620402947386882
19502.06290909091,0.06517686804255826
19647.367553865653,0.06267930693203641
19796.24900108972,0.057820369046559364
19945.221113731182,0.06164585508536657
20094.327302333997,0.06548648042878148
20247.548486496285,0.06189294938597209
20399.935102708598,0.06191003104917143
20557.01376562217,0.06121832700272708
20715.114986376022,0.06548007962739452
20877.940127388534,0.06820612264379915
21033.07371273713,0.06170835049693452
21183.59594129371,0.066473827595875
21333.84748227595,0.0641100132902879
21482.463812806094,0.06379429520553316
21630.136479128858,0.06180289983541514
21784.783520057823,0.06218398776806018
21936.6678163006,0.06140281550275241
22084.47555878612,0.06338265193624262
22234.02849364791,0.06485749158500712
22384.647813516443,0.06412487484385523
22534.299470126072,0.0626561582568905
22686.174046629316,0.0610418663791434
22836.084359160028,0.06264081077927863
22985.615593834995,0.06172891747596582
23132.22528568837,0.056434428469257406
23281.137479541736,0.05496795044241279
23429.680585683298,0.05951603274398238
23581.639287661277,0.0597141803490696
23732.926127104834,0.05744091766786925
23883.94042630716,0.05610365673310047
24036.678701015964,0.05529556003664687
24189.92915531335,0.05688413768971233
24340.066258552393,0.059791155516340545
24491.561241154057,0.05581618650668116
24643.899178082193,0.060005063299520864
24799.20376062195,0.05703478822018197
24953.236804049167,0.05812579587530713
25107.911046299672,0.05776024460611732
25265.99621143785,0.059818564947472924
25426.703454545455,0.05609779151098237
25585.038475499092,0.05817063017111221
25741.549019607843,0.06213078191942772
25902.223493100944,0.06538240520473734
26068.171583710406,0.06445883826952362
26228.901342038447,0.06979697777763942
26387.782332668237,0.06973561088023218
26551.12268266085,0.060944204555812405
26713.166757197174,0.059382774308410984
26874.97601308377,0.059516531134751256
27035.049538962212,0.05830946692416205
27201.027541221236,0.06114572847484385
27368.52875022674,0.06020998873829831
27536.012008733625,0.058900945277001196
27705.902523143945,0.059563087991933154
27879.24487202759,0.06185009570527099
28044.653623188406,0.05993501975215222
28208.23477317911,0.060694689980232634
28370.742041113335,0.060175641413759286
28537.51314596555,0.06500999605189238
28698.581395348836,0.06306288991644947
28860.080744219653,0.06382692861853526
29015.222788496543,0.05720926272737135
29167.5756590827,0.06399986496041764
29326.691324200914,0.06484753217703705
29488.38557483731,0.061807076503051006
29648.70883315158,0.05777868592902424
29810.050532394875,0.0610761207977084
29969.676791560567,0.06267105391317712
30134.710116026105,0.06235090069947391
30299.44835124795,0.06297431655969409
30456.926776351473,0.06125436262004823
30613.597682418975,0.06528172888151183
30770.376698677297,0.06123625733539846
30930.922978878367,0.06268348466610087
31086.568762456965,0.06448561875358928
31243.1444646098,0.06712971403066012
31399.99602385686,0.06774457204601794
31554.92098540146,0.06563042011614745
31711.32260979577,0.06496851808205807
31867.591339155748,0.06218355618650373
32023.98897723166,0.06101197293267427
32179.34286748733,0.06906293161878728
32334.009976419373,0.06725348733772261
32495.63440275512,0.06213294689023386
32659.417183509668,0.05571236008588012
32817.854888445494,0.05589370679742361
32980.2000361076,0.05803581199923095
33140.88631006346,0.0580644835514331
33309.0524691358,0.05866065851254303
33479.15628395509,0.05969073279661475
33644.57974177123,0.056886962897187254
33809.22955288986,0.05986423451948154
33981.252994555354,0.06109035782201696
34147.84149647569,0.06438516273074489
34310.96667880553,0.059263253548524734
34574.09619156587,0.05977676426582758
34923.55367508789,0.06413187553197759
35272.31938199951,0.06580222820989085
35621.133918320484,0.06716723480289258
35964.51935958177,0.06325303764522737
36307.123692810455,0.066208267209206
36648.53410669063,0.06941255448107962
36996.1678396072,0.06892751058860548
37341.331316435,0.06607390813389727
37685.67029192902,0.06583034259121208
38041.98036649215,0.062008173337730045
38400.22803707653,0.06661206886238771
38763.03399641285,0.06903994546266616
39126.68485295322,0.0649633337105849
39489.588240098,0.06133800663050058
39856.322287677955,0.06066793717168343
40213.04560313828,0.0546217093114318
40580.55440923606,0.0559574441403809
40943.279218123826,0.06043492298351766
41287.12468276709,0.06476756558938808
41625.825685826254,0.06674977480924586
41957.17414765759,0.061841547539728814
42279.96466344183,0.05472948908291924
42605.05114796961,0.056098160944071704
42945.65019601437,0.05345977512180128
43299.246170230195,0.05101662326129904
43649.36759410802,0.05257804191958288
43999.47909862835,0.05292726303644542
44357.812438705456,0.05114003073680247
44725.67329405989,0.04879782489245994
45101.2788776178,0.04942623474488892
45467.73940088394,0.04893422007602642
45831.75453950597,0.05165085165742523
46196.38601798855,0.05286920111276914
46557.33221695801,0.051492098579363106
46924.60921235964,0.04790040058458598
47301.525799329465,0.048181503973302404
47674.658468829155,0.05285156783189492
48058.152253947475,0.05009162651405972
48432.69980363279,0.04976078229554448
48804.03189140568,0.04833636930628301
49178.296487349544,0.048911853712130145
49543.79810519438,0.04768428162137955
49895.48847285808,0.047369717357959806
50241.67485265226,0.04431638776703947
50595.62787274065,0.04673321418223017
50948.347162106984,0.046876966089191896
51306.08938501799,0.04988539625239046
51677.686485156635,0.04683015579357498
52049.918597063624,0.049340448428320104
52418.44817148,0.0485521550741538
52777.74353095316,0.04515425670788889
53139.89087641918,0.046934853777713885
53494.719868906184,0.047284069580435996
53838.99566745688,0.046509529876730085
54186.30121662448,0.04834569592125556
54534.63762781186,0.04972968414076815
54881.57917996563,0.051025999484709886
55240.75188092901,0.04906626296433007
55600.578396072015,0.047941606338547604
55967.36600506412,0.048919459411404624
56346.00065520065,0.0453165866632725
56733.47030956465,0.043133876858750156
57132.56633112366,0.04332518953857502
57536.11501597444,0.04287846730699038
57924.81848615988,0.043255864207918535
58312.46905910243,0.04435876005432481
58701.806287866384,0.04388083590865468
59080.62158626329,0.046669836570879704
59455.57091503268,0.04526116663891227
59817.51046949125,0.044860010139890855
60175.772112468236,0.044966900263054076
60532.54715593331,0.04558079783676094
60889.56926849203,0.04437400884144363
61243.357989374745,0.045569902623633016
61610.698533628245,0.044401231289559286
61970.62580697884,0.047686835784785185
62340.50842191333,0.04491631581412065
62725.44831249489,0.047473209622187575
63112.81072891073,0.045765873701336286
63499.049460431655,0.043806068348713804
63878.80505769703,0.045590855147155315
64261.69429458885,0.043861114800290354
64638.5848608838,0.042693909858134454
65023.441366347965,0.04302564898932077
65412.263231083845,0.0398946983638774
65792.78027639218,0.041407344302236644
66173.79361702128,0.03874478915385381
66562.05959397511,0.0415288638003896
66939.58261224489,0.043513467511191964
67318.33155825004,0.04602612631547196
67680.70085749285,0.046598374316716984
68041.95990836197,0.04516497532801443
68410.61445389144,0.04472846744570184
68780.99337423313,0.04354887919344421
69147.26961787087,0.04309490333760071
69509.6015727392,0.0421391316695906
69863.75533218926,0.042638045864502316
70219.96855294406,0.0449950249448239
70581.44804241435,0.04786361756007459
70942.3046785539,0.047301507238914395
71322.5912665902,0.045294819291351894
71707.91289795918,0.04612433555416649
72089.10571966288,0.04965314391982928
72464.01095487247,0.049033164218982336
72847.82805725971,0.05176496221631945
73237.98888071295,0.048677896271458444
73626.06159005399,0.047484950567162024
73999.91140895718,0.04979088066420218
74379.5981147541,0.04775090416008806
74763.1740550249,0.04657797509258845
75142.1151296948,0.04450679298019473
75519.88406508054,0.045468883401445594
75898.60425531915,0.04734359784041744
76278.07407407407,0.0434438765182986
76662.84419726834,0.04368473879718212
77047.43065334862,0.04525493960372891
77427.34683689337,0.04585105705079906
77809.66770364306,0.04463831596698842
78192.26697165264,0.046487897383765305
78574.17486294084,0.0450260341360335
78958.73779193206,0.04145370399928457
79338.59067145891,0.04238645895834204
79724.42239685658,0.04399152323846119
80104.89756177385,0.04252690126631469
80486.99460166857,0.04359745027976508
80880.36900188016,0.04560031291316355
81264.0915343049,0.04672945192771256
81672.44132799085,0.046495680517224205
82094.33502206243,0.04532499344758773
82502.37696721312,0.04152761253948587
82904.00693255036,0.04379789507769953
83314.58184499426,0.044452968086390404
83729.59427032321,0.0442489521115414
84141.29829870767,0.04186470643528644
84557.00769797723,0.04270242508668828
84958.81091235808,0.043567186006652804
85365.5523661117,0.0467819393788026
85771.52226852986,0.04346198350622264
86165.91828571429,0.04456193839497438
86569.96026165168,0.045255283133723054
86988.49230265313,0.04268589686149813
87402.35990496477,0.04270690444326991
87805.50849534389,0.04327731599413438
88215.39790747098,0.04333776484007393
88622.30135643079,0.04298118120311956
89019.83517653805,0.042223487366765004
89415.65420102882,0.045385812921445744
89817.15650606359,0.047539040853144046
90224.10502656313,0.04375482895229263
90648.68573533022,0.042445333341879714
91064.40340119369,0.043788521031550336
91477.49378780447,0.040942832773816676
91888.0845473891,0.04034758846785946
92313.90597381342,0.04266798117099353
92746.20905894857,0.04149849279323322
93166.73258096173,0.038534114656810274
93581.87207118949,0.03899497123413196
94000.7807298073,0.040563823340886616
94426.10905232227,0.04045457276772261
94860.62650208453,0.042749945446540955
95302.03047182175,0.04023189738413765
95747.77535521804,0.04023684581844555
96184.57506966071,0.042597013734860883
96616.69696721982,0.04225656920565962
97050.9444217409,0.04210260735987086
97465.05876103301,0.041440479022708324
97874.8745187976,0.0432828381993745
98283.95635828702,0.04108041940969935
98708.50692112376,0.04097824558027268
99150.13899771466,0.042707089618713764
99590.55107548868,0.04557450153790303
100034.76984126984,0.04424982882228898
100484.75867430442,0.04210250331381045
100939.56130456107,0.04095539629529211
101372.33796371956,0.04437439038883477
101813.75873639414,0.04424074347000412
102258.06171222786,0.044556842222404844
102717.4577683385,0.04245386672603517
103187.29683280138,0.04125795801033087
103642.5210668412,0.042030906667154026
104108.12505118336,0.04491477537115989
104587.89946917108,0.044064133803815374
105074.76938792187,0.043649637732799826
105551.23446582071,0.044489779766508225
106027.91480150302,0.04705263736112502
106493.28555074004,0.04472385671987661
106941.7055933175,0.04553119643664739
107376.2036173173,0.04611554420951775
107805.84735939924,0.04777657421125142
108227.40057283142,0.04790254574299897
108645.13425509285,0.04486109983226845
109058.0210207754,0.04742659832896512
109462.5907790403,0.04849492751407659
109874.20215986256,0.049940770584739246
110284.28408718453,0.047583480331124695
110690.01959983667,0.048372666976552056
111098.33971526755,0.047613647348056926
111499.88520971303,0.04732470002874182
111901.94628234523,0.04732381309314656
112305.06839005236,0.04652875052149902
112711.49301983835,0.04461740206668217
113120.37788319973,0.04364126966026058
113522.6171222786,0.04479835535548452
113926.31979072999,0.04539761635382865
114316.38716542523,0.04712751670779846
114700.58070576703,0.04730711268735462
115090.99222840313,0.04475584140629202
115478.37654371472,0.046652702219262404
115874.50486627955,0.046158975289879126
116270.54296459815,0.0468600816000102
116670.48831126369,0.04734329287363308
117072.78435863875,0.04715272258431442
117473.6318200409,0.048528011094952715
117883.46281600262,0.04513971864832372
118301.42262050904,0.04408053718217834
118723.37676891616,0.046195609299665416
119152.20461236507,0.049267383812949116
119572.52487135505,0.04470353882949453
119975.95313012127,0.04870523722896722
120371.81474217537,0.0516412387160232
120760.62462167689,0.04725262268678731
121148.13482135558,0.04567057518379551
121541.55399444535,0.046970490235423955
121942.16635315286,0.04699398342169488
122318.08095043016,0.047511319118236986
122686.41790678659,0.050972517675673144
123056.5367990176,0.04925604113164394
123407.47327558025,0.04917393654643139
123755.82119529719,0.048474264140130986
124114.47877745001,0.04769202665625707
124479.05469260956,0.04723926621424804
124846.999836628,0.04504581801177834
125200.94492184304,0.04534505213243781
125547.96218384219,0.04747480172736958
125901.3354622124,0.04924730472226325
126263.69137113908,0.04911069405022945
126638.98708833865,0.04612341395648878
127017.9342385081,0.0486789125468868
127397.7059063802,0.0449122894855187
127781.78763814982,0.04675599772029476
128158.01937382489,0.049084599511336396
128542.05974791292,0.0468493763887097
128933.45036418692,0.04694477201845636
129328.59010369887,0.04591302560573126
129731.86586963643,0.048956636656703856
130137.71727235607,0.04530720522339208
130537.92880523732,0.047128913850825016
130929.22348515823,0.04806110768416335
131316.69297598558,0.045214033383966505
131703.47816148258,0.04469789705908244
132109.8367130008,0.04497312359835644
132530.97043649168,0.04548631985413628
132944.61648540356,0.0423808572909497
133350.85102207685,0.04721420221217522
133755.42249836493,0.047925204228779245
134156.00049144073,0.04835453809817163
134544.1967776233,0.048486238368987675
134928.12698023845,0.04936779375051419
135324.37787227082,0.05093612185149578
135716.8304835147,0.04872657906891745
136093.5211947627,0.05325881950795897
136456.27355946056,0.05194293714218024
136827.1234366059,0.04970854086893503
137208.83723212825,0.050356493722984244
137597.43738241307,0.0477766422723615
137997.7990830195,0.04997500959538454
138395.39393939395,0.04520510526162486
138786.92299517698,0.046617879383769864
139173.2346638312,0.04579443197496548
139551.64793456031,0.04353651829627181
139934.0532994924,0.04829346142963146
140341.6833101416,0.04828158395257307
140737.70727925576,0.04928653947266292
141142.23167539266,0.04908145643385598
141554.6464621677,0.050794906426135066
141959.7384263046,0.04929706191044633
142382.4458176461,0.05126186310248585
142797.365935505,0.0510752871213839
143199.6647299509,0.052694654185907214
143580.2089247838,0.05522099228473339
143948.57719054242,0.05680288972469899
144317.1604615007,0.0523233057809294
144685.3737637924,0.056242369412179236
145065.43634278222,0.05276944156286584
145444.47226080563,0.055577097450304674
145835.2512287025,0.05105426818169014
146242.50102082483,0.05492941486466249
146643.65871394722,0.05794180519342842
147048.20327600327,0.05648124238532736
147454.28604193972,0.05206315678093682
147857.8747347805,0.0511744765167155
148263.03498161014,0.04859796253799129
148664.79407674057,0.05150693470850646
149067.60170254562,0.056190511006559425
149478.63826827073,0.056742747592270125
149895.98595345038,0.056492143350569096
150304.10193062827,0.05780239769039522
150722.04675112382,0.055799777931343955
151134.32629511418,0.05562703850698795
151549.15872496934,0.056238278722762255
151962.27215397215,0.0606633096431312
152365.0993707608,0.05506001844000756
152777.7496722386,0.06090668018780202
153189.2995102041,0.05578824000417342
153602.3837466241,0.056119871272703174
154012.47176297265,0.05464855049531712
154438.20805753043,0.05461049396893689
154853.2274509804,0.052863754637858244
155276.3990829444,0.05327885580350463
155686.10225600784,0.05816697140137148
156084.28927108928,0.05597948120210901
156478.8789340309,0.052835952035782084
156872.72445718967,0.05305489413577557
157274.92343482166,0.05551762187164975
157672.69706147173,0.05658913693719275
158065.20903078304,0.05576362777381687
158452.65110947352,0.05532155605560773
158852.75719659796,0.05507452180109244
159258.6464819809,0.05452840716233491
159671.01726253785,0.0553692887494732
160086.99893695314,0.05851106601580413
160502.9916605347,0.05926391179367831
160927.0936145859,0.0550380322453882
161352.2011136587,0.055928582776772734
161783.029676259,0.05517978524535837
162205.1314065826,0.05526794075962466
162631.166884496,0.05746852926595873
163062.50278232407,0.05829830085704162
163479.19448986265,0.05680104438331187
163896.36238757154,0.05673707729409546
164312.583155825,0.05529145006752167
164722.40870488322,0.057468251504951016
165125.35512107328,0.05653363597608744
165529.74493298464,0.062253527638807954
165929.26471550032,0.054384438933360785
166320.8959409594,0.05491538985397521
166727.83326532278,0.05488599051951238
167137.37297164398,0.05807283666503848
167541.46830382638,0.05649801783060954
167958.4556319581,0.05046175090898467
168362.52184585173,0.04820911720039314
168744.60158743148,0.04707693419158753
169126.8478972345,0.046209469373109054
169517.16019615857,0.050164902800000764
169890.54634106366,0.0535777616449358
170261.12425552745,0.058433622482111855
170649.3409573599,0.05388059624666165
171048.07867833483,0.05833141170313788
171449.77611206684,0.05254101195662176
171856.27327008016,0.05360630454224147
172268.07830489098,0.054298294827018104
172677.35305671496,0.053536147952329964
173077.26645922044,0.05291285743233268
173464.20320026125,0.050398361062812126
173850.0800229339,0.05117170684569931
174245.23286438736,0.04848021316388109
174638.83289710453,0.04939389324565669
175023.19127516777,0.05084773174916204
175392.06022717987,0.05416007463613464
175765.013736713,0.05531973357074817
176138.47638503023,0.05046832039216432
176515.48830361525,0.04896132072305171
176897.26255015968,0.05148892196196917
177273.42409618845,0.053487439359585755
177656.64826910515,0.05442756496367866
178037.63458387944,0.05201676840939185
178421.52096787377,0.05033831281571864
178803.42218772977,0.052665464326946076
179184.7996395806,0.05095622753147397
179559.30133289722,0.05264491576118179
179930.23599640199,0.05188757412220517
180293.69490555237,0.05345819711944176
180653.5752328051,0.04979626682124857
180999.80542356218,0.05035459750622206
181344.5591696633,0.05007921145199901
181706.0706789111,0.05329450854165449
182053.4133366021,0.057857572662132845
182411.5445625511,0.05620568374032923
182773.45822432963,0.05028081239752591
183146.8221369684,0.05238446227550842
183522.66527539078,0.05011053178375013
183893.37557226946,0.04938273207696224
184250.53150864542,0.05015834220239839
184609.81347911226,0.04904687853967701
184957.05738175262,0.04877036425161848
185310.75982996813,0.0491859873975318
185670.33475200523,0.048221953083418624
186025.60057142857,0.04981810871172527
186383.66781214203,0.04960985043091473
186747.73126382177,0.05061656653488904
187108.52831576366,0.04856397096116272
187466.96202531646,0.04946990680709563
187831.97606753543,0.050308674173243834
188189.28866906476,0.05035564579366625
188559.78779450263,0.0514664150679701
188920.49350967427,0.05107359445601537
189277.69318461412,0.050655408720761144
189624.1640695113,0.05096939800679911
189958.3766244381,0.048545412911247365
190289.96991556685,0.04999923789222459
190633.76583414953,0.04988771692677266
190984.10265008998,0.051715407362427156
191319.745603272,0.049955729441047855
191657.6832923833,0.049446785476767695
192003.33014471424,0.04771323939430002
192358.60810258923,0.04808665364936623
192712.27630502373,0.052071963834175956
193061.6329082884,0.04873506599309406
193412.23115331095,0.04624424255729108
193762.62266775777,0.043264598504639054
194121.9446895425,0.045355682208219325
194473.86989273725,0.046780240203623015
194812.7877400899,0.048888198047599016
195149.7188396296,0.049182864592622756
195486.07341772152,0.04897343254580147
195820.79326412163,0.050083308130542764
196161.50638402358,0.04726070934782679
196508.20690781416,0.04572627973429421
196860.6714215445,0.04942015183492051
197204.56420328995,0.05082092088331667
197538.05572806014,0.05056947406023298
197886.03460405758,0.0491326400660062
198229.46945442667,0.04726859801672469
198557.87410071943,0.050500005295481216
198903.06882160393,0.05103596601456366
199257.07475490196,0.04796463384079966
199616.63255775848,0.04624608603944427
199963.73815359478,0.0467712134198434
200304.58664156502,0.04637766453029252
200664.30040883075,0.051069379151420825
201014.80057212914,0.047631619531406974
201362.116418155,0.05165555202686508
201721.34444989375,0.0497699686284348
202091.61441058738,0.0493198841786123
202458.09481348167,0.04928734397140921
202838.08830744072,0.046920275623429895
203231.01902731074,0.048741580962460826
203613.48825831703,0.05026982518258153
203987.71711225575,0.05248822652478661
204359.73849938498,0.05143928212531705
204733.23787321063,0.05065259190467614
205110.99705882353,0.04717006254584518
205493.91520013096,0.04499443904956038
205880.09879970606,0.04685855641469287
206262.24793658577,0.046723722787796844
206630.53678943482,0.04746862411943953
206996.15071066818,0.0492100842132201
207377.4068627451,0.046231647215093284
207754.77535994764,0.048255846204820964
208150.68704476635,0.04521128774550307
208547.20143708662,0.04430850332605377
208942.21270672997,0.04642740243286307
209334.13203534033,0.04600172796789674
209738.31833428782,0.04471413329498581
210163.91300081767,0.04498687040229191
210607.58817758155,0.04546595862797448
211048.2226408912,0.04448747299444282
211491.2471231535,0.046359802738608694
211919.9485835926,0.05170442463278841
212357.6531829697,0.05044305928178777
212795.03444044502,0.049441961581488295
213231.41276978416,0.048665253080043706
213662.9791530412,0.04778907797118768
214095.4032746623,0.051940229215109546
214511.601848822,0.04900997358541268
214916.12084048727,0.04648994779661866
215328.18682487725,0.04773137529495615
215726.2168655009,0.04863450636035955
216117.77785965774,0.05044501984951876
216526.3614379085,0.04836746141258619
216927.83793949304,0.05049079006886551
217313.6923202882,0.051004831186680914
217704.84887907052,0.051017275839219646
218103.00261673072,0.05065572640006684
218495.91398201144,0.05078889762801282
218890.23840680462,0.04883564492149135
219298.89545640606,0.04749929441260348
219703.46930612245,0.04557676511663518
220105.300433396,0.044842156130546575
220508.7417586912,0.05005214868677761
220920.1360255048,0.051253104229665614
221336.1414182771,0.050524648918124145
221763.64257093793,0.04948569503728238
222174.75322659695,0.042930994437347686
222591.57856791743,0.04370899601598808
223006.46446659043,0.046216191352125895
223432.22471175075,0.0476122901998657
223855.34701737136,0.046103804028146046
224274.56855531028,0.04599005118048977
224698.97875643434,0.04737355078247915
225127.1550933508,0.04440408826340607
225538.2337089662,0.04341349103391446
225954.90099901735,0.044311481606948
226375.07981681387,0.044285357554494566
226789.5440647482,0.045351148228894876
227211.3773199248,0.04554834447127614
227631.3468987497,0.045381613907297044
228052.81343588905,0.04517780397577943
