D,r2
4.476190476190476,0.5479624373484127
6.143578238923163,0.4598890335478173
9.141620284477428,0.36291788805839037
12.0,0.2859359996799848
13.434426229508198,0.2427708199682677
15.129896907216494,0.2553316275415727
18.13718662952646,0.21618654018255656
21.15800561797753,0.1961172976120299
24.11111111111111,0.17618232795480915
27.119540229885057,0.16092030657062875
30.12041884816754,0.1506960877254297
33.13096139288418,0.13389159111472598
36.03789126853377,0.13745989958897664
38.0,0.1379978843022662
39.10215053763441,0.12913513535757465
42.0,0.13174578559362082
43.46491228070175,0.14042896390492687
45.132730015082956,0.12397927926677549
48.135725429017164,0.11967381113614077
51.12830793905373,0.11744628283103149
54.10965250965251,0.1049781954924907
57.13650546021841,0.10921768037785055
60.142067876874506,0.09847831303240337
63.0,0.10748769709510164
64.51327433628319,0.08390657278316063
66.12884455527848,0.10634632994097437
69.1191836734694,0.10446474134400005
72.13280632411067,0.09889803426527684
75.0,0.0988133082350498
76.464,0.09190368168788653
78.14799331103679,0.098950197670567
81.0,0.09266772325759413
82.47154471544715,0.08510013922456115
84.14165261382799,0.09012913418328106
87.0,0.09237040588396987
88.48091603053435,0.07396386566753874
90.13597246127367,0.09056887391108352
93.14770797962649,0.09626468168040762
96.136400322841,0.09542030226995699
99.0495652173913,0.09380507685530284
101.0,0.08473414553545693
102.13058720420683,0.09352151428291462
105.17042380522993,0.08722566163359309
108.12408759124088,0.09153288323493453
111.16591523895401,0.08744208803386698
114.13386524822695,0.08580423527814705
117.16768558951965,0.08527568794879539
120.14749780509219,0.08497263080572826
123.1537147736977,0.08214980493884089
126.13574660633485,0.08688072272472087
129.13888888888889,0.07785052689541114
132.15593220338982,0.08280419953178503
135.1678023850085,0.08478498288313978
138.1696813092162,0.08266781807966787
141.16339285714287,0.07544016531763077
144.05038022813687,0.07775946830078394
146.0,0.07737741546635035
147.15475113122173,0.08470390223526277
150.15344376634698,0.07876073941780264
153.17587476979742,0.07967776711318027
156.1875,0.07869300672615581
159.18385650224215,0.07562971044671332
162.19553072625698,0.07744144665384074
165.17193308550185,0.07474368653815977
168.15975286849073,0.07843952863288263
171.17730496453902,0.07937495771976097
174.18732782369145,0.07558494333736662
177.05397727272728,0.07780558161294886
179.0,0.07928156180081754
180.18450826805918,0.07648848644082248
183.18108831400536,0.07352596110341372
186.19463667820068,0.07175493846238651
189.20284697508896,0.07121086998060391
192.0,0.07373838489795222
193.48888888888888,0.06884940145268086
195.1782363977486,0.07032190017906419
198.21340388007056,0.07070472466801117
201.18173515981735,0.0738851030193533
204.1954459203036,0.06814759742594168
207.20863309352518,0.06841473501272807
210.0,0.06585219108196314
211.53846153846155,0.07166366028869828
213.2139577594123,0.06795150969569225
216.21148587055606,0.06480380208295716
219.18853974121996,0.0691057220194983
222.2048417132216,0.062369447751102224
225.18274582560298,0.06305008388616751
228.0,0.06706260326246205
229.46478873239437,0.05585735781591578
231.2219074598678,0.07503486712556813
234.20833333333334,0.0673104472487174
237.07253886010363,0.0638442910521112
239.0,0.07691119084018383
240.2097516099356,0.06258332084053511
243.22753346080307,0.0661301665268804
246.06225296442688,0.06715554271086571
248.0,0.049597420345661405
249.19662363455808,0.06592347936647765
252.20593692022263,0.06161772968540455
255.24470134874758,0.06132110834340173
258.0,0.06990897839623728
259.5032258064516,0.05705989016878952
261.19659735349717,0.0670381204544
264.2401129943503,0.06582179730221256
267.0762195121951,0.06499810567398175
269.0,0.06531121184135143
270.24225352112677,0.06506337520358878
273.2702960840497,0.06225367452800481
276.2532146389713,0.06221038356590099
279.0,0.06156591239433104
280.462962962963,0.06538202061917772
282.2565343659245,0.06481489555296781
285.2393669634026,0.06413154901983793
288.2485436893204,0.059899999118931534
291.23499491353,0.05656328670166933
294.2571138211382,0.061956519371329934
297.2857142857143,0.06617843745449929
300.2591093117409,0.05988179269669023
303.0,0.06700672748874455
304.4782608695652,0.04999571574696781
306.2650485436893,0.06204800715717689
309.2402862985685,0.0645946244124937
312.2892561983471,0.06187607057154543
315.09037558685446,0.06433688006645784
317.0,0.04354650042716897
318.29249762583095,0.059758473211379524
321.2531512605042,0.05959419154364781
324.25432349949136,0.06372939389834667
327.264039408867,0.06616203313440079
330.0,0.06211899080832763
331.57608695652175,0.05256262223973035
333.3043944265809,0.05870807659643266
336.27748691099475,0.06395434101427959
339.26278118609406,0.055750174832115085
342.2846865364851,0.05908576023788915
345.0963045912654,0.06442214413576966
347.0,0.05956073240336645
348.2776089159068,0.055993801983529795
351.2686721991701,0.0553425079507179
354.30722278738557,0.05961294944496514
357.3121902874133,0.060130532994480124
360.0,0.060560118062846474
361.4848484848485,0.058729335562140876
363.2897489539749,0.05455705600554422
366.32208588957053,0.061012946195742934
369.34189723320156,0.05463989920214235
372.11547085201795,0.056330692708993504
374.0,0.04428679710593736
375.302780638517,0.05874004925864807
378.3227222832053,0.05528254513183592
381.3094736842105,0.056794036126091886
384.3237486687966,0.05614058332150887
387.33368091762253,0.059458512321594256
390.1304347826087,0.05458869485208547
392.8583042973287,0.05261908006962082
394.6186440677966,0.048231429416922655
396.36091003102376,0.05580439563774003
399.3649193548387,0.05193793778473323
402.3471778487753,0.05960729569488106
405.38,0.05281639168258938
408.0,0.05892687543427987
409.5637254901961,0.0598380713641319
411.33590308370043,0.056632054706489646
414.35268817204303,0.05733907962323089
417.36305048335123,0.05846420927951129
420.3220696937698,0.054460450603497294
423.35250266240683,0.051469183228603894
426.123820754717,0.0561969694040899
428.8233215547703,0.05872572298463455
430.57936507936506,0.05250767356528161
432.3540106951872,0.05303656989542533
435.3788037775446,0.052495566433346616
438.3894849785408,0.05055593312241713
441.32624867162593,0.05637049799206612
444.11934673366835,0.05215820352416765
446.8517647058824,0.048453333686742546
448.5315315315315,0.048914887369730736
450.38232044198895,0.0497729919683867
453.4145299145299,0.04994115138092516
456.41555555555556,0.0474768741092705
459.38419913419915,0.051456872888571176
462.3792016806723,0.05594161334384121
465.1426783479349,0.05161800719045414
467.82224909310764,0.0517663437911189
469.563981042654,0.051405918666067675
471.4022471910112,0.05036572381273251
474.39527389903327,0.051414829216906904
477.41566920565833,0.051009317753941776
480.44553376906316,0.05278633574648052
483.4086956521739,0.05198572973317933
486.41809851088203,0.04998219870615524
489.15056461731496,0.052953739404404516
491.9862068965517,0.04653992050013805
494.8347613219094,0.05399216858313229
496.5345454545455,0.04878759072606906
498.4312849162011,0.04977167937600059
501.3948220064725,0.050587606668141646
504.39154013015184,0.05320127175089624
507.40064446831366,0.051667988149060824
510.1555834378921,0.05197649063011993
512.9607182940516,0.04947194642536047
515.8287581699346,0.0525839549164772
518.6238532110092,0.05383305707580403
520.5374449339207,0.05273053237793064
522.4360400444939,0.04779089835040484
525.4334016393443,0.049838479756251094
528.4514348785872,0.051096202366689
531.4237837837837,0.049469250365913105
534.4294803817603,0.048749455341867906
537.134163208852,0.05450159538293886
539.8169364881694,0.05119694496144589
542.5353200883002,0.04779435702905968
544.5345454545454,0.04857768439444539
546.4266813671444,0.050377059786622075
549.446878422782,0.0519503552728558
552.4338747099767,0.04709490511886389
555.429203539823,0.05298112195824855
558.478163493841,0.054328364287002724
561.4292185730465,0.049799673799734205
564.1737400530504,0.05229029868204134
567.0256696428571,0.0492690074650577
569.7971014492754,0.05116053931264087
571.5211267605633,0.04580908544516672
573.4612756264237,0.04935621670020342
576.4846416382253,0.04904048868748752
579.4846698113207,0.049952937479039006
582.5028636884307,0.04965056467231392
585.5069284064665,0.049563469817929744
588.4340473506201,0.05030276689148716
591.5179606025492,0.047727966334057875
594.4877505567929,0.04714294370563389
597.4859484777518,0.04938005161432474
600.4880952380952,0.049118882342001055
603.4878640776699,0.04664670477083207
606.1623815967523,0.04669181574489487
608.9708624708625,0.04991763326462309
611.7879616963064,0.04721904209032451
614.5191441441441,0.050830178959706235
616.560975609756,0.04126895487266996
618.4867663981588,0.047905604447403306
621.4835680751173,0.050350319256887315
624.5377875136911,0.04691855199484265
627.5155350978135,0.05070870352620905
630.4638009049773,0.04544529121455933
633.4948571428572,0.05210093316931892
636.4953488372093,0.0506832120706046
639.5109070034443,0.04945433465024649
642.5035211267606,0.05064866474066565
645.2033426183845,0.048415966158188654
647.945205479452,0.04945478797939019
652.804704595186,0.04583610459977353
659.0528817587641,0.04886424614804195
665.0969840331165,0.04838613793749598
671.0334128878281,0.05206040444379324
677.0062821245003,0.050263557571439445
683.1072862880092,0.0445652331146251
690.0716928769658,0.0463965484270763
697.2921857304643,0.04673586036871516
703.7460230389468,0.050285090669730574
710.1263940520446,0.0497046307604308
716.0989551321451,0.04744136038253114
723.2244533690317,0.048716748614563744
730.7546426561621,0.046119914514084245
737.145625,0.047836650543877444
743.0700245700245,0.04774482115565524
750.0363894139887,0.046744576984654694
757.2094298245614,0.04903735656808156
763.7950138504156,0.04645044428351498
770.1384615384616,0.04886986312433146
776.1721105527638,0.04698849236124877
783.1581332125056,0.048065896519405814
790.7606936416184,0.048106148594572073
797.1428571428571,0.04429292550573038
804.0901518863302,0.046119305199268594
811.1685267857143,0.04367762981529887
817.762114537445,0.0467523419176027
824.1607818411097,0.047968598941457545
830.9969650986343,0.04357272901552047
838.14,0.04684252240576793
844.8610792192882,0.04573838945628016
851.1429483088705,0.04447504126031311
858.0024003840615,0.04600900675235639
865.1969265793967,0.041375235384563454
871.8483997754071,0.04382931867781408
878.1508135168962,0.045366027169415644
885.2565445026178,0.04465662030302217
892.8505214368482,0.04440850939868664
899.9848563968668,0.041907791148021865
907.1235614778922,0.04615319546289891
913.8741418764303,0.04477723432466997
920.97476340694,0.04474093777474348
928.5285252960173,0.04252457275753362
935.2636065573771,0.05019552049261835
942.3557274045432,0.04557253317388817
949.8357515960533,0.04334756214499288
956.295729764181,0.04284881110035899
963.3355513307985,0.04320118130490464
970.8131428571429,0.04601282324744397
977.2851612903225,0.045138669661553874
984.3244734202608,0.04249145509724985
991.8901734104046,0.04321726805665616
999.3208582834332,0.041986248484070524
1006.8410924891372,0.04236403578670836
1014.0,0.04069771901807636
1021.5349630471859,0.04177407746369829
1029.3685553854007,0.04105526454010027
1036.8680023571007,0.04321006980427916
1043.991452991453,0.043690430799125185
1051.4153005464482,0.04433939933761369
1058.986078886311,0.04304541091303138
1066.483097055616,0.04074793588098221
1073.3202170963366,0.04285706605644795
1080.2657973921766,0.041859886864377686
1087.8358120166567,0.042916125599842876
1095.369498464688,0.039430247674237064
1102.9270072992701,0.043257659903283195
1110.2620179609087,0.04499781512560919
1117.892942583732,0.04409835231167096
1125.400402414487,0.04152416605372037
1132.8262996941896,0.04212765782003106
1140.7425354870288,0.0440662656782413
1148.9729119638826,0.04293666521687668
1156.6314898419864,0.04496453222131868
1164.2738990332975,0.04127560909960123
1171.8946731234867,0.042596977557871875
1179.3834505137913,0.04018143093263354
1187.5544235924933,0.04007956760602774
1195.520892959359,0.03976489977792331
1203.3433315479379,0.043156977807048975
1210.8426395939086,0.042723381090553555
1218.3605817452358,0.04069807586063158
1225.9411042944785,0.04297488427906105
1233.4071504802562,0.04075345534420717
1241.53952991453,0.04114772325001542
1249.5273547659335,0.0422655001352952
1257.431654676259,0.040662568769820814
1265.5775026910658,0.043946399871129416
1273.472081218274,0.03851400700373222
1281.0058139534883,0.0401438568859751
1288.4888628370456,0.0434511381608918
1296.939735423812,0.04172852690038101
1304.9808497905447,0.03958684789651956
1312.4903628117913,0.041470080506816574
1320.3187845303867,0.041845084262209675
1328.657614483493,0.04223617385817727
1336.6402332361515,0.04046644108031416
1344.324267782427,0.04223482059902133
1351.8210459987397,0.039690594744177236
1359.83226758485,0.041781102434101665
1368.0666666666666,0.041349271269041324
1375.6081156197888,0.0406613012043838
1383.348493150685,0.042116118256381244
1391.5982857142858,0.040416820566835925
1399.541590771099,0.04236542700473819
1407.896007885658,0.039004919533458145
1416.4058956916099,0.04105497966829571
1423.8509554140128,0.04038138633483191
1431.8081791626096,0.04006171590525205
1440.3636363636363,0.04264295930617311
1447.8390367553866,0.04210061462932315
1455.8084667010842,0.040006095893749365
1464.3146696528556,0.03828430847650416
1472.959516298633,0.04207645525511843
1481.5558035714287,0.03852449298409989
1489.5705916813122,0.03979928547211055
1497.8992768595042,0.04079630943536157
1506.3504842615012,0.041175747688053765
1514.6472222222221,0.043660358883865553
1523.1696058091286,0.03934896971379271
1531.5241635687732,0.038494073096542916
1539.8321167883212,0.041704087977487835
1548.8513011152415,0.043284304066774686
1557.3939213349224,0.03979392718048496
1565.9262552301254,0.040697020782521645
1574.558640226629,0.040420156021019
1582.5705669481304,0.038705358515519615
1590.8575254418854,0.03799693134310593
1599.9352594970574,0.040219532080533034
1608.8741685144123,0.04093923081880843
1617.504711425206,0.037468979945110906
1625.9835805084747,0.039513767423305333
1634.5505747126438,0.04258861153173033
1643.1892761394101,0.04033350536937884
1651.6105129829007,0.0403915117443582
1659.9628252788104,0.03989138451812787
1668.9636752136753,0.03819548257755654
1677.9118291347206,0.037867057959827186
1686.3589138134594,0.03886841958136967
1694.953642384106,0.039721403020746074
1703.9376026272578,0.04086098908804179
1712.9871313672922,0.038692326696867
1721.9403066812706,0.039944555812420034
1730.576760987357,0.039151129816638895
1739.0316666666668,0.03979554425247516
1748.1240188383047,0.040382125117493596
1757.119718309859,0.04200235835931788
1766.1105555555555,0.03740552238684062
1774.5203761755486,0.03976294971716511
1782.8374655647383,0.03854034196216045
1791.8885209713023,0.04020481632660124
1800.9000564652738,0.04002353572766878
1809.9528824833703,0.04030165585868789
1818.8709677419354,0.039429063830089615
1827.8996710526317,0.03930426095328953
1836.9209039548023,0.03890275251335826
1845.7796336206898,0.03828192473949965
1854.867077958497,0.03851597077211333
1863.9413067552603,0.03849684651613334
1872.931129476584,0.04064491142790274
1881.9168929929385,0.03904182403210278
1890.8293084522502,0.04067566990738329
1899.9525423728815,0.04130472568508043
1908.9937321937323,0.039017402056662195
1917.9931467732724,0.03961220678911591
1926.9333709768493,0.03751441837589506
1935.9396984924624,0.03820312653782839
1944.920088790233,0.04094657668577266
1953.9007760532152,0.040138279293280434
1962.9725643896977,0.037549906407625004
1972.591304347826,0.03920516236499494
1981.9059233449477,0.036301197692390395
1991.1807432432433,0.04052369587067863
2000.3927392739274,0.03787577823834578
2009.8726549175667,0.03744795973428494
2019.4571728849185,0.03988873218523763
2029.086455331412,0.03839660810945763
2037.918509895227,0.038373355508019694
2047.4754851889684,0.04115797687637725
2057.09529343405,0.03993722751889591
2066.48800436205,0.039259641223552404
2075.998257839721,0.03926256116005488
2085.4858364510956,0.03913082251605227
2094.90668202765,0.04074114530895796
2104.456790123457,0.03825427471879863
2114.138248847926,0.0361303338879691
2123.45174752217,0.03844578791048864
2133.0783410138247,0.03922833911815526
2141.998268897865,0.03853522042523318
2150.9740552735475,0.039361065214929235
2160.503871966959,0.03792522928659335
2169.8871641791043,0.042116651369042045
2179.533403471857,0.038788826251307466
2189.0005917159765,0.037207884024461235
2198.6142418032787,0.038077990778367
2208.035419126328,0.03779986402886065
2216.941753171857,0.038512511120886286
2226.4793733681463,0.03794794922638148
2235.980880648899,0.039772430538184717
2245.397136797455,0.0384079042030352
2255.4922048997773,0.037977396415307736
2265.4519337016573,0.04076150680320205
2274.9264354066986,0.03739275645609704
2284.3936403508774,0.038525489138477066
2294.49750968456,0.03822594278867917
2304.447412353923,0.036016186514071985
2314.5408872260823,0.03762446333187697
2324.476940382452,0.038446372802218284
2334.425925925926,0.037594229283714586
2343.9047907822924,0.039978497381324654
2353.561956521739,0.038575930286163844
2363.470930232558,0.038764911269242974
2373.423162583519,0.03999501961731052
2383.4466666666667,0.037375964476850584
2393.5277933745087,0.03822527318602085
2403.4944196428573,0.03469296174387242
2412.998224852071,0.03780423034879788
2422.4124597207306,0.03895877003003289
2432.4964226747384,0.03730002099950615
2442.5085399449035,0.03738257032517545
2451.9277611940297,0.03721414924824426
2461.9748295752493,0.03908444700114011
2472.398441847524,0.03849010458170959
2482.5464982778417,0.04010267084141398
2493.0328981723237,0.03813142863219435
2503.4116355653127,0.03892530996004691
2513.508610792193,0.03807899586515816
2523.509609784508,0.03894022917977387
2533.9795811518325,0.037249171863735685
2544.5218894009217,0.0371574845388449
2554.985444743935,0.039208498810102785
2565.5260972716487,0.037625325192395545
2575.951141795008,0.037499913485211075
2586.5409836065573,0.04119267215026035
2597.0116033755276,0.03636390126399494
2607.474730266894,0.03727982125246261
2617.6544831524843,0.03781477905429346
2628.043526170799,0.03606266628961914
2639.0031729243788,0.03711159622169026
2649.412763466042,0.03785357958672002
2659.971444261395,0.03802560535808808
2671.2310946589105,0.03870336756299034
2681.5350509287,0.039480554357116
2692.010893246187,0.036548071926448135
2702.543031649084,0.038562383159927896
2712.513729977117,0.037025859562893025
2723.016230366492,0.03807800001218412
2734.0088105726873,0.036638978350813575
2745.0743392070485,0.036709032451975356
2755.977966101695,0.03653575815698968
2767.056345733042,0.03771877289910798
2777.898267188373,0.039152679991308344
2788.449128724002,0.03931059205079057
2798.9706546275397,0.03885815793964957
2810.005076142132,0.039964978796853276
2821.124175824176,0.03930232283229732
2832.0851183765503,0.03576010810829953
2842.9059405940593,0.03672265435457559
2854.0797413793102,0.03645675038342041
2865.0085082246173,0.03750574894858336
2875.9902411021812,0.039550170161022295
2887.1304812834223,0.03812034211065468
2897.3799644339065,0.03361008388299612
2908.199560197911,0.03659576406288579
2918.961095890411,0.0368911663578213
2930.095477386935,0.03789940143834405
2941.021523178808,0.03866544381114664
2951.9439953810625,0.03698744173791216
2962.9122709605776,0.03731078321410921
2973.959673024523,0.03848285852540718
2985.073949579832,0.03890787598399399
2995.99010989011,0.03936387747015244
3007.4688684353005,0.03768030169824622
3019.121281464531,0.03834084114921115
3029.875850340136,0.03875583351363357
3041.4264248704662,0.036770770752365595
3053.0404558404557,0.03558066061240009
3064.047995482778,0.03459104119705358
3074.975581395349,0.03862198991423725
3086.488457502623,0.03578092003569265
3098.144960362401,0.0371008784730128
3109.0962536023053,0.036496522176255285
3120.607541157727,0.03886326427864849
3132.483958673192,0.03710118948331615
3144.020178041543,0.03480906647501916
3154.9815116911363,0.037258240392202754
3166.0629965947787,0.03494227067220768
3177.538589672404,0.03454183299169983
3189.467234949387,0.036934302255115715
3201.4895947426066,0.03671790058319784
3213.0418848167537,0.03639942099776729
3224.58,0.035815403357368596
3236.2976127320953,0.03728248224779391
3247.894858463316,0.03665405174801687
3259.5454545454545,0.03777637725841689
3270.98769771529,0.03851525132901705
3282.5109919571046,0.036561757963967656
3294.0595306239265,0.03849439008447525
3305.471891891892,0.03748493017379067
3317.502181025082,0.0370420507159802
3329.606566200215,0.037422338998415135
3341.4726651480637,0.037229097545689066
3353.2974828375286,0.037362947051960096
3365.443237370994,0.036610137653645375
3376.8874458874457,0.03673150505137209
3388.4309266628766,0.038493635969432116
3400.4937070938213,0.03874104334112728
3412.3861950941246,0.03675489325099191
3425.047071129707,0.03868116137286787
3437.496587030717,0.040092548712610525
3449.4727272727273,0.038842476195182794
3461.599104143337,0.04020925194820273
3473.406770255272,0.03775612178609227
3485.4216008771928,0.040136659511598276
3497.4008983717013,0.03935790119526267
3509.8904914529912,0.03816184607468079
3522.4167134043746,0.03674152891797128
3534.4,0.03720878692437722
3546.5293447293448,0.038021566756244636
3559.0293333333334,0.038917354720195634
3571.34896705751,0.03654829853035067
3583.466516601013,0.03455600240451623
3595.5272831705915,0.037608888390124134
3608.127388535032,0.039635131943531916
3620.5264997087943,0.0374299508141947
3633.104843304843,0.03430793330946335
3645.8871934604904,0.03544201904063646
3658.9173508483855,0.03836110190520807
3671.9773095623987,0.036105428123479465
3684.5658279695726,0.03479035472908138
3696.9221288515405,0.037786822938011694
3710.320626631854,0.03923819101713696
3724.1497447532615,0.03708056921554526
3736.941533370105,0.036321281782054286
3750.0573537762634,0.03568977639608137
3762.8642816581487,0.03583924598709688
3775.9475738984943,0.03770602576775402
3788.9041916167666,0.03845142929025773
3802.103310502283,0.03656229744217105
3814.8557958957294,0.03853670713942244
3827.9638286032277,0.03621409606769913
3841.489350372737,0.03827044009239728
3855.013468013468,0.036587344355494884
3868.0625352112675,0.033726456413621264
3881.343783209352,0.03649815791547531
3895.064479638009,0.037444303648471414
3907.3185316755475,0.03500063596092013
3920.3980263157896,0.03805939247266289
3934.038716814159,0.03596223436684814
3946.9456342668864,0.035073219292891394
3959.9023861171368,0.0345495501741273
3972.8944315545245,0.03818432184085562
3986.5781083953243,0.035835584220029734
4000.1629850746267,0.037043833916867074
4012.4052251250696,0.039346331800548535
4025.5164775796866,0.03852478759090986
4038.8625213918995,0.038435863894667126
4052.298625792812,0.038851630869551054
4066.14089347079,0.03629513406223804
4079.5184989429176,0.036133566711028506
4092.9323782234956,0.036704334969518755
4106.0144766147,0.03565387463426305
4119.522487506941,0.0356235795331898
4133.0561542824735,0.037853069629040455
4146.449834619625,0.038138117675846364
4160.091773922775,0.03478007237297997
4173.511589403974,0.03469403177066607
4187.375882672461,0.03465673858685358
4201.219780219781,0.03603448203193725
4214.5376458112405,0.03580096724792361
4228.545555555555,0.037856633257524024
4242.173887926055,0.03718732613557033
4255.098398169336,0.037599987261620144
4268.412376779846,0.03599105962131635
4282.552197802198,0.036314460192255385
4296.58398656215,0.03640935491778425
4309.865900383142,0.03557121287879699
4323.372644049542,0.03585542324062799
4336.989946777055,0.036715956555445045
4350.310073157007,0.03693421036320985
4364.533082302313,0.03729296156208822
4378.528071150639,0.037735503611703296
4392.518560822387,0.03710616239668649
4406.55195162177,0.03460130902753863
4420.512990602543,0.035439730846909816
4434.6074660633485,0.03427569308545441
4448.409392265194,0.03569029182575691
4462.454986522911,0.036722823822941245
4476.535914702581,0.034424012280257675
4490.489268024216,0.03676286959780718
4504.709392265193,0.037661869071087754
4519.065619742008,0.037053000541244656
4533.424189814815,0.03469939029235868
4547.931954273272,0.03514478343453053
4562.483942414175,0.03528353973930854
4576.54447592068,0.03548956317542499
4590.510446075664,0.03568081817796437
4604.946560846561,0.03627104257536282
4619.546910755149,0.036271071063005915
4634.459560792716,0.03866261561823579
4649.44747533372,0.036590155870580496
4663.995081967213,0.0370698013439982
4679.083965330444,0.032525063332369
4693.627647714604,0.035096603871726716
4708.239623685667,0.036162654945552666
4723.170745272525,0.03625883037443264
4737.488060570763,0.03453724225718565
4752.047159699893,0.03428100732074532
4766.338756536898,0.03773998842694684
4781.018701870187,0.03452400520112096
4796.4825362708225,0.032355233065730606
4811.484571428571,0.03583634177669069
4826.083695652174,0.03280187402808323
4840.396751740139,0.03658816045493265
4855.094012311136,0.0379911537482722
4870.168194070081,0.03562312443458103
4885.010163749294,0.03685467792923102
4900.23875624653,0.03743921620266316
4915.598821638993,0.03685821472783695
4930.5046565774155,0.03974357725339035
4945.079714128642,0.03596746292384127
4960.526601520087,0.034504258921954904
4976.465507246377,0.0347534204171247
4991.755468311834,0.03878381490268456
5007.489005235602,0.03721424979945844
5022.866945107398,0.0348853880243036
5038.057477678572,0.03610564397736338
5053.509564293305,0.03583781770446549
5069.49189491336,0.03609993677867696
5085.001708428246,0.037611379678164074
5100.698492462311,0.03294028411355869
5116.42904109589,0.03790983109674615
5132.560244308717,0.037893012001889624
5148.5926724137935,0.03998828003155268
5163.821387283237,0.035661432766622515
5179.470273165506,0.03808785678122324
5194.920838183934,0.037215538958865854
5210.432612312812,0.03883413035567152
5226.285013623979,0.03663457187320395
5242.994459833795,0.0370095984251502
5259.489456159822,0.036478096405295306
5274.849110728629,0.03711128639661229
5290.456705385428,0.03634481785170746
5306.5475917431195,0.03491077585972897
5322.528540065861,0.036036376104237974
5338.431856421761,0.03684576127394828
5353.991491775383,0.03801528283037917
5369.945563418617,0.03511710283727832
5386.053726169844,0.039097569030776824
5402.054112554112,0.03790811537619166
5418.512153759186,0.03643232145279398
5435.0156587473,0.03447611777222817
5451.309389140271,0.034100949222317586
5467.860362836724,0.03694961828446539
5484.5027746947835,0.03602805570254944
5500.565976008724,0.0396135462794719
5516.702655889146,0.03610451823263977
5532.4740990990995,0.03590023870380365
5548.8364411294615,0.03507119401619331
5565.043350908026,0.03764965679834114
5581.036858974359,0.03595597834469465
5597.581196581196,0.0365548352826826
5613.518264840182,0.037501671047689235
5629.576571735626,0.036407109906287954
5645.821408763172,0.03480910429525502
5662.790143964563,0.033399595500807275
5679.559444444444,0.03539669796933766
5695.966322650734,0.038633175872371334
5712.470656595003,0.03571305854624849
5728.264444444444,0.03412179439140893
5744.992876712328,0.03677484017411892
5761.446579988694,0.03531750210220608
5777.460370994941,0.03524148951410771
5794.057565789473,0.036265900841722015
5810.571993224167,0.03715261178641828
5827.0557324840765,0.03660145472776829
5844.120922384702,0.037605561247422335
5860.961517317207,0.036244886610590776
5877.419171866137,0.036680120758357415
5893.289617486339,0.035584066484332384
5910.178195904815,0.03384259216446307
5926.647196261682,0.035044557914744943
5943.535008017103,0.03569069691786757
5960.925947187141,0.03398551947030591
5978.190814652816,0.03645318141504775
5994.894736842105,0.036061170759832555
6012.598141060689,0.03497251128796122
6029.50427837992,0.03444920037236347
6045.988789237668,0.03406278323324062
6062.952934662237,0.03790500156527492
6079.8918309859155,0.03828223827805024
6097.416344561016,0.037365099291136704
6115.375669882101,0.03838482701216036
6132.913068181818,0.03471204071821003
6150.637110016421,0.03577738391531431
6168.091585575272,0.036734574617651776
6184.965250965251,0.035963786613998495
6202.4689423615,0.034940770666242044
6220.461077844311,0.03313034930571817
6238.008690614137,0.03731997767299206
