D,r2
67.47392832044976,0.5594571429895051
94.27288754564917,0.49367068713345524
124.3652644731362,0.46516930330615713
157.31074503931112,0.4178228593390661
193.47036839295248,0.38155103580329774
229.3170968637247,0.3383253287119686
268.3444828911957,0.3145745758966942
310.4093322157027,0.2912748632156164
355.3241793332482,0.26996149115943874
403.51590576334354,0.2577233054047054
451.37981298129813,0.23202456690335868
502.532634032634,0.22336388005440913
556.0549066988857,0.2124336110272203
610.3386178861789,0.19618790340329892
666.4535555854281,0.17879731010436184
724.3693798449613,0.16151939436554538
784.7895309313392,0.15060466470674685
846.3601870407482,0.1410706151470024
910.5306498289924,0.13384807051923256
976.3226283257189,0.12548127780410237
1044.3085330524098,0.122696999904206
1115.7799335548173,0.11968262589800908
1189.4066228716986,0.11367599225811441
1263.6268276324615,0.10899750710240745
1338.6799224054316,0.10448312054826571
1414.0855416723878,0.09993033258123005
1488.2467459762072,0.1005367524861105
1564.9333791208792,0.09429411032126989
1642.0719534174407,0.0901197874923808
1717.251001519547,0.08567076256929629
1793.3474797417937,0.08566839660061383
1867.9546769527483,0.08831018122824462
1940.7459626456957,0.08863813131632056
2013.5584735330324,0.08864413091660034
2088.0949728450078,0.08372773709374345
2162.5168107588856,0.0782028146806421
2238.2173973945933,0.07506441602107171
2314.771884018139,0.07067182705172502
2392.011221945137,0.07305846566035538
2469.8718161683278,0.07135634502181747
2547.9405531856337,0.0721800009145602
2625.6481044299403,0.06650681156336626
2703.8760719225447,0.0655842852469908
2781.811097342696,0.062431070487662346
2861.0105044920524,0.06428844769939374
2940.298445308162,0.06181916871021789
3018.9802034643935,0.05961819762103864
3098.263879177737,0.05843613161395763
3178.0090597117364,0.05674177410415458
3258.5051388888887,0.057559734015700206
3339.217957600111,0.06064681699930205
3421.2776176753123,0.05892580680578516
3503.902773925104,0.05859808662085413
3586.6873099253526,0.05280229749417717
3669.3542158633145,0.05333329074827955
3752.879293561396,0.05053204893497752
3839.239950610509,0.047418983422010785
3927.3713250661835,0.05205766214151079
4011.953571922067,0.05391475842112756
4100.287338996985,0.05486312396412462
4189.444675540765,0.05135931782711283
4280.117499651956,0.04923504149273132
4371.961953514112,0.04903290012411875
4464.054259284827,0.04930136131741759
4557.416952878142,0.04854984719232935
4649.410036041031,0.04636119517354152
4737.463366890381,0.04674950315228038
4826.528237385478,0.04382166800680433
4919.40611961057,0.04495204872469468
5012.459366391185,0.04458801419266311
5105.227877947295,0.04358491526361188
5194.04429065744,0.04386899399328697
5281.64949731442,0.045020652506128765
5370.456649010315,0.04460185165455169
5461.536333608588,0.04119731584708347
5557.337461731144,0.04128787178096834
5653.374116668976,0.04360777081332722
5746.542695544213,0.04293928384705491
5838.465407938258,0.04337862514290117
5932.039877726831,0.044836451035606247
6027.617214354462,0.042262518412927795
6119.551319242989,0.04355315577474876
6207.813843806353,0.03915198393738738
6298.65107266436,0.03932421438238592
6390.24580236719,0.04089198959080634
6484.927697441602,0.04233340846088015
6580.803113805456,0.0410584882219534
6673.363220620842,0.04053425811209204
6765.680083275503,0.04173399461107938
6862.139878486606,0.041055943349385206
6963.018477661335,0.041764810989132005
7061.951070336391,0.04107615435961836
7159.618226940576,0.039853042513582286
7261.120836236933,0.04028437304690344
7368.139022711631,0.03992949697864306
7481.913049488527,0.04023645722225615
7593.970190449903,0.040001034039567
7706.774439213515,0.03969814425911064
7817.052282157676,0.036961549644947383
7926.882759574174,0.03863282567725
8033.59793814433,0.034967494759768625
8141.279752066116,0.03482636628155919
8252.777900248002,0.03648135698350531
8369.374393792434,0.037594553300814085
8484.2894482091,0.038449197976482184
8595.907754196143,0.04087345868335054
8704.451156990439,0.03899291186093481
8817.439519469759,0.039224826281373436
8926.867579908676,0.038239684309022345
9035.66477587161,0.03727775740268727
9144.968236431432,0.038457131585816054
9257.960215499379,0.03608935240702626
9369.793313913164,0.037080502963653596
9477.391538037486,0.035911000265296686
9585.877960936417,0.0347294735842694
9691.100262394697,0.03451674421581533
9797.426674045379,0.03599219011648467
9906.965967495486,0.037802159290288906
10017.91270824728,0.03723676259063633
10128.54844988183,0.03597582930730732
10237.710533591375,0.033739119422268773
10345.834074485825,0.033491061320346585
10455.935918591858,0.031834113524390244
10570.210152990265,0.03177362197149918
10685.33898772583,0.03204222586642958
10805.678222589077,0.032587667734307546
10926.210782270391,0.03422590185580626
11047.198058252427,0.03514675011502731
11165.097939560439,0.035071539776752036
11278.767315716272,0.033270260395849065
11392.031662995594,0.03117088481195575
11504.290183537263,0.032256389562391394
11617.477483718996,0.03106916153901871
11729.744995167748,0.03460514425752922
11843.16689598239,0.03322074700832909
11954.81146179402,0.03430411654721574
12068.22739877981,0.034844824893173226
12183.430779848171,0.03178244998914005
12294.924050632912,0.030572915442814264
12402.57338877339,0.03202524946761846
12511.617675444644,0.03235166048273096
12621.204250621033,0.03157581045365253
12729.788184836745,0.028394520400176735
12834.700290979632,0.02973932042182171
12939.363308854094,0.02929416218399562
13048.487774554496,0.027823627708134534
13158.451416724258,0.02841177556691339
13271.861249309011,0.031505474704903266
13390.704071773636,0.030212658383471425
13511.583379655363,0.029096899158586802
13628.987581068028,0.029712447567176177
13749.053690344062,0.030726502914566915
13871.280660701996,0.032181168568777514
13995.570440077498,0.030832736569969165
14119.521931645219,0.02934552058581372
14244.081253466446,0.03034391754528003
14367.191251552367,0.028809784801554574
14487.190998749826,0.029030879519392882
14605.982497569106,0.028451701568545908
14721.265303302473,0.029560290108401045
14834.953674341652,0.028851993007254773
14951.018528761062,0.030328059762384563
15067.423628342984,0.031080562944168128
15184.070951585976,0.030237171123616017
15295.131118158004,0.030209496117792806
15406.826808687232,0.031105354318822238
15516.071280276816,0.03273502779021098
15623.576731301939,0.0342105040202279
15728.268741355463,0.030929426768201315
15833.686078757626,0.032086271416561785
15940.641061066593,0.031918964664106
16046.446914262046,0.029392261740868918
16151.791137493097,0.029126361282020643
16259.363775368363,0.02859545549212342
16373.954307734655,0.029904100094593357
16488.50756209241,0.028402838972984623
16603.554697199615,0.02915493392547936
16721.652342667036,0.027219380909074484
16838.14843099139,0.028136996666639692
16959.886535552192,0.027790001001109975
17085.653803442532,0.026793646658959835
17216.882620689656,0.02750575303024529
17349.263063063063,0.027216715212650094
17476.84990334162,0.02761977756152681
17600.51293043839,0.028338555402900333
17726.59624478442,0.028870720591968813
17849.75017205781,0.02827675329120799
17970.018229526308,0.027490373224009133
18090.02756996398,0.028912493899915875
18206.768930957685,0.028933817366306572
18321.79426297008,0.029277983165011526
18440.230972222223,0.029438509670750953
18555.689464211548,0.029490832905408593
18678.019512870193,0.028409442980009605
18797.48812154696,0.026068203275671702
18916.607098467062,0.02537984918107371
19036.804060631344,0.02481262286630235
19155.328453038674,0.024672209921599776
19269.500760193503,0.02682230863561433
19382.849514563106,0.02725294632583855
19496.057949070888,0.028271538326102002
19608.806375606375,0.026527375646968766
19723.947477827052,0.025267388208601537
19837.627545404514,0.025507096540022006
19955.05518580144,0.025919080901682618
20073.388065900595,0.02403437995940688
20189.475491553585,0.0242608218676029
20306.37650310988,0.02399537162136722
20425.12629256859,0.024616488192378844
20547.255807483656,0.024936966470500577
20673.65358126722,0.0256826380697917
20804.729415026337,0.02535172039168734
20934.013996674057,0.02588488045281083
21065.610267733922,0.026208999518656875
21201.715610296153,0.025260841865587042
21333.33863165169,0.02644187948556164
21466.0262830267,0.02612438387770837
21598.017931034483,0.02473228005604552
21732.77913939563,0.025084609954924012
21868.072616407982,0.02472172538698434
21999.84488722845,0.02488189743576204
22129.852152386193,0.024697890877089887
22260.64371464054,0.024409535850042827
22392.58825159324,0.025003338285162685
22529.28348306842,0.024774321291996342
22666.191350298985,0.026375387402175706
22803.400137457043,0.02524542777849354
22936.85692414753,0.027578438471952387
23067.581060501176,0.027044658624789622
23199.085694635487,0.02640325678615586
23336.24955017301,0.026212947091398868
23472.718456004426,0.02462423184822
23602.550575829056,0.02680355009365642
23728.6996124031,0.02557558487146723
23851.250728458443,0.02572934473026842
23976.945778997942,0.02711883319664163
24101.283940281846,0.027580770180040022
24222.352002201733,0.025964423704923204
24342.286346047542,0.0261978281618648
24460.157639562265,0.026918585239232233
24574.790691231472,0.026953493941095114
24693.48645268862,0.026090754417006774
24813.672146869434,0.025658478941754534
24934.72188195991,0.027104520935454606
25055.095928226365,0.028720660980880424
25173.895064288678,0.02725882909559189
25289.275273887117,0.024403668268626402
25401.53169988926,0.023939025338094846
25514.653872800332,0.025305008986172394
25623.77406435575,0.025498283981383638
25734.682832736293,0.02630108602503991
25844.718175535592,0.026089154100548177
25954.872151195108,0.02519845665924166
26063.746009906437,0.025371088703278387
26175.326598394688,0.026866332548903436
26287.89129830414,0.0274490537030242
26403.12676641729,0.025140382827498087
26518.546445824708,0.024193905352168324
26636.11815163254,0.024980708105183717
26748.694103024445,0.025461327442961156
26856.77621023513,0.026419568873188613
26965.650138121546,0.026415551366369437
27074.510435383552,0.027514156887424302
27188.98616108497,0.02634017054391777
27307.53485143016,0.025700002427293634
27428.14118134143,0.02440370672698821
27544.28131101813,0.025032979352566116
27660.705508767085,0.02469981799710056
27777.515276065213,0.02502498230298571
27891.620608248853,0.025357236883813312
28008.181189488245,0.025289728584210552
28126.75507386442,0.02756035911464303
28245.913642052565,0.026887017832929797
28441.96359662816,0.025853445632945518
28722.56591559816,0.025245947346192024
29007.112601372428,0.025480778125052884
29297.055455168545,0.02690604091738132
29588.547303216117,0.02854005739521378
29866.825632083695,0.027449891807436545
30138.866841056304,0.02791042210431274
30404.973927145707,0.02743431929160577
30661.48464078759,0.025761568093993603
30917.88496184161,0.023911657705260117
31181.22129462339,0.025439027390192458
31449.758588440676,0.024332037497503466
31723.421866234494,0.0247124217959525
31995.278565627537,0.024572879688871275
32274.918024598865,0.02579510811729338
32551.710441066534,0.023739796638509093
32833.287431489785,0.02545303962400779
33112.420328811655,0.027597010884793903
33387.80570077172,0.024827827099900016
33679.80299531981,0.025640377601229402
33977.695988520805,0.024317727586400224
34258.843209491104,0.024827189480466992
34542.23633982036,0.025489734181354792
34821.49387806097,0.023496530756841164
35086.50911693322,0.024346758298103552
35368.13912826277,0.02559111694350545
35670.09717281408,0.024509900127943587
35975.99482479112,0.026402652835239862
36270.93526702353,0.02536261417947466
36558.57296150727,0.025478885082585653
36850.833333333336,0.025299567378437138
37125.1522254083,0.026460216543336426
37389.64632930325,0.024522675662047702
37658.75928233242,0.024311910455720787
37926.91893409885,0.024234946925865117
38197.377195167515,0.024992587955412777
38482.25979871226,0.024495402855494623
38781.96971962617,0.024797156065393587
39094.06134548178,0.0235416840441245
39388.5008414885,0.0251561144862772
39679.554326772886,0.024897600686424774
39955.95841633466,0.026235615106277355
40225.516612540596,0.027058823817883826
40502.17238582481,0.025478725772175935
40793.08188554704,0.025473555899082935
41091.71075517737,0.02435544477476086
41381.57276119403,0.023895175048827506
41676.52147315855,0.025286786956481077
41985.087665583604,0.025142322164127016
42286.08440629471,0.025546712774096477
42573.572878171,0.0254460940981786
42844.21591971577,0.023624803912055795
43107.24812967581,0.02467122133867215
43367.296675191814,0.024828931686002136
43628.240511860175,0.02394342678454482
43888.689554100405,0.02457258662756259
44165.790577545435,0.024660379379767384
44454.95177269612,0.024369145562795166
44749.15167416292,0.023776650516592963
45042.82139963856,0.023275139733681654
45335.68817003241,0.024855253070897254
45623.639774859286,0.024663759089929432
45908.75293971256,0.026132743642461445
46179.83759614783,0.024435199710860774
46457.79521376044,0.02334832870758893
46730.86806550028,0.023233434612830534
47001.940607648634,0.02250375820460063
47274.44420802303,0.023259112157582876
47540.798479561316,0.02397929360087224
47811.48661132264,0.025293540403681054
48089.94562647754,0.024553315482103828
48374.21536539663,0.023122171554993173
48657.31480558325,0.022536964103320477
48938.03434280362,0.02194334493256585
49206.59891412881,0.024305715334185615
49476.68721205329,0.02346413197032881
49750.9400898652,0.02177016220610185
50023.48696031944,0.022024544328120177
50283.402010991755,0.022208315927685074
50542.07930174564,0.024697822595415666
50799.293589423796,0.022699988250779738
51072.88256937948,0.02214698891293404
51344.31930306626,0.020967314915760135
51618.578694458316,0.022700456170524085
51901.2803237858,0.023463401090129805
52193.74258659357,0.024679591514561554
52478.41360961563,0.022541931285338657
52767.29046521766,0.02224041725953007
53054.84465353938,0.021458263719839926
53356.55066134265,0.021185514175597567
53655.38754217169,0.021941500585848202
53939.48730267673,0.020685137807859254
54232.89379705096,0.020297849419375534
54523.41325925464,0.020199859129524128
54815.961586508434,0.021650796738266715
55108.983444326885,0.020973803056480105
55405.30017452007,0.021491137612763164
55705.303994498965,0.02116495474252791
56006.47810378123,0.020861404994400687
56304.667582760776,0.019880080531854215
56596.081190461366,0.02070769909167085
56883.911465802106,0.0204707475849278
57183.078914457226,0.021616312573236176
57478.80006238303,0.021986547427417267
57770.47531594347,0.021600150636707574
58074.965052421365,0.023243732782858757
58390.305664610205,0.021241024222089244
58700.921254921566,0.02289195871718319
59013.53532084396,0.023260870291697534
59335.63218390805,0.022697743066283613
59659.21092290447,0.02186958265730906
59980.50024990628,0.0223679121590959
60286.44112149533,0.02213486116681824
60598.47510153077,0.02251607821768173
60913.24947080065,0.02309798385322627
61212.77123896575,0.02319146575870777
61505.35526561044,0.022723527819151962
61809.61012294826,0.022661213932741606
62111.89993133154,0.021764829092632828
62418.81962815073,0.022785236601642528
62737.44013711437,0.02233586795621067
63039.749937578024,0.022533261284337604
63356.4930412532,0.023934341931616795
63682.22538456748,0.024434024980851555
64005.18387579499,0.022590549870486178
64343.5008729268,0.02269676523737361
64665.9535712054,0.023725205700353198
64971.293599750235,0.023606701330512687
65291.90863291454,0.02264517706411239
65629.40605643496,0.02239514298054746
65956.90225236437,0.021708072921395417
66292.16188870152,0.02140850991517816
66607.45076300218,0.020590617573554765
66905.87039930013,0.020820518648329803
67203.66645885287,0.022349444095641904
67494.53710291456,0.024372754582952082
67779.66614635364,0.023030779296032998
68078.44102244389,0.022240205968573932
68383.93271866433,0.021395421042119063
68691.2995142003,0.021457500256777954
68992.60772065714,0.020526331152580794
69280.60574102963,0.01983249326699872
69572.70001873712,0.019515465960801535
69878.75316258491,0.020247357999845016
70183.78767422964,0.01912121661412942
70483.20313764553,0.021676785247903882
70782.7151398144,0.021498812155440052
71086.98083525813,0.020923306128394385
71401.2634304611,0.021223619314545576
71705.21341311393,0.022115130366394457
71991.48541147132,0.021082472811298356
72280.2370947631,0.02257246019871864
72563.21793267426,0.022584930093735533
72851.68555258411,0.021963242463401395
73137.712125,0.02350476439476924
73426.64911625591,0.023658642429893257
73721.24787234042,0.024431316058467448
74020.71711958211,0.0209868026097202
74313.57945966182,0.0198449035546922
74610.05196830744,0.020565195975260037
74912.99081938546,0.021717508008505266
75225.15771435693,0.02229794090812544
75554.70465479538,0.022273449869028294
75875.48766816144,0.02278687149250931
76192.2315658141,0.02328025812121988
76512.34200836298,0.021918465059755213
76814.0277137697,0.020822312252017135
77102.43914453173,0.02090984413742029
77390.90898315658,0.022004418088631555
77689.78781263644,0.022289886830645447
77995.33847210086,0.02111697601498502
78316.4869054316,0.02113228604300999
78650.26684535311,0.019974015176552028
78993.57089435961,0.020967556315428564
79326.52386605024,0.0207830918923153
79650.35936527692,0.02270923653219982
79970.62066812364,0.02247081444868333
80279.28659716586,0.022287975891949217
80579.7463031135,0.02066583525583042
80868.87437749004,0.019804694401073318
81168.54286606307,0.020748477101879593
81479.97515102448,0.02024014236972313
81798.27680019967,0.021832459050442624
82099.90074906367,0.020555596385987605
82387.99369341243,0.021837519614604565
82665.35227838646,0.021534272486289963
82957.8552007982,0.0206612902299984
83249.7273294639,0.021051535932853353
83544.2806338907,0.023149977788708382
83828.56918848005,0.022794892503342795
84110.24597629445,0.022324453464432174
84383.20867073626,0.0211556422130815
84669.17229561316,0.02029351346632827
84965.46502906432,0.02030962585119757
85261.91153366583,0.022484974894590552
85559.66328183404,0.02095278003715535
85856.61669793622,0.020124612933127395
86141.41927650831,0.020405339070660188
86417.74339764,0.02012733284837584
86693.28810709839,0.019749700641015142
86968.09263776819,0.019184983717794066
87251.01289799987,0.019308527895627602
87539.79063686733,0.020221454180986243
87822.12425887787,0.021945804874017826
88108.92531353341,0.020935973925294882
88396.1223583844,0.022239691866854688
88678.24326845346,0.02153942472843641
88964.49575636545,0.021328422925247035
89264.53408594773,0.021934599386673453
89584.9541565174,0.02000135662447799
89909.98351030606,0.02015477017800248
90229.97874859779,0.01987072436828715
90537.5680329403,0.02068825799094981
90839.86582026388,0.0204865296651996
91156.60990827977,0.02105209140490753
91472.75528927168,0.01969539214272087
91781.76253659753,0.0188881106505262
92085.71571196805,0.021250029896021025
92383.33933915212,0.021681737946156465
92680.79296363296,0.021060232120178806
92974.13756018259,0.020584147795138178
93286.40788735905,0.020900436771566878
93618.7656366808,0.021375876264095463
93947.63389618511,0.02048421527592649
94270.2908853031,0.020964533415987394
94591.69420507057,0.02063577869817501
94915.69137340393,0.020857226107639647
95238.48894855144,0.021747503122918295
95558.97241078658,0.021558088034794136
95864.97788329376,0.02168203236113361
96168.55141003244,0.02161244498785157
96464.99215930304,0.020848334093506483
96771.50922163176,0.024013227414163115
97087.79146683276,0.022854758302554665
97411.05982639105,0.021011727847065387
97718.81028999065,0.02134677894895481
98017.05019642078,0.020041279104681856
98308.4347311359,0.021628246519575026
98605.46292134831,0.020533892103346957
98913.2023690773,0.02103973338304004
99216.50137431284,0.021870209220988958
99517.64908785257,0.020655851668297084
99821.31331462426,0.02173994771490028
100136.7951807229,0.021215905531704937
100454.75307485796,0.02122611949307317
100766.40718076803,0.020618010095546056
101068.25346941316,0.021522774785653995
101364.80270877543,0.02141197303010622
101666.66384039901,0.021759795236648952
101983.30999438868,0.023217288549194175
102312.50888277242,0.02543317964992942
102633.71263007041,0.025978116020925715
102967.36896530243,0.02584981146407886
103315.14397202972,0.022033285098143
103661.27298258753,0.022637014404874072
104004.66161143356,0.02304161065029352
104333.12176569611,0.023084658746389982
104655.40112044818,0.02508566376535571
104969.94508652465,0.021689256928482666
105288.19519482137,0.022116046246588392
105623.49475458973,0.022350271050404054
105985.1661682243,0.021991205185987985
106359.10644818313,0.022815196463581596
106722.93117408907,0.0228986346264728
107077.57523393637,0.02162500542521859
107431.44026176378,0.02084299082194269
107793.0126875,0.019694135066683893
108154.44391125515,0.020488618182645926
108506.5022765546,0.020715107428261607
108869.7144284822,0.02146874439211834
109238.56836461126,0.023003397704049647
109610.50616976194,0.023764298566312195
109973.93649903408,0.021826884275079977
110333.83624236379,0.022967428463757295
110687.09977522478,0.022811664131227764
111059.56374414977,0.022279545862322937
111431.01571856288,0.021702186305313852
111802.81649484536,0.023295499624929866
112162.74523720583,0.022959406244214466
112526.32535765602,0.022923410697935635
112886.50566695728,0.021205536957784488
113248.453780465,0.021114214532001373
113606.42043393984,0.021837928428208968
113966.62024135356,0.023794759447871162
114328.74374805114,0.021665539423444992
114685.3759281213,0.020486066849092623
115033.30011226145,0.021318190882620172
115403.74839393751,0.0208197073109622
115778.52592731595,0.021904919626087115
116152.12248708533,0.022657570815320775
116519.11015996001,0.022790623286000622
116863.5265781766,0.023661849956407858
117192.33660028716,0.020488478930730965
117524.40744435438,0.021235456570057834
117852.03662182362,0.02399887293662985
118184.0359573007,0.02262001196921885
118502.69385970391,0.02246712185374802
118828.54608955969,0.023813490335806698
119152.56762154403,0.0222645631545404
119475.52295807115,0.02144168601134159
119793.6250700891,0.02170185285555107
120140.13620183601,0.02336181251741276
120496.67703916189,0.022002462708395506
120840.25747384156,0.02173554443346016
121171.94225360914,0.019978876656606723
121494.89403684046,0.022081215366039766
121821.05220858514,0.021737868411018442
122167.16359217251,0.024380530304076758
122508.3515317901,0.025063725141229256
122845.2339841557,0.022813027655941787
123180.79948810788,0.020938469641096188
123500.39693801344,0.02151202566255266
123812.60032443225,0.02273254660291807
124119.59935097354,0.020573529487028334
124441.64824057899,0.022227993819700823
124756.35127036645,0.021712502196608464
125074.87110640419,0.02108104444391282
125429.3808573033,0.02116245513604117
125762.56503836796,0.020004491748925417
126086.77583198305,0.020338457809405214
126408.18605378362,0.02179262277342461
126745.34852163088,0.019921106945027398
127086.815008726,0.02124759837217556
127414.06052845274,0.02068220304175461
127742.7167020347,0.02194620702886422
128058.94663760897,0.023623508003479624
128372.6031191516,0.023251229872800348
128699.2336477791,0.022565559689085246
129035.95158576858,0.022340584956663044
129362.35752168216,0.0239533386444723
129681.55834112878,0.02298294178605635
130027.09050112191,0.022059899436990542
130368.72097810492,0.02205580471408195
130720.35763737292,0.022497923432783614
131076.12138439433,0.023821668180919995
131406.45190449472,0.02341932445611454
131740.29402231504,0.023685980278246355
132081.2660636307,0.022199872409517322
132408.09755033348,0.023161254115707443
132749.51985018727,0.02198849857062151
133102.56969848304,0.022864920033541406
133455.49136910326,0.021996695509316575
133792.56828551783,0.023303806675965967
134119.44806288602,0.02170851404426166
134441.431246889,0.022015395118300515
134777.7941837244,0.02161668593021736
135123.3733482922,0.02215593448809864
135460.79496155528,0.021922369890126202
135790.3166511049,0.022212953075705772
136118.37845596953,0.021798471496665018
136448.7322288215,0.020508628663976253
136785.64707347448,0.021154581639148164
137140.5364986274,0.020596487564744345
137492.8622776911,0.021922432865453555
137852.3611890073,0.021493655174902652
138227.37220626796,0.021308887396651894
138592.17961013888,0.021202245426733296
138933.85630461923,0.02073667041617803
139256.12765160968,0.020835996063465326
139588.7243293824,0.02033052753188247
139916.0979365376,0.020300164194544237
140266.89428411145,0.01987068620621444
140626.2257862815,0.0213409464326862
140966.62020579982,0.022114328863466187
141310.40822173777,0.022365752367236643
141654.04780627848,0.024049624377355815
141988.73785317782,0.02493371343244064
142330.3310857214,0.022115333401679274
142669.64046624696,0.020955286064122922
142996.9765469062,0.020686265432371606
143332.75304402123,0.02147710106130194
143678.33481000812,0.022343370684047063
143997.3996759721,0.02267513235614594
144323.11803995006,0.022225011782214744
144650.1634292118,0.022751242655194317
144970.1214557238,0.021308963244700857
145300.7135462143,0.02173417434652272
145645.6982041174,0.02038287606235909
145998.3247133599,0.02070554519791126
146350.87053182215,0.01922960583019608
146690.3492132867,0.020128532441585852
147039.8087346583,0.021190302555068645
147392.6990951638,0.021574179803204505
147719.4004869522,0.021158564502665615
148051.66516881983,0.019983730629999502
148392.37397055153,0.020481701739210167
148726.86689100767,0.02107915821760259
149059.2471769917,0.020443778852087008
149385.1075436409,0.021139632952071677
149729.07582376435,0.021832826989413464
150080.32220076016,0.021277998535319514
150429.7044347283,0.021421409742353903
150786.30885933695,0.02045943835129406
151127.64496007984,0.019155538632381727
151467.9805299826,0.020076733694249362
151794.13828393136,0.01996376469326386
152112.33164983164,0.020695226360432563
152445.17576589505,0.01988064603588964
152784.35160928144,0.02160010482434816
153127.08979158866,0.0202396960843092
153466.3497816594,0.02036786158357478
153823.77818680977,0.01991122959053393
154172.22846628827,0.020230257808213026
154513.75173318342,0.02018028784846216
154860.8622213921,0.02105691708219222
155205.00786369594,0.019500157456722365
155549.61963917848,0.020847978459539857
155888.63755921216,0.02140141882434383
156223.32341566865,0.02068157669070017
156583.08325018708,0.020177379134816258
156951.40779123487,0.02106473525948073
157327.08011462746,0.021496191444634077
157702.2127540207,0.021908200957463604
158085.3818568037,0.021241615033243365
158457.36179621326,0.022335658298963033
158811.5430910568,0.021905257740454417
159163.30412306925,0.022606020786219407
159520.8054358013,0.022674735883505645
159893.55696044845,0.022764907421529174
160260.84032247984,0.022624566478482832
160609.3181931464,0.022696317789349642
160960.58929795053,0.022061519429372227
161309.57655129404,0.022110821773134226
161656.5292353823,0.021808751626328764
162024.57220351664,0.02230930344656328
162377.80394728624,0.02244585775183018
162729.53164084375,0.02160219568722478
163085.0231018981,0.02238650089263005
163442.4569470405,0.023175502201034752
163780.47919010124,0.020914807305498162
164118.7918664757,0.020427962328837253
164456.12368240504,0.0203014138418569
164803.8097646251,0.021742889273253678
165143.71927966102,0.021085213597879633
165463.00829694324,0.020664466396173267
165777.13410129593,0.020121897327766675
166098.73323370074,0.018923285447675908
166423.68663795793,0.019246794768740506
166752.6458385248,0.020450781440859614
167096.0866225331,0.019299407073128667
167437.48302709436,0.01957359307408204
167777.92313920896,0.02387801190872461
168129.52233676976,0.02359322464638578
168485.11326759862,0.02319046885706632
168841.40168224298,0.02098982472392965
169197.0990142251,0.021093423675344072
169540.7752353638,0.020419822535144717
169887.50293529851,0.020508387297625406
170212.24262826508,0.020957955583029646
170522.764757215,0.020047298389871862
170822.63424683188,0.01990722120354376
171123.15681265964,0.019402922224822563
171449.49953215645,0.019819004716450418
171787.5588235294,0.019257488314775154
172146.55777041803,0.019447645447626824
172513.26661683174,0.020519065391072483
172890.78728834662,0.02176087657691766
173287.49244316763,0.021791599529195318
173684.95285607383,0.02066882362851679
174063.59349847134,0.01949533957300984
174436.7205864005,0.02101167209330767
174797.22378452693,0.020617983559831358
175142.70976171218,0.019972304429467985
175485.10570323226,0.02125816452762396
175855.17061759203,0.02211323915779804
176226.40365769927,0.022779640544806665
176600.38403943347,0.01932880108163457
176981.76936026936,0.019947737182659086
177344.84703752265,0.02051450461602047
177731.32534843206,0.021830482785693998
178111.89748235146,0.01930833025900731
178468.54654785644,0.019172236731506767
178827.1370605834,0.018786490405149677
179179.44852115313,0.021230335393349033
179534.0918864858,0.023497540531454218
179897.77442671984,0.023694657823075366
180251.01774926824,0.024743976474830728
180610.45777111445,0.023802134770962047
181011.9021576453,0.022749485303122808
181401.44225492643,0.022205271437038775
181784.3935725429,0.021732386224106028
182164.0705464072,0.023459842078455504
182528.2725459645,0.022579979279189737
182895.5292795605,0.020919734415956494
183257.3951048951,0.0208232140082064
183598.0974697744,0.022966528026168127
183949.32547258094,0.02615516079701326
184308.64782228877,0.023301609600696094
184681.48964829135,0.021699644121590686
185057.97304380382,0.02156808257644211
185424.70418848167,0.02068817359042656
185793.26982742507,0.022474323623818862
186177.75254258438,0.02314161665445858
186548.9323692576,0.020387742505488016
186924.25380964277,0.020703940244978583
187295.56456437742,0.020006542211994705
187672.03277358136,0.019861040915949316
188039.8191177388,0.020614117551201367
188442.61691790208,0.0211567337313839
