D,r2
31.707926167209553,0.395069392430368
44.85992217898833,0.3369056003550418
58.54004854368932,0.3085560892702515
70.82893226176809,0.30254880718626864
84.32747933884298,0.2868522159989293
99.09508547008546,0.28984739444255964
112.87376237623762,0.2764705087652557
126.11228813559322,0.2582925665569727
141.10430839002268,0.2436956474094025
155.967007963595,0.24467369598159244
172.4383419689119,0.23144934204046638
188.87886279357232,0.23369855805300802
205.81256544502617,0.22280526336435513
222.33662145499383,0.24512116287549518
238.66564729867483,0.21715088164972587
255.2122699386503,0.21047625140977042
273.1611001964637,0.21495780806863635
291.3046683046683,0.20982258588822233
307.782874617737,0.20309651102297113
325.5257847533632,0.21804121415313937
343.4366515837104,0.20622028332709075
361.8270142180095,0.19667427831498713
379.72727272727275,0.17960258254214567
398.836,0.19556862686532245
418.5833333333333,0.18192781506461556
436.8890214797136,0.18032951997612973
456.3973941368078,0.16696981167873748
475.74007220216606,0.17837160030973517
495.38530066815144,0.16736076112189724
515.9896788990826,0.16784296232829687
536.8178694158075,0.17067788737572395
558.1883720930233,0.1591638884835722
579.4707943925233,0.15480217515059366
600.593325092707,0.17423566755886707
621.881880733945,0.1441129423759446
642.7927927927927,0.15830736313811636
664.2405345211581,0.1656486702556793
688.4137529137529,0.16301254934418608
711.6063829787234,0.15694001857436402
732.415770609319,0.15249644576186028
755.2082429501085,0.16646248287302512
778.9713302752293,0.1555533967097333
801.9906213364595,0.1429364820557956
826.2677345537758,0.1488465191049844
849.0522388059702,0.14997958395087052
872.1326086956522,0.1446401277175342
895.5488810365135,0.1361039959062004
919.7848699763593,0.1362257241842782
944.602520045819,0.1322728201312436
968.404958677686,0.1412010740012146
993.3119469026549,0.14438696342776144
1018.8489461358314,0.14217377163707337
1044.2292849035186,0.14136610470893968
1071.2983870967741,0.1435786007163202
1097.5428240740741,0.14028718865424816
1123.0566037735848,0.1411811367259151
1148.5149082568807,0.14439861781642105
1174.1703617269545,0.14902062115658696
1199.8660508083142,0.13634662521588012
1225.5943396226414,0.14833518039907811
1251.7777777777778,0.14871483461670645
1278.6963470319636,0.14433798731593547
1305.4766248574686,0.14412772924391287
1330.7788235294117,0.14308129100443343
1356.505214368482,0.1431282364850712
1383.1878579610539,0.13830781877101794
1411.716723549488,0.13071484083370358
1438.4739336492892,0.13537635771049397
1465.4486301369864,0.1271859331355489
1493.912037037037,0.13191823440312175
1522.758101851852,0.1299650608380327
1551.0208574739281,0.12598886421931357
1579.3679906542056,0.12130892067168558
1607.9168618266979,0.13358707817732055
1637.165548098434,0.1266676808876831
1665.4159811985899,0.12528794377563393
1693.976109215017,0.12313800788019656
1720.5438596491229,0.11513332146838572
1747.5102272727272,0.1272160834821146
1775.6267441860466,0.12308468885671711
1804.3179723502303,0.13001020292096208
1832.5593023255815,0.1324287072315857
1861.7785467128028,0.13378998302301215
1891.7806301050175,0.1368463447538681
1922.3585798816569,0.12716621695970426
1952.072544642857,0.14207800915618582
1981.3965317919076,0.13572665884930404
2011.5211764705882,0.1264910190807687
2042.930875576037,0.13467746164956837
2074.1981460023176,0.14727592350046778
2104.238584474886,0.14006706037590305
2133.6650774731825,0.13441063749416596
2164.00785634119,0.14816547257432264
2195.14709371293,0.16850285169367588
2226.663636363636,0.15169889042804002
2256.3764705882354,0.14321378821156344
2286.1620689655174,0.15538325635403347
2316.486857142857,0.13834819622078004
2348.025730994152,0.13680914971000632
2379.725085910653,0.1325470611612817
2411.6906976744185,0.12414800499535195
2444.3961187214613,0.12286515500112258
2476.27679623086,0.12084306064823923
2508.8027366020524,0.12836143290108462
2542.0346420323326,0.12201421904892443
2574.88133640553,0.13971220402121473
2608.474178403756,0.1348678495133138
2642.8670454545454,0.13383172983845965
2676.9358669833728,0.12966603458968542
2709.6625,0.12091622977728729
2744.058343057176,0.11970365404574279
2778.1456647398845,0.12736268720687988
2813.828703703704,0.12817815143000033
2850.8646188850967,0.11298129712486872
2887.7868080094227,0.11243468042265697
2922.5011520737326,0.12147933363601862
2957.2627314814813,0.12030126004285135
2993.178738317757,0.12381650432894176
3031.5866819747416,0.11979632926500038
3069.4248291571753,0.1213609354971369
3106.983796296296,0.11464227729848336
3144.0105386416863,0.1343743033260251
3183.995397008055,0.12198284872447208
3223.4777142857142,0.11497877468875282
3258.5515222482436,0.1174650324491169
3292.534802784223,0.11824986315337435
3328.5319634703196,0.1275804932329505
3365.847497089639,0.11058611956610845
3403.5919540229884,0.11232998694385718
3442.285219399538,0.10998743015862569
3482.7218390804596,0.11283015364768366
3523.2843930635836,0.10735913654968673
3563.614849187935,0.11799486707044435
3603.878752886836,0.11419350049900735
3643.227906976744,0.11206417838082701
3682.2456546929316,0.11408987552816283
3721.9825986078886,0.11126252742510807
3761.173165137615,0.11867727630187219
3801.8571428571427,0.11516431948635404
3843.6394009216588,0.1150015325999659
3885.6487747957995,0.1091977236050155
3925.748275862069,0.11855982163987726
3966.1731448763253,0.11355762898054632
4007.3863636363635,0.1155019416717458
4048.171764705882,0.12050527398210595
4088.9702857142856,0.11297091544485723
4128.647953216374,0.1234418244550137
4168.451247165533,0.12303043616416923
4208.636890951276,0.11246978969390009
4246.554272517321,0.1107743511320506
4285.166276346604,0.1049699316139637
4323.180459770115,0.11862236568060322
4361.959537572255,0.12109957922619076
4401.1740654205605,0.11903279213761944
4440.327586206897,0.10716290917322299
4477.381455399061,0.10500367118010592
4516.867945823928,0.10293842780893002
4555.788683602771,0.11502888910068497
4594.5203252032525,0.11360163656261069
4633.373690337602,0.10830974949802784
4672.226958525345,0.1069450594907453
4713.254396248534,0.11465413954906001
4754.615384615385,0.1079516478558492
4795.410344827586,0.10021994615742848
4835.842774566474,0.10716002290986243
4877.052256532066,0.09985986980487056
4915.773393461105,0.11590222288709168
4958.329142857143,0.10514573039326272
4998.027186761229,0.10851516194820922
5037.544318181818,0.10431048516846034
5079.6252927400465,0.1048512587813286
5121.9006849315065,0.10403023702536844
5163.698710433763,0.11622866252543015
5205.511033681765,0.09496768657535333
5246.869212962963,0.10753714800701808
5290.1959229898075,0.10462458792314393
5332.794811320755,0.10952807642318632
5374.1501154734415,0.1006138358701805
5417.137299771167,0.09560761914115848
5460.238372093023,0.09894958748601346
5503.209806157354,0.10750143726051342
5544.896511627907,0.10130085872194282
5587.924970691676,0.1054505845037964
5632.164009111617,0.10546265426191408
5675.205813953488,0.11161846016875293
5718.3741176470585,0.09925023706181428
5763.963636363636,0.10860026974668607
5807.673635307781,0.1060100436596868
5853.309385863267,0.09909272126072656
5897.828375286042,0.10628445583387658
5942.616550116551,0.11260328767855587
5989.168192219679,0.10767292843237888
6035.652424942264,0.10679106351855415
6079.729093050648,0.10152301384325778
6123.131668558456,0.10690946866712783
6168.335664335665,0.1083098297488735
6211.899313501144,0.10114442189563744
6254.194607268464,0.1032031284074625
6297.21803652968,0.10724444968025702
6342.931395348837,0.10484791058244324
6386.505787037037,0.09916179105251655
6432.669354838709,0.10574871917116527
6479.132794457275,0.09785494863757413
6524.596980255516,0.1090585499356113
6572.444831591173,0.10166223229266257
6618.315668202765,0.09661709413721896
6664.247695852535,0.10449647425187984
6710.022170361727,0.09832872149137857
6757.557339449541,0.10403975213994013
6807.063604240283,0.09507827057107064
6854.449603624009,0.09742616100482807
6902.516509433963,0.10286924527890663
6948.901826484018,0.09546667068746949
6996.769495412844,0.09670594619151242
7042.1482352941175,0.10415342871519394
7086.760595647193,0.10141788500630881
7134.196304849885,0.10384504684412775
7180.348432055749,0.10562427139260806
7227.178861788618,0.10781484691119356
7271.479768786127,0.10658632451781122
7313.76693455798,0.10869589592427709
7357.777522935779,0.10408665989181559
7400.191415313225,0.11040664483546216
7441.613953488372,0.10034784296694782
7484.675644028103,0.1076986159516742
7525.71875,0.11767621286587893
7567.672706681767,0.10013912766906037
7608.798837209302,0.09694675148002763
7648.362586605081,0.09526911301787193
7689.188657407408,0.09966538076774098
7728.831002331002,0.10058671361537364
7768.26558891455,0.10604978945718412
7809.1364161849715,0.11255069534649184
7850.013904982618,0.09435960397948466
7893.388824214203,0.09572332424467186
7936.250859106529,0.10319855062819172
7980.228803716609,0.10420351666826189
8024.222350230415,0.09691766670466627
8070.197488584475,0.09492664506255974
8113.0142857142855,0.10209490051957669
8155.304836895388,0.10224210913418375
8199.129259694477,0.09814192799701406
8242.010273972603,0.10087642755702117
8286.815820543094,0.10694344469029839
8331.373702422145,0.09401420103464389
8375.757192174913,0.10080239769210778
8418.238204833142,0.10422576448132521
8461.42723004695,0.10001715252844726
8504.367579908676,0.09745011220474997
8549.913990825688,0.08497941889410626
8593.706221198157,0.10285298403344764
8635.828870779977,0.09648036635664888
8678.249417249417,0.09268099172483447
8722.694760820046,0.09322817655902207
8766.980324074075,0.08833687130770287
8807.532863849765,0.0984337723676634
8850.4,0.09830087850062573
8892.521436848205,0.09897327440078608
8935.353348729792,0.11302665530173812
8977.453703703704,0.09857618104866255
9020.537209302325,0.10007600889552351
9064.06429391504,0.09713893860414674
9107.63741339492,0.11564855375823362
9154.153037383177,0.10138831996972344
9203.903299203641,0.09888862287248928
9254.755841121496,0.10560831167610492
9304.560975609756,0.1043913009296766
9352.011520737327,0.09803689950280754
9398.839721254355,0.10367355887943523
9446.720183486239,0.10330283958048272
9494.966981132075,0.10100246060654287
9539.890765765766,0.10151546333262428
9584.482517482518,0.1037569061313872
9654.69733403032,0.10794154261785051
9754.90871152843,0.09640516148949362
9854.247540134646,0.10463137789857554
9958.448637316562,0.09043322810139137
10062.68346456693,0.09601865857065683
10164.440457618304,0.09534161747537058
10264.655082987552,0.10399225502113901
10366.45067497404,0.10541791187602904
10467.957983193277,0.10104777056631858
10568.142339544513,0.10467477635435594
10667.638598326359,0.0979262281460703
10766.48777951118,0.10475858438173229
10866.744758909854,0.09827288733730943
10967.715553235908,0.10295973659222919
11066.614382490881,0.10471123580444677
11166.106846473029,0.09879560668693972
11268.752480417754,0.09783968475649735
11371.367954070982,0.09908005283223625
11475.777429467085,0.09768860841698242
11573.67795726941,0.09686538044218768
11672.097599164927,0.10044335321655903
11775.33437990581,0.09464836143862405
11877.966233766234,0.10389037120686587
11980.160416666668,0.10311295736952467
12080.159624413145,0.10356347677343673
12185.073744769874,0.11160752517094877
12290.748704663212,0.11502675410219375
12392.910036401456,0.11551118275554483
12495.930147058823,0.10401631169699165
12597.176041666668,0.10200117271087833
12697.333159812597,0.1076610635830794
12798.063251437532,0.10611093018972217
12893.667888947093,0.09723018081057702
12987.890786749482,0.10120276048028294
13086.944618599791,0.09753451706404401
13188.107995846314,0.09475939721739232
13288.299843831337,0.09716414466547157
13386.842105263158,0.09782916794389462
13484.92950391645,0.10236763321855841
13582.984895833333,0.09525370488147351
13676.101783840504,0.10444719745815452
13774.278586278586,0.09536527263948102
13870.904138292299,0.0991973572170559
13962.287564766839,0.09747241085584296
14059.370774830993,0.10222436714879979
14158.714361140443,0.10259956705116427
14254.052849740932,0.10171679563208397
14349.449947862357,0.1007664723065256
14446.615025906736,0.09525097211466622
14542.839248434238,0.09113651293219793
14634.092573221757,0.09443517873953435
14720.993769470406,0.08840643185155196
14810.729842931938,0.09143825629239939
14901.610267155578,0.09618105213180489
14992.002073613272,0.10212512249417843
15085.29057591623,0.10002924605896506
15176.996352266806,0.09915212905459135
15267.002594706799,0.09978564770226049
15359.765968586387,0.09869371059114483
15456.106449921343,0.0993233964184112
15553.016580310881,0.09548381031073747
15651.633559853633,0.09950871105507031
15747.769787894464,0.10649396516999449
15841.897863470558,0.10085156473182409
15936.488262910798,0.10047990083476144
16032.578864353312,0.10588690130148574
16131.522997416021,0.10125974473427117
16229.382291666667,0.10068317192632256
16327.42759706191,0.09673470258532514
16427.384695471108,0.09375338251988413
16527.439520333683,0.0999427996859097
16624.801867219918,0.09951619649825844
16723.03502352326,0.09968184963838539
16824.419843342035,0.09485702662007965
16924.187695516164,0.10033272578849727
17024.6266874351,0.10665341049257444
17121.090909090908,0.09914675209021424
17221.79358510088,0.10348207680572268
17325.310867293625,0.09999965689385837
17423.432702418508,0.10223401719064623
17520.839026915113,0.0993433430969811
17622.211948051947,0.09705311206219475
17722.36487192891,0.09897507994465635
17823.422675026122,0.0999738777766977
17923.599167100467,0.10355813810888012
18026.268203247775,0.10143951080462943
18136.85289514867,0.09650695954105594
18245.076682316118,0.09296553498996471
18352.152016546017,0.10686447009223586
18458.497371188223,0.09974996193236668
18561.484358706988,0.10184437992480495
18666.472424557753,0.09372820316517984
18773.112212943633,0.09922724525423506
18881.230088495577,0.09654722756897632
18987.970954356846,0.09666288505019878
19096.23040752351,0.0995902524441049
19207.407194994787,0.0949460485300025
19317.315348349923,0.10117290768858002
19427.952874158465,0.09577937147995616
19544.04692387904,0.10519333423519321
19665.31305715784,0.10679714850946166
19784.216986017607,0.10417150200686005
19902.94415448852,0.10221010552359562
20016.64184583115,0.10028925899318118
20125.24055871702,0.0966909127410757
20240.092962184874,0.09610767964009091
20352.97443922796,0.10421647392486834
20465.9901144641,0.10825220998412527
20575.583854166667,0.10119605389053342
20691.141592920354,0.1133891479291893
20804.34257322176,0.10973247193965603
20916.519371727747,0.10966722314673856
21031.928274428275,0.09951965194773676
21145.570612668744,0.0942081829680945
21260.480187695517,0.09750238685080359
21378.605839416057,0.0972181989447509
21498.55862428348,0.09250230946056773
21612.568586387435,0.10412047020955763
21726.14419573139,0.11407868484490963
21837.52318916102,0.10504984752024026
21949.25091479352,0.10447559621998717
22059.557582073998,0.09969089503845395
22173.969366562826,0.09848443680974245
22286.788037775445,0.10000297003346455
22401.11645962733,0.0962470676571505
22510.90971128609,0.09778531758814185
22626.713025428126,0.10005280312406649
22742.944762897343,0.09694437091768039
22854.607588357587,0.10273799202433784
22964.512054507337,0.11386314924323575
23076.55289213132,0.1080742874068401
23188.85059864654,0.09766800085864524
23296.20592823713,0.09899745698194061
23399.766145833335,0.10016538205832384
23501.090198123045,0.09941762740409696
23605.542301629008,0.10162579145243704
23710.65062761506,0.10290719289917953
23815.959710743802,0.10123129368303414
23925.375983219717,0.10168328900592402
24035.580829015544,0.10074906130509627
24145.714809000525,0.10145904295736823
24255.007303077724,0.09839710170779155
24368.260801665798,0.09528229961482683
24483.60104438642,0.09958334165294053
24598.445263157893,0.09809176286638119
24710.50796915167,0.10236088800164854
24826.975865687302,0.10554164495778115
24942.764736567555,0.1024601006884935
25056.80175983437,0.10267255366910003
25173.52331063384,0.09794523742941896
25289.38741549662,0.10199208127125026
25396.166666666668,0.10092498236546807
25503.91928721174,0.09710137533732818
25612.344450234497,0.09344418433471163
25724.03180396246,0.10035606677407084
25838.41749607124,0.09310065968940366
25953.075929752067,0.10454635792981995
26072.184895833332,0.10448895553943399
26189.49895287958,0.09847683592353694
26305.659031754294,0.09753798913730635
26424.173596673598,0.10066104481330303
26544.83865898376,0.09571521916485336
26667.25168655942,0.09170536094869976
26784.376569037657,0.09024960153843954
26901.884194053207,0.086723343795701
27021.887787056367,0.1040402513671199
27129.31288981289,0.10955999630046143
27243.08598228244,0.10153468015347408
27362.315651260506,0.10050315170861243
27478.095362167795,0.1078070170883773
27594.539906103288,0.09853749883678944
27716.00622406639,0.10355754548872062
27837.500520833335,0.09611041730860997
27961.93236212279,0.09853450943012897
28081.5,0.09286614355899779
28198.66909469303,0.08958990326883308
28311.581903276132,0.09089287242383798
28430.747511786274,0.1000909443958246
28553.814968814968,0.09045315499281734
28676.527168234064,0.09521514595498655
28800.992727272725,0.10214158554330043
28935.208550573516,0.09824906570737377
29070.553113553113,0.0983901975476407
29198.064129301354,0.10495440670915196
29333.792708333334,0.10348130506260335
29467.991675338188,0.10620897554109904
29591.33699059561,0.10147337089047186
29719.662162162163,0.10056902535233707
29845.469291338584,0.10136175302546863
29979.871569135164,0.10611123271084297
30114.346093340326,0.10232298879962613
30248.110822060353,0.10685420981876553
30390.514553014553,0.08634720269965361
30530.823590814198,0.09759223737133522
30670.64002089864,0.09690324623669679
30811.82021886399,0.09457908859026595
30956.804279749478,0.09864250648363071
31101.97969807392,0.09645154478515876
31249.14077163712,0.10379048053339966
31383.305526590197,0.10510917496531318
31521.762376237624,0.10425265990252625
31667.688447464716,0.09467648052088294
31812.065172054223,0.0948733171531453
31952.546964193047,0.1026468437458885
32097.90856844305,0.09945228157393016
32238.88998957247,0.09849101986782585
32374.762924281986,0.09990764821544447
32506.346673596672,0.10023714683822693
32641.36282722513,0.10420266324669644
32777.16234439834,0.10546116362252395
32911.79664570231,0.09546047744714578
33054.381619937696,0.09381421679129788
33187.3859832636,0.10836919021023482
33319.447916666664,0.11201175127038714
33459.69739583333,0.10792434922156176
33587.90558163798,0.1091269572083918
33711.70846394984,0.1004750988964154
33836.09822361547,0.10290139533882298
33967.10062240664,0.10672700073848639
34094.680562793124,0.09522005263413523
34218.693909422174,0.0911647460753273
34340.407929055815,0.09743261260176937
34456.93406593407,0.1037713962526866
34574.26285714286,0.1104734036008474
34696.11893583724,0.10652561409496993
34817.8828125,0.10276214345685966
34936.509772847334,0.10004858770516155
35060.91490459,0.11180992982470338
35190.993743482795,0.10504228814762026
35322.27225403436,0.09425241514906584
35452.83263816476,0.0985038759276081
35592.7242281528,0.0976330867783615
35729.293444328825,0.10098895433196921
35860.236125654454,0.10496671422512427
35990.868886576485,0.10259327435004911
36125.682556312204,0.09992827474447646
36263.548470710215,0.10353427748305985
36402.65590838105,0.10396133647494823
36542.78810020877,0.10661208752959714
36678.90771637122,0.10400885355917537
36815.75754422477,0.09938263726568043
36953.30057501307,0.1052833313545796
37090.960917144344,0.10517716196760393
37229.153765690375,0.10284534364887012
37369.00621761658,0.10331139090335308
37509.44618599791,0.10730558822821631
37655.20031298904,0.10756602621545391
37794.882352941175,0.10390123680662859
37937.03966597077,0.10432992647759087
38087.0737833595,0.10502552002090335
38237.01662337662,0.10262879062249934
38385.82922996333,0.10294134360542585
38539.15819502075,0.09978358863603387
38685.51929092805,0.09624864122637185
38832.372456964,0.09718566097912186
38978.706896551725,0.10419271388778546
39118.38661131292,0.09909397175668905
39259.22943949712,0.10248340091460835
39407.1263765076,0.10279842222350233
39551.376871450695,0.10324547813012194
39702.0502617801,0.09291631339685531
39851.22430881586,0.0937273707415652
40001.448221757324,0.09292610805612771
40141.01766233766,0.09383506180287256
40282.226680562795,0.10314670885569574
40420.35012987013,0.10525510476480322
40561.0636743215,0.09532700612985284
40698.948221757324,0.09678634671289013
40835.0015641293,0.1022157156728562
40971.60831168831,0.09735522781739032
41108.58604407135,0.09606714093952405
41248.71058091286,0.1005089623679623
41382.997918834546,0.10443252273928103
41514.265519040164,0.10152044169194979
41645.80115122972,0.09416266901366659
41771.67860851506,0.09927160456229057
41894.10540115365,0.08838211504559973
42026.90093847758,0.09275275037334915
42158.20798755187,0.09942910450145369
42294.35106937924,0.09933332280767512
42429.90980187696,0.09893074149064417
42568.97494780793,0.09843894588874132
42709.5117248567,0.09603906049697641
42844.255086071986,0.10150078925034
42980.44554973822,0.10431091863467633
43117.300935550935,0.10109580498690192
43254.29685863874,0.09844958505616315
43385.45204769311,0.10501240435908836
43515.63641105895,0.0955133602847988
43648.2361835245,0.09848227078648966
43780.04789172306,0.09523648131557085
43919.62793121417,0.09082268495441981
44062.85272536688,0.09724636058394474
44207.41818181818,0.0956748342108548
44356.19508368201,0.09546836872634545
44509.79552549428,0.09765376332980454
44667.56399583767,0.09551816942326015
44813.36150234742,0.09313183868017054
44960.80636743215,0.09037523106257012
45105.84867394696,0.09192834209774936
45256.955184992185,0.09972356200769196
45413.223036649215,0.09586854353900662
45572.707748309935,0.10111847987849892
45744.24372384937,0.0948002219872905
45919.55889984432,0.10188994306728007
46087.88993218571,0.10938820066745363
46252.54588112617,0.09467389227182214
46416.71964564877,0.09818748321359835
46570.40219092332,0.09491509261701471
46720.120418848164,0.10678657274474845
46874.09256370255,0.10164515541898017
47029.25403435711,0.09848717145806805
47179.20052219321,0.09507624422291397
47330.6065830721,0.0980494292065284
47489.33367929424,0.0990723159771837
47647.08093994778,0.09415397946774605
47811.16771159875,0.0984738079096729
47963.317801047124,0.099349090654755
48114.18427902134,0.09419549700861389
48276.46341463415,0.09110133206673564
48431.1776384535,0.09162472789733503
48580.944241792604,0.0906140814923922
48734.29770594369,0.0939904050106343
48887.79197080292,0.09894922630275918
49042.38613861386,0.0945871656427806
49188.791471658864,0.0923409604715117
49324.481384373365,0.09242990468548726
49461.34789391576,0.09887181842151815
49604.06621480709,0.09697713224476644
49745.147012987014,0.09356705621374632
49880.796335078536,0.0962100254186649
50024.66266944734,0.09746223345325633
50171.63712200209,0.09896413034947785
50316.487006237,0.08817158233857328
50463.914494264856,0.09919584091885142
50608.12957157785,0.09653556439027003
50753.441207075964,0.09863022256274578
50900.22952529995,0.09971463060613922
51046.88093994778,0.09960953637606945
51186.929092805,0.10080560154481233
51329.885416666664,0.10165033795706312
51469.452318916105,0.10378697245490066
51613.07914046122,0.10237616978357748
51760.093555093554,0.09918124150761624
51905.07772561294,0.09511458029579048
52042.64981761334,0.09491231941552929
52181.57963446475,0.0905835497874507
52323.465974025974,0.10146355205132389
52464.337324310254,0.1023272767766573
52609.64296915839,0.0994926022504712
52762.407079646015,0.0952061657887817
52917.69254820219,0.10011853368961882
53080.59154929577,0.10095168914359028
53240.7277486911,0.09470007670206981
53387.167272727274,0.09197037952591992
53543.16187989556,0.08995201560477219
53692.60103896104,0.0916871271339278
53838.40577427822,0.09769835718720138
53983.94470526865,0.09001416003380902
54141.444675324674,0.10533239845183184
54299.930962343096,0.09431668954633123
54453.482059282374,0.09972521427540901
54607.45841995842,0.09669918081785561
54766.42490842491,0.096879779165744
54929.60010373444,0.09213653754751053
55084.66405842462,0.091237461020396
55242.099738903395,0.09459064662998261
55397.97276060765,0.09258201000923336
55559.409067222514,0.09269701811954596
55714.611831862996,0.09778978701119573
55867.23489583333,0.0966625761213301
56026.58936946326,0.10043857214381784
56193.790600522196,0.10197605497413673
56364.77068062827,0.10825309892011406
56524.40560165975,0.09677923063760702
56683.797290255345,0.10444523276569086
56847.45159602303,0.09170248966080272
57010.794885177456,0.09004091895179163
57187.79190451479,0.09738500419225271
57363.023024594455,0.09913015473717257
57539.68264721209,0.09626867948099858
57713.540427751694,0.09712572993761692
57885.483837330554,0.10400163430359673
58053.69442998438,0.10215618846841318
58215.03149606299,0.10265692351944425
58382.76049766719,0.09457543312397
58560.95459290188,0.10006845419894453
58731.495327102806,0.10631900585769528
58904.831331592686,0.10918907321801659
59078.24947916667,0.09544760596114578
59256.87539103233,0.09940204441360431
59438.07616066771,0.09912558995571334
59617.12258737611,0.09657017181958907
59799.855276907,0.09777262916931286
59977.965104166666,0.10857008794510373
60162.233090530695,0.09701979690294366
60346.11430062631,0.10032854977362922
60529.84816753927,0.10095034645159132
60707.991692627205,0.09989651799614924
60893.45241809673,0.09763145021776994
61086.91261119833,0.10127554293708238
61276.87565036421,0.10043655563983005
61478.286607608126,0.10296895933692339
61684.89410537298,0.10161197206381199
61881.188481675395,0.09951304548617645
62067.47040498442,0.10657889801256737
62255.155253528486,0.11481947228462554
62441.0629225169,0.10697596516242934
62618.4940010433,0.09630634952933531
62790.53577023499,0.10673543862117892
62956.40939947781,0.11376780108229365
63130.86079249218,0.1004125369881373
63305.01401869159,0.10188019962918957
63473.84229765013,0.1024291495691257
63652.319037656904,0.10514326849001716
63836.31351069379,0.10605535589284276
64024.38836967809,0.10504142762792379
64217.83220427306,0.10302334357880985
64416.067814293165,0.10868323069827274
64602.825039287585,0.10050366773276313
64789.07971014493,0.10914042639350502
64970.82356020942,0.10477971605537713
65160.55410350235,0.11416272382679728
65343.70088587806,0.09831186028996534
65516.267429760665,0.10715259226852868
65683.75819032762,0.10379223493053899
65852.07684265552,0.09848636720583386
66030.55514898065,0.10222659683678628
66204.35777431098,0.10324535041769271
66370.87676240208,0.09700314569259696
66534.83151326053,0.09540043830645213
66684.50261506277,0.10325188818422668
66835.9232776618,0.09932779921660763
66980.09265010351,0.09730008101012334
67115.38662486938,0.10009490039127672
67246.6859676578,0.09198649265879427
67382.60261780105,0.10342742527072822
67518.48236514523,0.10093324889239207
67658.32811684924,0.10665901366718435
67798.99111807732,0.10213157823569485
67957.78181818181,0.10463852558449097
68119.17588726514,0.10337849233672958
68284.42039542143,0.1151227351615172
68455.53729786124,0.11175879971274759
68618.03862212943,0.09965654602253375
68779.09242819843,0.10226063744595318
68937.03068122725,0.10395021505222829
69096.10297961318,0.10162401668852772
69260.33194372068,0.10338138100267148
69426.32530120482,0.10904682081266787
69595.52331606217,0.0914535357710376
69755.1854754441,0.09838361788235933
69915.37219027705,0.084228639251292
70076.2170744404,0.0905462778972826
70223.83333333333,0.09061357907702343
70367.71227887618,0.0934977332659111
70517.96458333333,0.09204577932182952
70670.21784776903,0.09896177361718195
70817.11648465939,0.0945067083919179
70956.91401771756,0.09513385128147028
71103.071875,0.10152225755478722
71257.22557172558,0.10282336666826598
71412.56439790576,0.09613717401319896
71568.38265835929,0.09985636434509572
71730.06945169713,0.09604128179000786
71894.85133020344,0.10045354803979097
72061.83524504692,0.10442701019437378
72227.06341719077,0.0960462359312856
72393.30817282666,0.10436175313366006
72559.73114924597,0.10547268397060178
72738.29307652265,0.10278082068805532
72930.87323943662,0.10021168831473497
73120.80801248699,0.1074841282514401
73301.7434691745,0.1012406259313351
73483.89380530974,0.1124377587702153
73665.17683881064,0.09634252222239746
73849.40460010455,0.109743071640614
74048.65764828304,0.10141666001840123
74241.4394572025,0.10523056540807252
74417.70041753653,0.11087448524697638
74586.91017653167,0.12116123565965413
74759.84952978056,0.1081983487962522
74928.00780437044,0.10784609891694782
75092.5524256651,0.09878122274138967
75259.99003147954,0.09725495099924407
75428.68497409327,0.1009964239846475
75608.4582898853,0.09323911861120315
75788.07494758909,0.09855588713411075
75968.2895010395,0.10000116297411758
76148.37630480167,0.10548460240510146
76339.44496365525,0.09942754052270619
76530.71338912135,0.10747179894584472
76708.87474012474,0.10088119647589137
76882.52326189232,0.09590740556922882
77054.17950052029,0.10506714645455777
77232.19685863874,0.09800942199722662
77406.81837052412,0.09857730975487589
77581.24960671211,0.09323031358610383
77756.53177083333,0.09535348422265719
