D,r2
101.81232054293918,0.5633550059603408
142.35219123505976,0.5184813449220536
185.8339502908514,0.4908404263527819
232.4748610743583,0.4625514727527609
281.8021534320323,0.4402932205760196
334.68034388432983,0.4116809491965864
390.3287419651056,0.4053819437323687
448.42248631325947,0.3906074665337595
508.4476292526118,0.37857597045039826
569.1047238855622,0.36484063154110125
632.324141659908,0.34679654945670946
699.3990795529257,0.3383034635685454
768.225,0.32587828497423876
838.6448036334491,0.32263338960447
912.5532222076388,0.317444663971155
988.2061374249499,0.3105604785102976
1066.8141008358048,0.3047304226330764
1145.4280985169491,0.29475259565549355
1226.5660176046945,0.2845157451587531
1308.0041114058356,0.2904350938364025
1390.1462535060773,0.28035221711206443
1470.279930285561,0.28253042712656695
1553.4908317831516,0.2747812823021945
1637.294916156508,0.25675531848173566
1717.8090731978848,0.25972774904030516
1797.7721275426059,0.2636272009638499
1876.299048669516,0.25265938567289037
1954.8946857222145,0.25464421427203676
2034.3212856945786,0.24958331178530002
2115.230112044818,0.2518276268445839
2197.3626222283433,0.2507107564940709
2277.9519536103826,0.2509746668866925
2359.7599170697995,0.24989450702970561
2441.6115267387086,0.2543233274578974
2523.3322323148914,0.2551304942120642
2606.031830238727,0.2601971378529097
2690.5259013675923,0.24905855519893175
2776.235847750865,0.24913979974821962
2861.4729989035086,0.24546078191754897
2944.015298245614,0.24804111261952588
3027.5364554888038,0.24175381046818545
3113.0381373497307,0.23404524906809138
3200.690566037736,0.24129316581676435
3287.8158550083012,0.23427240520111264
3375.0210772833725,0.23648503302870683
3464.5601941747573,0.23211635377798462
3555.9860043907793,0.2363296690569087
3644.8725680933853,0.2326616184585572
3732.637345892783,0.23282723573882189
3821.1483737024223,0.23523465199969285
3911.866953983039,0.23722760755910235
4002.5233902036325,0.22813457927277286
4094.081448591647,0.22909004322546667
4188.302946846598,0.22008289482677376
4283.722551315608,0.23192457473517236
4382.144603417141,0.23216731890474002
4479.978179809418,0.22904705375549023
4574.061907417736,0.22432639291112913
4668.656790123457,0.22315354912697927
4763.8055594162615,0.22128044383954296
4860.414466446645,0.21754761320231933
4958.062465219811,0.20890357175804852
5055.365142936059,0.20392215613100662
5151.423695893452,0.19604977445775343
5247.288901129165,0.20698323905495947
5343.917272219117,0.20517557713565815
5440.395032930845,0.21197106405951155
5537.910238623751,0.21410177437059788
5634.609439690864,0.20708960225611772
5733.312336319779,0.21282410754134692
5832.36429567643,0.22458810630925774
5933.747272476177,0.22099955410701352
6035.402611683849,0.21872559730086344
6135.866039302518,0.20815268549562435
6236.133667502088,0.21094008740889525
6334.802436660667,0.20598484183113666
6436.100457253707,0.21360757254541335
6541.318508287292,0.22056677867932462
6645.143112209861,0.21590616361981405
6744.824739402363,0.20953881132384644
6846.039833448994,0.20805404038876602
6947.021900826447,0.2055931451559637
7048.479972183588,0.20500992233555776
7150.71279516749,0.2085026416754177
7254.429738335872,0.20687857069608578
7358.855701451279,0.20303599650958085
7462.6181540172365,0.20172508428979596
7568.851652892562,0.20067627312395386
7675.734051367026,0.20414335864339536
7783.188807314033,0.20455837969776153
7890.767862107312,0.20276186636903862
7999.502136457615,0.20551883595253165
8108.578096947936,0.19905719823198423
8219.712305986695,0.19468393650635624
8329.591670125918,0.19638117902699953
8441.756328233658,0.2059509492702371
8554.30149501661,0.19354110497236215
8666.342979783993,0.19997186952944895
8778.440766790787,0.19691818572105946
8891.933846788612,0.19773751835609676
9005.970665559707,0.1993611884437688
9116.811723656665,0.1890546524005687
9226.650719671008,0.191910702931249
9339.098787794343,0.19300143241476692
9447.976551724138,0.18188248695414438
9556.920783880762,0.18537067727627388
9663.045625260815,0.18336780809698497
9769.322115384615,0.17766694222255355
9875.132414369256,0.18127542066490063
9981.506902263942,0.17755179476214605
10087.680933314925,0.18190431844464364
10192.235824206295,0.17622044124586522
10298.698087052953,0.17822501214713077
10404.553818483675,0.17822813685570557
10512.39774446431,0.17730137909272367
10623.706812820868,0.17166333996940308
10735.713258675514,0.1729509924805501
10847.279434197753,0.1695265305608203
10958.732447029497,0.16938191331783017
11070.164189375171,0.1764047624081469
11179.495894224077,0.17427071580798192
11286.257720537322,0.1742063087584781
11394.502745744097,0.18239982835070587
11505.213550361714,0.1746708409373995
11611.89293598234,0.17473419466759813
11721.019754109684,0.1688727630559849
11829.921590435146,0.16927949239324583
11937.555386319578,0.17176079454474158
12045.303235619469,0.17203231565697347
12154.309490868844,0.16880706081273694
12265.914585345661,0.17069699425481372
12376.735522305347,0.1723641390188079
12487.920542635658,0.1776313577862569
12600.87621157574,0.17284099843400355
12713.906007751939,0.16810334991677278
12828.729647546648,0.1694338147382714
12946.200387757928,0.16975993726637828
13062.744112381215,0.17212354044762415
13174.628046233116,0.1698958357311455
13289.003701165182,0.16524210832550829
13406.117024240735,0.1668299636871477
13523.354066327232,0.15970348813711535
13641.125103562552,0.16530456630481996
13760.135675600612,0.16199594036762865
13882.667542162013,0.17006282349284685
14003.035734149054,0.1711071235112798
14124.523731138546,0.16541574263480685
14243.371297455153,0.16245840067253317
14363.410135696484,0.1662432980908413
14483.050805452292,0.1677868451785282
14601.373262923846,0.17057734016840942
14722.001512651264,0.17306929854995917
14843.578523862376,0.16993221897414662
14965.08480222068,0.16151949017153397
15087.095460797798,0.16425191038973597
15207.165648430991,0.15974927518983995
15326.643487858719,0.16611514564909152
15447.581437291898,0.1681759918972213
15569.735676722945,0.16595472443197806
15688.650180105293,0.1685349593647906
15808.958132488639,0.16200378910595103
15933.825381414701,0.15552623658002043
16054.474920547189,0.16296204656990768
16177.100443336105,0.1605339054929988
16299.36233892199,0.16032852334107492
16423.030949105916,0.16163070883495437
16549.145578420466,0.15607876289482805
16674.711335920176,0.15893968944888687
16799.878270448913,0.15200014101649925
16924.21190674438,0.1549906572075401
17047.64130585143,0.15763588443130408
17172.836293007767,0.15734484029522477
17295.686542443065,0.1564977838496184
17417.98516978517,0.15514674576018497
17538.873513961847,0.16026943868341453
17659.553650442478,0.1587855260808936
17783.16675884956,0.15921671413629196
17903.39750692521,0.1582672396731476
18025.585308710033,0.15849016793337167
18150.08672762538,0.15738598527831377
18277.118850193478,0.1607881015676793
18409.855246785566,0.16449201115307516
18539.693546148508,0.15890031216386113
18667.22577962578,0.16277292037389543
18792.379518900343,0.16018444548686403
18917.556524145566,0.16281884239425365
19042.78147892191,0.16674782974158514
19165.19697390339,0.1615719037957761
19285.371583183016,0.165558636757828
19406.169218038893,0.16723137029833615
19528.57050041471,0.16074157875382136
19650.085091711488,0.16454979825592636
19769.125278396437,0.16448984061525798
19884.558937465412,0.1581905363931749
20000.56826056826,0.15591852221259303
20118.13150609081,0.15929487305729112
20236.192902513118,0.1563047244556422
20360.356730769232,0.1628481447764734
20486.378389596015,0.16126457626578916
20611.28384765082,0.16060828752284523
20732.943671670568,0.15722676512648895
20855.26114738158,0.16078843054005612
20976.203094777564,0.15829178850043263
21099.544005544005,0.15856430398709476
21221.19130313976,0.15741142288770094
21342.331959329487,0.15557606473573474
21463.363876529478,0.15198450751571568
21584.95433915555,0.15323850693215516
21707.53488372093,0.14609798141614563
21833.626216291355,0.14819328219820393
21957.148942055042,0.15192867082346442
22078.550952775477,0.14936884853731097
22198.390297684673,0.15110367947429432
22318.008587257616,0.1540172723655848
22438.95449500555,0.15744211574115843
22564.260419541817,0.1567092016272207
22686.445434298443,0.15569621857521515
22806.279287981233,0.15497848329634367
22925.445195091685,0.16200836410269068
23041.189552445616,0.16077099119236446
23157.770928147842,0.1556843478850338
23277.406821963395,0.155730378099278
23398.695072866067,0.15994543285474827
23517.94335722161,0.16142306931988143
23640.446255871786,0.15583377860767766
23759.688152582487,0.1569213536300787
23878.35184930565,0.15309884763645892
23996.344679077523,0.15588344037563354
24116.189450428057,0.15222196212012187
24232.502414126087,0.15073950563451047
24348.309490868844,0.16013948705979328
24464.865438302626,0.1559998904374289
24580.327607530577,0.15970296372760354
24698.30838406198,0.1433855441531228
24812.552261656227,0.14730264203787738
24929.232554945054,0.14987168103060322
25047.76544240401,0.154485554303274
25165.401183594826,0.14987455615444376
25283.839468585662,0.15055243964860304
25400.555509470483,0.15153377900514897
25521.25821596244,0.1445870198932406
25635.02036546241,0.14827430016473506
25747.763353524228,0.13967424865104855
25860.71507991661,0.140593742763459
25972.82623721316,0.14381544910556351
26086.087709574615,0.14797454754443864
26203.47912661357,0.14595333592711013
26321.62201885746,0.14877245633319366
26439.222222222223,0.14957293893808257
26556.621786010506,0.14347565226377754
26673.737979769987,0.14292483803823178
26785.53379310345,0.14048362661813915
26896.535650255137,0.13866821945172095
27010.264203361578,0.14717604380776053
27125.9011611833,0.14781818429571955
27242.35778298635,0.1477554053309257
27358.465006261304,0.14480978887338078
27476.61197339246,0.14616091791562505
27593.56714168265,0.14776329369515187
27708.48273949813,0.14872042067044425
27822.078548588906,0.14587728626564428
27937.69150254786,0.15263229995339353
28054.880254424777,0.150064748249609
28171.264399722415,0.1434145520299672
28287.064173337014,0.1462771836262686
28404.203157457418,0.15267126947579893
28520.798344827585,0.14903894097108392
28638.389380530974,0.14784821871960205
28756.78269896194,0.15274004554593176
28875.416840350146,0.14658484573757125
28992.418159100376,0.14650029980649545
29107.956726116412,0.15066134636787173
29224.13795479603,0.14763149348343213
29411.653063771373,0.15192391115233617
29670.82438261957,0.14441665452160868
29928.76680999564,0.14801786309724035
30191.462233578462,0.14656584213046067
30455.86814010114,0.14799174789108038
30722.34338588074,0.14512558780325094
30999.29628243513,0.14787469530846029
31285.137278106507,0.15075293015369512
31563.33815155497,0.15846509374768408
31839.57140189243,0.15865825934220323
32108.223908562864,0.15279715902607333
32376.31987809429,0.1490040174147697
32644.209348831395,0.1468155864527356
32918.774312269976,0.14944188996204533
33197.524062168406,0.14626820234496557
33479.36723481301,0.14502693096094718
33775.175811870104,0.147807132052689
34068.77493126718,0.1498705156439306
34353.049025104345,0.15223786123761274
34635.49340501344,0.1468615266900373
34920.7594448248,0.1453363695397775
35196.838856643575,0.15143723424675642
35474.26884202645,0.15309550211795933
35756.397294433016,0.15428921885028452
36040.92226457539,0.14678994618843633
36338.578051972334,0.15139827712782442
36629.92338860491,0.14532640878917358
36918.44709556527,0.1470409525390376
37205.46515548895,0.14380685876624721
37487.99738562092,0.14726352501740386
37774.31103762401,0.14643511100194617
38071.07031006301,0.15405287156500816
38374.74177262528,0.15142499884628027
38683.289180737964,0.1488498802567418
38999.45121344119,0.14971022675988332
39308.4740625,0.14205035554444154
39612.46354394062,0.15332245408892675
39916.416272115624,0.1471332097244876
40207.385712498435,0.1433944606294553
40484.67749564352,0.14567548213804696
40766.371642256156,0.1478453737570855
41059.88454585126,0.15140793009907974
41360.21968277757,0.157593775812884
41672.1849451645,0.14716755003692197
41991.814701282456,0.14240946859891784
42308.072371699054,0.14173247876109563
42617.21254681648,0.14144646659187846
42911.440548115854,0.13982344727038826
43194.34490726285,0.13829345866723672
43480.03689622936,0.1457885360451226
43765.55059970015,0.14608092754096547
44062.950974895655,0.14706302572339355
44358.30755328431,0.14926041314557156
44642.64410698663,0.15147784867666447
44931.51420011235,0.15169182231161826
45220.4604975993,0.14442419892531175
45507.03231239474,0.14163566063750463
45795.88171909063,0.14512759197196232
46093.954925708575,0.1507502753399365
46397.54557364777,0.14917853712671905
46686.14204651743,0.15012912665231215
46970.33479102892,0.14622576061283654
47247.06804419751,0.13564567838627428
47523.96473158552,0.13722936923534035
47809.54255517563,0.14179623948638528
48099.27992759955,0.14400848381952136
48393.72691515265,0.1449107496017098
48692.96022727273,0.14398833158952198
48982.24435151667,0.1478376927256306
49271.81552369077,0.14291627970935242
49555.617913054324,0.13930642625465356
49833.56738561277,0.14253888279544533
50114.94807140182,0.14121369204247863
50396.06022147567,0.13761615087101692
50685.44725501218,0.13846038980159994
50982.94464207701,0.14317364761884924
51275.12325436409,0.14733976240267266
51561.16363408991,0.1481530317381303
51839.98833364527,0.14463468386290904
52122.65541928656,0.13987074799491175
52402.41150828248,0.14219368472347282
52683.429908291226,0.13919534812723794
52968.802749140894,0.13816846709787584
53261.89661407994,0.14160716959232472
53561.315464303545,0.1416623141869588
53851.529198901924,0.14054866586149323
54143.80132408969,0.1433630322072613
54429.79339305711,0.1446496153670653
54712.391258129064,0.1390859136434573
54992.53874469678,0.14249147409326884
55264.32022926921,0.1432883488914116
55536.91435344021,0.13636324819913478
55820.27105656616,0.13593374360696361
56100.72210763173,0.13660446590192282
56383.012330302656,0.13474876813359338
56663.46473779385,0.13972775718100217
56945.42191986019,0.13791819400724456
57242.0931653779,0.13594082410323027
57534.15304271687,0.13968131403368975
57825.79866691584,0.13761741967573116
58109.13045644187,0.14204198672727494
58386.397078104514,0.136148268357944
58655.24842118427,0.13546950021609724
58918.845990903996,0.14017325329818178
59186.23165037664,0.13567260079002366
59455.85510599712,0.13443314964630987
59736.6260679763,0.13567478413491502
60015.18732455867,0.14043687020100148
60288.73363234286,0.1375908975327439
60571.82445845559,0.1392027112250201
60852.94763481847,0.13579674123395719
61138.67894310463,0.14126493253909256
61427.25710005617,0.1412011374171305
61726.16113744076,0.1404113997717886
62025.01647528707,0.1431122406236473
62327.885869565216,0.14077005843868115
62644.33362391034,0.1370349507127411
62957.49292349897,0.14200489487590398
63274.793511426615,0.13576810865234623
63593.444812293084,0.13844366328320032
63902.47702761673,0.14623972015278622
64202.631746427905,0.14449364470507559
64501.29795332585,0.1432761804661571
64799.912894375855,0.14782666141209413
65100.090074906366,0.14536578037852851
65414.02492211838,0.15090776868622519
65732.43504626157,0.14813760282991847
66056.32510441993,0.14759142106371728
66382.2857231959,0.1507828012098889
66695.82248003992,0.14460191745476514
67004.05604334018,0.14563973059533142
67310.77389946925,0.14336115517818646
67604.72547305314,0.1420939096889483
67899.21260823522,0.14943483446134892
68193.30747663551,0.13946872448516773
68493.15193992491,0.14266838063128395
68796.16093457944,0.14228032790526743
69102.88236396576,0.14489659151819687
69407.40750653554,0.14067476739602708
69706.94465589318,0.1414864440813618
70002.41613084462,0.14327793646594023
70286.6652122421,0.13934210007564068
70568.0912153731,0.13968181079865324
70857.24035219183,0.13683577426851531
71149.47192971525,0.1386107732688548
71435.26257331835,0.1380803843319032
71718.8091056303,0.13868998346164849
72009.85835517284,0.14278870133133018
72304.4757057207,0.13663208785552777
72601.36083567196,0.1400314281670381
72897.76890415236,0.14042507309857494
73192.25676937442,0.13765389821767676
73486.0452531053,0.14454082814728972
73776.81073833874,0.14256332352158443
74068.1108265134,0.1375555028771133
74362.8301487521,0.13041201516654063
74663.83715553334,0.1367956390376596
74970.99931485519,0.1440335298004086
75274.05776805252,0.14551038911653535
75572.89407070266,0.14387189772881986
75881.48474830016,0.14215514194083884
76196.8732438339,0.14431119216306298
76520.7894146949,0.13962631655002208
76840.97268408551,0.14766000905663082
77156.18184079602,0.14738355032000738
77478.79711592484,0.14447776423667127
77806.7231441048,0.14339691417654238
78134.42401746724,0.14355640127260724
78462.28221930974,0.13840526587635812
78790.57955894296,0.14299136742939283
79126.74332980906,0.13749226331151754
79457.36169412945,0.13485747984478738
79783.44902278103,0.13503037351558775
80108.54501277179,0.1350409587412824
80430.4847349691,0.13886189164690935
80745.16860936234,0.13881213729205064
81067.71356344798,0.14198110780620496
81403.90587720941,0.13934627430588067
81733.3151760673,0.14684598784235783
82055.09876543209,0.14286005254062126
82374.64974714366,0.1444432469376386
82702.20964726411,0.14321623812791132
83032.32061116309,0.13619004973153137
83366.26259037647,0.14210233115138252
83692.16417817205,0.13992072557630253
84008.92152955098,0.13654088516811277
84320.43370477026,0.13412253509430697
84633.04993143,0.14116712266137943
84936.71483838762,0.14618837348574903
85250.376111422,0.1379387362558091
85573.43791339074,0.13976391315791112
85884.78474046278,0.14160893382801032
86197.18404678945,0.13786791564805048
86511.03990273707,0.1391704088207782
86813.38413948256,0.1434292878841883
87124.12794759826,0.14347999891513896
87434.95498412303,0.14382556916007233
87742.78068146296,0.14466269789054859
88045.582943998,0.14346996752394484
88349.2010740602,0.14068433481314793
88665.73057253337,0.13428292446842888
88985.39933849227,0.13429764027318905
89309.33719553977,0.13670485488872666
89633.92949478548,0.13832784213208538
89958.81990136713,0.13712391671830323
90279.08352059925,0.13543756389418632
90596.1171047714,0.13782559315877452
90910.7457141076,0.13627674684492969
91238.90052356021,0.13577853176689714
91579.56600711566,0.13602041302916346
91913.68367410742,0.1418974193047918
92232.49545454545,0.14513394002687108
92555.85568813643,0.14707225093294488
92882.24354266509,0.14977993924371036
93210.35613531394,0.14879093614339117
93544.53570538385,0.14823070582475717
93871.70510255128,0.14357474571180404
94192.91162355874,0.14264591881214586
94516.23201494862,0.14096565596351726
94847.21529514757,0.14509297580354258
95169.30508896355,0.1407603574491552
95492.06338380679,0.14426831178317892
95811.60757839722,0.1416366266214011
96120.74657107232,0.13910336610493998
96424.85672368585,0.14295587621940434
96730.4140639611,0.14173511285819718
97049.10323064425,0.13710899368785304
97374.89270332688,0.13114196092834082
97701.00765782592,0.13415888446347932
98027.16352632892,0.1307422533439119
98350.85926295441,0.1263208986323216
98684.36389792344,0.13374989607048982
99014.37410519764,0.13291146382179003
99338.94465958775,0.1354117859990653
99674.82629576499,0.13323835048608973
100014.04030195271,0.13692747890062604
100350.51416625062,0.14041582244566858
100686.08527083464,0.13823909894138697
101022.15730056757,0.1360393712782164
101359.8687675507,0.142210332727482
101687.68912013958,0.14483491744481886
102016.76201472974,0.1445153433652496
102348.79922707722,0.14109903549005504
102690.02696460894,0.1415071198064656
103043.02476606364,0.1424941449188886
103389.03096129838,0.1423738494235274
103731.33077786089,0.14632960437641898
104077.04518260002,0.14519947748440437
104419.56776007498,0.1565087555181065
104755.28506363863,0.1514108584301272
105087.61390154115,0.1388829888915896
105421.70811248987,0.12906526161546064
105753.72005240829,0.12934170539685033
106085.1711509716,0.12950017863783828
106422.2538105947,0.13604193472604983
106764.33341648996,0.1537507860875299
107113.11682476285,0.15313940435857248
107470.3599401347,0.1455370044779421
107834.9972546328,0.1477980819519133
108187.41339146683,0.14578713592621825
108531.42386008745,0.1457736318259326
108881.16900355206,0.14057239322921372
109241.03085073232,0.14228926043536685
109593.4748767243,0.14358333520313651
109948.20224508886,0.13954117061568766
110305.48100555174,0.1456066967044619
110667.01167290886,0.15088433546584382
111028.69277258567,0.15075768875605358
111383.92313456135,0.14904333337558626
111751.38366352103,0.1423034867129459
112120.183267925,0.14004182664081496
112500.6114713217,0.14075476334201548
112881.02963796661,0.1369646832732886
113254.82298407168,0.13724544587521367
113625.58311988505,0.1412254199701071
113998.81344537815,0.1434040779912765
114365.09367199201,0.13713191248945902
114739.33992884339,0.14723278151453664
115092.6000623053,0.1444847116725658
115432.71724310463,0.14324144951348036
115782.43324403463,0.13962051557478064
116143.3100224383,0.13885788520543876
116498.35764235765,0.14132302635200525
116840.35487698264,0.14400687594468886
117177.33563776781,0.1423022932112463
117529.86378965776,0.14071943053909117
117873.879608259,0.13653349636423323
118223.31821579866,0.134158412996345
118564.26523990766,0.13477760942205777
118896.9691011236,0.1377518221301518
119229.54814352574,0.1332404347557345
119559.25827938247,0.13669310495367912
119897.36629213483,0.13644230997537973
120235.88718524059,0.1352690903569292
120565.25829428303,0.13306650367684147
120893.13773761297,0.1308333649725574
121226.60382428295,0.12920076611960313
121560.61539899085,0.13207732936207595
121892.74825087456,0.14079484826414612
122235.99003177372,0.137439734566044
122578.7043141662,0.14092804957220126
122918.67171339564,0.14485213719050619
123252.45227258558,0.14279708822334433
123586.56080954464,0.1468846397224154
123919.66939259629,0.1500071503354174
124254.48343833823,0.15270449468073272
124603.25185462253,0.1434332132069354
124955.23288695111,0.14282474206583376
125304.91977775004,0.14118105914549756
125653.19243492915,0.13731432942688712
125993.29496761336,0.14081243750966482
126343.3509636375,0.14026587093039464
126702.20861692163,0.14277198982487121
127059.22005866567,0.14156249177023522
127409.48206698326,0.14197662510488662
127753.64745425122,0.1381218085359496
128105.64622877123,0.13738689812188518
128464.2327666729,0.13993193507090537
128822.1076135157,0.13692346903187244
129175.18609725685,0.13730111731535696
129531.61209099408,0.14142566211569196
129886.23836918459,0.14479466992844214
130228.36990224768,0.13846536742226312
130561.35922269433,0.13773810582142254
130904.51872659176,0.1398293069675351
131241.86727760115,0.13857990493926842
131564.82166874222,0.13779752608755794
131886.39063474248,0.13564935975662762
132209.0051208393,0.13377063004489584
132542.00617476454,0.13778630281815823
132883.32685578606,0.14371146998280768
133227.89106753812,0.14670791956023774
133567.1316759323,0.14555368720782297
133907.7854336846,0.14135227517804894
134238.26990957282,0.13679210900432814
134565.79857731186,0.13340780754467776
134896.8421249766,0.14063287375642547
135234.01314805582,0.13770081547937832
135571.79382407985,0.13762987686097497
135914.7453637215,0.14397195129494425
136264.21762982357,0.1537116506569239
136613.35059586947,0.1488453453572476
136963.26355863447,0.13981424602517709
137309.2888279985,0.13618519098971935
137647.91571383944,0.14106786945525338
137997.20335495137,0.1422742219996267
138342.4961042199,0.1402945404735209
138683.52354518804,0.14772169942327354
139020.6019459864,0.14939392914486907
139351.79004113175,0.14325188922430204
139677.64508258257,0.1413148238401734
140005.77079828005,0.14689416759750815
140343.8363795147,0.13860725440166966
140682.5236374961,0.13834715735076655
141021.44044719255,0.14217584605557543
141352.21937660067,0.14398660162187607
141673.0847975078,0.14213589690355602
141993.4330571304,0.14635440518719237
142318.4262950697,0.14877254693016062
142646.86853111928,0.15345366768555332
142975.1070606532,0.1586709337759925
143311.8124532069,0.156825954388866
143649.55325388408,0.1600957384625105
143973.3961521644,0.15427459986838316
144303.1175260303,0.14911978409450655
144625.27504838005,0.14211325530351276
144943.60183052113,0.1396602821203759
145263.22323604775,0.13563740236553556
145598.89983774337,0.14172948647780062
145937.41364259884,0.13889552499986865
146279.54516571143,0.1415721120560732
146627.2380239521,0.1432271667976098
146965.45381877225,0.14094249653553567
147291.44249719346,0.13895650208238602
147616.41244311453,0.14004528579148146
147946.90003741582,0.14317802360070714
148282.94171664168,0.1476119955964835
148621.77303860523,0.14620815773657822
148977.19033364515,0.14762133503724945
149333.8158633161,0.14753641054997185
149684.42403798102,0.1463035059187925
150035.06248830684,0.1453237359627809
150373.89838538744,0.14019350300503255
150714.20082402148,0.14226844765108637
151044.84503707397,0.1417626448284115
151369.4970284642,0.1404763263581715
151706.05523382526,0.14281413956006073
152039.12712868815,0.15354143159308187
152376.23680438712,0.15118517297651735
152725.4264715081,0.14598355003880725
153077.07833499255,0.14416424981075207
153423.94833833084,0.14289405619754875
153762.40072382378,0.14668441218991718
154089.89850374064,0.14506584365008524
154415.42796636562,0.145888626904386
154745.26266533567,0.14287241949699414
155085.8122382649,0.1435324374261678
155426.87740849287,0.14414360997181672
155775.12999875422,0.13908259961057218
156113.76965801299,0.14164343995555098
156458.22518084312,0.13383191874113512
156805.95293089456,0.1336246747343334
157144.46524397854,0.13074688132604798
157486.40828918666,0.13314608702562067
157822.06078932603,0.13230386631852747
158154.1431876446,0.13541611692746217
158490.91567089868,0.13855963768171942
158824.50997311325,0.13932022100798885
159160.4161777556,0.1376906965110367
159494.0002495477,0.1319310035210003
159828.12137071652,0.1372515999279455
160156.22412718204,0.13502549280431367
160498.21177203362,0.13746580419406404
160830.92446695428,0.13546463529638134
161156.14024162412,0.13491735870452828
161475.8273943486,0.13502250519472037
161808.47850699845,0.1340958300239275
162144.63150667833,0.13490680530379012
162475.44654009494,0.13867036828681636
162804.17626886145,0.13953455585869587
163134.6264751795,0.13389124245788908
163465.2508411215,0.1361882057202837
163801.9854096521,0.14120643187067566
164140.2676161919,0.1414953174459971
164466.70572835504,0.13992065235329515
164792.00928638206,0.13823853443029274
165119.81734075138,0.13919728831945763
165444.6754648696,0.13872142119978684
165772.98438860555,0.14200973688450785
166105.06904732177,0.14341662385370643
166446.5039330753,0.14160724188955312
166794.2080289692,0.14153324396065706
167139.03671612017,0.1430823150666714
167480.5940989333,0.13885368575515167
167828.4547608655,0.13443376242047272
168183.34172482553,0.14204928610211492
168547.72698313554,0.1393069912777232
168915.29006490266,0.14101335811384502
169270.09665960365,0.14073032451544626
169619.87454035526,0.13958416580394245
169975.61838822355,0.14402654883775537
170332.0094163133,0.13730934177086876
170684.79298289426,0.13953087127443317
171021.94973495477,0.14129276088149367
171370.22405807985,0.14527575285809402
171719.79136825062,0.1442123872926753
172073.31960112185,0.14321747460856274
172422.66799750467,0.1404552110727918
172765.81838621033,0.14507649353321247
173120.59386495416,0.14320458366133318
173470.4414352574,0.1430611358053731
173827.9566329714,0.14301639649843612
174184.3864839614,0.14852788212420542
174535.43551810237,0.14527612673494222
174877.50146371848,0.1480180348487108
175227.53016110903,0.1454521932811199
175574.38116647932,0.14185459702755118
175931.36787920384,0.14820838823238366
176287.79706266726,0.14577335062936714
176649.81395203597,0.14176858759754948
176998.82240777666,0.14347134698269856
177342.78012104574,0.14592975996319632
177704.4896021982,0.13876223957318734
178072.67371770873,0.14333925276384837
178446.38708470983,0.14426573728881248
178816.32017982018,0.14062245591196285
179183.98772432702,0.150482113251709
179554.4210263765,0.14555193520115678
179930.91278561618,0.13970945306400195
180304.71424121605,0.142750113245417
180680.78208731496,0.137543024938025
181076.24073149418,0.14166120067402463
181465.7782692667,0.15023784879534227
181846.9303572542,0.15996300947258063
182233.27633302152,0.1392179382078012
182604.19080632066,0.1333227165540484
182964.08381665108,0.13658232522130737
183323.79094033115,0.14259674791283905
183680.0800497977,0.1403338724673517
184027.55599250935,0.14086487791844857
184372.10747663552,0.14028977292189151
184720.8629409928,0.14474483790977044
185082.4112662014,0.13783123027789368
185448.869573365,0.13747803740505693
185808.39263611927,0.13906080802386742
186175.3403871289,0.13425682580667334
186548.60519577842,0.13259297474402126
186914.725247988,0.13516951977484534
187273.1577571722,0.13524736578792554
187625.0304470147,0.13094998401988472
187981.81935000935,0.1318452742952955
188355.44553281757,0.13060836949605456
188717.4145869728,0.1303863424169902
189072.9249142501,0.1284267325236884
189430.87766784892,0.1277530624705324
189783.4098575712,0.12732798672150908
190146.0952024922,0.1280492945767909
190497.48446080877,0.12920349270470227
190839.57653220274,0.12912735676778528
