D,r2
34.62184038625391,0.2835371554437413
48.06733077292367,0.25659321222046033
61.56527651858568,0.23377018176949874
75.13450292397661,0.2130085857709468
90.16028351156429,0.19680442948270538
105.17672989580551,0.18862731459828166
120.15053333333333,0.18143680731109288
135.20046271094176,0.17684656160345721
150.23122716817753,0.1632238490099173
165.2234501347709,0.1596795860835292
180.19112769485903,0.1582096794225776
195.04654019380374,0.15410507527422687
211.7522412387938,0.15320704988013925
228.21823402727927,0.1431009839003965
244.59908234126985,0.14483307055437375
261.3195846131344,0.13728643880356556
277.7265063228366,0.13667842528578245
294.225768321513,0.13533210020673225
310.7828815261044,0.13015948767616112
328.675051072523,0.127271665626817
346.2820205251233,0.12846571981482927
363.04620364920544,0.12493416820957932
379.86030642461697,0.12445828135983401
397.83618773695906,0.12219772251440468
415.86414994018344,0.12078022675834306
433.4673687127615,0.1195793293615287
450.01703860072377,0.11874086043755208
466.97977227059613,0.11930552406879086
485.07538564721665,0.1142814316516574
502.76127175551596,0.11909439268105758
520.2732421605194,0.11472794294266804
538.2475085324232,0.11002989719205593
556.4003317666575,0.11391986042222402
574.4807906458798,0.11236580723121384
592.4338093930239,0.1138767616555847
610.4895920066612,0.11211173637250466
628.4434314131786,0.10722902561388681
646.2934767227961,0.10543463052747688
664.2590328715023,0.10984232957959884
682.5092204526404,0.11283633396104086
700.4104119638827,0.10756090077403298
718.3706931771756,0.10408755292224303
736.4141749723145,0.106294487010099
754.8845626542363,0.1008462415787547
772.8559032716928,0.10577834522457776
790.4469655549481,0.102192425074467
808.3838566268408,0.1048090642964199
826.7716664391975,0.10136488569228366
845.1485771485771,0.10112558641793677
863.1425352112676,0.09903896511400402
881.9795997920997,0.10209436860816141
900.702634880803,0.10189409706138383
919.054641761918,0.09830262081541799
937.8278955954323,0.10069762645617043
956.2257970592517,0.09582025193850204
975.0895957587807,0.09801244685777467
994.0425353295088,0.09718040361073543
1012.8557242162009,0.09766779015926724
1032.5372418387742,0.09314012998195971
1051.7461274845784,0.09516857868791935
1070.4160161896502,0.09294169461280401
1088.9244295302015,0.09366024249495541
1108.076362076362,0.08923675921263959
1126.8816152149946,0.09288147950034453
1146.0822381791086,0.09832515279331393
1165.0147513346446,0.08962147304993759
1183.875142694064,0.08894741652432447
1203.4836334954648,0.09075956169847285
1222.9138479329285,0.09078861107493946
1242.641847313855,0.08894792026718527
1262.4140825998645,0.08908791996012481
1282.0857183539797,0.0880711325161661
1300.9622482039724,0.08690287204610095
1320.3658078368223,0.08984697159442506
1340.5680425010216,0.08864388439811828
1360.5602209944752,0.08830447144599432
1379.958915834522,0.0840408105696833
1399.5867689357622,0.08756866408567897
1419.4476728174056,0.08419163572578546
1439.5699376524803,0.08617486495942384
1459.4218881708346,0.08567059956357095
1479.4250174703004,0.08644264543933107
1499.9569047296382,0.08535214071786737
1520.8296612503443,0.08098311871943349
1541.563762180483,0.0842170711091199
1562.0177135849572,0.08419890131129538
1582.5431633835458,0.0826554283470355
1602.8769707586578,0.08292560698186109
1623.9491665518667,0.0820352892572291
1644.825139588724,0.08319980555214773
1666.0495316491626,0.08176082820956011
1686.9946391752578,0.07951548856071086
1707.8670465337132,0.08117725330602614
1728.9771847345132,0.07969776847833834
1749.46673329526,0.08056697833629081
1770.05663209607,0.07905517098815258
1790.9338174842424,0.07725023715764408
1811.9869254060006,0.0789860489275301
1832.5377519159806,0.08056528517910523
1853.0486486486486,0.07723716354191197
1874.0125221178712,0.07756898541357438
1895.1083022516923,0.07650462529046602
1916.0260833563345,0.07629481365992928
1937.0375034984606,0.07698545534484015
1958.0773398347555,0.07868505416367538
1979.0445736434108,0.07641174010619153
2000.1398159593462,0.07683984924644198
2020.9353563867326,0.07765974028860048
2042.1114785724128,0.0766748372701891
2062.9651244550696,0.07801571559197312
2084.494382022472,0.07454643112982784
2106.0041922861933,0.07912506398503494
2127.0722620553915,0.07573722040617015
2147.9956986263355,0.07579666814202161
2169.4172267178715,0.07359085722900856
2190.8609745822214,0.07327503870968606
2212.5787750647933,0.07673411480390135
2234.5669600541637,0.0765415385170944
2256.0658488437675,0.07625304075519407
2277.0462307371927,0.07588238871750154
2297.9725533684505,0.07678361890253976
2318.999029395452,0.07734433611731253
2340.0927143056915,0.07399458533674051
2361.4533424283763,0.07387301047888055
2383.474892792917,0.07522113774246335
2405.3947768412327,0.07423630400034213
2427.529750210497,0.07616459223710037
2449.4329450013547,0.07712963501072909
2470.944963214488,0.07481799765373619
2492.490795036138,0.0748255641265166
2514.424507354982,0.07625284242408166
2536.555677454745,0.07523606157348119
2558.4736555479917,0.07554563451857858
2579.917920068758,0.07770609733647008
2601.502734481816,0.07616630291598832
2623.0635983263596,0.07341313185800866
2644.5351148113336,0.07474674078722018
2666.4912183653714,0.0743766057754737
2688.3598221728257,0.07461433132085067
2710.553489662828,0.07548039768352688
2732.3519700332963,0.07178154131225879
2754.503033645891,0.07196336566885109
2776.5555711086226,0.07536370835282408
2798.5033575825405,0.07197388847074578
2821.093371059014,0.07300048492530521
2843.505223568742,0.07142077500178037
2865.869250716528,0.07047221970994151
2888.6521116678596,0.07424800576333218
2911.007218741487,0.0739287863715303
2933.5824468085107,0.07174307453299712
2955.928370221328,0.07300807730893004
2978.4526417972543,0.07172921093649902
3000.451338538762,0.0730676641753269
3022.3652917643813,0.07531973756834028
3044.4368058484465,0.07047561887782318
3066.3815752461323,0.06966873376229558
3089.022529858849,0.06933669496124859
3111.407943731899,0.06975526502018646
3133.9588723954785,0.06991142053970843
3156.9003474635165,0.06930405499803208
3180.0802909689814,0.0700795709403584
3203.004973062578,0.06731495324753568
3225.6564917709943,0.06812983981408943
3247.960081743869,0.06902581926907266
3271.0109221623115,0.0697228721889407
3293.4543761638733,0.0697875677939164
3316.0168172341905,0.06862250023515062
3339.5265131226565,0.0675171844714484
3362.994465965689,0.06826838694631243
3386.0712386284113,0.06935690130412925
3408.99591319053,0.06993699432488058
3432.626688276607,0.06780481815564839
3456.5421371523,0.06735285564460251
3479.4969325153374,0.06732243781462711
3502.106079319336,0.0693221056098333
3525.133983286908,0.07046909696358672
3548.470234113712,0.07092065694477757
3572.040471240471,0.07056259955215288
3594.8993441688053,0.0701145173841796
3618.3988665497236,0.06674344214290641
3642.5662617338485,0.06801449394183308
3666.5635605006955,0.06756678420104983
3690.5709171027265,0.06793962516861629
3714.5188238527066,0.06633226068346038
3737.9344518697567,0.06775536528588343
3760.974405341494,0.06701768796095554
3784.5467635580676,0.06725096528252636
3808.023184784118,0.06654777109585484
3830.9675014068657,0.06708873590439805
3854.5882677708764,0.06674605015759409
3878.015855198541,0.06658511035609967
3901.557972972973,0.06692208973665517
3925.061977715877,0.06824108366029866
3947.8461646529922,0.0659556040516351
3971.493574685643,0.06523814565662499
3995.9232520760784,0.06753754116958609
4020.060623391478,0.06416905927682282
4043.5401289614488,0.06498814491437459
4067.530612244898,0.06497682679908012
4091.0428977272727,0.06691390337580459
4114.453838810855,0.06460483909777781
4138.554744525547,0.06551996456415428
4162.510987482615,0.0673278704097603
4186.086271777003,0.06701997861448583
4208.986268740367,0.06638590865668761
4232.531059345535,0.06716117003820903
4256.450061821679,0.06443101179929148
4280.51903306474,0.06860276485284131
4305.038036973002,0.06376722396917414
4328.975414522584,0.0654361703818467
4352.605673951405,0.06496060003070195
4376.1142287423445,0.06306682211024715
4399.4394697687,0.06360631092890368
4423.539613661814,0.0637900085708771
4447.587501732021,0.06280793129705867
4471.648912744288,0.0635641651676766
4495.530771334792,0.061441375728913485
4519.666438356165,0.06421270295679808
4543.458859442209,0.06474628693274884
4566.957465029975,0.06364785402822225
4590.437033968517,0.06280015041128252
4614.461453895836,0.06180682151293061
4638.447966263094,0.06418955103593037
4662.535804549284,0.06351521415282854
4686.438230383973,0.06527652058610639
4710.544693120966,0.0634942993819186
4734.399204062028,0.0637549555874411
4758.482548476454,0.06316840957373118
4782.5336099585065,0.06383363365274321
4806.365159836642,0.0626183395008201
4831.085272360458,0.06253826834735368
4855.402865803251,0.06525739368596536
4879.013525056947,0.06130931628657021
4902.542982697061,0.060886805936347925
4926.451766019824,0.06303474976795156
4950.573970165595,0.06301849586721285
4974.480081300813,0.06302894587975755
4998.453995323889,0.06329789403682119
5022.5751417116,0.0635111027395296
5046.416620189626,0.06429880079492212
5070.512898330804,0.0635354045866853
5094.417565266743,0.06248786384498705
5119.000674763833,0.06201442503238684
5143.6234902124115,0.06222904072537991
5167.621180115477,0.062319885200161074
5191.598584709311,0.0633687983228996
5215.606929177682,0.06113205208122475
5240.032165735314,0.061569769447416954
5264.573436401967,0.0630305863837031
5288.976315435339,0.06113483946252732
5313.4941836019625,0.06240343329478265
5338.1319748358865,0.06191656554848396
5362.42244782854,0.061058531842818585
5387.22728531856,0.06198181086751565
5411.923233143785,0.06136770156922889
5437.000685871056,0.06098892087718933
5461.92428847748,0.06270531232977573
5486.550121898752,0.06236427422025594
5511.007780013414,0.06470043918879831
5535.3894107600345,0.06272703333085651
5559.524352908433,0.06180724106113651
5584.02090639331,0.06458531184872938
5608.924110234039,0.06387134771211776
5633.514107471998,0.06212665551858195
5658.024291497975,0.06237679833291915
5682.399915062288,0.061244318114351035
5706.977664838839,0.06303008922273154
5731.441237975742,0.06250411056170736
5755.5787799142345,0.06349693927020172
5778.925088841507,0.061336281747398635
5802.475,0.06283795452920998
5826.4626276378485,0.0614751943093322
5850.602221597301,0.06187380955734318
5889.59761205226,0.0623697383730483
5943.588213189703,0.06270965271214257
5998.1278680391915,0.0603322055827774
6053.503887449093,0.06164553111024699
6107.96470364982,0.06109612078847947
6161.868014934661,0.06238901951523531
6216.884496793291,0.06069353685388804
6271.628909181886,0.06337203330175943
6326.046764170485,0.06223495392735646
6380.605495953322,0.06091306489597278
6434.476041731742,0.06262648757407244
6489.850383553237,0.06172450973127549
6544.9427346115035,0.06194490291786249
6599.861138491868,0.061209796983494776
6654.294801684581,0.06175170914574794
6708.790716410511,0.06387381929914902
6763.861008455998,0.06350106525790794
6818.377574657234,0.062370325506211806
6872.971977781938,0.06230291894535621
6927.989116156878,0.06451417522936027
6983.397213410462,0.0634407799132132
7038.866516544693,0.06283948476115069
7094.3468454551075,0.06322129590187833
7150.456899787314,0.06271744426919208
7206.543751957407,0.0635408809416198
7262.681272434707,0.06397104047275237
7317.732777672539,0.06462656938099555
7373.185451139557,0.06571178266843132
7428.464221879815,0.06652648954568233
7483.979434607021,0.06725522995090184
7538.628847124117,0.06675087102011364
7593.411270909203,0.06388213158934923
7648.664744645799,0.06318975635927468
7703.221202414686,0.06443964934737631
7757.406208842897,0.06413940060998705
7811.52438180331,0.06444707152870478
7866.092541180826,0.06528246568099573
7920.844081683322,0.06242880893495827
7976.5279940212995,0.06433156341280573
8032.661852589641,0.060710846847813076
8087.950684417776,0.062082299662736935
8142.823703610358,0.062208896567996406
8198.559837601499,0.061028674692477795
8254.88701715414,0.06231112771812385
8311.45759949859,0.062402828733961815
8367.099875,0.06369494190394957
8422.051118610174,0.0621045789012394
8477.015444256862,0.06092765163447261
8533.137056464055,0.06317023668073159
8589.36262360746,0.061747701979754564
8644.705919119944,0.06293784672796549
8698.97662938199,0.062362398081114316
8753.947518433608,0.062331492490259495
8808.926495300928,0.06375860407597726
8863.300460306451,0.06323905148724053
8918.79658816985,0.06350244032803215
8974.54398407366,0.06082863742446826
9030.01917860072,0.06240100799084145
9085.518312298937,0.06234747645799021
9140.88798691083,0.06273299871973038
9196.560091828504,0.061363758502723735
9252.311003896826,0.061662304385739275
9307.222405376277,0.06074221987570647
9362.406901688182,0.061011524189536426
9418.955691082208,0.059537424860810706
9475.988478691774,0.05924098564228655
9532.819962686568,0.060726331533283856
9588.97316500666,0.05798420256244471
9644.65512345679,0.05944652070790123
9701.4827716061,0.06077139999688185
9757.573144172733,0.06245745459588568
9813.001306457634,0.059687156303131435
9867.972241325415,0.061172351430115963
9923.32665668289,0.06086826824849838
9979.951186102982,0.060521371504676416
10035.233343662845,0.062221193234728286
10091.793912175648,0.06141001416145177
10148.994570305187,0.059992427006751926
10204.869991151561,0.05950493574095006
10260.814176716713,0.06042681195863386
10317.541737541738,0.059906422390098704
10375.04575527113,0.05927200442865676
10433.44676200587,0.060450974473700646
10491.079628234113,0.06094568197228723
10549.633085961657,0.059927691622556255
10607.032077234506,0.06153080909458993
10664.108951374474,0.06058690176410315
10721.280750478307,0.05771783624679397
10779.267471091,0.061690572145180166
10836.323457256087,0.05982522831224477
10894.10144384024,0.060471248326297224
10951.823869578591,0.05894289444021827
11010.8839803103,0.058775934327434574
11069.978297685504,0.05838020679985437
11128.985602503912,0.061174940341621915
11188.300373831777,0.06284392089250596
11246.89756158094,0.06134959404362945
11305.39161759178,0.06099695307908583
11364.628504239125,0.06044499845122764
11423.464538341159,0.060208008988740055
11481.89417989418,0.058482006209949686
11540.871513573818,0.05837672897531769
11599.972018405671,0.05711584450599716
11658.99355957394,0.05692837359735272
11717.951876379691,0.05653579414888062
11777.525063197485,0.058025393686383965
11837.099598343166,0.05797464187901183
11895.61709253287,0.057322984421618046
11952.967690745207,0.05779288875931845
12010.648844641102,0.05742169807789101
12068.256970988157,0.05738622339095334
12126.907031443427,0.05821906375261685
12185.55950288727,0.05621299115945012
12244.070976154993,0.058289692700583026
12302.895096992906,0.05762568546253688
12362.362974486621,0.05741300845351773
12422.673215618006,0.05661991784957797
12481.826854682722,0.05784688260865633
12540.458133896935,0.059317171385555284
12598.40284419834,0.05612240514557243
12656.473949894054,0.05708643160912455
12714.679598413486,0.056994147542878716
12771.531990967256,0.05675391147492842
12828.088877824111,0.05821734431659677
12885.652864858153,0.05870528425480617
12943.108755644756,0.05726747182306422
13000.516844137244,0.05709703304850348
13059.130727091633,0.05736241038849427
13117.51720017609,0.05540890898269461
13175.471750712428,0.05731867506354776
13233.556526624634,0.05613078469791683
13291.510429138572,0.057801320422450314
13350.575505935905,0.05731525296071911
13409.998501404933,0.05708754562772993
13468.626137147876,0.05898896019650025
13526.962484394508,0.058177545742445706
13586.22792480831,0.055042533677194104
13645.840581534394,0.0568571441283888
13704.919399077422,0.055340722968363384
13764.790116497557,0.05719756770405925
13824.47424799153,0.056002052343213475
13884.57863427934,0.057812530132315916
13944.599788806758,0.05710835645945562
14004.489432423958,0.05684230267268001
14064.506925035712,0.055271501003625566
14123.61433938635,0.05741888767070606
14182.116876637147,0.05741556810032631
14241.096961740435,0.05698041130416379
14300.491052077528,0.05698780277843669
14360.895239283709,0.05734908625899769
14421.42854437571,0.05746580067396235
14482.658004926108,0.05695181320546703
14543.38713516222,0.055993462131713884
14603.505898508209,0.05569679877213853
14664.066658398959,0.056643278798486886
14724.475238813475,0.05552629695855661
14784.271230121314,0.05670220174965312
14844.175460428074,0.05590225178426494
14905.729151154133,0.05842097165848729
14966.875023304952,0.058700300288752255
15027.984588397443,0.05769456336278324
15087.977295597484,0.057638301284844894
15147.82922895602,0.055495432085806144
15209.485976065818,0.05672216653686501
15271.217924879138,0.05695155893035875
15331.956611699794,0.057291007946112874
15393.144331831832,0.05747055763054994
15454.460337211473,0.05717164798118656
15517.000248169748,0.057108977918894646
15578.723680904523,0.05559762496020273
15640.439494431235,0.05506711716398705
15703.046341614521,0.05565437709593246
15766.490844983298,0.056128116497052113
15829.821240601505,0.05554030809632881
15892.929959132349,0.05425086070969594
15956.944169348848,0.05555007569243213
16021.308786505539,0.05392061612452619
16085.864664441973,0.05666206874481426
16150.528377198454,0.05474023153453237
16214.232180751467,0.05502841573536424
16278.244876214352,0.05454634461102493
16342.556446058481,0.05499006405077971
16407.07035362606,0.054430723989760926
16470.875689568707,0.05569781012900389
16535.281571331816,0.05351295570412026
16599.305786171495,0.05321229357891594
16662.59747805662,0.054055861248860304
16726.642722591987,0.053725592065893134
16791.26939815966,0.055123371863415455
16855.463179023962,0.05401767037295552
16919.29885271318,0.054337413079267545
16983.7009694258,0.05402605708697637
17047.899968934453,0.053553908289101226
17113.42480194623,0.054640347758062424
17179.022013963142,0.05374331695182596
17244.367255256755,0.05363748573104505
17310.834980237156,0.054219990738738504
17376.892349144684,0.05301004603942778
17442.44439568706,0.054584831418985826
17508.2843848874,0.05535407385737669
17572.459863177053,0.05520960794428697
17637.47531665122,0.05560015922115071
17702.97079417145,0.0550356451215424
17768.712946401036,0.05410724225658308
17834.33140266935,0.0553992394467339
17899.740526053352,0.054391847264758014
17965.94484129449,0.05360157174868041
18033.078283778697,0.05535366663067545
18100.000622083982,0.05554801644595694
18166.33875959396,0.0560444028421669
18232.684909102347,0.05581804841357473
18298.754047515664,0.05683142110950468
18366.017462891356,0.05684359096845236
18432.943824427955,0.05397978532144534
18499.708514876136,0.055733832778857184
18565.256739811914,0.05645925120999844
18632.103488876495,0.05728766016490527
18697.59767280086,0.05703995918128583
18761.72951125482,0.05652472265727678
18826.038026340197,0.0571681968451988
18891.805105578318,0.05746120543515542
18957.159246362393,0.059642368329512016
19021.783336456185,0.05753412833165403
19088.16779482084,0.0556712442396843
19154.46612802983,0.05541585452626303
19221.03097372876,0.054916391425559145
19287.740234618745,0.056320098210151576
19354.41683626272,0.056813256829699864
19422.271169480926,0.05502002491774665
19488.809085789377,0.055042183392376993
19556.259365276914,0.05692164548800064
19622.426836900737,0.05599641973867853
19688.952695543783,0.056485219962309687
19755.80281428217,0.055539989622544375
19822.12556875632,0.05562258904668865
19886.907357797023,0.05334292888591788
19952.526006555756,0.05572946474543431
20018.543386111458,0.05536940145481746
20084.443631131133,0.05565006479698455
20150.4043753526,0.056616250475651046
20216.609706210485,0.056034065237710914
20282.92797853086,0.05758971113032094
20350.051057213932,0.05611306073848165
20416.32839737582,0.05388113492093417
20482.415333666584,0.05445194982754334
20548.16149612209,0.05369058376156946
20613.961889291517,0.0541986643330433
20680.39785944073,0.05340968402816769
20746.70792542246,0.054306619563131625
20812.648081235984,0.053483475357443584
20878.649707310997,0.05519855709465969
20944.852776044914,0.054585136625157654
21011.045585292646,0.054307027863104304
21078.153797747153,0.0548936929934721
21144.43192722288,0.05601952533514843
21211.144877651917,0.05634871614787832
21278.4933555844,0.056641461243713574
21346.475021747236,0.054817260836464134
21413.906734450513,0.05492130813619529
21480.661079262212,0.055155869721499586
21548.340575199203,0.054401207315554846
21613.887227492618,0.054395390940326395
21680.111311038036,0.05439359684038065
21746.809464662776,0.053799962991846126
21814.286930206166,0.054024269602144535
21882.821368844845,0.053515605417751494
21952.139081885856,0.05455571451757169
22021.017826984425,0.055753068254037516
22089.55180992661,0.05389235999525391
22158.189833699405,0.05393034967304915
22227.342832254853,0.05413251072634807
22298.055017605635,0.05504004063245204
22368.41911033797,0.05446997218161367
22438.8738317757,0.056182740050963395
22508.299617002573,0.05483562810349044
22577.359504643962,0.05467028898462457
22647.268304914745,0.054808771429820644
22717.418142144637,0.054224410066493305
22788.30436935264,0.0554741906873309
22857.817257933788,0.055518577861180855
22927.179233466934,0.056179345304600795
22995.91378665003,0.05557246737605494
23064.98605838053,0.055339216771476296
23133.602628285356,0.055885666183829
23201.186403781565,0.05481478246184485
23270.01944824158,0.05571882243205069
23338.21429020693,0.05523697271027359
23406.81623666584,0.0549914063065383
23474.84574868322,0.05507106742213344
23543.691319122645,0.058010617908697215
23612.973442416613,0.05650560705627889
23682.44544891641,0.05563734697439184
23752.578944091645,0.0552871583918794
23822.128417876673,0.05768543082842072
23890.791801041923,0.0563570772668957
23959.68124685772,0.055428432983359324
24028.458359345736,0.055682141427811103
24099.603862017248,0.05556066107272961
24170.760567764428,0.053820406929906674
24241.889735264736,0.05618056491853856
24312.7999375,0.056937270476532464
24384.465745787908,0.05577483431722747
24455.5265037594,0.05528067787577052
24527.5049572018,0.055993693605923905
24599.747521939516,0.05611702933952765
24672.39902149006,0.05781747066805312
24745.50268783598,0.05664155144095591
24818.555321521497,0.056267992247646226
24891.538683747804,0.05621155645958978
24963.24918464626,0.054339750925611434
25036.45257520085,0.05236458794890985
25110.014095048024,0.054570994438697326
25182.956733470688,0.055751559419388495
25256.248785652013,0.05517416787550561
25330.834857284073,0.05658748848573776
25404.269907319842,0.0567160095280213
25479.076985061674,0.05362243106494507
25553.544553220676,0.05425538160477069
25627.336951097805,0.05412034755511795
25701.417283643375,0.05429201567501022
25775.449128089323,0.05634202953718391
25850.03894480215,0.05503164615221295
25925.340783166284,0.05655641597014779
26001.990283450923,0.05412927032551559
26077.992166447326,0.05424320505028752
26152.924089512944,0.05452604511049616
26229.13407751938,0.0545373944149717
26305.333458037163,0.05440971507764757
26381.409353059178,0.05559058596833811
26457.65437414202,0.05448867565511622
26533.933520074697,0.05517432419582492
26610.624224373292,0.054119200513067595
26686.094680851063,0.05420958296685851
26761.9921690491,0.05458445572533059
26838.340017601207,0.05418783406866317
26913.22143829682,0.05403411189979198
26988.489821563206,0.05399688928313279
27063.23913179068,0.055045896829025796
27140.13704443335,0.05540280707539242
27216.808809863083,0.05514743987383762
27294.107687519452,0.05558295238314409
27369.48563380282,0.056379477629210084
27445.205960716277,0.055402385182069545
27521.671683737197,0.05493385727202028
27597.076538893743,0.05522383215799348
27672.387571749437,0.05596119739056361
27748.12213787954,0.05637676194128184
27824.359421921923,0.05513274555307086
27900.285445891783,0.05438656983758584
27975.69840873635,0.054191678182716856
28050.37424759541,0.053289596842059285
28125.228346951604,0.05293507961697403
28201.63360020015,0.053931922216722925
28277.768531207177,0.054140613225597496
28355.8197136156,0.05241020672620796
28435.159231683665,0.0539490558453798
28513.36180338134,0.053799852245071854
28592.082382133995,0.05474969326501864
28671.07287903326,0.0549042774227335
28749.943653134214,0.053031811134706286
28827.011666873525,0.05383940082375992
28903.975885455915,0.052461297408765595
28981.53133974279,0.05276632030302503
29059.71613023952,0.05422555521831747
29137.510265210607,0.05404925258202061
29216.0773339959,0.05448825232186429
29294.775963746975,0.053003773046865134
29373.25930115636,0.05221050304510306
29450.81807511737,0.052995042423195436
29530.0,0.0539039788634591
29608.16732667044,0.053302890089495465
29684.925169644524,0.05198189502053581
29762.72064777328,0.05352986648996435
29839.846817758462,0.052891251988262875
29916.89201730733,0.053002161144864696
29994.3580308615,0.053976541215184824
30073.298581428484,0.05385863981620476
30152.662687692406,0.05350058903962732
30230.925792864222,0.05459270547669867
30309.85558396209,0.05330372482074393
30389.79085950724,0.053472526378177315
30469.19782135076,0.05345182140731735
30549.094344344343,0.05280519005347728
30629.724973459066,0.05287749320361927
30709.93183515936,0.05398599472874411
30790.789852822454,0.05334133821096971
30872.344991553524,0.05217529955753362
30954.723101857624,0.052621961559517774
31036.25242416708,0.05392459966181481
31118.085898802434,0.05256680542985728
31200.736736611336,0.0524293970193633
31283.073751090073,0.051998769959413396
31366.544757191463,0.05238953218261109
31450.47949644771,0.05180551209956294
31534.004808593018,0.05008423392804968
31616.29867215261,0.05287578236165663
31698.45708745152,0.05354214770675825
31781.763892365456,0.05237734234202222
31865.464897047877,0.05235180645174035
31948.087878216014,0.05237427619012868
32032.164626188554,0.052900101962923794
32115.58570176537,0.05422466442088433
32197.935391510022,0.05383151003061298
32281.33298018198,0.05454631404813929
32363.55469239444,0.05567345460433389
32446.611708408425,0.05679026562839972
32530.756345177666,0.05614134117864271
32614.65426928366,0.05533442376465913
32696.45127342923,0.05613283873637971
32778.773972171504,0.055029747795963986
32863.11052402561,0.05568417465514321
32946.98602231415,0.0550661104008936
33030.10600223686,0.05304786399769821
33112.27723759661,0.055282265568444094
33195.709575457084,0.05507720490779436
33279.227392780784,0.054389148363903767
33364.40347729241,0.05461749206280818
33449.24319248826,0.054988508971422025
33532.588110004384,0.05487232971465612
33617.258134490236,0.05523753429754755
33703.94773366677,0.052642818768642186
33790.39050754799,0.05386016118645852
33876.85932626326,0.054699796712963225
33962.30108067353,0.056088054307274655
34048.384558323545,0.05670083060174755
34135.101186366206,0.05588633713779806
34220.61597744361,0.056215639153588515
34306.90042700662,0.055929254579759474
34393.737526440214,0.0554088142254688
34479.126837542404,0.05543271759173653
34565.188272563515,0.05540787097298344
34651.180857053485,0.055024451928370285
34737.80512820513,0.05589702231143841
34824.75693625473,0.05605558469106431
34910.20572181442,0.05571748290055366
34995.09262117938,0.05686227943767135
35079.69850446148,0.05507467771543882
35165.83856502242,0.05583914106070371
35251.27327440286,0.05647934997677913
35338.453111468516,0.05682826388714142
35425.89329438817,0.057190332067493056
35512.2040264234,0.0579890115603322
35598.970476723225,0.056279497206579134
35684.423108269075,0.05764323413636022
35769.57830730292,0.05585041300120014
35856.40042826552,0.058374277502115594
35943.60758234929,0.058267026511913865
36030.81279192875,0.05669956785691124
36118.957542457545,0.0560636750590185
36208.57224239389,0.05555738635489086
36297.563934630736,0.05496695184137892
36386.51469855506,0.05564662973992231
36475.4990663513,0.05627251510697497
36562.63909727432,0.05587602824353986
36649.479928248904,0.054704469763509865
36736.474104580055,0.05384533403124032
36823.03774058053,0.05409607733983894
36909.39900373599,0.0533568870336051
36996.24847199701,0.05470656351486197
37084.42805191548,0.053517662031663485
37174.606470843944,0.053768527779967976
37264.90770854022,0.054121973707814554
37356.27444007736,0.0540072924460504
37448.77807771988,0.05359611706564965
37540.96572956836,0.054187824553617266
37632.40599625234,0.0533155205437018
37724.74017019691,0.05301746480954599
37816.91161600399,0.0536850449636557
37909.5389646795,0.05296108856641476
38000.10711155628,0.054031315044430935
38090.66232953835,0.05189854283445738
38181.99888003982,0.05183899459411784
38274.47229125249,0.05325609263885567
38367.72084297417,0.05303826046212863
38461.99600099975,0.053312280514534405
38558.53867678149,0.0532407606745422
38656.419808386214,0.05477207679276886
38753.1339319352,0.05205316069667645
38849.06719689379,0.05299638761058244
38946.78026795085,0.05217711198766995
39043.343935883786,0.0532286618052615
39140.28238809687,0.05409905509819159
39235.99347962382,0.05183125457005695
39333.385313121275,0.054481024446426586
39432.46332916145,0.053312695009866594
39532.38809022184,0.05321737257956393
39632.17348915693,0.05410534735740369
39730.66917246132,0.05193292671541121
39829.50271688215,0.05139951716184263
39930.533933561004,0.05310023129882616
40030.335,0.05239394661984587
40129.1402503581,0.05317512449315155
40228.38607990013,0.05176031566324812
40325.43746898263,0.05174621068928036
40422.67668607928,0.05253561480741429
40520.66369140503,0.0513573178989229
40617.660466562986,0.05210579112687078
40713.78232395684,0.05256964245448785
40809.54510832241,0.05111545870322269
