D,r2
15.18487972508591,0.7952863119324292
19.684229784120014,0.7663020589568882
25.72398017537171,0.7524431027403172
31.68857029072083,0.7329337462463523
37.72930827668932,0.7272600431974895
43.66948436179205,0.7134773055295127
49.699095996556174,0.7031383203435457
55.674398249452956,0.6878079120682561
61.655570350643586,0.6720770078523444
67.69247690277167,0.6663731282062068
75.04599129894345,0.6591309829090084
82.62186379928315,0.6440294651325431
88.67994241842611,0.6511960835337636
94.72478386167147,0.6404839451654597
102.1555485298767,0.6346538818250642
109.67393410852713,0.634875824025919
117.05378973105134,0.6266694884760817
124.47982914095871,0.6176070167936931
130.69413549039433,0.6177977921363802
138.18661607450846,0.6115127992831697
145.67835968379447,0.606638831053799
153.19514805565467,0.6108794691266975
160.69585736759308,0.6076781494501844
168.19379574764727,0.6025905766489733
177.12770061728395,0.5747620351045358
184.65076923076924,0.5852039969590449
192.25774754346182,0.5855309069317943
199.74375,0.5776959382179592
207.25279814743342,0.5849259219461482
216.2572629969419,0.5670283598570242
224.99119496855346,0.5593518476117733
232.48321408915794,0.5529399463683983
240.30701047542306,0.5517278596742956
249.2719333068678,0.5436192571903954
258.1874490627547,0.5592975305582164
267.0617387652247,0.5440299658656299
275.82661465106196,0.5517823555355692
283.5231825987407,0.5559354248741323
291.2159663865546,0.545228728553515
300.30697278911566,0.5454127989553949
309.3327681220856,0.5261429841600508
318.3022452504318,0.5338988506184928
327.24027657735525,0.5216284346634803
337.5335509611897,0.5133533570083655
347.8540425531915,0.5107735920616031
357.227010217681,0.5251456380405604
366.3423963133641,0.5222342696873525
375.28457196613357,0.5105452917309506
385.669360764144,0.5157115097063232
396.1409791477788,0.5101909364361088
405.3598848368522,0.5208715080645859
415.7982424020505,0.5157829233391055
426.370281892021,0.5160097219148092
436.48683160415004,0.5124415851538359
446.9861904761905,0.5158722961683878
457.6969104419241,0.5034854663724414
468.2208109428432,0.5011128165925337
478.88688845401174,0.4969175406195702
489.3244734202608,0.48976465693221644
499.7753236862148,0.4944920636459942
511.589539748954,0.4930499922402757
522.2164570230608,0.5008588195988706
532.8738522954092,0.4815411668849355
544.801308258381,0.4814245741839052
556.8782894736842,0.4713586454638914
568.9647258818529,0.4854922032203866
580.7252311756936,0.46554792302091547
592.411513859275,0.47287288180807074
604.2413344887349,0.4766718497205443
616.215972520395,0.4686707137993677
628.5069826491748,0.4601681269391785
640.2920901458241,0.46811000452053825
652.2895294616363,0.4509599759925214
664.2377864245568,0.4442418037631021
676.0443686006826,0.4425553503894231
686.9653266331658,0.4605234223516721
697.9190096516995,0.44670953016906845
710.0075388026607,0.4459498907692784
723.0774674115456,0.44360454853154296
735.9670231729056,0.4474295508895584
748.4845058626465,0.44739228254871516
760.9229747675963,0.4381112827731932
772.9766483516484,0.43122242921394427
785.0153291253381,0.42867662267721474
798.1384191899332,0.4139236271008658
811.8631442182763,0.4253380527050233
824.1984310106137,0.42136126330979645
837.5450328565906,0.41584248407317764
851.1024785510009,0.413984032733715
864.6756222836823,0.4096254211890526
878.2138063279003,0.3945011648677045
891.6516985552519,0.411361864322301
905.9580544399821,0.4032416869503934
919.5154224407689,0.3975103140485488
933.6622788975731,0.4058676306243399
948.3513396715643,0.40790744165281007
962.948895625812,0.4088400546950946
977.9402542372882,0.4026264650384539
992.8284608770422,0.40266277219067714
1008.3494553376906,0.40969273811464413
1023.546485260771,0.40794848344025086
1040.0815924320063,0.4072014118628583
1056.8758749416706,0.3989234872369771
1072.7784022480932,0.39164842055606736
1089.2580943570767,0.4091731750873737
1105.8686161449752,0.3933315610174374
1123.0378947368422,0.3952667605326231
1140.0650224215246,0.40108831831961544
1157.3014675052411,0.40086128750620525
1174.857959542656,0.3878467606281818
1192.5264494286923,0.3961661312902623
1210.4005909666525,0.392788729866177
1228.0043252595156,0.3949519898716113
1245.6691176470588,0.387160775955797
1263.7563714902808,0.3859905668385976
1281.6326530612246,0.38442358324866294
1299.6927789934355,0.36283034254729096
1318.1757095158598,0.36607223526478966
1336.4608394634358,0.35809100657672716
1354.4068015497203,0.363398459508922
1373.0696774193548,0.382854925480135
1391.4469696969697,0.3555715315579414
1410.0603555188095,0.3513395268089948
1428.6598214285714,0.34823309897760174
1447.5842839036754,0.345528502557136
1467.458404074703,0.3414080615251434
1486.9548272807795,0.33930320075236114
1506.4574829931973,0.33720212405864447
1526.0184859154929,0.3384142800916858
1545.5365750528542,0.31773624806755335
1564.7836434443964,0.3098957845467564
1584.0887445887445,0.3100618362461377
1603.448085106383,0.31293381913841645
1624.0008424599832,0.302470018288507
1644.4220665499124,0.29826928899210625
1663.877524143986,0.29307304394730754
1684.1581849024597,0.2921072027652417
1705.1939973901697,0.28859045859513616
1726.4556908861823,0.2864830641981795
1748.5465017064846,0.28123111471428486
1770.3076923076924,0.2939618810269556
1793.1152210884354,0.27557164759988917
1815.703607127336,0.29020643282522895
1837.5297225891677,0.2820611037936454
1859.4127531236536,0.27713337703218066
1881.9556503198294,0.28764004345117883
1905.4678938356165,0.27174846355212123
1929.5217762596071,0.27159348306477027
1952.4800177619893,0.26534831900225586
1975.4745341614907,0.2523218398730663
1998.4458041958042,0.2517964931497442
2021.4305200341007,0.2574937923190371
2044.872544740288,0.23761710511098255
2067.9747276688454,0.24711201379700454
2091.8806672369547,0.24509146861730252
2117.0369282417123,0.24041565134966955
2141.981266726137,0.23884470898715537
2167.395278969957,0.2382258309603349
2193.461113472163,0.2257272476681486
2219.3509154315607,0.23030743416901212
2245.8953341740225,0.22359879220153211
2271.8142027690933,0.2087778347218417
2297.36282811177,0.22025124036902152
2324.5838272650294,0.2096762141173733
2351.483195111305,0.20686295604801488
2378.716750841751,0.20053552120901508
2407.4106047326904,0.205148918948256
2436.035668242372,0.1945621229671384
2464.8048463868454,0.19452439267364724
2493.0846672283064,0.18295640438274785
2521.839651416122,0.1798015654052876
2548.9387308533915,0.17769951003146325
2577.2982978723403,0.1877137808809876
2607.861038961039,0.18532378123753357
2639.04609475032,0.19520113660382493
2669.7481860862144,0.2062926227133308
2701.38852672751,0.20188405857703703
2733.2474271012006,0.2013763025986724
2763.890807078118,0.19983599907672447
2795.0292977165013,0.20448987309385372
2826.508423326134,0.20442856439384113
2858.6092884533446,0.2079307601586934
2889.3786239723063,0.20496577646262706
2919.96801051709,0.20047393475598574
2951.0242346938776,0.2042331618658422
2982.1705189707804,0.21069078268838184
3012.3752638243986,0.20761198794563315
3042.2569324090123,0.21899434861378217
3070.6332315743566,0.22279230438846157
3099.2079627276576,0.2331021272419219
3127.055220017256,0.22678919912745196
3154.6029159519726,0.230862927624025
3182.5249254367277,0.23924515498969406
3211.3622250970247,0.24503647209798643
3240.9424491562095,0.25306378875568103
3269.922032413491,0.26174418815608813
3299.155916275096,0.2548279612791208
3328.297089041096,0.2665341736866188
3358.096364432764,0.27380344549701935
3387.32614213198,0.26989785518281456
3417.6260232658337,0.2633480269290886
3447.0267471958587,0.26534176048190716
3475.9475719810916,0.26062360301627197
3504.4109766637857,0.28606395795123035
3532.4911370514483,0.26563870733850314
3560.9329004329006,0.28247202946595096
3589.947712418301,0.25677650057087137
3619.4821428571427,0.26955194832672885
3648.78116938951,0.26250981845822063
3678.339826839827,0.2775398416338668
3706.960548885077,0.24588026846149402
3736.2909473684213,0.2534004941219086
3765.895470383275,0.2615602603606338
3796.076332622601,0.2502087726709741
3825.836387434555,0.2604177020595031
3856.065051020408,0.2414559525977832
3887.0359589041095,0.23817455007570268
3917.6345733041576,0.24546626455529938
3949.0216262975778,0.24372450978023225
3980.309749784297,0.23948409223528525
4012.7602885023334,0.2364144957401544
4045.1224137931035,0.21927193878515006
4075.933158584535,0.2316784522277749
4106.942918454935,0.2340894004229769
4137.090520922288,0.23864342914346684
4167.783585313175,0.23345607210039487
4197.829477292203,0.2298374900106335
4228.846655082537,0.2354835283064683
4260.1608061749575,0.22860069744006722
4291.0644736842105,0.22997400199639598
4321.814908936891,0.22935598538196256
4353.491969568892,0.2242148644636044
4385.16499345264,0.22635197027627885
4416.514769765421,0.21536319759237357
4447.818846815835,0.22733751790488607
4479.475908706678,0.21609402668277436
4510.919049714034,0.2382614785197518
4542.506081668114,0.2259734543152503
4574.04948024948,0.2139875726884492
4604.777242888403,0.1970117620529308
4635.058517555267,0.19882515257480485
4666.212108013938,0.2004737953732325
4696.9749149659865,0.2050160041200239
4728.15571672355,0.20009985559078616
4759.812607944732,0.1946532411964375
4792.356803455724,0.19717668552433987
4825.001273344652,0.1856082937040029
4857.479639948564,0.1825869747455211
4888.260659340659,0.18049079124559456
4919.115319148937,0.18846820073713158
4949.877753779698,0.18315457527875081
4981.172473118279,0.18493960111686797
5011.343360550064,0.1907054827297964
5040.487347294939,0.16911985050686276
5068.730735551664,0.17722913392242778
5098.049871023216,0.1824752365548522
5128.984206151288,0.18745953200394763
5160.025140875596,0.18769652201752557
5190.266983989615,0.19011725822242326
5220.311044003452,0.16851903567897725
5250.852802738554,0.17271006454545118
5281.812065972223,0.17427088917426334
5312.860008536065,0.18158535367405737
5345.281413612565,0.18559358126183764
5377.514129059468,0.19205804822585754
5409.1932956029605,0.17723233109525216
5439.717717717717,0.178646657099721
5470.911676001723,0.18324558439415184
5503.128565346956,0.18503071217622186
5535.222173913044,0.1759033505578821
5567.613030170529,0.1776392883019913
5601.2085287846485,0.1678078341587343
5635.797670405522,0.15907015650455134
5691.691165123457,0.1675061767735459
5768.300564531828,0.15965291351396954
5847.7110038610035,0.1411783815948213
5924.290278051666,0.13964914315269092
5999.056403322387,0.1497480890116829
6072.219080592422,0.14820814929012302
6144.683464566929,0.1418993851869625
6219.383297644539,0.1308863247609891
6294.148419429453,0.14348627448675466
6371.651931577936,0.14262927494825967
6453.994348080296,0.13373392105484655
6541.056020229527,0.12166517656345789
6629.906697638405,0.11536582645161461
6717.875362879814,0.11572257143221566
6805.950634146341,0.12462564896192867
6893.107961165048,0.13214250806687053
6978.4664869029275,0.14717946947384342
7058.817827189389,0.16431388969344404
7138.2421279092505,0.17831337219380197
7218.900658404338,0.16787488301770775
7298.274966065542,0.16430107449123693
7379.449980687524,0.17467084041417705
7462.1638549544305,0.18450424401896692
7543.896277626987,0.17923526837148426
7626.147720602622,0.17198277870820672
7708.162198912199,0.16094614645065836
7793.841992605565,0.15973299680734807
7882.936779400461,0.14883309842565506
7976.837231968811,0.15288233423186445
8072.627065914836,0.14624260726836366
8173.093369418132,0.12455389350469748
8279.60840922302,0.10193430952460081
8382.927682737169,0.09087027378023539
8486.656347352025,0.08832189873941432
8588.31434681182,0.085992807007309
8693.443992248061,0.08543512954083078
8798.855598455599,0.08448583688710322
8907.308184639256,0.08886656868517696
9008.824437927664,0.08606313310085946
9106.250877877488,0.08711654260461606
9206.50940860215,0.09372262608087537
9307.2203685742,0.09282353263886461
9411.933682373474,0.0919287741760294
9519.202799922225,0.08795474136435555
9622.384032634032,0.09180463613405027
9722.21362835324,0.0896843274207137
9820.591153846153,0.09018176126738668
9917.925102399064,0.09129214408142952
10018.243674581548,0.09166047624852533
10115.845796203022,0.09287759782807337
10211.038357225882,0.09824710704460399
10302.219516908213,0.08952490637180267
10390.525068546807,0.08767044474359471
10479.261413985745,0.08527658161980389
10566.444293741522,0.09001218155288486
10652.983466251702,0.08619780473944534
10740.913271245634,0.0850248836076324
10830.314429986405,0.08401182253393957
10922.89296875,0.08939357218647861
11018.821476768846,0.0862725522335158
11116.277073170731,0.0799138908090376
11210.368920751793,0.08237863530772169
11305.792460163233,0.08010868708293693
11398.892850222825,0.08333084840760117
11495.08796744817,0.08516520637011017
11591.668493150684,0.08939009581061809
11683.941483198147,0.08333482836375655
11778.124902572097,0.08337190119854355
11874.112209302326,0.0811637549068147
11969.416505977631,0.08379024275090216
12062.12739351309,0.08156785645140778
12154.829329717164,0.07928504869959134
12255.893162393162,0.07287701776207985
12361.054876866396,0.07751120622023377
12466.208518877058,0.07954442448963853
12578.525917297613,0.0738457344200571
12691.243926141886,0.07639908472976142
12799.45722599418,0.07773995285443248
12906.577205882353,0.082365920432712
13013.128344319504,0.08268672795399411
13121.751605995718,0.07825580187605238
13229.603637074697,0.0790646318045682
13334.323160131351,0.07034738038080057
13435.773802541544,0.07438766726635669
13537.982215348928,0.07812631513840772
13643.283190993789,0.07711075974933729
13750.699632281789,0.07854291268579217
13861.692069032382,0.0821441995758606
13972.831617789861,0.08063024114601788
14084.418573090345,0.08040665533769309
14197.518540089302,0.07417994593578421
14310.139710144927,0.077647697160857
14424.58544180615,0.06776626665857632
14537.606119664782,0.06916749762511563
14654.444271239283,0.06819405479292494
14768.292589027911,0.07031621837349453
14879.046547711405,0.06925025940713446
14987.157782101167,0.06920741051902901
15095.391135303265,0.07364175446941312
15204.844052692755,0.07845259663736509
15316.503411971144,0.07931878477924045
15431.87243911867,0.07885906322295115
15544.756420233463,0.08115610126142886
15657.362092523912,0.07859790517288974
15765.372920696325,0.08556820250472126
15871.984692888975,0.08926126892488102
15971.444379844961,0.09147404822241983
16068.565225856697,0.10099253841796661
16162.870195093683,0.10210809075881251
16260.362596899226,0.10740609109413607
16356.75881661442,0.10464144857844822
16453.986671817656,0.09938287686312287
16552.03111629716,0.09482410204700753
16646.42654764215,0.0919510723453278
16743.330221703618,0.09483998740962966
16843.307990690457,0.09075539415536268
16947.247620897262,0.08621583809821261
17052.178343949046,0.08090086348442678
17160.173955296403,0.07607155375545971
17268.837006960555,0.07719846355115004
17372.02184939524,0.07615431295865321
17473.75257131768,0.07802430273406791
17577.13583365721,0.0756107798075359
17679.451906328624,0.07255252148801893
17780.506833268253,0.06929603121405409
17881.111539202466,0.07177411221259233
17984.525394045533,0.07400591576509365
18080.379116621465,0.07374845260840861
18176.162458406732,0.07082061102920123
18276.828164130224,0.0749850891968722
18378.527414634147,0.07610542476525624
18482.153444272444,0.07925730350137314
18593.873476494486,0.07988924714432795
18708.168686473808,0.0766255303558022
18819.20362514462,0.07256164983096645
18927.2982421875,0.07108743076496396
19036.094251983744,0.07092224699531587
19153.571733229935,0.06993118725746636
19269.835823791967,0.07346617980943886
19380.038364167478,0.07117668107966595
19488.500289296047,0.06734913571404118
19597.715542521993,0.06796781223169444
19704.665572504346,0.06437238056190044
19805.76021904948,0.06642495660263281
19906.5570327553,0.06379443449350222
20007.36630392538,0.05844593810768644
20111.431017707724,0.061429008066231555
20223.369932104753,0.06157446215542396
20332.707010069713,0.06363619723475775
20441.335531419707,0.06385242658518984
20549.775653531018,0.07257440703386232
20662.092463092464,0.06801318354148223
20780.943651099962,0.06921903147979533
20901.10531438583,0.07074277346165259
21017.37108013937,0.07082395446000304
21136.76566757493,0.0647360986264047
21256.541739298857,0.0594966017301131
21380.269223319774,0.06267269259679402
21507.097741433023,0.06371911824958777
21636.532145623547,0.0631442434746009
21769.30700562779,0.06397059233258988
21901.833040421792,0.06562379211743809
22027.668091721727,0.061870532157252404
22162.753474903475,0.06305672895465232
22298.78738317757,0.06586674650256298
22430.90032901103,0.07155958808015649
22562.007967353285,0.06835229520742042
22688.217221897525,0.07051927707408599
22816.060529878167,0.06705122000635348
22942.1790986791,0.06777553643382814
23066.04017944217,0.0719200192478816
23188.37456445993,0.07143262078255289
23310.226894012787,0.06932077554922202
23436.329972857697,0.07125396710307588
23558.278132868487,0.07251681943751087
23682.163880248834,0.06946594294390362
23805.424436674435,0.0691736358353369
23925.4683125972,0.07210617187399111
24040.995152220283,0.07593914688975156
24151.3005859375,0.07207489446145683
24255.338467462458,0.07360087556770972
24361.981091617934,0.06812888563231057
24465.965289897227,0.06876403051480451
24567.28346303502,0.06997920224980855
24673.71536377709,0.06917318522904012
24779.61643037483,0.06814696665830057
24881.558628749513,0.06739059925735001
24983.61837524178,0.06895010588675189
25084.786920240636,0.07445635071943354
25183.215602561613,0.06927264491943175
25288.030921820304,0.06866189340172607
25396.284991240023,0.0693372069875168
25508.258823529413,0.07037441649560938
25623.63440651668,0.06864374097664878
25744.837959343236,0.06351522513706545
25866.61096049574,0.060155962593040804
25996.20354154505,0.05662488225394519
26120.945012541,0.05995712231079514
26245.162595270667,0.06569433357860545
26368.641099577086,0.06688924782432216
26494.237288135595,0.06665750636001555
26622.924868957485,0.06331378514225781
26754.939906651107,0.06000698143362985
26888.586728754366,0.06265304960054145
27027.26664079177,0.06270996490741323
27168.27374733991,0.056853607934215254
27308.44777280685,0.0528260524293929
27447.812318419525,0.055634694119348654
27584.108139534885,0.05983061073209041
27713.70021371673,0.05732459573330983
27844.313648807198,0.05474702934586631
27966.13322975335,0.05788555699853168
28079.764150943396,0.05742693110529437
28194.777473601876,0.06219728437703094
28312.292588280947,0.06176708844811995
28420.718197708295,0.056214536172393366
28530.417950693376,0.05557389791972531
28641.19781078968,0.05490103271015814
28751.633688286543,0.05049265498484694
28861.682261208578,0.05536123614322496
28976.40111688812,0.05004294072084239
29095.073175465837,0.05085273934950944
29211.597473275026,0.053119492375051945
29325.872720217307,0.05121207165248878
29441.05784639437,0.054258404393106544
29556.20007732457,0.05317093847207585
29673.087403100777,0.0543981842287653
29785.369679300293,0.05587299979486069
29898.54085603113,0.05302434770260155
30012.20454104405,0.05151478594989353
30123.91472868217,0.0516000932419264
30235.969608981803,0.05162984980924422
30349.959501557634,0.05093422237092676
30467.57223191778,0.05074756280335081
30592.564886983633,0.048889497623681756
30719.297459763427,0.048789788162853905
30848.158546017014,0.0502752401547513
30975.823495032146,0.051560667023179026
31104.924874468907,0.04893583070570619
31237.751270027355,0.049004883475567314
31365.036822826296,0.051997991244654096
31488.87834691502,0.05698465771686328
31610.261328125,0.060429072857359864
31731.141394630096,0.05701098276705597
31853.710130782743,0.05762871171923876
31973.29585110508,0.055668220544754614
32092.010808724186,0.0553973300657457
32213.4532583398,0.056447901081455275
32332.91289880603,0.05680133199610371
32464.578977932637,0.06132746739483321
32605.570626934983,0.059938466134987996
32742.302117738487,0.05707469585550511
32884.075121006776,0.06018817935166972
33025.56451298067,0.06190024422733956
33169.016317016314,0.06194506014966174
33319.58708301008,0.05528608538322269
33474.21609595667,0.05235286822942921
33630.17857142857,0.055247969425146586
33788.48247821878,0.05101742109296582
33951.058720249704,0.04865980457612211
34113.538119195044,0.052824663965483395
34274.97537805351,0.04886653119045177
34434.574781765274,0.049891039504044034
34596.69883268482,0.050240842827023055
34760.28307032924,0.0525300883445518
34928.31830495356,0.05518064131029538
35106.73824329576,0.05596486300591161
35288.93944099379,0.04827842943871629
35463.23744647723,0.048071501250146816
35630.60461508629,0.04994089478927527
35794.50775494378,0.047631710951404005
35954.239837398374,0.050515683741508124
36108.16311093871,0.052359678709344215
36259.38292919496,0.0496875646750311
36406.23888133618,0.05159890545652655
36554.056699029126,0.04935502018686983
36701.80680272109,0.05229375783261025
36854.60820532763,0.05527394952550352
37009.363442527625,0.0535677958790849
37163.92069032383,0.05050495827985905
37314.54721030043,0.052180139749750595
37463.896759169416,0.05308967776518424
37616.930237077344,0.05019249067129388
37763.253570050176,0.051104338776340415
37909.092074592074,0.05407947545523621
38057.584543869845,0.052356271083170675
38212.259755387306,0.05222546636408372
38373.591590422424,0.04963384191469577
38536.30584125752,0.04896188380896802
38704.34528887166,0.047765244883968355
38867.7741185587,0.0499137698666094
39033.76771422994,0.04888897961749664
39204.91044487427,0.05230688046757482
39385.49114613738,0.05279984002280439
39570.316808675445,0.054174925672160694
39755.745775878815,0.05754871545831713
39941.19436345967,0.052788376592500894
40115.59647081637,0.053142568780537025
40284.272356143076,0.0538161461657509
40463.196245403524,0.05211964898592147
40641.80532866589,0.05167495971495403
40808.042735042734,0.04840386472842203
40968.0250339608,0.0518316813042601
41116.79453382439,0.05053122282343725
41265.44800155219,0.05138278460510416
41417.079485680886,0.0545955836961638
41571.22275888717,0.05540822449452418
41718.34696646637,0.058525400012114696
41855.619510299264,0.057929716390488814
41994.153084982536,0.0555938364686105
42132.020606531885,0.05275416261901211
42274.42664845884,0.04925636832366154
42415.06304558681,0.054152710604065346
42557.46332046332,0.05192066810229893
42705.51376146789,0.045297971763939654
42849.11089681774,0.04706433036825969
43006.18612784146,0.04914696934155286
43158.28549141966,0.04678772552393405
43309.44980620155,0.047781871010207075
43471.93116782676,0.04623293671440966
43636.00892683874,0.049668314845227664
43795.670947655184,0.048704990501935795
43960.34217660728,0.05298973922586387
44142.97146185207,0.052608979376441926
44334.798209768436,0.05223563927053209
44526.130822981366,0.05739004037504761
44718.05907418168,0.05676191015160672
44901.70831713953,0.051571154067762005
45079.06850914753,0.053980217438549874
45245.98991857309,0.05992034874532756
45421.375605033885,0.05292075758766419
45593.529010903425,0.04835970697803205
45765.42503385568,0.04770309069033291
45932.02576615265,0.04450763129333609
46096.03596287703,0.04285375291222533
46256.68932791013,0.04279861707172179
46419.745383867834,0.041635111804505645
46589.02863264511,0.0441460594860857
46770.280909797824,0.04653352699160434
46947.31826120707,0.046120251754568006
47118.08902249806,0.04635312861573867
47286.08147861428,0.04685584878008347
47457.16013958899,0.044253453289794395
47625.343161978664,0.04509897463062348
47783.257681835865,0.04472532737479979
47938.92213592233,0.04483352534470828
48094.01646329653,0.04445439295982733
48253.406901930204,0.04608511270415386
48408.842379756614,0.044153754693225765
48566.55542544887,0.046207608078316545
48729.45489815713,0.04543797222078138
48898.67458937198,0.04991568120707828
49071.12915129151,0.04704375698969763
49231.93887482967,0.047527784451739115
49385.28052099534,0.045169724490685244
49539.28610090856,0.04450715354693694
49698.83381811131,0.04301700409917117
49863.64334437731,0.04206148568824446
50034.79476744186,0.04378843004522758
50211.227325807704,0.048826628165842496
50385.57090417311,0.04965226056597204
50566.39906469213,0.04899526873536504
50746.94085813684,0.0483789620613047
50924.95455428238,0.047660538758653635
51109.791163876995,0.04461383451645028
51285.81536074476,0.04315472767004512
51456.1146398141,0.03997763530986343
51615.4039773835,0.04365933952575062
51779.48382096493,0.045958519586772294
51946.5844988345,0.044113779390127617
52126.25310318076,0.047089559001376756
52299.72670807454,0.05007815658674664
52472.69287374129,0.051358556635550244
52649.78435559006,0.051870738346946284
52830.48193712166,0.04736734331055578
53005.298177588214,0.0501652596508723
53171.76929042264,0.05301151773075611
53328.089233753635,0.04802590820929228
53484.118594720494,0.05130669979634881
53643.301842871,0.0535722897325854
53809.02579519007,0.0517233476627121
53988.21277009928,0.05006443060081805
54167.79037267081,0.05039276589429859
54349.73979493132,0.04800998642671444
54532.64747081712,0.04963767691293349
54717.31553398058,0.047304041000810405
54908.52405898331,0.04574731150173219
55091.2518446602,0.04460957011737141
55279.91690877397,0.044406788415068864
55472.95525291829,0.04526965605884254
55673.52480620155,0.04649143400736079
55886.454105344696,0.047785328428381964
56108.64092588991,0.05156666454902504
56309.20023282887,0.050497097718546144
56498.944077669905,0.04906748077481692
56684.04284606437,0.052464085970587375
56865.46472303207,0.052365049480727066
57052.047582054765,0.0472673070830442
57239.84897246995,0.04960032542136375
57415.612677425626,0.05526522663343258
57589.4326625387,0.046657673531611384
57772.22062256809,0.0429751436825066
57942.23727822187,0.040092902983286584
58101.07597138991,0.038693487658065115
58251.58974858702,0.04222791013378914
58409.19435312319,0.04744803343406166
58572.64721845319,0.051752314877392146
58748.129025999224,0.04647892832918286
58942.7894124491,0.04332421395626447
59136.94407638348,0.0443475172471725
59330.128264654675,0.042065262388553806
59520.643176951526,0.04249200870649317
59715.937742436,0.04137460386323423
59905.54049329967,0.041044606331647186
60100.54741128563,0.043246462906139635
60306.17262830482,0.04280156262068023
60516.35954183654,0.04221687779243138
60720.97757153906,0.04337650973032135
60911.15356169716,0.040858549638373945
61100.64561880707,0.039903191632814035
61289.28383349468,0.043970197403540474
61483.36174757282,0.04260903820806071
61665.39782650883,0.04433972699519208
61850.9889212828,0.046155363484347026
62035.648238271366,0.047613695377086304
62222.79003489725,0.04834640975870995
62418.80507653556,0.04638563499000447
62616.64045816346,0.049738617848785194
62816.20896391152,0.05451376876097627
63007.77948021722,0.05657387468523496
63188.140058195924,0.059589201624838606
63361.8781292451,0.05907182743978422
63529.680311890836,0.05295225238593209
63705.92782305006,0.0545378099086628
63886.11844660194,0.04591050873646205
64066.53293297171,0.043274303358360106
64248.34815533981,0.04905125873140966
64436.28748787585,0.05058164712737728
64631.919627256844,0.04752676530879182
64831.331588132634,0.04820221473652164
65025.6049960968,0.049066657239024
65221.986060019364,0.051079026967809756
65411.10130274159,0.05081605182710955
65590.8660472319,0.04926751479341362
65755.78095975232,0.04352080628241943
65915.19641115662,0.046293164994979104
66080.13451874758,0.04294067419022471
66258.77110547865,0.04030777982228172
66450.692396982,0.044204132220028274
66637.07542768274,0.045721871067774936
66819.65600775194,0.0537083130972873
67004.34599728629,0.05218546587136124
67196.98563943333,0.0494218293106243
67391.87822014051,0.0533241562010564
67583.9335779108,0.05024008653409861
67773.17936261174,0.04837239025577648
67957.35569817192,0.05042179315152903
68146.74500291093,0.04596947728575912
68331.77220824463,0.04777060520676635
68509.192045233,0.04539468900393415
68684.7355452076,0.045079635273284804
68872.0439176059,0.039206335629542254
69057.64896297733,0.04170524955253277
69246.92270343757,0.0450443122146917
69441.09976708074,0.0459814930048498
69629.83071857448,0.04256240564076293
69812.00639658849,0.04290287770429069
70006.79604114109,0.044898385851982
70210.51354511791,0.052704850150004444
70420.34511555643,0.05703606040526938
70640.93487109905,0.05600280945211376
70865.60318694131,0.05653525575785776
71085.56184770004,0.058084610817635655
71297.01922703437,0.0647466643054849
71511.63980582524,0.06088230851643533
71717.68364767646,0.058459069928441305
71914.42087933372,0.0519772482831479
72112.96815533981,0.04914518907875747
72326.23840931135,0.04700701391409398
72548.33450224041,0.042927244924227906
72770.83394548619,0.043582678761485076
72991.02619833106,0.04685768636227068
73231.32841328414,0.04769429594951183
73473.24198873568,0.045746429649488725
73708.85997281026,0.045422618991750985
73941.04101866252,0.04251591535083118
74171.81722729924,0.04523713909581946
74401.16763341067,0.045344761729778374
74653.3822730799,0.04709552623853582
74906.68480373106,0.049170419343549425
75152.08545348611,0.04783504898958035
75406.72571872572,0.048701537464436215
75656.36354832462,0.041766901765950944
75882.81657265124,0.039698912717135694
76097.07699767262,0.04287977885000998
76304.39887203423,0.04285633866985591
76513.20186154741,0.0447018081839736
76732.57331009103,0.0444094452986793
76945.1698223697,0.042216573957695444
