D,r2
13.640158582089553,0.7625585284040638
19.625881780588664,0.733562366874209
25.52103642893792,0.7080285291343151
30.011173184357542,0.6977766364205032
34.620449264136326,0.6914121232793012
40.61014686248331,0.6803547648303837
46.622972972972974,0.6669081178924477
52.61321537185513,0.6526168823839639
58.61774370208105,0.6505950946591617
64.59180790960453,0.6355888481158233
70.65885416666667,0.64091301898099
76.68563845473312,0.6321126757203545
82.6318154583583,0.6229643202748563
88.66442542787286,0.623043597957052
94.65317919075144,0.6088406332528681
100.68009919404835,0.6085055434419248
108.07702127659574,0.5963853824855532
115.59817781966699,0.5864804156626185
121.68631239935588,0.5879574568830841
127.69728,0.5762033266903158
135.15876882196633,0.5642644651728698
142.7251984126984,0.5522187526064037
148.692727893479,0.5562698870412015
156.21881298992162,0.5514664141748961
163.69038076152304,0.5486921506345065
169.6877998629198,0.548910455777595
177.2345184836355,0.542663419406555
184.6774788057501,0.5394265443686123
192.0145,0.5295134530031604
199.51365935919057,0.5247608731670813
205.72945965951146,0.5196071131165673
213.18675432188945,0.5255133923373555
220.70126488095238,0.5165362327869196
228.25472392638036,0.500017939073525
235.75723412251034,0.5085419516269306
243.23208020050126,0.4980926132695725
252.03902699812883,0.5019144386431919
259.5242075931731,0.4881126103717951
267.2663788725241,0.48715842440969814
274.7770034843206,0.4858165172998311
282.2878315132605,0.4757945713935706
291.15035733919734,0.47947274398326867
298.6322390261896,0.46024122094061237
306.3128418859078,0.4705888499888527
314.942515651679,0.47385835558090905
322.4748687171793,0.4589256342958721
330.3601085481682,0.45306587716394403
339.29678638941397,0.44404423757630646
348.1495007132668,0.4465450733444271
355.685177786656,0.4408325995331021
363.3642402435649,0.4372988516598538
372.3513587702443,0.4284523238773721
381.3930718580017,0.43738035990313834
390.3918495297806,0.42254643571196576
399.15935541629364,0.4299314301759958
407.8190248279988,0.41166752376001237
416.5628621089224,0.4094341547415534
424.501303538175,0.3974941367119283
432.4063492063492,0.4099988824890395
441.4629683415626,0.4062152228624156
450.4001197963462,0.3927188101438452
459.4590949955049,0.4002990908729149
468.52121744220074,0.3953661824289218
477.4481034989709,0.38221575347522213
486.4257547751078,0.38896449677389683
495.4643934821967,0.39190968112057545
505.46935687263556,0.3818070130873625
515.7382928275044,0.3816953878791724
525.2562962962963,0.3713237542092716
534.5726221079691,0.3664450543148514
543.5233160621761,0.36877688631691635
553.6786364819152,0.3591505139314541
564.2576353190202,0.35467008772156733
573.5348171701113,0.35053569811369806
583.5369877594466,0.3433337551360744
594.0005910165485,0.34637498791319576
603.6166888297872,0.34041790463729693
613.5027716186253,0.34314254916970377
624.0314937879226,0.3391687413563297
633.6851351351352,0.3323969817648546
643.8130434782609,0.32525000833968143
654.3408099688473,0.32632416088324745
664.8494653911087,0.32353962750843823
675.3638443935927,0.3155649155191189
685.7701309556979,0.3282172611429999
696.3524643320363,0.32162907028045984
707.1985216473073,0.3061069992515141
718.452728899493,0.30330486528554357
729.0045262522631,0.30621448150469077
739.5389185977422,0.30134570187410487
749.9842948717949,0.297208313628409
760.89662027833,0.2925684526051457
772.12,0.2878423565499965
782.943945493961,0.2886119102198366
793.8264800233304,0.2926761947367416
805.1292976785189,0.2760032937947231
816.0037476577139,0.2700277227764613
826.8526158445441,0.26720182735345566
838.1158447621826,0.27405204981373693
848.9591772151899,0.2675875790959633
860.2771567784465,0.26691141649766026
872.2522805017104,0.25730618408092043
884.3437679494543,0.2579159729082857
895.8052469135803,0.26564903307661003
907.4298816568047,0.25009733674740353
919.4384151593454,0.24843448086060385
931.1302005387608,0.2442996200624003
942.0503267973857,0.24635491531039125
953.3475485929794,0.2428310109957485
965.3786721504113,0.24289364387057494
977.2938235294117,0.23937404702727005
989.354609929078,0.2336715283549548
1001.3895946763461,0.23717618955919928
1013.3834227787717,0.22619156983686153
1025.464664310954,0.22216537424875016
1037.4417287630401,0.21998193347602069
1049.4183612440193,0.21786272778332402
1061.4244063721071,0.21933448276571413
1074.0468133107727,0.21051592137438355
1086.6608986035214,0.21100394668642145
1098.9525179856116,0.20822623409698743
1111.4237599510104,0.2000078500831423
1123.9040318001137,0.19473749945702817
1136.4073958980734,0.19945153909766045
1149.0800928612884,0.19676905488638546
1162.0029868578256,0.19735992500266783
1174.9337295690937,0.19369686265282132
1187.517273576097,0.19499736661211375
1200.0654847011724,0.19485648837614095
1213.0440729483282,0.1911688781284813
1225.8818706346797,0.190557802427682
1239.4274011299435,0.18687906496875903
1252.9254545454546,0.18925194734756612
1266.4953542392566,0.18161149311019043
1280.6465922444183,0.17704963471861979
1294.4378698224853,0.17566071389029655
1308.4479929680633,0.1723257782594492
1322.4171668667468,0.17476889613186108
1336.4940494354594,0.1693800072697465
1350.9911894273127,0.17009286208571572
1365.8833382309726,0.16456351185377566
1380.9928741092638,0.16344034535343405
1396.0386430678466,0.16585974790677394
1410.936974789916,0.1618525762167006
1426.0027051397656,0.16307715433790462
1441.4907300115874,0.15352708545877713
1457.0498120300751,0.15712624463109415
1472.3227497815321,0.16016422749333614
1488.5442528735632,0.15309167745390379
1504.0350821744628,0.15073964706209178
1519.4465769120595,0.14477944923243163
1535.5158633312997,0.14393468003869395
1551.3756970942177,0.14436138138416807
1567.5055816686252,0.13892502147357588
1583.4839194469491,0.1337459253936905
1599.914318246513,0.13534946785510346
1616.4206275240758,0.12459746274478235
1633.0222920834524,0.13157960385639395
1649.472394540943,0.12743542708570357
1665.9564464955292,0.12910037491202028
1683.0216168196623,0.1313334757385219
1699.9774325908559,0.12062919092347112
1716.3992662794253,0.12116490607752714
1732.542332027719,0.11986119920209931
1748.9982728842833,0.11477400048533305
1765.4878722750998,0.11064505323656844
1782.002046185326,0.11330112794496912
1798.998825601879,0.10611262397864502
1815.5625770653514,0.11187973805317741
1831.9282380396733,0.10502940259844588
1848.582139591588,0.11039382890818479
1864.9940933254577,0.10067534116508371
1882.557278208441,0.10596146538692996
1899.9970273483948,0.1050846131439655
1916.9804460739383,0.09966623608293787
1934.3869960249858,0.09962514570673238
1951.9136822773187,0.0984007006324211
1969.6322674418604,0.0999911930051838
1987.4740894284869,0.09855962427837965
2004.9512496143166,0.09930428659152357
2022.3365300784656,0.08881736509701915
2039.9057542768273,0.09010356020160444
2057.867667500695,0.08003085909471815
2076.566294919455,0.08494129086909659
2094.9109843081314,0.08498715197343931
2113.702056866304,0.0782302547397568
2131.562481448501,0.07937497179975407
2149.9392345895412,0.07530815566002216
2168.3431934802293,0.07715034945765037
2186.8853183962265,0.07378251131592718
2205.544688534457,0.07498671384908283
2224.3451198129746,0.07060011807782114
2243.9849079384244,0.06850561815912694
2263.102975495916,0.06740863832570915
2281.980597474592,0.06402806169121418
2300.9040071770337,0.06176134477141541
2320.468237999425,0.05960448307770786
2339.828157974073,0.059149952745166316
2359.0586690017512,0.06155465321505584
2378.0834611844125,0.05985300034774616
2397.009657594381,0.06052095834614933
2416.245955662073,0.06035870271434754
2435.543396226415,0.05826905252104752
2455.06357694593,0.06172926244357604
2474.5141093474426,0.058776647219001006
2493.4970303219757,0.05660025300992867
2512.649956784788,0.05765283322273461
2531.97945406516,0.053494604139586795
2550.877171594026,0.05478776156671065
2570.482644129188,0.05241034507844428
2590.8245562990983,0.051626749521340505
2612.0266976204293,0.05328680312843887
2632.457264957265,0.05225509398195836
2652.5149597238205,0.05259131650234171
2672.6518428266827,0.048885520015358404
2692.9719737626715,0.048688553274138395
2713.9538369304555,0.04631703311088113
2735.5916398713825,0.04543529707563145
2757.927400468384,0.04724838801221851
2780.510346926354,0.04651055855846595
2802.5517344497607,0.04649753608849761
2824.4563777713793,0.04589163959431144
2846.380078242552,0.04455891742337819
2868.490909090909,0.04605663892208404
2890.4324812030077,0.045165835165541554
2912.587240356083,0.04487754040494976
2934.6709753231494,0.04358719083778846
2956.4387001477103,0.04405699266111344
2978.018153846154,0.04504903620207535
3000.0434394525437,0.04566575816728724
3022.5397576115874,0.045778474316458505
3045.001156403585,0.04282258660670505
3067.4622641509436,0.04486640766518599
3090.0295995356937,0.046472001928539064
3112.4411147737487,0.045285454298392015
3134.8937370139506,0.044340144863017
3158.014488468362,0.04114756398540072
3181.0927212322563,0.04018430786618161
3204.50622406639,0.042507773887056434
3228.528126870138,0.04064867276615407
3252.5115530856974,0.04093990231419175
3276.6160899142264,0.0401806837152903
3300.6252612720214,0.0379474327707719
3325.026439482961,0.037358550809223866
3349.879492600423,0.038150176231173616
3375.4679300291546,0.03750942566426137
3401.03572519084,0.03844258029594767
3426.0011869436203,0.03672473628726584
3451.07986935867,0.03672614367891728
3475.975209080048,0.037484876865289195
3501.722110696874,0.037435632343425417
3526.1263871763254,0.036262981219013925
3551.4567155593904,0.03494001602658157
3576.6115477629987,0.036804713947199225
3601.074128332845,0.03557425211002722
3625.5112273146724,0.03665071425617422
3650.092549476135,0.03625409386697048
3674.540564903846,0.03501598579163896
3698.5196195005947,0.033261399871229544
3722.393740685544,0.03303574140786278
3746.9909936083673,0.03363026848588739
3771.569448629105,0.033445208997369774
3796.1187592319056,0.0317740465643858
3820.865926814637,0.031683748555294135
3845.811348781937,0.031327577070871845
3870.849673202614,0.03194180332944548
3896.6843177189407,0.03266805653422044
3922.1797276853254,0.032730979451342734
3947.510808409831,0.032497906652791474
3973.514393719104,0.031635390821388526
3999.2849112426034,0.031902966210791556
4025.481012658228,0.03350692873114305
4051.3943620178043,0.03331885990016549
4093.270129523301,0.032383415790606704
4151.861895708854,0.032962230451446896
4212.046164109406,0.031155529235095313
4272.3166866426955,0.03212192750937658
4332.841274089936,0.03186873121361005
4394.815587562256,0.03175947590646828
4459.844901227976,0.03141270299370848
4524.124598501071,0.03249062277088614
4588.927117967815,0.030462290406484696
4653.110991379311,0.03148647692470324
4717.866862718888,0.03145706958502509
4782.14109772423,0.0318092221768448
4847.485384821668,0.03165005407981965
4911.660857908847,0.03183711868444353
4974.105983364637,0.032497619298744014
5035.958682077853,0.03171639626837934
5097.2267972103,0.03058381944658323
5158.880514952394,0.031312093580950155
5220.267373222431,0.030479716632030623
5282.328632822992,0.03006315205760345
5344.750467539407,0.028975286061630936
5407.8752670940175,0.027361902791680954
5471.822716183247,0.028457872445876768
5535.511478910838,0.02754162875257904
5599.234708966259,0.025496121878258986
5663.812706379606,0.02457516104463129
5728.6766175874645,0.02334528954481481
5793.754663803516,0.023781628409224917
5858.9303010033445,0.02644829246280124
5921.943724101056,0.026617482912339698
5982.247278591587,0.025232082058910667
6043.821852098601,0.024633691949517533
6108.426500201369,0.024723102590361215
6171.229158329998,0.02414077084708727
6234.285982562039,0.023925232642314536
6296.390139335477,0.02308275884696729
6356.006670224119,0.02227795992706191
6414.876097824618,0.022736165947036698
6473.674161788185,0.02269060261961914
6532.66306841182,0.023557495727338323
6591.981072137657,0.024630980467976196
6650.701904761905,0.02443801318018794
6710.110671936759,0.023726395688292802
6768.41659929938,0.023518117413125806
6826.740424396103,0.02329187151702433
6884.285828769868,0.025314555233638264
6940.4147866268,0.024936542108787298
6996.294652406417,0.026098351963664133
7052.642478813559,0.028746496182568124
7108.275472724799,0.0297642042202502
7164.394627823066,0.028675505482912353
7220.780360721443,0.027731476773460648
7278.416971173366,0.0294899764140504
7337.255506030414,0.030126754748528474
7396.706368563686,0.03173405290515323
7455.440021589529,0.03119728263259558
7513.381078574268,0.03208074171584177
7571.878418230563,0.03191766399835424
7631.502926310189,0.03200093579342896
7690.626298044504,0.032147127242825105
7748.807682083998,0.03061202238221389
7806.814038409521,0.03129041794662487
7864.447615219721,0.03270510738756019
7921.568327974276,0.034040909377377034
7977.944230001331,0.03523103511340701
8034.910826324924,0.033654620345318464
8091.2901051496365,0.03307895106915763
8148.443278427205,0.03198050149272869
8205.68686041752,0.032741682483630914
8263.978768297507,0.03158674865227669
8322.583489932886,0.030988395463429387
8382.263192875183,0.030567734753369803
8442.800862882566,0.03122581922917558
8503.163194444445,0.030762560115433452
8563.115670130921,0.029993580557403858
8622.80553338654,0.030286500634561304
8683.611581351606,0.028725098472047787
8745.174754671327,0.02840711336783503
8804.327490899286,0.027583774250814815
8864.056778986469,0.026549325117027022
8924.088822894168,0.026080561442582997
8984.549295774648,0.024911257044365878
9045.054151144226,0.024433199803642083
9105.52169197397,0.02379000718601647
9166.70969890754,0.02477517348958049
9227.803573827758,0.02398905910924687
9288.636119322762,0.02519138613857117
9351.504791056694,0.025734771279920007
9413.949446445245,0.026979990865390345
9475.301747311827,0.026335189446892147
9537.109686994063,0.02581713055197432
9601.229330840122,0.02457103427060475
9665.609662475183,0.024018915631072727
9729.583084846841,0.022330829940252886
9795.1208994709,0.020838578111179708
9860.742684563758,0.020562821410492746
9925.112809414311,0.019310250393417966
9989.389837236999,0.0192048196086537
10054.191166508603,0.019989063208080533
10117.409218436875,0.019503891069836094
10179.268932298635,0.018788379506814976
10242.371509129967,0.01902428077094048
10306.721132025097,0.019768457886863048
10370.51993556182,0.02113060394001949
10436.299175970229,0.021457246248004134
10500.98574885722,0.02105295870833589
10562.690637901185,0.02124705989118625
10623.767003367004,0.02158812909188351
10685.61895785647,0.02044387188719102
10747.98507661559,0.020456858384167744
10810.811998931053,0.02078351023784884
10874.35721968271,0.02011940662510112
10936.982933333333,0.020254909729305715
10999.387178800856,0.02020356070501306
11061.320293724966,0.020709181880462522
11124.444339495345,0.021043930108110814
11188.308117583603,0.021489643621905585
11251.860412508317,0.020952358515819235
11314.769445552452,0.020617171744939457
11378.43793659323,0.02124825012350917
11442.63579913607,0.02131299102875506
11508.061513986477,0.02167454826394918
11572.081431465227,0.02161479720435227
11636.222370528563,0.02211279159853293
11701.372580429848,0.02242084592405331
11765.178580990629,0.021874418470204587
11827.924939467312,0.023095563748084826
11891.327486946044,0.022683262214545138
11955.184611238377,0.022108829139736476
12019.590708850621,0.022229351563374918
12085.921673819743,0.021977369295767806
12151.000665158974,0.021437895985714203
12215.730991791144,0.02129023828380536
12278.44227926354,0.022734930692533857
12340.82103861518,0.022695886857860118
12403.25353059852,0.021605583183994068
12465.4717156928,0.021344173459686585
12527.316955296013,0.021324653857472915
12590.66466265865,0.023047901459660652
12653.801898305084,0.022470062648893476
12715.098193979933,0.021565710566682775
12778.340682693584,0.021793215093450655
12840.035410010649,0.022061989441776658
12901.828114500739,0.021915190141961218
12961.855672894666,0.021984144752442883
13020.453170992774,0.022214065027194294
13081.169599153327,0.021474796143275427
13140.849036111866,0.02182448197695641
13199.439258567809,0.021049778158319
13257.528011766279,0.02158895478779632
13313.468716289104,0.0216357048659818
13369.548933333333,0.022550426615457565
13425.531610337972,0.024246420032044212
13482.63155080214,0.024274817002946134
13540.499190720258,0.023991004287128324
13598.597031039137,0.022887478138301703
13657.198985720006,0.021572390196135983
13716.439096531325,0.021463264536680033
13774.838317015083,0.02162638835148633
13833.766917293233,0.021898147719540566
13892.956067506027,0.021526961127281495
13951.310532030402,0.020462844827700114
14009.86785950961,0.02032607293326557
14069.357955305768,0.020265582606585897
14129.671766897285,0.02078366362317886
14190.703543413578,0.021284257173651018
14250.182682012848,0.020909904454355883
14310.01555168253,0.02087485559937001
14368.797037037037,0.02090010213935948
14426.640781827786,0.020151280759812613
14485.33111684082,0.019601977167059893
14544.147303461228,0.01921401495273808
14605.851303082418,0.01969024217994818
14666.108625770157,0.019681941568327258
14724.842098202307,0.018992825732377944
14782.275522427792,0.018103842361472913
14840.462960445833,0.017996567627681512
14900.72064293305,0.01873756182127426
14960.790159967737,0.019169001249314782
15021.640886176705,0.01868287777968551
15079.85523990757,0.01775397860509167
15137.308717675287,0.018499091255365332
15195.414520838864,0.01952318215914518
15254.117710148814,0.018739950714727473
15311.394087333876,0.019151201426990245
15368.729041716646,0.018612833944510798
15428.047764768495,0.01870458236759696
15486.523471980741,0.018679666941868518
15545.475573549258,0.018079817261252833
15605.49446592879,0.01861808147189172
15666.524618678084,0.01853319975826195
15729.592467602592,0.018595858029894212
15793.571618037135,0.018028852698854278
15858.785021551725,0.01798640218872842
15923.19737016868,0.016833881273357075
15988.812660973295,0.018033435631757584
16054.064966442953,0.018107902032097657
16119.190882431352,0.017749091123100382
16186.177430137719,0.018737082158424633
16253.177520308962,0.019326140916781087
16317.642721861472,0.01891056297717627
16382.330022513574,0.019173572427720133
16448.354799677334,0.020423687003125857
16516.969806279227,0.020463402543966978
16584.2965179543,0.01968399700695363
16651.92779022269,0.0192147583737387
16720.440785051753,0.019195387572886965
16788.184161073827,0.018784762128027255
16857.334773218143,0.02005311950117666
16927.37356168049,0.020883104163341697
16997.857428381078,0.019839437720091117
17068.564058125583,0.020863933918692627
17139.02857142857,0.020912921285763216
17210.45081415691,0.02134626130647427
17282.42554333244,0.021342612446252667
17352.330377535938,0.021826750819858028
17422.07427269071,0.020983334343395183
17491.025463271562,0.020215777168459306
17560.382831245002,0.020963251735810737
17629.414095135427,0.02057618182763666
17699.471946308724,0.02095912064211209
17771.761021505376,0.02066330701525922
17844.665521796567,0.02058096690087675
17918.6176034506,0.020891491130814337
17994.45596552653,0.01998671481162959
18069.270068118072,0.02055816160498433
18142.044217235427,0.022348852522378584
18216.614970382336,0.022670429747670508
18290.9970282318,0.021031946287653553
18364.55514118274,0.020144627669557772
18437.820869565217,0.021350989929293514
18509.428115865,0.019573697388059072
18581.376063757936,0.018997101095676643
18652.31891603257,0.01900325821190251
18727.302455953017,0.01811353082997571
18805.802647412755,0.019628583579374862
18885.400054207887,0.019100060562798206
18964.178196786615,0.020494756456068134
19044.773098007754,0.02142152997708368
19128.341872317596,0.021234971210005067
19210.781630740392,0.021695271197196758
19292.11409485638,0.02235025656425691
19371.485472154964,0.020987337149412727
19450.8870493992,0.020647346154153222
19532.1893714594,0.020277227902584877
19612.416845206215,0.020041846213723267
19693.362638833132,0.01907800985898213
19772.611892326237,0.01840638584911027
19853.27676552733,0.018282223257446453
19934.88204578926,0.018722252583770936
20020.467898570274,0.019826398329802087
20108.192864806868,0.01892680928267464
20195.558226495727,0.018662253491527628
20279.148554603853,0.018410747738367057
20362.27284856571,0.019330598896618176
20444.848801392796,0.020335580824728285
20526.833870101986,0.0201200665429043
20609.68093073014,0.01967234510660487
20694.706418330432,0.018786342121897052
20778.136601746137,0.019007203411557542
20861.2206099691,0.019742113938704724
20945.27357237716,0.020136922166215057
21025.807583703107,0.020503732249201392
21109.724202626643,0.02019752009938097
21196.10358672377,0.02009478920279234
21283.06214915798,0.018501050081930336
21367.221144781146,0.01733717183370265
21447.615272244355,0.017782064434238
21530.002815013406,0.01651091653054301
21613.72403640257,0.017377567297687233
21696.32814178303,0.01724496795987263
21777.510168584427,0.0166770505692777
21859.179663299663,0.016692071565178036
21942.381735526138,0.017292341620414858
22024.7871657754,0.01800788453950855
22107.95818721338,0.01783545601280895
22189.423651895355,0.018171361034232912
22273.77764486975,0.0183677499554205
22358.385338345866,0.017513332945684138
22442.478243297857,0.018647560787735485
22527.706979865772,0.018766129100177265
22611.762451595674,0.01904257105331782
22698.237698305995,0.019417863202253503
22787.215845539282,0.01912632899568926
22875.645053475935,0.019150046454713136
22963.434263482693,0.018414320072444517
23053.49412863624,0.017527226713088317
23144.448530398604,0.01863670877245907
23232.58261687265,0.01728793212206447
23316.160198072805,0.01810806673762968
23398.728040767066,0.017875710814206084
23480.0531433138,0.018045431365456693
23560.10146289089,0.018411551916551805
23642.210835334936,0.018469176280310414
23726.957900418296,0.018645995749122655
23812.61384286478,0.01780823656621916
23897.9754601227,0.018345477924481147
23983.920662715518,0.018390521398371752
24070.60730103342,0.01788874521763697
24159.37787222739,0.017501000235289117
24248.77672913577,0.017156716248080895
24337.017492322073,0.017097522206791713
24426.82920626422,0.016963908197398927
24515.99986586184,0.01735272603852845
24604.864854004823,0.01768942782792147
24694.154662725075,0.017065280452037628
24787.68558486544,0.01762696530744535
24882.992079473755,0.016949628488110356
24978.00946035976,0.015294303575210949
25070.37091788738,0.01615024089154183
25160.89345142244,0.016301365621144263
25254.222207411356,0.016208409673757977
25347.3295256014,0.016124695085843452
25439.336864690893,0.016737633169800155
25529.122470856226,0.016239899707806288
25619.104605881563,0.017309188692187855
25705.27330677291,0.016985467653267923
25792.58078778135,0.016985829027602324
25883.34527027027,0.01628165949328919
25975.379909163774,0.017206782815219708
26070.023636852,0.016104569036581966
26164.346908994426,0.016046157591050676
26258.105391163357,0.015559128117581623
26350.63824117255,0.016917343809271863
26443.066711409396,0.017522684988083136
26538.335288628183,0.018053599102441403
26633.782842544035,0.01921988827333502
26730.1136,0.02010945255674711
26825.36713099384,0.020079647946029948
26921.67958552012,0.020317653541418446
27018.455545125387,0.01983333648523619
27116.229246911942,0.02009114159700358
27215.603862142954,0.019508029917652568
27314.763941018766,0.019531073028024877
27411.97947686117,0.020264326765795874
27508.297477645803,0.018318514572515272
27606.027590847913,0.018593954293229673
27701.757783145466,0.01788777504951139
27795.218654230513,0.01691969120193943
27889.415895992493,0.01784915595154627
27981.274649784482,0.017319499680963208
28074.365987670866,0.01828669448212378
28162.209593604264,0.01833551529559846
28247.952566514377,0.018260730632277438
28334.845404828597,0.017941168420756687
28424.68440048122,0.017018038200822462
28512.93872053872,0.017668096592827934
28598.0320855615,0.01735032408383502
28685.998533528862,0.017272615042799415
28775.06292860024,0.016829421927009345
28866.0024,0.01806904641120233
28956.702998379253,0.017844550425934164
29049.184431137724,0.01695357871168467
29139.152209051725,0.01823006114783948
29226.560372340424,0.018262100988331757
29312.17870207289,0.017761004010298
29396.440807055053,0.01795833298150489
29480.533190291,0.01819439395623525
29564.851038178163,0.0176508033819421
29650.421437109842,0.017576904548970734
29736.422860209284,0.01705229538532146
29822.76715260131,0.017377422784281737
29912.871818912405,0.018297521035878846
30007.77666533173,0.01872355770047056
30102.368739089565,0.01789319102666902
30196.17796837309,0.019150335617745852
30292.74923056336,0.018495362658091423
30386.05736934032,0.01919845103144418
30477.558401501945,0.020276142611672654
30569.58234589269,0.02193717710737028
30663.0520847389,0.022640555716110202
30756.174070594552,0.02179371146478307
30853.418114308446,0.023154387305098233
30950.741570002698,0.022840367893811015
31045.511304347827,0.022313237768851742
31138.99184927846,0.02049467317656781
31235.27691065662,0.01896038500992863
31331.729931881928,0.019766012825603516
31429.698412698413,0.020970650197084915
31528.561926605504,0.01935612578740455
31630.158567434428,0.018345001733555362
31733.97185741088,0.01837423325924158
31838.135047798572,0.018779040255745914
31948.20917822839,0.019277524878595097
32065.405198981643,0.019192495634851585
32183.780906409225,0.018279675756758287
32296.93217623498,0.016560549324050274
32411.262336963828,0.017462972835192235
32527.542627345843,0.017920268798180414
32641.769571045577,0.017650614685064143
32753.08512616202,0.017628184683913795
32866.14832728738,0.017807760661460656
32984.91242335377,0.018324959126477365
33104.034932151015,0.01917539816816104
33224.48039215686,0.018071737763244083
33345.836067760436,0.017184697027763703
33463.27961894539,0.016792023205115685
33579.085874799355,0.016387353199904135
33695.56790454485,0.016534369086658285
33813.943026068264,0.0173564037325394
33933.309823340474,0.01706196556566184
34053.42904774607,0.015782736929502623
34174.35785101822,0.01737005622047315
34298.88435648896,0.018214779396499375
34420.86393923241,0.01942546060836897
34539.373807924785,0.017529511635600202
34655.895208779446,0.018887743086823387
34774.72091152815,0.018179204421784074
34891.9374749499,0.018304679702434806
35004.073568753345,0.016546183382785472
35114.27405012126,0.01658513128198437
35227.370557699986,0.01739890843795572
35339.21437189972,0.01731048865752239
35445.38909673971,0.016806129213846385
35549.72727272727,0.017121447872431746
35656.822855620674,0.016646876239481807
35765.46298535537,0.016761282781397296
35874.94916163648,0.01767590998495055
35987.53205639798,0.018402132686616716
36102.27074939565,0.01826989120789266
36216.54186202277,0.019098685956922906
36332.71272727273,0.019653969839579778
36449.362297496315,0.01904109280779259
36568.95991983968,0.018335901326195853
36685.9516453996,0.017526003787862284
36803.554562433295,0.016042712451766146
36921.29007735396,0.01642427499636343
37038.32355316285,0.016909022026587055
37159.561730048204,0.017553621547198972
37282.37469847226,0.0179986746047437
37406.601014144646,0.017437659150308694
37534.08605181904,0.01688922804343961
37659.46992932391,0.016753889790569902
37783.91021173948,0.01627643622957427
37910.5331280953,0.016979885065745097
38035.99447066757,0.017906359715366884
38164.76757838559,0.0176547221847356
38294.78075582954,0.016582478288550116
38428.08696812058,0.017184367149380007
38562.43682795699,0.017403817537370553
38696.31175445651,0.017806264123038693
38827.64412431639,0.017278793349279245
38957.28280664167,0.01732499667763257
39080.87047259997,0.01766594553807998
39208.77740596975,0.017847551769403752
39337.112920448475,0.01785043305925931
39469.45595158036,0.0173306080015505
39601.99693292439,0.016863301950345463
39732.19558528428,0.016854076245728666
39864.26684563758,0.017352113517622236
39993.187072549284,0.017793453769403007
40127.44217687075,0.018351654417280757
40265.33522190746,0.017558651904085013
40402.424790530655,0.016192081726907566
40546.993546652324,0.017639550367874953
40707.552903312324,0.01634791977192993
40876.287218445956,0.01787512701388162
41043.69047619047,0.017958699445969544
41212.20621317622,0.017481901384293463
41378.80456852792,0.017138842611459048
41535.36462384337,0.016972258598502522
41684.917550691556,0.017704147581960143
41842.321337792644,0.018587828325054515
42007.77939216209,0.018359600565030255
42177.38152232383,0.018802163784733338
42355.119592875315,0.01932428933731237
42530.946784329455,0.019095043605414908
42705.48811431624,0.018437399756029985
42875.25332437878,0.018630934081029314
43037.20639379347,0.01926763524588884
43203.15577956989,0.020179717172070337
43370.920106880425,0.018592309360028567
43539.43554426317,0.02025474650389479
43711.18631790744,0.020505358779984478
43889.47043046802,0.019029500091494227
44060.75334045965,0.0182817311790288
44224.36993288591,0.01777205613512819
44393.374498797115,0.01831227854799389
44559.34091520862,0.018926644901554456
44719.23652614728,0.018149049509326498
44878.415033557045,0.019023127977365908
45033.37125668449,0.018073646615733137
45193.65341897498,0.016839512881682266
45356.840719849584,0.01600193460107688
45515.68501732871,0.015722047750058893
45670.735432647016,0.01680880554412672
45830.814676450966,0.01684186925454998
45992.44243974687,0.01643411623005338
46148.106215892454,0.017060381539874478
46304.74785407725,0.017126188165558005
46465.63032093461,0.01711971354577308
46619.99517749497,0.01632361681535002
46773.21763527054,0.015723614560097247
46920.15028203062,0.016058352746706004
47067.988076098605,0.016406334391506985
47221.541967388395,0.01625828274898809
47380.498530590434,0.01757941068161683
47541.9255091104,0.017675700426250354
47709.81572580645,0.017311749263644594
