D,r2
6.189305878445699,0.8331979256779826
9.190354402630618,0.8161837758563433
12.189109639440765,0.7956727552661167
15.192499043245311,0.7793606139631033
18.198997300424217,0.7625663063802838
21.066037735849058,0.7572751862885273
23.0,0.7293041781075714
24.197431781701443,0.7285048744149022
27.194363862411937,0.7284152266610664
30.1954217888936,0.7063031569941338
33.190110826939474,0.6986744852873472
36.19641294838145,0.7014658058604606
39.06738418343472,0.6876069655932616
41.0,0.6737328502124947
42.19677840661733,0.6687389998644829
45.20726306465899,0.6652569659788559
48.19954545454546,0.6491577991947505
51.18635294117647,0.6436355755202295
54.18752908329456,0.6376015247163693
57.21385119326158,0.6265969892750775
60.230617283950615,0.6210393208057722
63.20373171961674,0.6167635170324889
66.20435193945127,0.6050342260793882
69.20825242718446,0.5981475128190222
72.18982880161128,0.5840531472421574
75.2110633727175,0.5864565147878961
78.22339862361038,0.5774123715420212
81.21331236897275,0.5849944079819589
84.22099156118144,0.5660383526110104
87.21141975308642,0.5678181915616123
90.20811654526536,0.5616865724373606
93.20193340494092,0.5668708720952386
96.21222222222222,0.5566354088553719
99.2283252557889,0.5449136867816748
103.4899034240562,0.5364889892279031
107.76697447039652,0.5268691445055204
110.97554890219561,0.5191787833575102
114.21049596309112,0.519570177029325
117.22546728971963,0.5138712836437928
120.2113676731794,0.5194282098058043
123.22603550295858,0.5197794752179731
127.49719564500165,0.5073314494871415
131.98018769551615,0.4959402648539277
135.22702373706633,0.49791036241906345
138.2459324155194,0.50339199019932
141.24300254452928,0.4989745987746887
145.56096752816435,0.49095884261883244
150.1449188214071,0.4755088723097863
153.25051617343428,0.47314430779763833
156.23464770523594,0.48203025320365384
160.75073409461663,0.46377517520460915
165.26219908913467,0.43854958937062216
168.27079174983368,0.4450456458714856
172.58553791887124,0.4343721265981765
177.164057608015,0.4510405647845528
180.2668428005284,0.44323131375917957
184.769123783032,0.4282517616255365
189.28620218579235,0.43364058018453255
192.2563915266618,0.42468904224503706
196.74150612959718,0.42049892538586786
201.26609442060087,0.4321720562089502
205.77973074046372,0.417930257184403
210.28486646884272,0.41172353196538486
214.59160455080425,0.4146356485993036
219.17043847241868,0.4088544216025026
223.60632759311173,0.3890442700767559
228.206338028169,0.40391435619017063
232.6188,0.39060001800807564
237.20169252468264,0.3872911175284246
241.63882259347653,0.3862217476276719
246.21098265895955,0.39350272558445226
250.8087585375653,0.38528970486633757
255.31699070160607,0.37354103891633017
259.7942880794702,0.3816081882083959
265.65006553079945,0.37251896765198933
270.15747460087084,0.3686653097757622
274.77931904161414,0.36249047521403743
280.52935606060606,0.36195589432126885
285.01623815967525,0.3440600070882274
289.84874640361693,0.35237279220312473
294.3626943005181,0.35917994865871616
298.8527164685908,0.3513615701781639
304.8270905923345,0.3516938141963647
310.51899358658113,0.35707863137860424
315.0086021505376,0.33520968987878896
319.8535237217872,0.3298925259433997
325.8729005901044,0.3349920141286108
331.6585127201566,0.33228973591940025
336.2590216519647,0.3505903308445336
340.9021543985637,0.3374065513324768
347.04475524475527,0.334806433797088
352.9643353404354,0.33336159687333267
358.6821782178218,0.3265568765887148
363.26177174780526,0.3172248805341921
367.8750563824989,0.32298888668498593
373.9810606060606,0.32521147588008914
379.9533555449786,0.32607122020648344
385.880195599022,0.3135971411975998
391.67402733964246,0.31544336471918516
397.48217636022514,0.31197124768262385
403.25479452054793,0.3147713816571398
409.0596125186289,0.3014944015381756
415.0084241823588,0.3009054817088205
420.005291005291,0.29957216533446795
424.9708596406022,0.29628180980093205
431.00047846889953,0.29224014674757637
437.0406947890819,0.2976263501823646
443.0029615004936,0.2915099419706525
448.9766401590457,0.2844537588876659
454.9819214876033,0.2921073493934405
461.0607142857143,0.28772133002119243
467.06742738589213,0.2862310679990696
473.03534836065575,0.27636794130601805
479.0810945273632,0.27887550519553667
485.0955734406439,0.27021063216635755
491.0717131474104,0.27865200505530835
497.05922077922077,0.273213157437281
503.13152289669864,0.26553771554423733
509.0913784202375,0.2604522175122884
515.0887544125063,0.27290996033807363
521.0735524256651,0.26370534647294447
527.0759559979047,0.25692950964152145
533.079431877959,0.25812330626773855
539.1140724946695,0.24763620739716322
545.9777967549103,0.2467624608291404
553.146807440925,0.250777740394825
559.838578680203,0.24709756083637338
566.1122787610619,0.25086397741836813
572.1515151515151,0.25322083786495075
579.0116748989673,0.24114750631050702
585.8651623555311,0.24867570891799817
592.1146146146147,0.24602732794926166
598.8595724003887,0.2494257137440607
605.1781198460693,0.24437124747004604
611.1621923937361,0.24410914466410313
617.9347923179992,0.24915274997821393
625.1687306501548,0.23862311120689034
631.7971918876755,0.23883952651504192
638.2089020771514,0.2396129537314386
644.994937873907,0.23357676306016875
652.5007320644216,0.24021878080747455
659.1988538681949,0.23706584594367416
665.9784341303329,0.2433348017903053
673.1602768903089,0.22958541836571011
679.8381158635625,0.2425507998685915
687.0492277992278,0.23436416646811986
694.5279162512462,0.24502757928655367
701.2548192771085,0.2422937210665342
708.3680649526387,0.2404447988121798
715.8517699115044,0.23954242739893183
722.9834630350194,0.23473792650739908
730.5386919620569,0.2241075528437716
738.0349898580122,0.24046817729237677
745.511744127936,0.22711302258423977
753.0209685471792,0.23635215247593047
760.5524109014675,0.22604663515056445
767.9771371769384,0.22643642949708795
775.5332996972754,0.21865615864483637
783.0296296296297,0.21815558608897123
790.523611831863,0.22235225396750163
797.9837013669821,0.21136050026523595
805.4756554307116,0.22239115334334839
813.3663551401869,0.2209426248419421
820.884109916368,0.220333515731949
828.8424350940018,0.21886660298444827
837.0425531914893,0.22023798575654507
844.4909188034188,0.21271979655468873
852.4383828543595,0.21621474542943273
860.6307922272048,0.21621311296926055
868.5147468002226,0.21324066015577475
876.7636363636364,0.21246468601299395
885.0527497194164,0.20615591440977427
892.490185387132,0.20830226874488075
900.7490636704119,0.20979366273918212
909.7830052808449,0.2127019652346385
918.3814968814969,0.201504678068106
926.5986177565125,0.20924210895700074
935.15478515625,0.20285432719576713
943.4342179559571,0.19691602254142246
951.7127912505944,0.20425697306386512
960.3422854133754,0.19917267386287302
969.0274831243973,0.2036935296591306
977.6100594916171,0.20279868621628278
986.067922657412,0.19730613160694885
995.1950124688279,0.19409454568163043
1003.4278931750741,0.19849646228857
1011.8074596774194,0.1936316842038283
1020.8184631253223,0.19255799190504277
1030.5110609480812,0.1894578305941609
1040.1283566058003,0.1967551046118213
1049.1907001044933,0.18824708349065905
1058.2131147540983,0.186205844446997
1067.556409025444,0.19282937783811915
1077.0507478632478,0.19991214048496342
1086.4873663751214,0.1985149132824653
1095.810577441986,0.19693985173268314
1104.7479849543256,0.19638654911388903
1114.4985888993415,0.19326145438798728
1124.1297669491526,0.18355978840095263
1133.536768384192,0.17792274737970262
1143.4651882413616,0.17642464325919874
1152.8574549426544,0.17592886758080986
1162.5035360678926,0.167961244240624
1172.0708534621579,0.17059246016008475
1181.5490856592878,0.16823312531863835
1191.0527182866556,0.1722619227014944
1200.463231615808,0.16383982620819634
1209.8654545454544,0.16445223000927597
1218.8524332810048,0.1676164594429686
1228.4710860366713,0.16961372078573586
1238.0633047210301,0.1642255753055582
1247.555068226121,0.1574446067623934
1257.2188015393074,0.16375494005549202
1266.5248157248157,0.15903347839833476
1275.9803713527851,0.15833431091015018
1285.4510456273765,0.15934029564297358
1295.0490358126722,0.15296692887568936
1304.529239766082,0.15155488738536313
1314.4790174002046,0.1471806214815711
1323.906891109942,0.1554060566930326
1332.8327037236913,0.1540892075377981
1342.56186807896,0.15211390564330243
1351.9574132492114,0.15148552410497343
1361.6163012392756,0.14456112972385768
1371.0568122041032,0.14352385622595135
1380.0822784810127,0.14277776027770803
1389.4825174825176,0.14645720818562952
1398.908152173913,0.15048131768373557
1408.358361774744,0.14685287570259511
1418.5819631290483,0.1491376152186155
1428.4602422327541,0.14323295380162887
1438.40956651719,0.1561474520317214
1448.5329186106792,0.15002786726032144
1459.0034653465345,0.1509142221254416
1469.841998990409,0.14372880524866422
1480.5745614035088,0.14749496543132454
1490.9932399806858,0.1443855501275378
1501.5171475231355,0.15186941449190386
1511.9707692307693,0.1522537973741683
1522.9871921182266,0.14588921166857904
1534.1478733926806,0.15129240189931958
1545.0137130801688,0.15010274797508508
1555.773247140726,0.14838107649357513
1566.4626614261651,0.1535132628916431
1577.0419161676646,0.1450362473741831
1588.1076458752516,0.14486659522580667
1599.0220551378445,0.1449074409003215
1609.4544973544973,0.14717971735407837
1620.5519574673756,0.14692602077818337
1632.1265028750654,0.15042709302850008
1643.2685600398604,0.1531348186554528
1654.9793388429753,0.15171454428598627
1665.4599226091764,0.14734074816002826
1675.9225741578682,0.14628037504273828
1687.4597537878788,0.1469104133697764
1699.0730307772562,0.14492915576738125
1710.1343363782912,0.1365503273156675
1721.4574678536103,0.14106678470555556
1733.3859126984128,0.13506558078551786
1744.9867303609342,0.14249476440029232
1756.3793611793612,0.1395556640669847
1768.0490143846564,0.1365064710447986
1779.6007175807279,0.13322332505658943
1791.6689553702795,0.13926419002525026
1803.570252187339,0.14036194113229727
1815.6837009144701,0.13233555721633397
1827.5494845360824,0.1333841594797488
1839.556117290192,0.1332925955362898
1851.5372529143435,0.12951240705096928
1863.4385786802031,0.13129876056326248
1875.9345562716906,0.12994123795329807
1888.4577822990843,0.1268911624484492
1908.1007969995312,0.12708059571432875
1935.2192962542565,0.12473191505848068
1963.415381072991,0.1257741455330822
1991.441340782123,0.13120407353074362
2020.0235934664247,0.12771190526315657
2048.577494199536,0.1310793249221195
2075.876021480271,0.13224691769340938
2103.0246856078247,0.12706791258210876
2130.474919466176,0.12440223086055284
2158.591190640055,0.12484869845029052
2186.62024736601,0.12465102533126829
2214.9489371534196,0.12430948368233727
2243.4906184850593,0.12568691594111386
2271.539627842867,0.12194402286337672
2299.4275956284155,0.12875418149561468
2327.582205916074,0.12921098950735438
2355.643394934976,0.12386965887016857
2383.2590132827327,0.12665407677888307
2412.5264472190693,0.11956358694493971
2442.475971487698,0.12219480724062513
2471.838057620818,0.12072507053428161
2500.56336378543,0.1154474685356392
2528.559791241207,0.12377498211364321
2557.08857862211,0.11392880342684755
2585.4339014279135,0.1151704313947042
2613.5782740172135,0.11469903876377173
2641.536630459903,0.11637694663784479
2669.575465196416,0.11501308429769239
2698.092171142467,0.12191750798570675
2726.577056778679,0.12144974038457847
2754.8254335260117,0.11698659042359909
2784.095325389551,0.10809741900752938
2813.0321079571895,0.10677417145765876
2842.1261800598663,0.10205854332212179
2870.577933846851,0.10299248332726683
2898.675213675214,0.09977385573286526
2926.464499769479,0.10368244951067199
2953.7715347109356,0.10393570541239563
2981.0639832480224,0.10431401193335416
3007.8581142339076,0.10691407935899397
3034.829188174566,0.10500637378691303
3063.0110884815567,0.10707574163188065
3092.0781968721253,0.10322634854219594
3120.3796423658873,0.10375306243260615
3149.0213061602594,0.1024541138750206
3178.1703168685926,0.09436092392306854
3206.7674849467344,0.09566131866267397
3236.3108262760356,0.09608521981608338
3267.278345830493,0.09889569153709944
3299.255704540108,0.10054010429763313
3331.2592250922507,0.10088573794760711
3363.5766456266906,0.10152880476852125
3395.396671289875,0.09485080257828077
3426.9567530064755,0.09439342854033587
3458.065539112051,0.0960707234981104
3489.6774049217,0.09424872716171002
3520.7914312617704,0.09819217461437023
3550.7396722824833,0.10396857110191397
3581.216742081448,0.10247866544727517
3611.4021176470587,0.09717443946213365
3641.9195686362614,0.09699143778403466
3672.340571158839,0.09714772524282742
3703.0301301072814,0.09726905296968473
3733.76264949402,0.09839654544733331
3765.0990168539324,0.0972004495861106
3797.0169109357385,0.09170154887770457
3829.1716797778804,0.09175240182972082
3859.9252487850035,0.09217519593601167
3890.6612754158964,0.09411941473662289
3921.953365495061,0.09284696397451583
3954.6022886501637,0.0916202848953601
3987.073794836646,0.09239060786603794
4020.5578851412943,0.08836218302824214
4054.0931269059347,0.08956813917577643
4087.9483394833946,0.08516476635154281
4122.998625114574,0.07707337088311528
4158.022372881356,0.07284882624866182
4192.361771561772,0.0687269999592637
4226.0314508723595,0.07248068856009393
4259.411362080767,0.07474884318311917
4293.045815801776,0.07797465200625973
4326.33794056669,0.07634449875948447
4360.170788074879,0.07668411703466078
4392.94512055109,0.07801114610472935
4426.340664375716,0.07414538968739334
4460.299354243542,0.07774383476486589
4494.918484500574,0.07868571739558317
4529.451308653619,0.07582346162477648
4563.995654162854,0.07534387294809551
4598.593836886005,0.07211647678777054
4633.057323403295,0.07373562289076367
4666.734611742424,0.07780640653877824
4700.63882567137,0.07822809102127269
4735.058163498969,0.07504199445238044
4770.406113537118,0.07499037473709537
4805.458031330371,0.07609428783144963
4839.914252873563,0.07774878683902724
4875.432197576035,0.075568998052338
4910.3927153864115,0.07713803940852224
4945.00938215103,0.0713136688366688
4980.4920998397065,0.07001804035855116
5015.459509486349,0.07271975757942153
5050.222806215722,0.07018695654095072
5086.246741367482,0.07482238638721118
5122.538319907941,0.07325466970032787
5158.371904651701,0.07112229084823904
5194.975839852738,0.07088282934078242
5233.116446300162,0.0727214754074559
5272.003447483337,0.07145837004272206
5310.907454419571,0.0677845321424102
5350.568270780566,0.06617095070911873
5389.903575547866,0.06777583460157886
5428.618381152321,0.0695108206813165
5466.05026394308,0.0717579463732109
5503.065457050988,0.07158147169010491
5539.758668838725,0.07188879599954098
5575.39771949829,0.0716608116165215
5612.054591137506,0.07677329636326594
5648.598358733881,0.07586376671712601
5685.005246350365,0.07240095965173733
5721.464310305256,0.07358328735040318
5756.921076642336,0.08134946619181284
5791.7990173139915,0.08203438669679462
5825.4169373549885,0.08309526034125998
5860.38829787234,0.0797513143448684
5895.319173630455,0.07500136396354963
5929.98630762209,0.07351175306163978
5964.62105023869,0.07348232812243902
5997.992835682921,0.07290922001209224
6031.248263084762,0.07119053326026198
6066.100298370438,0.07333221742844534
6100.922703077991,0.0712521129335944
6135.915308698646,0.07194049756584171
6171.048729307531,0.07644398007773491
6207.5590888588185,0.07479827016769258
6244.919411352488,0.07802292724882016
6281.4092807424595,0.07671543227587552
6317.5382339553935,0.07765094155033339
6354.6120081874005,0.07150303066608145
6392.027132674178,0.0700181418172802
6429.238623238623,0.07328450999210158
6466.555997194295,0.07005890073199224
6504.253260123542,0.07343742953329396
6541.340244183368,0.07099335722588397
6577.192190787935,0.07074196077504924
6614.868290482635,0.07376800891230056
6651.096317280453,0.06894966040379681
6686.263802263802,0.07003659241387131
6722.4719509425395,0.06818715551076512
6758.3535237217875,0.06731089811524432
6794.037523020258,0.0638692965361174
6829.577439163066,0.061650107308881624
6865.264394288346,0.05985217885336051
6901.059827062398,0.05892822952652852
6936.9774089442135,0.0578700008116029
6972.132229477612,0.05880497753233026
7006.925304527695,0.05834388536577869
7042.37637867647,0.061523802008074675
7079.188016528926,0.06620187111484932
7116.709890610757,0.06300756109989776
7155.354936827328,0.06106621235438599
7193.853691578234,0.06176282119922105
7230.815962441315,0.06284191420343099
7269.2481237207185,0.06416915338153593
7309.199214236191,0.06701359548431765
7347.833488156061,0.06679409526961917
7388.278835129558,0.06406032679062579
7428.742711707543,0.06473702845509223
7471.290263876251,0.06433407748114513
7513.973757547608,0.06000515267417419
7557.264949402024,0.05568215629796716
7601.43315018315,0.05585190163185003
7646.997676579926,0.0582473798361672
7691.507269789984,0.05889675963752332
7736.388275862069,0.058730085738898506
7781.1544677903485,0.05991427717771677
7826.189910979228,0.05819852908095221
7870.478921907395,0.06318045454707313
7912.893165383718,0.0598437375239364
7954.6657433056325,0.06239255249293471
7996.610502283105,0.062513772906387
8037.611679851094,0.05837404978566209
8077.403405221339,0.05795136226275101
8116.411090313523,0.05745809300476128
8154.8984375,0.05388773893991652
8194.79170485793,0.05514203694098412
8236.545202312138,0.05472607502234355
8280.51217846574,0.056372340773282924
8323.50841595573,0.05478391935473981
8365.185687988955,0.05907005789715831
8407.635239206535,0.055460311975280396
8451.93137027591,0.05622741539006428
8496.925149700599,0.05726985332864001
8541.824180895246,0.05897580211042453
8585.6304938831,0.05891010000328912
8629.00234521576,0.06104704210558247
8671.489249771272,0.06140411410027905
8713.307376113267,0.0637612179877974
8755.300466200466,0.06341981045242243
8798.306330837304,0.06272251388738889
8842.040296433534,0.060212476201291644
8887.053150057274,0.06340689179633922
8931.990727862772,0.062486870600418236
8978.360715924737,0.06062527026612507
9026.32490044507,0.06276181716960123
9074.837156484215,0.06266436886684554
9125.011139475517,0.0685229036025359
9174.353022611906,0.06510842307270845
9222.841364998847,0.06589115492278527
9270.460100319198,0.06146419763199688
9316.149953139644,0.06464589448195279
9361.49942935403,0.06335943162789634
9408.405343685774,0.05993997933692584
9455.856118436272,0.059644500183340346
9501.020087739553,0.0567423885042461
9546.305684995341,0.05738364315291558
9594.215046453659,0.06019417691352299
9643.580930232558,0.05990258360458148
9692.825538743695,0.06460524167382814
9741.572786277236,0.0680157208805725
9789.89709275496,0.064388815871746
9838.628381476386,0.0643998203071496
9888.55752824533,0.06605275073153705
9941.618265895953,0.06928958976255044
9996.877429682141,0.06539296776766126
10052.72153065929,0.06352274278531861
10110.247933884297,0.06240396742390042
10166.602667279834,0.060464900419314335
10223.47698357622,0.058563049013854555
10281.75167166244,0.05969449504051481
10342.878851053973,0.05684585716025715
10404.772934732999,0.05650093519489394
10466.31427253862,0.0551174018723192
10524.479132664957,0.054678370370130194
10584.9974566474,0.05725981637022224
10646.345305751307,0.05717168762268928
10709.381700554528,0.06044544530300749
10770.512059369203,0.05582084280824379
10832.94629798903,0.05470478855501999
10893.054173448036,0.057626627135031395
10952.292604501608,0.05436677894214633
11008.900503202196,0.054034016382260484
11065.274336283186,0.05613748961620806
11118.792961608775,0.053319403864600136
11172.176361098185,0.05989210160237524
11224.09638831378,0.060995314862505555
11277.782945736433,0.057395328961753575
11329.847689807291,0.058124348976033864
11380.720239465807,0.054075926476874814
11432.750288750289,0.059638171337589314
11486.437456647398,0.05965707431672691
11540.935513588209,0.06723775448559399
11595.287769784172,0.06292634210926946
11653.111745886654,0.06139207012012184
11711.408346783492,0.06051928129919429
11769.234071705869,0.05936608977543325
11823.435247616833,0.05751008274546217
11874.822691777676,0.05907518403573919
11927.742091895636,0.061693353259616286
11979.989417989418,0.060946517613065056
12034.401967513155,0.06077009770492287
12091.87104959631,0.06236536939151754
12150.068030337854,0.06095762634772712
12206.355535140101,0.06301265930351982
12262.306823420931,0.06510824096079124
12317.938586326767,0.06091036867635311
12374.518578727357,0.06679248157026325
12430.443171402383,0.06448306092458048
12485.378742167557,0.06579910447745546
12540.830857142857,0.06097485554806023
12595.766001376462,0.06047916786642559
12652.202380952382,0.06265620707933671
12710.134527089072,0.05840359479518367
12768.744111593871,0.06006599235596043
12828.102903600464,0.05903087018646073
12890.023618436138,0.0571366035445603
12951.532470533857,0.06313888562470503
13015.138278388278,0.065741088936341
13080.486007462687,0.06243023910680116
13146.06425794649,0.06008917699504923
13211.31205510907,0.05825024645553659
13276.061881757534,0.060960066065883396
13341.763297259959,0.06584189766805809
13407.085464178761,0.06084228454415219
13474.733164789703,0.056210268284947164
13539.703927492446,0.05789385942980775
13602.749025005734,0.061955413786709726
13663.141184573004,0.06552789790094547
13723.392799446112,0.06789954982324421
13789.187630298818,0.06863624712652668
13853.633310328962,0.06027005197772753
13917.399267399267,0.06333986046568309
13981.168671911153,0.06491278485905065
14043.758246828143,0.05901714802322381
14104.512749188689,0.05681222518749466
14162.026006904487,0.05614835648196417
14218.38962522852,0.05418276459988269
14276.927100208286,0.05865490241751944
14336.426066897347,0.056574053211396004
14394.882976272747,0.055895328529038814
14451.614441101598,0.06018346433905135
14509.43722644552,0.05935853620284437
14570.221303948576,0.05666961359800089
14632.478563151795,0.057087249616174715
14693.657834101383,0.059846988260835066
14754.84400921659,0.05401028054530472
14816.133820506964,0.0555927424894153
14874.547718808193,0.053471489778797406
14928.391024165709,0.0518785436931981
14983.523929471034,0.052081117722042984
15041.732657294308,0.05859704969024236
15103.050766064487,0.057422872647815745
15162.323917573513,0.060627046129919385
15222.739312267659,0.057824273774580985
15281.888277127782,0.059669457680338336
15340.427584618927,0.05841811299398037
15398.023634694815,0.05864812928250806
15454.732453092425,0.05877306700227254
15510.70016058729,0.05630725679455303
15566.822875665663,0.05472059746433016
15626.300599354541,0.06026260048382677
15686.74533732443,0.05829184053553733
15747.595769142332,0.04983357153611847
15809.207213416035,0.05158440383252688
15869.289754288364,0.05374095701341335
15928.305716269382,0.04566592137834545
15988.342916283349,0.04999928040945
16048.682976786527,0.05042304518522407
16108.747726742831,0.04705751979239084
16171.11530589038,0.04472378282716228
16235.438927738927,0.04591833927154411
16299.993777368058,0.04868113348823338
16365.371921749136,0.04483158971068363
16431.208638025593,0.048027605478830115
16495.757737956716,0.04481626297666448
16564.76610324349,0.04413024475695321
16635.657189089226,0.047639345761351676
16705.578826764435,0.04974079591973356
16773.39200739201,0.048923527546769034
16840.340036985668,0.04692535349275811
16909.737422467264,0.04636028068587398
16980.69200645013,0.048101815636279216
17050.43038852914,0.052590898927214726
17118.999540335553,0.05002074495288607
17192.880886426592,0.04871044092826295
17267.732579603136,0.048259595026693546
17347.24627036952,0.052349265187008796
17423.79916801479,0.054729295653281544
17497.793087557602,0.06133961592391122
17574.133992185703,0.06021818644669504
17647.64528826117,0.05455920603678262
17723.23379310345,0.058423518076524496
17800.14880952381,0.057833089540820705
17878.12817551963,0.05599933869775283
17953.515430677107,0.05436229310743514
18024.935469002074,0.05310484674625012
18094.04138882502,0.05356025862842966
18165.217753120665,0.05116060507350251
18242.050022946307,0.05170027382060604
18321.808040901695,0.04956175577596224
18400.275458715598,0.04619056052011115
18475.7407493062,0.05499284052113031
18545.88924780803,0.05187105772852185
18614.127605956473,0.053183570232021096
18682.642757982416,0.05508841365210023
18754.23151347616,0.05520270735505184
18826.949265381085,0.05439491153633214
18900.99792387543,0.0504272745272291
18980.724527431998,0.05356955044944338
19059.34851988899,0.05234231918037958
19136.26254026691,0.055223356151827205
19212.1444648599,0.054138052727011284
19292.19301470588,0.05135861693748466
19373.81512991492,0.04957381722860014
19454.550855293575,0.04967259783836455
19538.48707294552,0.04953473311919301
19623.992843951986,0.05463143546474063
19706.2595067988,0.054020969488277414
19784.160599078343,0.05234883406128621
19859.775510204083,0.05354944472842121
19937.81900557621,0.053516355117586595
20011.651311288482,0.04963668991987277
20084.798139534883,0.050688513564274534
20157.640943439434,0.05040454854366049
20232.691173081355,0.055667524152098004
20309.38237335184,0.05700305227026237
20384.103337905806,0.05017363640365865
20460.472689559807,0.047506394885049166
20540.010474860333,0.0483578758664639
20617.16860597764,0.045890002051885044
20696.56534813787,0.04819969982108487
20777.15918556224,0.046812009096592666
20859.558972005507,0.05011176965987104
20944.081921559526,0.04541247267856198
21029.5953038674,0.043571450488813834
21117.366773308957,0.04514600519367177
21201.291280148424,0.04785222449933054
21285.899679340357,0.045486178013346326
21369.79358437936,0.04569568917399153
21449.56094214498,0.04410538995030919
21529.72351183636,0.04398681947128499
21607.016245068462,0.0443122706997013
21680.193943596856,0.04905225903875722
21749.134382842803,0.04796449589645069
21815.444624652457,0.04899204048312405
21882.159306358382,0.05034710465439309
21946.180895246885,0.046012253680726235
22013.352199816683,0.04792783861151059
22086.424038906902,0.05054334110650333
22157.453293550607,0.0482413012502959
22230.28928080623,0.049339591391038086
22306.910125406408,0.0497536350854409
22381.021164021164,0.044476419184973505
22453.677181671657,0.04605516489583489
22526.15129914923,0.04956222526611105
22598.590220385675,0.04820049129477958
22672.05372093023,0.04990576178309947
22748.013494967978,0.05448876288136764
22822.291416705124,0.05227742391764997
22896.067384826954,0.04529227618734011
22969.516755257686,0.048210912899755126
23041.101089728727,0.04811920151343033
23109.664832645576,0.047579695372745784
23176.780330882353,0.04690244264430182
23243.193870443465,0.04766809844197013
23311.93475242943,0.05430511616077969
23382.21618523613,0.05328290163834589
23449.016404805916,0.057987401292788815
23514.87702265372,0.05776658640482399
23578.62103812586,0.05465882302469318
23643.725377920295,0.050995694793595475
23706.291715285883,0.04887888669081261
23768.153514739228,0.04998270868349621
23833.383990719256,0.048829146987421995
23902.822314049587,0.04778510840033275
23975.27505773672,0.04885016952067805
24052.439651216155,0.04751502068449834
24130.651157407407,0.048729960046104595
24208.291952446274,0.04916271654633306
24285.603093973677,0.048900453111519
24363.488562091505,0.052070152341162725
24437.911218169305,0.04794253431139814
24510.222704431246,0.04781051900881426
24583.52033080634,0.04566641993031191
24654.34497917631,0.043633668005029984
24729.997700091997,0.04633674255647629
24809.85830429733,0.04786631031812518
24895.172074954295,0.0481139672677811
24982.274568469504,0.054731972614494244
25070.455766558593,0.05631518492500657
25159.698969072164,0.04989959437642173
25248.1655798789,0.05641617675596228
25340.689503019043,0.05478664402095777
25428.81859410431,0.05646501209964142
25515.205270457696,0.05797335011109444
25601.125115848008,0.054759286542155394
25684.838099630997,0.04984723656281477
25765.88825280513,0.05014447430583836
25842.54424270283,0.04716642694373365
25918.553690503562,0.04514914416769872
25993.034402059442,0.04441747845686779
26069.67175398633,0.04591154281524033
26145.223046603292,0.04562587208934108
26218.120412844037,0.046737911133567615
26289.64615029968,0.042604527004450624
26357.65795559667,0.04280880129954819
26424.580541532814,0.04306463213673052
26492.173474070674,0.04264186415829223
26560.901152073733,0.040621499157376034
26636.29196573281,0.043376563532019706
26714.621920331567,0.041330565316284935
26796.84801103702,0.04170035717581358
26880.002296738632,0.041448831501537886
26960.25566867191,0.039770216887860046
27038.710423825887,0.04272192740405107
27115.164513151823,0.038114002101180995
27192.247552447552,0.03553987993427916
27271.608555657775,0.034727646175448025
27358.273121717288,0.04003238936499073
27450.257352941175,0.04060263774011369
27546.699469923944,0.04195139125317742
27646.145496535795,0.04557276881415186
27738.896328792427,0.04252996967539593
27828.885215794307,0.04401812612630433
27922.168828161186,0.04629530373882459
28018.593979779413,0.04947295704490358
28110.056873129175,0.05089207622235145
28191.906430053008,0.0500393498713767
28265.069117989297,0.047301267571793294
28337.435377250968,0.046057373090959586
28411.68611111111,0.04699893082129176
28488.641209044763,0.051351083729825046
28574.89318389753,0.053433803843525286
28667.584484346226,0.05102255911030931
28756.651367640243,0.053596425404877815
28837.59709409594,0.048023319524605736
28913.78040385498,0.047026290250862364
28989.41651291513,0.04716167851335383
29071.335564274174,0.04996359298727252
