D,r2
31.571089484927604,0.7023414259831767
43.58215438073964,0.6785793638083624
55.48721881390593,0.6679497016626129
66.05795125276973,0.649530110339313
76.57090956273518,0.6477822969557049
88.54957507082153,0.6379028676434572
102.01789485384018,0.6246172634140429
115.52102451718943,0.6140793523349708
127.64587752793099,0.6059405715374968
139.57495256166982,0.6011183304806896
153.0875511396844,0.6042992922150877
166.62798634812287,0.5923782748986807
180.17431305201177,0.5855210524644683
193.6505856966708,0.577748214879863
207.15822546185748,0.5745071372294501
222.11578023080781,0.5745095107643872
237.1221856817607,0.5571240058256111
250.68251657771307,0.5565294774114274
264.1478614536867,0.5506482276324026
279.1805774278215,0.5514834788157655
294.181365958591,0.5474429315118976
309.24267166376654,0.5424796955180804
325.54912361623616,0.5436377173877472
342.0618167094075,0.5378116372773212
357.1556877940769,0.5412567078364138
372.2247854831903,0.5291386199520526
387.23964326812427,0.5276412324389712
402.226917057903,0.5176134524563232
418.53223369428355,0.5172274192481289
434.96613832853023,0.5163539571957491
450.2857982946192,0.5034886962123636
466.59590340118854,0.4992175806897236
483.2125,0.49671437307464905
499.42067339185115,0.49396392262842376
516.0370097316426,0.4883331678779979
532.5922886544223,0.48633384455134954
549.0877403846154,0.48151382392169584
565.7839563655714,0.48754070026857205
583.9312141044477,0.48283680715275085
601.5514380530974,0.4712180133608503
619.466205943331,0.47666940675059066
637.3513775439568,0.4775855726123252
655.4185432304698,0.4640885039348296
673.6336141416931,0.4689941222948814
691.9235074626865,0.4679060318728311
709.9559400901555,0.4632379124753906
729.2229669912736,0.45440237816509077
748.8267390372804,0.4582866644626988
767.0191288993526,0.44570051062541793
786.5667471103773,0.44668172293279224
806.085791691752,0.4510814294384112
825.6101868441259,0.44443539907579593
845.8837945752443,0.4462765724234861
865.5557461406518,0.43335108856206744
885.241632217629,0.4294577946106978
904.7958426132145,0.42387462152206834
924.4613422818792,0.4231579595260265
945.6009931552811,0.4228103106540212
966.286319356205,0.41374384275284243
986.7107152720243,0.41659423851607325
1006.4875614694822,0.4102200871361004
1026.526065060569,0.41060003361121356
1047.6251700680273,0.40396690193261203
1068.6580555555556,0.39738781894946934
1089.586845377919,0.3929470090701929
1110.658413055712,0.39742398800186873
1131.673006993007,0.38803710621911397
1153.3465267631823,0.3850546637477168
1175.6290678433536,0.37743705660950755
1197.3261288546255,0.37856747115759104
1218.8314720812182,0.37344786464520263
1240.9242543171115,0.3747838895140828
1263.3390885932636,0.36541199512262285
1285.5011741953308,0.37104803438985706
1308.0893976560371,0.36503115854446977
1330.4533780011168,0.3719804218577444
1353.0088644997888,0.3533030347225651
1375.8203357703765,0.35524668793107184
1398.414521261209,0.35398112281176436
1421.179986657772,0.35557346180611027
1444.7965825874694,0.352798913347005
1468.0567867036011,0.34070307720289983
1490.9818902093944,0.34644107001365254
1514.3405913978495,0.34668707767372386
1537.873553603792,0.3377979434423596
1561.5720164609054,0.3396979266584027
1585.4498408744985,0.33388332614413424
1609.468049792531,0.32442725947577006
1633.500284738041,0.33479568953255023
1657.9694562388713,0.326159913394017
1682.8989361702127,0.33027529300247327
1707.5996866989462,0.32411732387136805
1732.4331983805669,0.3172982340180096
1758.0333472861728,0.3192255240344813
1783.5480373318694,0.31738643279631557
1809.0025295109613,0.32192352453115447
1834.5123664980326,0.31133911153445587
1860.436958614052,0.3118644906738703
1886.4716025728753,0.3126620842436185
1912.497197309417,0.3043295557962734
1938.8747087045922,0.2972207940141306
1965.9769178547183,0.29776598121421516
1992.850611450806,0.29454115702475014
2019.9726371631998,0.2966388649143107
2046.8912157413915,0.29258080508056067
2074.5252902709194,0.285778773777953
2102.141654978962,0.28556855496740013
2129.0025227750525,0.28157507581143787
2157.125780189959,0.27733112282439076
2185.43700027571,0.2799550120537118
2213.5518366189194,0.2752755949089625
2241.906501294807,0.27280527497260326
2270.926932532095,0.2784688464011501
2299.549703473595,0.2674003959744984
2327.981636288886,0.281197535308748
2356.772796457728,0.2709476005876301
2386.2785267546906,0.2625442270255714
2414.9994418085403,0.26775282718496657
2444.44747668678,0.2619956314271402
2473.9315430638653,0.25555883911641436
2503.2624366177884,0.2500055809156351
2533.348144059611,0.24210399482449962
2563.5168928274716,0.24594406345274766
2594.0225151015925,0.2506712228444165
2624.539300382382,0.2466960886263959
2654.952464550979,0.23676448822828225
2685.423848544787,0.24084697556977197
2716.5765851020683,0.23397052956761677
2747.9270660011093,0.2387348448193454
2778.8401575911075,0.23811224684668506
2810.533875338753,0.2319976936944411
2842.4970817120625,0.2284592024084995
2874.470943810963,0.2307284472975783
2906.0906391402714,0.22718059704971252
2938.048456957228,0.2298810509174893
2969.9438170525127,0.22642173472398283
3001.4747778537253,0.22385771121301837
3033.4831241283123,0.22101792570064088
3066.0909836065575,0.2209128778943209
3099.023291279634,0.22140134752413967
3132.1319761805844,0.21836968481424446
3164.540434477926,0.21882883189247362
3197.454458555237,0.21199300712124733
3231.595939933259,0.2094702557089482
3265.38711446196,0.2114854421668708
3298.9726318774815,0.20213710823155054
3332.769428648795,0.20876745672404157
3368.003161077515,0.2070171428920717
3402.9570475396163,0.20670792536853594
3437.9498187900754,0.20498223579750785
3473.3247827885807,0.20192921436867153
3509.227526521496,0.20467283653948387
3544.525876460768,0.19681364169839716
3580.9397215839977,0.19364494995094964
3617.564394993046,0.19444102903970728
3653.662119333058,0.19446219585756191
3689.444722569879,0.19466716111339952
3725.3502004700676,0.19308197601605792
3761.4918146503883,0.18976768316908466
3797.9173996701484,0.18544846207877505
3834.4278635140877,0.1910221627287658
3871.333152615885,0.18660038434936818
3909.500346308353,0.185966171408871
3947.60447761194,0.17536237619985814
3984.9826670394186,0.18432405281778103
4023.20112807814,0.1817957721334677
4061.2759150600727,0.17638714651890477
4100.023030798583,0.17570306243174288
4139.067236307606,0.17585894156103954
4178.072583990046,0.17579431023352862
4217.503345623379,0.16872338900877124
4257.611839381813,0.16868602885784534
4296.811170212766,0.1639077601497279
4336.430326724379,0.16673620775236594
4377.085617367707,0.1649290504043325
4418.109357541899,0.1602290314914038
4459.486048109966,0.16048807074334026
4500.922969383476,0.16110219287511351
4542.805498843065,0.15940379577459604
4585.670563674322,0.15955331805291578
4627.463091922005,0.15826786659526915
4669.474211248285,0.15795968787846706
4711.352432733863,0.1570166864556832
4754.35459920253,0.15008429352274963
4796.1405633802815,0.15044106564072698
4837.455818379554,0.14716255953224744
4878.94979835906,0.14232454572237507
4920.320663441604,0.14412509797709522
4962.400554400554,0.14528358188129173
5004.490497988625,0.1457946190343886
5046.479192249966,0.14016997619111132
5088.574423185143,0.1435291809175961
5131.317479674797,0.14267045559113894
5175.4955530850475,0.138196216602309
5219.011763058395,0.14073627496157462
5263.237606135305,0.14012680343129902
5307.103453019673,0.14338534038652795
5351.005023022185,0.1414020197255709
5393.555508948546,0.14102952591933904
5436.542888313105,0.13801005509134157
5479.857042550204,0.14284387918850264
5523.294414857299,0.13916132372197826
5567.094517696044,0.1386345701195106
5609.8140248152795,0.13932242243993892
5654.598437071566,0.14354542433164677
5699.750481960892,0.13977119783402842
5744.418083031485,0.1376000427902311
5789.041684035014,0.1378320049432097
5834.192451265035,0.14110286142171388
5878.940052609719,0.13907347202358064
5924.264025054466,0.1406529545749804
5970.351396883336,0.1384099874357758
6016.441950144608,0.13180688128968154
6063.093913522445,0.131669277581883
6109.485623003195,0.13120684827548457
6155.649883065071,0.1290447477746358
6201.275500209878,0.13007171561372466
6247.620584988962,0.1279132437990709
6294.163285024155,0.12614434304615443
6341.023979172376,0.12813520625129568
6387.585261116498,0.12388668511011128
6434.269832479579,0.12261561002368264
6480.154049173496,0.11947288061758002
6526.606350944429,0.1254083498980973
6571.599607733258,0.12347617159029725
6616.52456286428,0.12338109419051393
6663.741098537124,0.12171421798397188
6711.0387061100355,0.12106473412287212
6757.881411571604,0.1189478121546039
6805.148003894839,0.11929893076077774
6852.002935010482,0.11344831991481924
6899.459732459733,0.11032029086107932
6947.442451007452,0.11095340626346449
6995.549321141591,0.11214029301342081
7043.010197051123,0.11002310052333066
7090.077221683072,0.11038979960582883
7136.438525730181,0.11236019797402329
7182.656254319281,0.11025477234811792
7229.016981913572,0.11086002100025996
7276.028453038674,0.11239596005610175
7322.816337871631,0.10999405726049212
7368.526603959006,0.1125215092119532
7414.536655683691,0.11187113896883888
7460.515319561902,0.10732940414415461
7507.389126535118,0.10770567903650624
7555.0406937047655,0.10992273688008794
7601.833519086096,0.10824718121533523
7647.168637818283,0.11116414506936316
7693.054712077691,0.11193217447256924
7740.06936736959,0.11202476011905951
7787.169616724738,0.11222561763023912
7833.847682119205,0.10970284142632813
7880.309245335561,0.109489797797777
7927.52873876328,0.1096595479025465
7974.1569799777535,0.10859303801160847
8019.526403096489,0.10904601697474833
8065.446166620537,0.10922186076955949
8112.0425473131645,0.11327728268166007
8158.752740391286,0.11188366924288097
8204.80891005884,0.10941226116100293
8252.154235664431,0.10743032166853371
8298.89390210555,0.10943386971385063
8345.364085899972,0.10506274903434468
8391.747240618102,0.10987135775598407
8439.00938967136,0.10710034416701641
8485.679517080533,0.10575580743250496
8533.241173199889,0.11064720200615187
8580.369836695485,0.10879502644683071
8627.322000561955,0.10718615252470601
8675.03346430023,0.11056272680343579
8722.779211571185,0.11135230989901547
8770.494489046128,0.1123304247651715
8819.386780736857,0.1112637665942509
8897.246602667996,0.11266077009690446
9003.115362865221,0.11119327098474742
9109.876578538102,0.11137915434965799
9217.513307984791,0.11077010482924678
9325.250512072496,0.11072320033785173
9433.859791497596,0.11072470261194509
9544.249034749035,0.11281948927655504
9656.089650009359,0.1117461691367883
9769.919666896249,0.11581625269616957
9882.85526725157,0.11315719208501561
9997.212443000812,0.11338194530723704
10113.27815476561,0.11147793607669812
10228.25098406748,0.1112338353672906
10342.209881152387,0.10965165374156635
10454.675962981491,0.11001989325571608
10566.918591584468,0.10692210060082218
10681.708228957916,0.11011453636628357
10797.059704274354,0.11150853232884221
10912.020414494911,0.11649001065517517
11026.640659271792,0.11404547290994299
11140.166842989607,0.11333651350693282
11253.130640443145,0.11352775929377727
11363.218622208242,0.11258945379227579
11474.806695598265,0.11713319763896902
11586.483595841375,0.11407618520430313
11696.520192849539,0.11259737558015268
11809.289321475217,0.11114075961284599
11923.42297389896,0.11563749583339855
12036.9087956022,0.11092334270659193
12152.313674093491,0.10782322838919003
12269.347961600797,0.11112211199625537
12383.11929234411,0.10621123285192166
12495.570669500532,0.10509064886931761
12607.52420314359,0.10240522645894505
12718.329451329639,0.10437346792310297
12828.953033145715,0.10605419362607128
12940.488451508754,0.10773123901157415
13050.951850925463,0.10994674064721714
13160.35449570949,0.11047412858645878
13269.019947473736,0.11401623302002359
13377.223481527864,0.1154039258598317
13489.31710941854,0.11588384542132818
13601.702053515868,0.11217965641403173
13712.953315716622,0.1162510469810841
13824.010803047333,0.11450120456653853
13937.241805049694,0.11866572832868807
14052.91190609977,0.11899204581583288
14171.580691373403,0.11718941380742953
14293.332874483795,0.11633779562428706
14412.957117925704,0.10982897698198571
14529.31228508909,0.11018798896831243
14646.450411676647,0.10102096448632869
14767.242162766155,0.1040433730095517
14887.675752056773,0.10389615380609124
15008.659359085828,0.10230837376010657
15129.915035948734,0.09937143222868046
15253.014469353537,0.09910994369685898
15374.463188260379,0.09757969536541411
15498.330611481642,0.09852104361838679
15622.899613418133,0.09609818125309054
15751.508026381283,0.09328830157821186
15884.231501649137,0.09394792800091238
16017.004060723433,0.09544259578037004
16147.941864831038,0.09660827363876275
16278.40826343585,0.09767400155969748
16407.719603910755,0.09706804069926514
16536.342160754157,0.10018948566043892
16665.542694734213,0.09915807851637919
16791.287786499215,0.09612120783586484
16919.04507181773,0.09521431921251639
17047.32236102436,0.09580782450631374
17177.266820765915,0.09478752207707768
17311.67996492766,0.0947616628773892
17446.797521947574,0.09662920320662594
17582.957454725874,0.09450815772524039
17723.3536577708,0.09630052233783251
17866.101355552793,0.099039817781172
18010.90866583541,0.09936571872343858
18157.77578921203,0.10260868277222646
18306.807052520093,0.10329900353370434
18457.35281222598,0.10217712638654317
18607.983813733426,0.09905555640317015
18763.80919168016,0.09953961366203734
18925.020881525477,0.09639348663112898
19088.024552875926,0.09513906494823658
19246.08245177349,0.0997936908579375
19401.60062383032,0.10150098191191331
19549.996067906628,0.09769035183614765
19692.98652610567,0.09574009885412589
19838.160344177868,0.09812083383119781
19984.57657992565,0.09857441912645327
20128.01436547268,0.0986804650889605
20274.407610387992,0.09699608451066027
20420.893688326196,0.0953591236085564
20566.07314622967,0.09350144828931184
20708.756442176025,0.09278753867290167
20848.520396706586,0.09168321575722872
20986.64028821666,0.08989841678985026
21123.898908637355,0.09059499845026953
21259.482819162276,0.08717958780710428
21398.429390502304,0.08597138147860235
21541.954632905108,0.08637690467193979
21683.60791434475,0.08561825901468713
21826.417726252806,0.08666349005634887
21969.60628938666,0.08813250867924481
22109.22915237323,0.09098220220281052
22245.548247809762,0.08749215376677501
22377.900941642918,0.08661626699512225
22510.65478646908,0.08725093421265499
22643.840264355633,0.08834310705460499
22775.4783423964,0.09067968038204997
22905.598982251457,0.0902684542281113
23037.33103058469,0.09060371734670229
23173.407768195073,0.09220487290826403
23314.851002506264,0.08916569180138176
23459.52427184466,0.09265718367387757
23605.836564752673,0.08867548619778395
23749.15936055951,0.08793482458682277
23891.730222997383,0.08933967951320154
24035.504885993487,0.08816694260200807
24180.434039644566,0.09312279362569467
24326.352277684302,0.09504734079919724
24472.599987446647,0.09230222991637083
24624.466148585638,0.09296655948607926
24780.11468033248,0.09088682510168589
24933.793951085943,0.08789997782631645
25093.14888182894,0.08385368681655232
25253.809274168383,0.08412922077518527
25415.15863403671,0.08029631456640704
25575.745531543875,0.08051190693883632
25729.71296469853,0.07922975108336554
25882.988752811798,0.08037084685313961
26033.413883513327,0.08049016311907266
26187.333104909045,0.0814530198269558
26347.484935081073,0.08262516967433299
26512.23069251387,0.07990748553727149
26673.553463432883,0.08620410181532685
26834.401472607013,0.08662568063638124
26990.447340392206,0.08684911060218316
27141.961006602716,0.09217950780988021
27289.91275126019,0.09173995880747333
27433.860600012475,0.09014686795348917
27577.59771763532,0.09157801904284192
27723.431570372228,0.09259339467438271
27866.727652933834,0.09494171015998477
28012.96411943634,0.09536942219019692
28155.686992377858,0.09602328295382574
28296.968526020566,0.09137709758611441
28439.059515614244,0.09094521136666062
28583.35958136058,0.09334221241549322
28725.875567157684,0.0936061748895552
28870.22837456937,0.09601791041326746
29015.760436817473,0.09513263783187217
29162.60786999564,0.09705639040143821
29308.33275152724,0.10057522650623381
29457.192264504054,0.09910456656106086
29608.753988035893,0.09418048926795862
29763.81084457771,0.09504139329995566
29918.251040308056,0.0919751597342647
30072.081385173147,0.09388248237412235
30229.363404149273,0.09675326144078585
30384.812421972536,0.09694373606869774
30537.350309317004,0.09707355117686425
30692.343512874737,0.09688605794791208
30848.331480324796,0.10059000386582852
31005.0,0.10476031108254263
31160.824596397182,0.1040347443863326
31322.564805520702,0.10378826801467055
31482.99223843527,0.10331425581826632
31644.130340017437,0.10540415131463902
31804.85819452243,0.1039866890566342
31963.54209407055,0.10100434111633153
32121.41195244055,0.10226506708750593
32282.331425015556,0.09632366352739678
32446.245414412733,0.0973575911341817
32608.609663103944,0.09753324060362469
32773.03577873188,0.10042667137816651
32939.25180933367,0.10028332380640223
33107.0303863949,0.10016607957328505
33272.124477965466,0.0990483158420581
33439.229469203805,0.09795597808664011
33609.24643191025,0.09825271976369872
33779.81238343901,0.09670253158081286
33946.55804518786,0.09740563170139377
34110.192350815996,0.09893908158009411
34272.375109443405,0.09903096506645527
34437.47179583177,0.0995811668885029
34607.81703078451,0.09474113864812728
34781.651264439584,0.09750192001692481
34952.72775489829,0.09725357976681832
35125.7620294191,0.09874895046340328
35300.44798447671,0.09520727539491883
35474.51815799326,0.09042844031299521
35646.14381728794,0.09157928331875033
35818.5384951881,0.08967489350694116
35991.89217272275,0.08927284827569867
36164.55926690436,0.09146173463129754
36336.45561650667,0.08877660323868654
36506.98079433153,0.08902207158597882
36677.463889758845,0.088417438358345
36847.47527096051,0.08782253046042554
37017.60795808906,0.08687230643056253
37186.53593467556,0.0840048956574325
37354.76518117969,0.08760503913430198
37523.08383756472,0.08964961019962546
37690.71079442465,0.0893740651691096
37858.64566141535,0.0883800811531235
38029.23467164644,0.08692564781347754
38202.78105804187,0.08611182675646975
38385.18447987098,0.08956904641101195
38569.281445752946,0.0913191341132377
38751.65732878835,0.09121700432304135
38936.61664690834,0.09009498785367093
39124.05845615788,0.08808619816445028
39312.05685431083,0.08708002754715116
39499.01409065403,0.08663388471960949
39692.31226997692,0.08865282696562543
39879.45619731502,0.08698693409677422
40063.928682750455,0.08564943779881651
40246.27535959975,0.08490532315769425
40422.777066102855,0.0835320480872792
40600.36534851708,0.08716601556610046
40780.40951788492,0.08474046736851229
40959.307194020555,0.08732007608302163
41137.10217567483,0.08539986118655726
41310.11880197586,0.08533961314249575
41483.99562116852,0.08493429546733865
41663.79342897957,0.08615826665099774
41843.30726466363,0.08508058843263724
42017.93587424365,0.08477299769532166
42187.88002492989,0.08254563631847595
42356.20714374766,0.08433315330572823
42527.86697476892,0.0808287572207384
42703.0426221336,0.08137924309148634
42884.84437519476,0.08036499850397974
43076.29668205064,0.0774297191199875
43270.84856804143,0.07770043380527977
43473.78749453432,0.08001234927398591
43676.8482754327,0.07850718030257849
43876.125406148465,0.08050976686534539
44075.68177573003,0.0827906119177985
44276.59532855808,0.08066662797283401
44478.04745232885,0.08128454313228642
44684.146578586566,0.07933296116053802
44888.78489716822,0.07638976658738642
45096.652725125845,0.07551195726429671
45298.66214017522,0.07680577458654138
45493.03256335222,0.07480892508553448
45689.60128878879,0.07410101797519864
45891.20992033856,0.07316301176412897
46095.779515295,0.07052356609090246
46309.906811377245,0.07236692602875187
46521.025010942285,0.0720694203750334
46731.043172628306,0.074623622091606
46943.83046084676,0.07364647217287199
47165.18589423796,0.07333912574286398
47398.89271911233,0.07213495061389967
47629.678252172285,0.07400883624775535
47867.7507001058,0.07221084776185092
48113.32551319648,0.0748992368957972
48362.02116665629,0.07891541085800703
48610.01266375546,0.07820357293431529
48847.365304212166,0.07522772700414547
49082.076136434494,0.0771764113711589
49315.05479452055,0.07887009224078466
49534.84879446763,0.0802656248523718
49761.57583675501,0.07889318946604044
49988.40660991487,0.07682915685484809
50215.46819259074,0.0804350480466268
50432.79210329341,0.07773068839970688
50643.800609111815,0.07703977041488225
50858.99238927012,0.080859890854594
51086.861965678625,0.07985787486350214
51323.45931938807,0.0831145557537612
51557.9323027054,0.08550060239756697
51787.305934367025,0.09036011833117816
52017.96595531635,0.08844892091223831
52250.24681062916,0.09142804082293668
52491.89714499439,0.08657663807891731
52728.27089715536,0.08220483251178722
52967.23225766182,0.07651743469792878
53210.69275868521,0.08170428665550668
53461.036110073466,0.08214082684473722
53705.30698196793,0.08234412768948898
53957.8258108697,0.08102416693659745
54225.13237221494,0.0836134292043102
54494.86663757092,0.07922243687827595
54774.238154613464,0.07226263867288482
55043.10658503061,0.07190916229760795
55320.31704276275,0.07623019198091276
55597.59181002244,0.07234919399834583
55879.31246485473,0.0733669715868789
56160.041100162154,0.07774475839865942
56437.2986275733,0.07402458627033899
56711.45375326777,0.07205325880300205
56990.01500750375,0.07187449058392087
57269.501399340756,0.07112198312140022
57534.32935963051,0.06861625723738181
57801.890367316344,0.07065092190944215
58060.593427113155,0.07227695075917438
58318.91205700356,0.07031995411714319
58579.295599052486,0.06885178941208366
58835.584392919474,0.06685877270824718
59093.29329678545,0.0734996798663388
59345.627156789196,0.07660780041742483
59608.517780407296,0.07875611280741844
59880.69226935775,0.07987433555874283
60150.44713312074,0.07840359240004031
60410.15630861573,0.07819615649981061
60673.22182879861,0.07706245336872744
60945.19789132198,0.07976893564895356
61215.73082932317,0.08337094342047772
61491.86465136531,0.08611404493021664
61772.915829537655,0.08461188639438352
62055.72428856715,0.07854510180442408
62331.046473858456,0.07728910080619776
62592.678422331606,0.07667502647574995
62859.58543277625,0.07593497871740663
63129.402677459526,0.08133752134761364
63395.93456365343,0.07671371640065658
63655.07198552804,0.07762324135675347
63905.09613232185,0.07860283198275406
64158.46516431925,0.08229227124789448
64409.53323753592,0.09047277993705706
64665.45746926611,0.0930110696894799
64924.07400914157,0.08468616565519245
65178.1527483485,0.08299387505065255
65436.93843469591,0.08250185247917662
65697.82821437453,0.08226583206392565
65963.95356986421,0.08451536294100519
66230.0669948897,0.0851405683039793
66492.40211838007,0.08501350701766634
66748.75630619381,0.08423620001890943
67011.4176884297,0.08228290645843615
67281.70954849185,0.0810086055656698
67553.0670029267,0.07792617933751894
67824.05778973045,0.07582614418929758
68103.45223406244,0.07385763408604189
68390.40830428287,0.07662254062157818
68676.5040899157,0.07912802794946176
68963.61376123877,0.08126710961471874
69252.19121398793,0.08436493270113633
69541.63524846664,0.0844898721299244
69831.83892282758,0.08404393691488563
70127.80548099132,0.08921485841488765
70428.47081494375,0.08676158994551941
70729.54336559476,0.08223108708832952
71037.90442875882,0.07932955158131685
71351.72220490116,0.08709052982021544
71669.57157979949,0.0872265791499113
71976.18211858594,0.08925692710909004
72281.02747939045,0.09016037454374848
72570.67745361404,0.08763169395003982
72861.51393381438,0.08779273383342401
73140.09092612253,0.0842830630936425
73419.99358095476,0.0815008303306476
73694.05881618381,0.07995731462787456
73966.71779983767,0.08044138687884968
74233.91581441756,0.07903760673433455
74500.63104499907,0.082681162657927
74766.37192195,0.0858019547358524
75035.81167737508,0.08437582722317045
75325.18054688476,0.08018736053902549
75606.49931515378,0.07434723699763347
75876.097328006,0.07435693655181376
76142.5309336333,0.07296189217934262
76408.51021043457,0.0740164133488581
76682.39042852675,0.07186748872611612
76961.30604118708,0.07199749169213518
77243.60563029397,0.06868817579392644
77519.46067204805,0.07263025071216793
77793.09794392524,0.0710788825431836
78071.74149447531,0.07262438551402653
78350.43561267781,0.07692382085765509
78629.89757345144,0.07838404741590362
78912.42201606376,0.08069040432846186
79194.07236883149,0.08946302421807026
79482.38229966897,0.09869146075716001
79777.87552125474,0.10466168110748728
80060.83627628376,0.10045445145246416
80351.2724892463,0.09323499965031344
80652.43818681319,0.09462441842682144
80951.43913828529,0.10003142824278861
81256.00611277446,0.10377526967122752
81583.27649625935,0.09912924989940496
81902.22130022461,0.08745173895921085
82213.78131237526,0.08493672783237134
82542.31988778056,0.0771243487244887
82878.11977281238,0.08051640775300714
83228.29391217565,0.07742258345591876
83571.58250732497,0.07382784474858445
83900.92636698048,0.07283170766619979
84221.85933008374,0.07552431161962433
84536.9255625,0.0750009745490718
84833.44035327777,0.07174803576839484
85125.75353169146,0.06503493243509012
85424.8805747341,0.06388588441086544
85724.97268134472,0.07063754758734651
86021.60975305563,0.07304461514838574
86311.28373659267,0.06911035369828937
86594.68921366561,0.06548758201094614
86871.08927568782,0.07307154707610966
87141.2939085978,0.07518490556083215
87409.457578587,0.07824063058718499
87685.74011228945,0.08407093994026793
87980.885875,0.08127778186790953
88289.45724628636,0.07328253031223729
88608.87233381008,0.07061533826332626
88931.94858996756,0.066764333411356
89253.5817580635,0.06463518527207571
89582.3032873807,0.0697355236288998
89926.55272342017,0.07376851620009817
90278.66385399087,0.07722171014308153
90621.70871731009,0.08562509287200291
90942.38015600624,0.09316166810705127
91246.73408707602,0.0951915522908278
91565.7859854378,0.09059150940394692
91907.01874765655,0.08438500602746547
92257.43453605035,0.07836420469249548
92618.11425720344,0.08265582431510492
92977.71344663834,0.08489817348586433
93338.13881796101,0.08403344798023146
93708.23171036204,0.0829114575187087
94088.80831725082,0.08270330189775958
94500.27271025705,0.0805738291288949
94912.66059168644,0.08419611694659943
95333.31882521669,0.08344510608603523
95777.4435026488,0.08613333998764919
96229.86375818012,0.07596715806183237
96667.57074235808,0.07372763882753185
97090.94365757784,0.07125671524876093
97504.10274954798,0.07515593886778975
97917.56985087665,0.0735969589293088
98332.92473588798,0.06795492754560943
98737.90521533483,0.06843390146941702
99127.80112429732,0.07118822091828537
99526.4000748503,0.07107879719925296
99919.26021679542,0.0665360354960806
100298.0647980523,0.0621756777730875
100715.74610688924,0.06423743934355018
101176.17715995511,0.06927553568268553
101621.25910197964,0.0750942767963968
102051.1068264071,0.07686828300866498
102468.1210532884,0.07562214823659855
102858.26497005988,0.08382683110767081
103263.76311030741,0.08102504622068195
103683.27758405978,0.08086082126294757
104068.94268787028,0.09424389560399499
104432.83148877634,0.10064462685621453
104785.42954149016,0.08873701337575929
105153.52871769259,0.08063400902898027
105530.05376812496,0.07941305196615857
105903.60890440855,0.07652870223593194
106273.77345165928,0.08356620538024598
106648.90899451097,0.08632040981847541
107019.93719595858,0.08921863342982142
107388.85434348477,0.08765699727348113
107740.97481296759,0.09386196860632465
108086.83848025453,0.09049101943425444
108444.27115899608,0.08480149366951538
108797.69446005872,0.08468430470872697
109146.41798215511,0.08747119056635119
109485.72277968214,0.09320521775037921
109817.75701109311,0.09244538110329245
110148.43641690562,0.09438876354320827
110477.50555833125,0.08553519756876672
110803.4603095357,0.08034489211127116
111133.62520234093,0.08301946419328941
111468.00149597955,0.08561784200899432
111812.95304489184,0.07971395299997439
112158.66538006598,0.07765713492554406
112496.74951625991,0.07666827095596199
112848.25485664314,0.07528042642190395
113202.31748007968,0.07158642450100847
113545.49114050412,0.06894157989472102
113882.34080549485,0.06421417360542092
114234.28610660342,0.06622255661676597
114584.26584485121,0.06612968185806192
114941.02754184362,0.06687910966356998
115300.72320816987,0.06530506174684696
115672.22228453917,0.0676181707241599
116041.07335834896,0.06841111402837223
116423.03583203732,0.06950088970066964
116809.23323961261,0.06661811549413395
117175.7906991261,0.06094583849739697
117530.14270606532,0.0628755520322575
117873.9913282176,0.06357866556334318
118203.22795631825,0.0660607470704587
118517.01968479413,0.06863068929708876
118821.8282032032,0.06829072706919288
119126.59118398903,0.06432561509077286
119433.61651696607,0.06610363633301419
119725.88507249083,0.06546045238754374
120004.94735528942,0.062490380218084084
120286.74992179191,0.06101675104474269
120569.49866351712,0.0643587478985383
120870.06862928934,0.06825500479907332
121181.19403543798,0.06858484509720106
121483.04856911278,0.06397352994363714
