D,r2
116.81180911296846,0.15890295849785663
163.44251284077438,0.15406757556473105
213.00384055092042,0.13661189276420804
264.36753193242686,0.12446514040601453
316.5669270488548,0.11610914528990708
372.34674381054896,0.10877657357340806
429.1480686695279,0.10144908116783527
487.43577446532726,0.09819743192846
547.5029828980512,0.09735736179397655
608.0794693111766,0.08773090790473832
668.8343069569835,0.08338645718645733
731.6478555304741,0.07788754265617402
795.2410297452315,0.08046402643158608
857.9775940250734,0.07793851326968444
921.226613785558,0.07697792382265409
986.06684910086,0.07579485408966048
1052.2905569007264,0.07192212001246395
1119.8520749665329,0.07043285236027498
1188.8964874933474,0.06737408699638801
1257.6013594562176,0.06983829151884895
1328.0386044043512,0.0682305314838796
1399.9644090305444,0.06617196573404141
1469.672715231788,0.06282362890969045
1538.2206276824033,0.06413205352288766
1606.5297902097902,0.06620477585874558
1675.9421885753613,0.0636952563831979
1746.4324026956401,0.06167433746140059
1816.0132523467698,0.05844014831839904
1884.5990030462476,0.06037237054677847
1953.8513983581468,0.05902211487936942
2024.9698471705906,0.05838109700884739
2096.4739733553083,0.05790467003471181
2170.2086371284354,0.05757468278980632
2243.4669056811913,0.05794631895091468
2319.2358464512567,0.05570935394600737
2394.725777470629,0.05801560447332529
2469.5084629145454,0.05610679400828648
2545.8403535423286,0.05427039032149764
2621.732257166713,0.05387012028517764
2697.8444444444444,0.052261805731504594
2775.632510288066,0.05511836559436371
2852.008008837338,0.05380806601348178
2927.0683238439105,0.05416199046570338
3003.6287973366625,0.053276376653510905
3079.8964275823873,0.0513754079572018
3158.5538184836746,0.05296141536387972
3238.1685192809114,0.05197965758281622
3317.6373855120733,0.05217630820228925
3395.6516370699223,0.05087324555253655
3476.0384509371556,0.05013756471253172
3555.271335096756,0.05018297707125945
3635.6052992861064,0.0504359128709015
3715.164212281189,0.05180991345344855
3793.766786903441,0.05079083416240657
3873.4353543743077,0.05005657699277167
3956.3503158472945,0.05026609855786119
4040.294925124792,0.049828016400641155
4125.7936022253125,0.048893063631517464
4212.286602209945,0.049696855732404295
4297.756890848953,0.051108657364151745
4382.926541926542,0.053052245903527855
4468.682899986243,0.050899120725882215
4555.796298872965,0.05134356055301428
4643.841498559078,0.050905928925375175
4730.645749269514,0.05007281426120535
4815.105890505891,0.05065924469987688
4900.955228031145,0.05079031537506468
4984.479565157561,0.04946711413370094
5069.803011465672,0.04985704689772185
5155.807320441989,0.04944654101389495
5239.813198950711,0.05076844256999238
5324.149703079685,0.048698260761906906
5407.35590858417,0.05103508098245874
5491.077424725961,0.04805311970793702
5576.23251000414,0.04876007296970148
5663.385894968381,0.051302268277059186
5749.766616001106,0.05149744918999014
5837.493737823545,0.05183046376014811
5924.088430667036,0.05013505357319422
6012.434943727697,0.05084224969678505
6102.277677455202,0.05018487863931725
6191.995299972353,0.04997157740848343
6281.733786974031,0.05010059398957906
6370.690281436296,0.04852211794479422
6460.611149441148,0.04927509956408673
6548.452541672406,0.0483402095391688
6637.330206896551,0.0501622043675631
6728.855501730104,0.05126942395964787
6818.936325966851,0.050412263167018155
6907.865873893806,0.04786135230928245
6995.476950846987,0.047498696692046094
7081.341538033653,0.05196870960067866
7170.5623196372135,0.0516750407939965
7260.416631900987,0.051230466798506964
7349.577248164057,0.047282575557260065
7440.559895475175,0.04933332916561
7531.403279599777,0.05072508977519287
7622.9529200607485,0.049258472612841525
7716.088677423803,0.05311966213929185
7809.1654208194905,0.05085718454006594
7901.070165745857,0.05014128293019731
7994.143809920801,0.049485980208888516
8086.844146880177,0.04779632173604579
8180.658990623277,0.051183013372610386
8274.211575740792,0.05103847842610362
8368.366763365106,0.050482749847919464
8460.71408820683,0.05053503497406212
8551.535565434842,0.05000207385309037
8645.45761543763,0.049278971868990405
8738.64538419016,0.048188644724550485
8833.278960464473,0.052113282509831195
8928.404456824512,0.050681506894760045
9024.351216814159,0.05077637071100753
9118.54827586207,0.050647102695189156
9213.586425713891,0.050012660142199704
9306.232638888889,0.050767175721256524
9399.54404432133,0.052011408888598835
9495.828256374914,0.05021315460209677
9591.141029207232,0.050069055586271054
9685.898361566231,0.04996262074356763
9780.950837681956,0.049732122122397616
9877.017548708029,0.05205360859520481
9973.416990022173,0.0514670878826743
10069.042001663433,0.05159913404189335
10166.228879072336,0.04750538097590315
10263.577854195324,0.04943468862014716
10358.117540435025,0.048033365821773324
10456.395435684648,0.05095583730091506
10555.72226809799,0.050218807093216175
10653.224325076537,0.04803422430301406
10751.1585751616,0.05114238172420245
10849.81449597334,0.050781221006861665
10946.096071674707,0.048968932190839136
11039.73148663697,0.04996023513617
11134.034896551724,0.049838838818957114
11231.30708878183,0.05012057643437552
11328.104935711322,0.04944560799886882
11423.598294183445,0.048803811488257964
11520.365482233503,0.04936680604945299
11617.4713278983,0.048609914243133656
11714.899875707775,0.04791470896715659
11812.758720930233,0.05034856844310757
11908.47121505674,0.04979819649182562
12003.799223516362,0.05086396444840537
12101.388789175757,0.04931964536940261
12196.644702306949,0.05022764611245888
12294.426519337017,0.04776641091844519
12391.465093549288,0.04825945698569028
12488.787627727148,0.047296996753397456
12588.536368684065,0.04868841325007685
12691.447484190267,0.05098839840894302
12794.51446679526,0.04951468922643911
12895.766560641681,0.04890888877889606
12996.638294918079,0.0507041200997978
13095.427081885166,0.050794516129585514
13196.81288553804,0.0500263263271488
13297.701813110181,0.04922484033792788
13398.189073895694,0.048373749160664795
13496.95605766565,0.049727950789521184
13596.383603379034,0.050562861020693316
13696.89782939306,0.04841712129923095
13796.572082062656,0.0481384659651938
13894.465029659263,0.04925605527010263
13993.097914652672,0.04895301644674995
14092.100291302539,0.04990385753353891
14195.185645272602,0.0501481231976188
14300.33779125879,0.04927688975178334
14405.732031574575,0.04910071057841151
14512.20425177157,0.05092235222589033
14618.719845431962,0.0498735661791525
14724.88086045229,0.05239864732289684
14830.282196707705,0.05002228634954139
14934.546855476885,0.05105348669989854
15038.334667402705,0.05089662422719097
15143.52573734001,0.04974073459191895
15247.114603348888,0.050601637515923795
15351.820194986072,0.048048057503698866
15454.304888152445,0.04980049570512956
15560.542880932557,0.0493925954694762
15670.107373335164,0.050620167056693456
15778.960365853658,0.04995039704429788
15885.78859988932,0.048335610241360356
15989.410476718404,0.04927897369518744
16094.503547085826,0.05031269727037937
16199.051994497937,0.04961165725369098
16305.178566515338,0.047659411796037346
16411.533925350355,0.048307234833675834
16516.789261931186,0.050797388600432446
16619.22781146637,0.05040141395034467
16721.598640399556,0.04929981076812952
16824.93539054966,0.04871989870805525
16927.017512161223,0.04955559501380993
17028.25875862069,0.04983808692693488
17134.62947601272,0.05063933182041685
17243.64686285397,0.04987750448225046
17351.36294240111,0.050018787891375656
17457.7238372093,0.05003879098370289
17563.97041501164,0.049075597346779264
17670.50661836422,0.050110156989625516
17778.835378464082,0.05011383975693859
17888.884365046393,0.049078641044438265
17997.790360447452,0.05011396925083738
18107.43096524027,0.050304030196198724
18216.091703662598,0.05130572343099125
18327.27218853363,0.05101798558100148
18436.09833333333,0.05101421663162725
18542.437266565223,0.05152916999940322
18647.681780481063,0.048732509567124195
18755.695616097357,0.04953985518644611
18865.6743220808,0.049189379840647945
18976.157800441015,0.05132929708424867
19088.062447960034,0.04925616166286068
19197.747263405847,0.04913208808511965
19308.53388316151,0.04811828827517035
19417.771864171864,0.048542396919226294
19525.268265631497,0.04934361706600412
19635.62317039492,0.048555018896546655
19747.040680780407,0.04828121915534844
19859.159556786704,0.049038075523593884
19965.952902063997,0.05020662162284444
20072.056217114372,0.05213203311681746
20180.432684398136,0.0499477825206043
20288.519673039624,0.05204010177777724
20401.771614331166,0.050069420197608336
20512.203443966115,0.0509804465751524
20623.633897838357,0.05113645891868389
20735.005128915996,0.04964411405653317
20845.08630993746,0.0494140582147196
20956.79348875707,0.04974653646276992
21070.304901689284,0.048845535616472036
21179.85716272601,0.04933998035074437
21287.770618201845,0.048412894597178784
21396.915446255873,0.050241316723346766
21507.641619298487,0.04888640817125173
21620.060601877416,0.0497752227485507
21731.04846058263,0.04992734856785547
21846.484463471897,0.05145752481859984
21963.975946917333,0.050793057651649695
22077.11737741353,0.05197449865483421
22190.40425826075,0.04891111197776698
22301.186040082932,0.051525128439937846
22413.427058659607,0.04990180340556263
22527.223600771988,0.04969350474937139
22643.067326188513,0.048059874708588066
22759.064435840708,0.048262202290523075
22874.376537239186,0.047585948240859884
22992.482001389853,0.0492181221787101
23107.130362808664,0.048578457574901236
23222.865607734806,0.04901735940634646
23337.617536534446,0.05043271058714577
23451.313418486472,0.0490064062867602
23563.454545454544,0.04938310019406224
23678.105073468258,0.0483183734822606
23788.190462988634,0.04862826623823056
23897.042438484932,0.05118593254100438
24009.493182757196,0.04873230152884135
24120.957849640687,0.04927062771269434
24232.765916041146,0.048319358916639035
24347.28407520044,0.04865104711652246
24463.323895027625,0.04880966916976269
24580.931874826918,0.048771610979312166
24698.422785507646,0.04749668344629505
24814.171154913936,0.05000134453983119
24931.536975717438,0.04895517452319117
25051.962799059605,0.051665019820334265
25173.683831672202,0.05225741315687856
25295.10990990991,0.05131738460741322
25411.363999449113,0.05191403437770349
25531.431216931218,0.04967156728862285
25654.250896057347,0.050964564111266666
25774.56417001246,0.05156845296286824
25899.295376121463,0.047957014638194816
26020.92776243094,0.04840748118118355
26219.741570222082,0.05076917969965465
26503.27537313433,0.04941291005994276
26789.878259238416,0.04911729659590752
27072.409936337535,0.05115082827645338
27356.368309815378,0.04924265451119339
27644.366183091544,0.05047643661288797
27922.67875195008,0.049834392159203905
28202.32899164901,0.05072577569169003
28475.806001743244,0.05057918997504035
28755.918994761785,0.05128103601036083
29040.325956489123,0.050427738523905814
29323.550389044507,0.049578607718331884
29607.124867262166,0.04945763856185236
29884.018863210495,0.050076319742834934
30162.32256253509,0.05080392477187852
30440.10129337147,0.04923911285582865
30711.038346427235,0.04930319493020366
30980.81966495812,0.04976356029832988
31257.050717404865,0.04910604140790173
31533.202918433526,0.04921423848269399
31810.520883909117,0.048372622487045755
32089.759044411177,0.04881962870215637
32375.63907243486,0.048490945644824986
32666.16673946958,0.04856844315719611
32957.49529213693,0.049537431159478916
33246.95954045954,0.04907162556485889
33545.279023418036,0.05031548271755205
33845.46876365225,0.049267132265968794
34149.807966038206,0.05055575450651405
34454.63749065537,0.04921378334005633
34757.130169026386,0.050742098605126636
35059.20661879488,0.050143102263371986
35364.40890637686,0.05052837471127862
35670.74618593935,0.05120890996224216
35975.19011359381,0.04938095932076501
36269.86639221557,0.05018983119981056
36557.19130869131,0.04809028581945916
36844.05832139074,0.04907708927238586
37138.476694915254,0.04879605486087712
37429.841305571186,0.05018623475872085
37721.84758341129,0.04995986319420649
38023.7050130939,0.05062499698260673
38330.99588810666,0.05082514548788106
38635.22229152373,0.04894579824245864
38939.057795531146,0.04937412934140356
39239.41736851956,0.05186358601960722
39540.50320692446,0.05327282489625405
39847.43379366369,0.05214202083209537
40160.953308364544,0.050420123161791515
40476.93054778338,0.050815709281550867
40790.6724547158,0.051856753866444776
41103.61435788686,0.05081078071460681
41418.782055281714,0.05079421419661213
41736.23094630747,0.05043537357864056
42060.606285928516,0.05042504329052738
42383.590096543136,0.05147991726183288
42715.067424857836,0.052620621753101324
43053.21348944386,0.04972820310217235
43394.20511221945,0.05172289065142305
43733.666916448106,0.04973566682332168
44069.773540225586,0.05028737529985201
44405.00643548891,0.05175208705781023
44743.44395987789,0.051034965574903564
45079.90632201806,0.049201648340488194
45418.14482715587,0.049848489555323894
45759.81820448878,0.05018328103199808
46102.04865236695,0.048899525867790165
46447.97826086957,0.050435329361027646
46792.481740433235,0.0502514564198818
47142.30025572257,0.05147824943730452
47511.326246882796,0.05086876621163742
47872.10658346334,0.050323699735733196
48237.88219536506,0.050242388973732205
48605.37305053026,0.05150086133008343
48978.27121817274,0.05241538348124999
49340.11566280085,0.05105260031127235
49706.7357797022,0.05091986662193345
50066.06397453501,0.051513341914630036
50421.05770430443,0.053174026219119416
50781.89560610782,0.05106867153946906
51145.469580441444,0.05095700730529615
51512.112260799106,0.05088938400060215
51870.434205607475,0.04909119265079263
52228.908881415045,0.051318786401752324
52593.18802671827,0.050649414468844745
52957.28964441672,0.04945231681967422
53338.75249314385,0.04933927551767331
53715.11608758031,0.05150187911908601
54085.24886058563,0.049880392240450426
54463.36249766312,0.04976052013208282
54847.85894473931,0.05146556139368778
55242.64164120471,0.05369559246889642
55637.76508768645,0.05066223312307471
56027.87369929591,0.05003060315817837
56414.93314641745,0.05040857669717003
56799.75828021497,0.04942308826352055
57173.06215357788,0.04773282365266646
57531.59144818976,0.04710632940576157
57894.30622696896,0.04758252043619295
58270.22709138512,0.04810147238980696
58661.10649447876,0.049080467543382945
59052.04267912773,0.04903544017635993
59431.49600748596,0.049601800492956885
59807.3447330717,0.05012024396096055
60179.36207866925,0.04747414311543646
60545.87747478521,0.04786860192141383
60907.033723974564,0.047877804700053726
61266.197503900155,0.049565544857002285
61625.4688299532,0.049719003053315274
61984.401594419534,0.0493744968513941
62341.530851861105,0.049482831147863456
62704.92942203379,0.049614173620933184
63069.33977797181,0.05049204963316033
63439.21137907397,0.04866971362415519
63815.897978285284,0.04891521407552753
64191.74704669042,0.04905225367627888
64567.25746338423,0.05083865082076863
64930.131393682634,0.05101656657701258
65290.15453352496,0.050363340024627765
65652.26020567156,0.04948209294496931
66013.15012468828,0.04999608800378921
66358.51036981509,0.0508850993716667
66709.3631149074,0.0510029226793808
67072.98104501808,0.04903117272396557
67440.06157006786,0.048919954644700794
67803.37843235147,0.0482739742368263
68147.07250811892,0.04918349671990275
68492.84337349398,0.0503533842330742
68844.91942921236,0.05183887926419733
69207.62130288282,0.0500890679881491
69567.06547174508,0.04748831033687067
69933.18378546929,0.05018690044360681
70287.75245052132,0.05087854698254585
70650.07967581047,0.04981221304912134
71012.24438342487,0.04843944359559897
71388.03492360462,0.04987564726551918
71760.72692643937,0.047889888643965615
72133.87226231956,0.049207679829737054
72521.46069172556,0.05036012514751253
72906.18470265553,0.049399346734311976
73286.71360009973,0.04957891023155725
73653.02339947585,0.049418549230084416
74038.26802517605,0.04999793800686725
74424.54250733962,0.05081284293741019
74808.05907251789,0.04957467225583215
75192.77088409872,0.048743844483959735
75578.00504924572,0.04867599892187922
75961.74613562702,0.04929680337392514
76341.87326757397,0.04788445440048131
76715.45356519571,0.049660840090749954
77097.59054627089,0.050091690589631144
77492.91588143526,0.04972577539970143
77884.2228389672,0.05229171771208827
78269.3044562169,0.05070304975891957
78650.51139414372,0.0491076396425168
79026.44172581247,0.05130549838073684
79408.02192653673,0.05241866468917689
79778.71103633077,0.05131161332412101
80149.80229369235,0.05094022591302088
80516.74664586583,0.04818751993236806
80881.69845232152,0.04799330192122915
81249.82652043868,0.04977990481043121
81617.8300861746,0.048927178310417686
81989.69137112887,0.04841789873254239
82353.01321695761,0.050171379965246427
82718.83415424902,0.04928056184592575
83086.84598617426,0.049695055768847085
83452.38406205042,0.04751121676794832
83825.10831673307,0.05005501757851975
84187.15995511782,0.048961791549945496
84556.04974410187,0.04813653092163601
84934.85100947159,0.048202546623157885
85307.92202923904,0.04773541811590378
85675.42084268262,0.04762970961182681
86047.93265153405,0.04752605628511498
86420.06296804793,0.048398290582505415
86787.32899327186,0.04793060261065974
87145.14230433154,0.04967269862014266
87511.42512619181,0.04888580020897242
87880.01341402545,0.047928697675287894
88247.08762725626,0.04809808657237214
88607.55038614848,0.04923102066444512
88980.54322838581,0.04975317466141138
89345.36273044345,0.049837064189466804
89728.37880299252,0.050678541714763006
90106.67217613672,0.05108652120991402
90489.75601524905,0.04897607817859416
90872.81047257331,0.047743108442984614
91249.40268582136,0.04734959972762482
91654.19283042394,0.048707071148788396
92059.1983661761,0.0470545523156232
92455.33499843896,0.04706568655805803
92856.9257068128,0.048657339946394526
93262.40887806706,0.049829506542021944
93660.9629422023,0.047177782907705884
94063.83505991014,0.04656795958668772
94482.0243659251,0.04970814196577347
94909.87247861113,0.04882271095375208
95342.19946343898,0.047731827008455865
95773.07882910997,0.04840580795179413
96190.04802242292,0.049185693463631976
96597.19359870227,0.04666461467659729
97005.77346722384,0.049722313215798605
97422.38334476095,0.04863408294751674
97845.82270344484,0.04938371943740243
98266.68773025289,0.049483294518880346
98696.62876712329,0.048308153533168016
99134.06451814377,0.04757991122507999
99574.41334661354,0.048465088451401746
100027.80308518611,0.04934512265176846
100478.99912587412,0.04800910725402162
100926.57085020244,0.048848650609242386
101369.31622971286,0.050303541092143224
101807.46589350293,0.05187273665516093
102242.16673944233,0.05031221453078415
102688.33657381442,0.05212005879019902
103137.9743525741,0.0478716751779392
103585.2581067598,0.04853670227853667
104044.24393741039,0.04668258208377965
104519.31755829904,0.048634812550190185
104980.01437140715,0.05098436581059569
105447.29491419657,0.051618378351136265
105917.13623621753,0.04813266413987201
106370.89697347894,0.05141805660486044
106817.98784365064,0.04955257930026347
107262.07144195342,0.05131841170907743
107700.1125427949,0.05203572455120363
108127.84037236037,0.0501044083924969
108549.63060422773,0.05035662859840619
108962.85350516747,0.05167328056912443
109391.47138573036,0.05115030551558453
109821.19310044212,0.0476997397242453
110251.04347826086,0.04715088914054031
110673.70764140342,0.046798028826733326
111091.61395087895,0.04991508006865766
111495.14008876664,0.04807512921040558
111899.66187184757,0.046906365561835264
112291.50143355771,0.04677528461088366
112673.4177381101,0.04960425154156553
113046.74674150297,0.05026372801624603
113412.20168434185,0.050108127987878774
113786.34182908546,0.04892951925848529
114163.39036069652,0.04769246624865665
114539.18102855714,0.047528413683853125
114919.19022111491,0.04985678531446045
115298.33445671847,0.04967725854244809
115683.33780160858,0.050113669102590006
116068.6785513581,0.04892628788385296
116454.39171398265,0.04963187951859379
116861.55494676546,0.049899796159208705
117272.5899258151,0.04990629883847593
117665.53765990639,0.047386651433041764
118053.501125,0.05015704529927161
118435.61148164308,0.04993573274415677
118823.1306761477,0.049262407061120436
119209.9207655383,0.04745593752535697
119588.73508859496,0.045830108407726264
119943.84541604384,0.04720214322170037
120303.18898326256,0.0476657043010388
120666.36036372696,0.04661375751697663
121044.5374234662,0.047832812931378615
121440.08415348199,0.048779751602642904
121824.4985971694,0.04919953497561314
122223.61751497006,0.047568973052745524
122620.39502779687,0.04826414474046516
123007.70127845339,0.04775062935907644
123398.61925260465,0.04932944239407399
123798.3954675632,0.04993917109485846
124207.34616584514,0.048493268691240286
124613.93175148299,0.04909690956501889
124992.87311197104,0.04969026217419391
125376.88311850053,0.04923671978270064
125755.66420986883,0.04898718765900951
126131.24488267598,0.049480806542918684
126508.04523394724,0.04992591721248979
126882.28876972002,0.048714522486629795
127254.86813872255,0.048244711762350664
127616.68009996875,0.04972196504024513
127985.07097821338,0.05088174826407464
128347.46297681377,0.05066655665662256
128706.67549875312,0.05056292413045392
129085.32956603184,0.05173081658789017
129471.53458923336,0.051616024582039816
129865.45071299582,0.050722671909042304
130267.55640881564,0.051025400239636046
130673.67742136406,0.049640150723888894
131059.54159369528,0.04859774304045399
131437.15078129864,0.05061418077385138
131807.04219908995,0.05101615399638265
132177.66775060972,0.0516503876797143
132542.40891545263,0.05099935049116481
132909.56409139014,0.050805628959667164
133272.51528765756,0.05089963975411037
133629.04071833883,0.05042385424507526
133991.10011248593,0.05259133165284777
134348.36813255263,0.05130724394587312
134699.7293110986,0.050497939423512564
135066.87232187344,0.04953924094448965
135447.99157934132,0.04861620790115229
135822.97040644314,0.05047470948121808
136196.77442671984,0.05255561306304233
136562.63493449782,0.05273942576031015
136923.1722673329,0.0523999056621407
137290.06282298735,0.05040731416212558
137658.05831358364,0.04961728101327823
138021.3413857678,0.05020805468360318
138388.1705919003,0.05031407059408747
138748.91520029953,0.04901973744168593
139115.0678114268,0.04982039953664328
139482.65317450417,0.051468034162922296
139862.63282466523,0.0524963003233857
140241.64464151885,0.05298698679228859
140622.79785442524,0.05342990159196242
140993.209794136,0.05163754951296661
141364.64039347527,0.051825086053135724
141749.34564429446,0.05184627276314285
142149.03416941556,0.050248047584743986
142547.4675413933,0.05112749567648618
142933.28187877656,0.04903619167099541
143322.18545113955,0.05014143307517551
143704.03853588577,0.05189287223661363
144080.01409856518,0.05147839503080528
144455.98665918584,0.04967651751583907
144846.53119340536,0.04926234004008454
145246.04740223289,0.04954128407580431
145629.67728264257,0.04938021644067426
146004.66857783872,0.048772157046997805
146368.16462576535,0.04872337508150382
146732.29839965128,0.05075318639918516
147097.27875195007,0.04849638953576958
147479.31310543092,0.04871192710696972
147845.36238560668,0.04812727702664407
148204.42685896234,0.04816189607992964
148553.53110972568,0.05157431589095922
148927.34574434967,0.04937802863620293
149302.87368224066,0.05063444492713052
149656.21843599825,0.049622298835266886
150001.35806471726,0.050622574612324917
150344.06279620854,0.04964739743936978
150681.96828963794,0.04855886196264227
151020.6540550665,0.04888775407960495
151368.59654914663,0.04931911948930992
151720.72207322397,0.04999818915969775
152076.315769759,0.049108721907652836
152430.0312753605,0.050702374262982026
152787.42922146732,0.05128856645793151
153143.46677885813,0.05060206799129262
153497.57190927217,0.04996509379807786
153843.09872531868,0.05032813856972547
154181.4593533919,0.048626508595060285
154523.72132375897,0.04887817639375595
154884.21116308076,0.04762515940382214
155254.76141246807,0.04976843882210977
155618.37957526546,0.052068741663520844
155986.38979668205,0.04898354942179011
156355.43626168225,0.050007081980600165
156729.99700710812,0.05019887120542045
157097.85605445574,0.04962525450550863
157460.76454103875,0.04887740384237174
157823.40417966314,0.04920560898493221
158204.75796496042,0.051532274099804584
158594.3878632905,0.049071508065276284
158984.43616821847,0.04865521165625669
159358.4793573697,0.048626133399711426
159749.1514414077,0.04843912248186694
160137.5733000624,0.04767139010742797
160526.4854823603,0.04990725979281037
160929.06183063512,0.0492934490479221
161339.0767263427,0.04897415847940483
161743.1353021978,0.04973752853841766
162136.6785291368,0.05157218604068111
162528.291375,0.050057353642848815
162916.65347274084,0.04973904625910659
163297.88909704008,0.04937971467243737
163689.48301228104,0.048739217220214494
164081.1008046909,0.04819507246609697
164462.1633123559,0.049037593476951066
164843.2618186354,0.05037436344890415
165231.64972844746,0.04930793382657665
165617.62765891087,0.05029320873383971
166011.30224880084,0.05225162770464823
166416.33364579428,0.05009075481768866
166814.66917714427,0.04775063946006708
167209.41795143875,0.048393052908690684
167612.085089141,0.04795425120686178
168022.85810599913,0.04933612992205551
168447.67694035437,0.05033010302236535
168894.59594383775,0.050217534867377046
169345.42378371643,0.050214196262255616
169793.37602196843,0.047702821015829795
170268.8305496697,0.04930830912577025
170742.2708047411,0.0501533993968106
171206.4621235738,0.04939751192784592
171663.72775556112,0.052399087417685175
172118.84823763857,0.051088278459343536
172580.33568353404,0.05138692667627941
173039.14653453004,0.04942222665213537
173504.15443196005,0.049429703384368806
173966.70858532327,0.05066285383359772
174412.510058728,0.050794975498052716
174851.14521554948,0.05090184866721177
175289.55010288706,0.051757670982314506
175737.89529807933,0.049874804643702725
176190.55636045712,0.04813531007875805
176640.8735424331,0.05120428032553492
177072.51532901297,0.04961993127350453
177490.56277677292,0.050584365394770195
177912.51123595505,0.05054880876898361
178337.19400749065,0.04933254401621332
178760.6890855825,0.0510424706590093
179188.55565244472,0.05020360992401695
179620.1074390472,0.0492979265460084
180055.14763213796,0.0498971315613787
180491.34072367192,0.049392618355299886
180945.2797726847,0.05085503283761345
181407.13541991395,0.05072699941478675
181864.21360858178,0.05483157511265552
182307.79890116752,0.05081134683759298
182740.1948465186,0.05058651595453872
183170.86826683293,0.04911327960379678
183597.34441953164,0.05096950497349314
184032.33426843712,0.05123237433259019
184468.58628442945,0.05006512065690483
184905.9607035928,0.04839247291155209
185345.4600736717,0.04900280035320764
185781.74855329475,0.0485462978866772
186215.62788083192,0.04661002108980801
186642.4032790973,0.04903101575225936
187074.6793735962,0.04826037449235666
187513.04787731438,0.04989146036520665
187944.33297971918,0.050305499072851714
188376.57770986654,0.0481455974084956
188804.20712861416,0.04784481268775553
189226.23482767234,0.04885849154094844
189656.4564051391,0.04944439902621571
190096.48768780002,0.04861525577302173
190530.80278436758,0.049275063635407804
190957.4493150685,0.05005397891223578
191396.6621021697,0.048830152461462724
191838.3720828925,0.04999342061514774
192282.85663484933,0.04900251238691848
192731.14384672992,0.05139771903952717
193172.02913105857,0.05106371065464217
193617.38505209307,0.05014761748561711
194064.23937164943,0.049282214101289946
194513.17095828918,0.05062655761034317
194958.18833437306,0.04855547663484221
195383.04594830816,0.04983485233522541
195802.94097849797,0.048643249902021166
196221.38029488942,0.04921193289862
196667.8317448452,0.05059876334960199
197128.82476795613,0.049949884193244885
197587.7649556638,0.05106511617820852
198035.40658518334,0.05020687982485961
198480.8770287141,0.049203676034321804
198925.64266550197,0.05068253100343963
199376.78184762973,0.05187137117196681
199825.8714561655,0.04981731215718394
200261.62710595282,0.050418999051287286
200697.75786124283,0.0494972087577373
201140.92499688006,0.04910351463012153
201574.74931421445,0.04994127523423445
201999.14695049627,0.04919157525762952
202444.79508299014,0.050490924334904354
202880.10540085964,0.0504124076969842
203307.51449953226,0.05000680299805568
203743.24861292937,0.04993121480779157
204174.4369023064,0.04799065092606624
204611.59364485982,0.04928704020865757
205071.85279441118,0.048746888757453775
205544.8410381184,0.0515366512392369
206001.82131954396,0.05113070759459073
206453.72163662445,0.05104714724533277
206913.34468987896,0.050260351098384955
207370.7222152847,0.05096332639802351
207828.46343590383,0.05078180795311139
208295.19479628128,0.050767760297413256
208764.93365342644,0.049813702434973246
209243.95591444784,0.05057230556715764
209717.5974422957,0.05049303301403357
210200.91827312997,0.05196216030713329
210712.85829177056,0.05061884890536821
211206.40373330005,0.050061387577654326
211686.6991575663,0.04984102150520361
212160.04949507542,0.04966019701464343
212639.81161949883,0.05016133152813837
213142.35306593476,0.04979095095834472
213654.9626996008,0.04889199435896017
214170.95456811666,0.04941333872494026
214681.19495913657,0.04943027177466105
215185.34815184816,0.04760771623877237
215702.5865678151,0.05075301302300583
216221.8192823713,0.05071038826956828
216735.3984530938,0.04962734877711045
217248.73059873885,0.04744795623422852
217739.3004551406,0.049030824728735566
218223.1100099726,0.049308807932821934
218694.69118013972,0.04971466818495143
219170.32121476677,0.04847054221144027
