D,r2
78.06955177743431,0.4658519478998299
110.94394800974817,0.4205459996186592
143.55564715581204,0.3988841107827823
176.19604471195186,0.35550330381612955
211.63095238095238,0.3132021528015684
247.41949152542372,0.291967077141837
283.5550986842105,0.2685383955722383
321.3122529644269,0.2658601359894134
360.29368334700575,0.24315125580326302
400.61650485436894,0.2319865355709612
441.519864750634,0.1965601285230054
481.13776337115075,0.18615109484561734
524.1477911646587,0.1921004129955386
565.7732128184059,0.16829266133492124
607.5576114381834,0.16639531703437288
651.8793242156074,0.15236864643688267
696.190357439734,0.15511063970982059
742.7002417405319,0.1377938312332692
789.7063758389262,0.11821323594953377
835.982829108749,0.11982973151057473
885.9732793522268,0.1125613333010723
936.1489711934156,0.11366125902047854
987.2074074074075,0.1160219542380147
1039.207896857373,0.1126346453059696
1090.0716723549488,0.09588141204222714
1139.9422413793104,0.09729374134844412
1192.1449031171019,0.10007232466151803
1245.3924914675767,0.08291456313481696
1300.8464135021097,0.08359944327910977
1356.6935064935064,0.07812273863404456
1410.879426644182,0.08463631783073705
1468.799830364716,0.07160519921866058
1528.980341880342,0.07643940503906016
1588.491154170177,0.0746368364877744
1647.9081455805892,0.07310844146780723
1706.796822742475,0.06787941959773397
1769.672131147541,0.06812554194768242
1830.8957627118643,0.0699401428776238
1891.7878275570583,0.06078019127013551
1953.9134125636672,0.06850036432664378
2021.2461273666092,0.06804871579599918
2087.4881355932202,0.06462694875800694
2151.0270956816257,0.06518837887888149
2221.838022165388,0.05929379140379473
2290.3533898305086,0.06110293010029672
2357.31217838765,0.05825448312714222
2424.788494077834,0.06478249787971767
2492.9012765957445,0.06181716450922933
2558.1238337574214,0.062378544297417904
2627.5652920962198,0.06525607558554239
2699.0942275042444,0.06048084074422594
2767.2864406779663,0.057663060978362
2837.006820119352,0.0600382593409946
2906.391525423729,0.058113254599354014
2977.862010221465,0.05858167413506971
3044.7075873827794,0.05651382072680358
3113.6492728828057,0.05857769305222236
3176.833474936279,0.06354245495791165
3243.9795396419436,0.061382898684361566
3311.4701429772917,0.056220307593496485
3379.7779675491033,0.05247144912916424
3449.022900763359,0.05723366206956825
3518.956072351421,0.0527695338668359
3590.798312236287,0.0562944871317796
3661.883661248931,0.054748567242249906
3731.471332209106,0.05412534307332015
3799.680887372014,0.047285659124133295
3871.3017094017096,0.05171045604698756
3948.8887945670626,0.05660556736212777
4020.9650468883206,0.061634609107076826
4089.0540997464072,0.058778501388901706
4160.067348678602,0.06188043420962747
4231.5227077977725,0.05654353429106352
4301.101781170483,0.06467061665377898
4370.478260869565,0.06211140926403557
4439.09168081494,0.0609267011719917
4508.896170212766,0.05706437801411226
4579.346610169491,0.06190233727501269
4646.786689419795,0.06059473281128333
4711.476754015215,0.05218398483014593
4772.943868739206,0.047805358238052424
4834.734177215189,0.04868387757480647
4901.250850340136,0.05403343801194755
4973.1180496150555,0.054868809872690806
5041.561181434599,0.05847260398460309
5109.144939965695,0.05178475431377912
5179.788851351352,0.05382991778050767
5246.785653287789,0.0539154944594681
5316.066723695466,0.054851362396384856
5386.668659265585,0.048643650916998196
5454.381711409396,0.04936193007837596
5521.933104631218,0.04867660767908909
5588.35811965812,0.05215487272635724
5655.036256323778,0.051941198724508544
5723.079691516709,0.050891537274932334
5795.871186440678,0.050852728615009446
5868.027280477409,0.054140530163601694
5934.047781569966,0.05129844901144761
6003.803586678053,0.04901754050877326
6072.307757166947,0.05277515417295885
6145.230179028133,0.061999120231577776
6217.03231292517,0.06054569773595952
6284.390677966102,0.05938838165644616
6351.633646456021,0.05633701379555237
6425.408666100255,0.05803272299242335
6494.877986348123,0.06151365998685245
6564.635434412266,0.06280959348960866
6638.094995759118,0.05952392058613547
6712.525553662692,0.06156521845440235
6792.694656488549,0.05357579114229776
6876.372866894198,0.05312278878048017
6959.919763513513,0.056334416420689065
7046.5085616438355,0.053505104594517704
7125.501265822785,0.05019427208952109
7204.589239965841,0.05519732209885812
7287.51198630137,0.052105832405671855
7373.450930626058,0.05131965248247634
7454.360544217687,0.05623531851306065
7540.303236797275,0.05503685715773312
7621.091914893617,0.05147081659335591
7696.418150975403,0.053157089606073286
7772.756640959726,0.05252117306198369
7851.942519019442,0.05657576174827098
7934.006008583691,0.05259405808227203
8018.169907016061,0.05191632078843274
8098.645161290323,0.04850931915407947
8179.248934356351,0.05729697674338588
8259.656946826759,0.0543235755480541
8335.865979381444,0.05750846597733518
8415.801673640168,0.05302903422244657
8493.32510638298,0.053191198045951
8569.796726959517,0.052857577412004426
8640.899659863946,0.05988290759303592
8717.153974895398,0.057771412007801004
8794.154436860068,0.05226877142558597
8871.896492728829,0.056481959116122395
8950.180496150557,0.05288519274668628
9029.16357504216,0.05338837692659849
9108.332482993197,0.05109942227082922
9187.60461144321,0.055539665948540366
9270.79406779661,0.05218483025931456
9353.306972789116,0.05234677801915802
9435.318377911994,0.05234355092665363
9515.189597315437,0.05468339424937895
9597.385210662082,0.053990192660068735
9674.736040609137,0.05585337022297611
9754.218243819267,0.05777834715383611
9835.523206751055,0.054492549746882245
9919.301870748299,0.049267701473806574
9998.242942686056,0.05045131893059118
10078.130323679727,0.05325122364137981
10157.623720136518,0.05015120806046847
10239.219948849104,0.05466242814773939
10317.817875210792,0.052781806227485004
10397.927288280582,0.04941664295465726
10479.282793867122,0.05376034230119984
10561.03744680851,0.05271382673862253
10642.528755364807,0.052613965692117126
10723.335016835017,0.051343737992745754
10803.8632115548,0.04880769176296168
10881.40524534687,0.05802091324050573
10960.196044711953,0.05340286850974078
11041.675148430873,0.05360366212835561
11124.558873720136,0.050130410360454215
11206.018723404255,0.05386244753865431
11289.497026338147,0.058950716530755974
11377.711604095563,0.05077061024429493
11456.126368997473,0.05499701350993417
11539.294871794871,0.04922304495638687
11622.124155405405,0.05291778150878223
11702.835475578406,0.05080109521609913
11786.14528462192,0.04969360093632766
11869.675423728813,0.04788925753373395
11951.377021276596,0.04374512805798845
12032.186206896551,0.043409907351320144
12116.22643097643,0.04801391632818506
12200.628620102214,0.0508114796143375
12283.49058219178,0.05142468240193238
12365.566975568661,0.05353617154854772
12446.426005132593,0.04563970794169823
12528.670348343245,0.0497676532642822
12613.259036144578,0.04934572858753145
12694.594300083822,0.05101771445796017
12781.00170212766,0.05391800820138135
12869.099659284497,0.04684157517549986
12960.680650684932,0.050137238564166596
13049.08126603935,0.051808039107707274
13133.420033670034,0.053661679124002784
13218.645161290322,0.04963171430926775
13303.46343537415,0.04748789322335637
13386.41076003416,0.048072651624276784
13474.693617021276,0.04988003109932844
13561.191126279864,0.049757105101026836
13648.699152542373,0.05003639340684868
13735.915167095116,0.05070887181390052
13824.337288135594,0.051360281959610905
13910.951530612245,0.05127472949284733
13995.967521367522,0.054402639271763996
14080.384745762713,0.054306723288523026
14164.780821917808,0.0531996637224151
14247.522071307301,0.05603321241595445
14333.363327674024,0.04736542676236021
14417.375850340137,0.04930156589188922
14502.339558573854,0.055686894473787635
14585.156946826759,0.05680757498867288
14675.649034424852,0.058769822950906936
14761.256013745704,0.056932741796498806
14847.391341256367,0.051486934826241906
14931.929541595926,0.046549092271040045
15013.374143835616,0.05008299133867803
15093.19679054054,0.05095426451192899
15179.512755102041,0.04604738642818333
15261.70341880342,0.04928585569883126
15349.570822731128,0.04961836784945747
15445.153389830508,0.05179884290883192
15536.799488054607,0.045711394898330086
15634.564364876385,0.04659836995100955
15730.336177474403,0.05000732853173671
15822.807363013699,0.0547614777714262
15910.335016835017,0.05229876822852533
15997.743220338984,0.05207759382137547
16085.006024096385,0.052858134041557696
16172.949915110357,0.05157562117262388
16257.752533783783,0.044704678128690944
16346.418604651162,0.049962400249239716
16433.352148272956,0.05514259730227197
16519.904273504275,0.05317918002803355
16607.24070945946,0.05606090484164766
16694.548331907612,0.05134369701391278
16782.85616438356,0.0548142734450805
16874.989075630252,0.05759424271560197
16964.186643835616,0.05707543592754597
17053.56196943973,0.05187126517108104
17145.625960717334,0.055461277820845846
17231.39727195226,0.055392844932579725
17319.30841121495,0.06109465451882005
17403.604770017035,0.06083267926470112
17485.959322033897,0.055318951367336326
17569.121827411167,0.05888440910482991
17655.26569217541,0.06024874231034013
17740.33899745115,0.0595527891102042
17824.81779661017,0.0605150099046917
17910.024680851064,0.06434620417678817
17993.453071672357,0.06384564239416321
18077.903716216217,0.06166611532742495
18164.566409597257,0.056676691965441325
18249.089754445384,0.05410198415683761
18341.557264957264,0.05053732435846857
18434.91871295512,0.05464546214048114
18523.98208191126,0.05456340135760095
18615.51662404092,0.04966779511915654
18712.072094995758,0.04971667345730996
18807.416949152543,0.0583270276343832
18902.26053310404,0.052513512969521094
18996.08523206751,0.053697901740702735
19089.79351535836,0.05009786182216724
19182.03492333901,0.050981030697715965
19275.611158072697,0.055614587736128075
19366.499571550987,0.05458014692305297
19459.53610875106,0.05047529008979892
19552.119694397283,0.05443824275308454
19645.41623931624,0.04814233095358773
19738.23305084746,0.0513530314639099
19833.448685326548,0.049288442845090985
19933.540633019675,0.053689167980194845
20034.055084745763,0.052597243211642865
20132.634417808218,0.05449539045131393
20230.247884940778,0.05368010914947175
20327.736526946108,0.055704472733778355
20428.19746835443,0.05318634334828371
20523.1000855432,0.05057009882342965
20622.522438611348,0.0501482711125788
20724.577872340426,0.05553049037375209
20883.563125481138,0.05167568641703237
21117.09505557685,0.05180200366027285
21348.262269938652,0.058386538083949384
21578.237054085155,0.05948196082794052
21794.49520153551,0.06009379820156925
22014.854615384615,0.053273805946586206
22240.26311757947,0.051767804133777566
22454.215107361964,0.056415622592001224
22665.632364192807,0.05500947353816217
22882.940860215054,0.05165974764718193
23097.90978886756,0.05397293345648722
23313.145433614736,0.05236308656232527
23535.738314176244,0.051916374236495776
23760.254145777093,0.05094399614475881
23981.302937809996,0.0514698243750323
24198.763482280432,0.05205571779791931
24421.292720306512,0.05116389760851688
24642.400690184048,0.052732474491999755
24858.20583717358,0.050916030543113416
25073.405529953918,0.05337818228006307
25293.130884041333,0.05531449638323983
25514.158620689654,0.052585612222134114
25741.189615384614,0.0528026553121773
25965.462509563888,0.053704996485177084
26192.236852207294,0.04944098746113014
26415.421598770175,0.05439732430687346
26639.689246077305,0.05524690734199151
26874.629615384616,0.05587291671092641
27117.11145155113,0.058945053800644444
27356.730414746544,0.056953376948363235
27598.675374567807,0.05728166334991948
27836.391354246367,0.05269966290961379
28078.784178187405,0.057195910559200626
28325.09321058688,0.05273656815744578
28585.463161934,0.05240334734030567
28836.862955854125,0.054228694712528364
29091.970057581573,0.05228208595264566
29359.46418996553,0.05457049313133492
29617.201538461537,0.05545452061120875
29877.371078806427,0.053019241236736875
30125.045280122795,0.05399691668782055
30367.41273494438,0.05129081678510501
30616.179477325135,0.050853278864014154
30860.72368924608,0.05093085710148895
31094.970814132106,0.05323849081553291
31336.28078250863,0.054265800284401755
31579.651457055214,0.05440697719112794
31814.52130518234,0.056783881605434246
32037.35051943055,0.06118808679155646
32254.042911877394,0.059724948253119386
32462.622409823485,0.05319242237775658
32671.217541171965,0.054868938002972066
32880.69946195235,0.05518396179591999
33102.27258805513,0.04850789936064218
33339.172055427254,0.04758904167261733
33573.55304481042,0.05152365704557223
33818.085384615384,0.05325285374999156
34055.11336652624,0.053269203489712466
34294.13318025258,0.04858069074400449
34537.41052227343,0.05050466712771761
34783.503262955855,0.05189975396778944
35026.62019969278,0.05369754023855829
35272.2816091954,0.05371983076327907
35501.95806079261,0.05080988951236173
35734.63938814532,0.05225549174231987
35965.44035289605,0.05188484589822198
36201.66846361186,0.05299498621640799
36439.680916030535,0.05624758021661509
36676.231950844856,0.05047919978534338
36917.618572524945,0.05524811353808323
37158.84145873321,0.056061385386296375
37392.66116653875,0.06250156838090977
37632.2921953095,0.053859317885214184
37883.20022927016,0.05569649571171086
38138.89615384615,0.05302782635574376
38381.979646697386,0.04862475388189457
38630.20742441638,0.04943540998321455
38879.976199616125,0.047954038196532586
39132.165705497886,0.050915477339031595
39384.41405653171,0.04938912636465046
39652.44299424184,0.051849323870985745
39913.42890173411,0.05233959129568768
40159.396716303934,0.04650741344255051
40395.68408916218,0.04605542837759469
40614.67894131185,0.043958608845978416
40841.0913277053,0.04712794658057521
41052.27070552147,0.04199556091440091
41271.97472232861,0.04500858148891605
41508.91887735487,0.04828290282168363
41740.18509984639,0.042086430961079405
41979.19938650307,0.04553153496271399
42238.31427475058,0.04901128678685484
42492.58981233244,0.05096605394139799
42754.009984639015,0.05156699042765932
43017.052591170825,0.05263418742268595
43278.20908740855,0.05433666490310586
43536.22616323417,0.05207112671106338
43801.16238003839,0.05079495676151949
44063.39807321773,0.050905964077482393
44333.74617151608,0.049726510964546104
44601.61765834933,0.052376806256217684
44859.94801223242,0.049457960362495224
45131.10138248848,0.051579262044429725
45412.53333333333,0.05176164566395964
45694.39515198153,0.051105803927045945
45971.43754789272,0.053578940206754244
46261.46948176584,0.05219423466279969
46543.90026850787,0.05052741957868281
46827.8972392638,0.048085697602097265
47120.89459563051,0.050724066089086035
47412.57747020377,0.052671086706472796
47697.41356841702,0.05102345239491463
47971.30426431041,0.04915954506437433
48239.179969301615,0.05298707588350288
48512.352220520675,0.05471180680230244
48782.90853189854,0.058767736108056245
49033.2812858783,0.051888086286245805
49289.834228702995,0.05090620316305082
49551.24328472755,0.05136705947960051
49817.2520200077,0.05225016773877744
50082.87787136294,0.05222129031627364
50351.26658995014,0.05151852514426827
50626.50555342781,0.052522643483051794
50909.63713080169,0.049891071656706774
51201.97540353574,0.050933023719677006
51498.952472211575,0.05033357986917394
51802.19447640967,0.053303349730429224
52084.392073874566,0.05075081753501006
52369.40145426713,0.05119340836713839
52653.20446669234,0.04851201450191126
52942.515511298356,0.052092054229707696
53225.20452801228,0.053058556667717506
53502.41832822086,0.05449228707563754
53775.17990026851,0.04982447996000155
54044.77888675624,0.05460842579006531
54318.321729150724,0.05617808989698277
54599.59299191375,0.054577140926802645
54883.2121559633,0.05487501864528468
55157.90019193858,0.054547301668289756
55434.36650019209,0.058399818991625455
55706.37049808429,0.053070097253519646
55983.78761061947,0.05485388706973828
56261.14619211634,0.06005913585412201
56546.03224568138,0.05589592894019414
56832.066334355826,0.05061789989776659
57116.28078250863,0.053925370665802115
57392.17832436587,0.05417592605781174
57652.26658995014,0.059072444914230714
57917.83492914592,0.05722663711185437
58188.254608294934,0.059326855277743874
58445.32807692308,0.05298977377375199
58694.883703136955,0.0529970064946951
58958.97006907137,0.05283503126334532
59239.45758157389,0.05281903422789217
59511.82885648504,0.059586338775424415
59788.23265619011,0.05096403463905075
60073.75728527607,0.05403117567416623
60380.35777351248,0.048860123249502646
60671.42917466411,0.05325196519243589
60974.75535987749,0.0515285497719939
61279.98271889401,0.05295369837672865
61582.08902532617,0.054177413264311504
61880.22111324376,0.05085701610075661
62179.65514592934,0.05124516170981141
62458.25267584098,0.0543529063550822
62729.34036838066,0.05341993480508065
62992.88799076212,0.05429755917651579
63272.45691306013,0.04700274239714043
63554.27447216891,0.054781287125171226
63838.89092996556,0.05034641020410106
64129.14932821497,0.05146990703323094
64418.87750385208,0.055328518449215325
64703.128773404664,0.05474662757525055
64992.56122840691,0.04684621280667044
65274.34892638037,0.050701058505075954
65551.85950095969,0.049375460943789314
65832.13530088156,0.0502769685181454
66103.20820552147,0.049499084707911666
66368.56149116064,0.048807580221424625
66623.45702225633,0.053531873086026874
66898.46165644172,0.054691562515928174
67166.45938697318,0.05255128480771906
67435.2989611389,0.05298089325358368
67705.42988505747,0.059206538299157674
67975.15617805065,0.053589432584387996
68231.76811038711,0.05983524157295781
68486.16832822085,0.05212809658806948
68738.88824662814,0.05288539895302878
68995.35828877005,0.0533756556492461
69258.34203454894,0.05389409552538323
69531.44354838709,0.05880667438350827
69806.18230563002,0.054584105266492364
70081.64247311828,0.053563638208661876
70348.04884615385,0.05304971461152981
70627.2846771112,0.055963190048806344
70912.11384615385,0.05302408002391232
71186.61349693252,0.052372277080748875
71458.4584295612,0.05318864806962362
71730.72480916031,0.05035420652827896
72004.26579352851,0.053803062462011775
72268.83805513017,0.055119583526989285
72535.72036823936,0.052296927739750546
72794.8629032258,0.04894518182331135
73052.11413251628,0.04580374368340764
73326.06590038314,0.046929459579584505
73616.6916282642,0.04909418150606829
73899.75076687116,0.05046467516009123
74188.2935285054,0.049704854801774556
74484.8876146789,0.04938599845223333
74776.94006915098,0.05062458112293393
75081.2051380368,0.05158945563997045
75386.08087389804,0.05497087946251396
75699.815455594,0.052485315200276536
76009.66079632465,0.05208809927541848
76329.24269230769,0.053674460400267895
76650.02989651207,0.04928272265593898
76940.6800612323,0.05105738926427491
77243.16647443292,0.05037130023834691
77564.2,0.05149780399526551
77878.75296821141,0.053743161414958746
78182.67190494442,0.056385263637698815
78487.12197928653,0.05566179462189951
78803.80506523408,0.05788475421339363
79129.02696456086,0.05625350212876288
79450.36384527001,0.054637858623831935
79761.30721966206,0.05409526015054422
80072.05323630793,0.05699803930436532
80383.16781609195,0.06339120722464564
80701.12389719985,0.05691453730031568
81014.48923076924,0.06291236237842701
81312.73871461362,0.06903604257440103
81610.98193002692,0.06245486348725237
81911.30792799694,0.0530704607299297
82211.40337423312,0.05573641437095756
82511.9907904835,0.056126801870651485
82819.90978886756,0.056316146428680665
83127.55871066768,0.05180664009883841
83429.7160399079,0.05391163234750565
83739.55329754601,0.05390604463410569
84046.97537514429,0.05402791234581941
84360.79777862888,0.05629047053208499
84675.66794331673,0.05152456891392836
84978.28807692308,0.05781018416268606
85290.64699118436,0.05270475937339106
85596.12140942167,0.055344248800471604
85886.32833525568,0.05191762430903297
86182.5601993865,0.053128725572172436
86478.19003831418,0.053245756270234236
86792.85549577248,0.05185751097580328
87108.60460652591,0.05020993557250284
87419.41156202144,0.051257123529651984
87724.55333844972,0.052889851512075654
88024.82558586246,0.05129394223985468
88325.42545036413,0.049462569377648286
88624.34636015326,0.051318054559055096
88915.10514198005,0.05349187822763881
89207.75729646697,0.052830865392179335
89506.63486590039,0.05273788064968165
89814.12447176335,0.05197331119264599
90131.75978511128,0.05387503393812018
90430.55051863234,0.05202098487737324
90713.74184886843,0.051111370511010855
91003.43037974683,0.06115891305611134
91301.76190476191,0.055528097726323895
91604.97197696737,0.053289423773637754
91908.85615914308,0.054410684791640705
92205.94329501915,0.05382043670356551
92503.42654392021,0.05145959559313848
92805.71736619176,0.055868356642445806
93116.34825870646,0.05087987093759791
93424.9171143515,0.05047451630838483
93752.7663085188,0.04844943490968862
94068.54185867896,0.053312915287288085
94382.63891020721,0.062412374461463596
94686.13852647736,0.06418546171323539
94986.74338319908,0.05431146973923549
95285.41909509203,0.05117334000887969
95575.45862068965,0.051210259556867394
95881.93550863724,0.05174129503340832
96199.80606758833,0.0532248463267378
96519.28533026113,0.05369804430516881
96841.97511485452,0.05466460512981192
97157.6386328725,0.053798315083983216
97475.60191570882,0.05949205169807608
97802.07266435986,0.05296822241574872
98111.3528960491,0.053237218863809256
98419.71641791044,0.048477612368323736
98705.69198312236,0.050781928260962
98998.87188339086,0.0489873278102005
99278.72252113759,0.05010110731224944
99569.27209838586,0.048799382418551016
99855.61059907834,0.05458661793396726
100146.15134099616,0.0498401238247889
100446.49196018376,0.053321352601148016
100747.86996547756,0.049714199116197684
101043.98084291187,0.056826675218563036
101360.66436251921,0.057296195887030096
101674.8140606992,0.05229748702631372
101998.44865900383,0.052491401217583375
102335.12639262389,0.0546099107338719
102680.24079754601,0.05337394894895339
103012.39586523737,0.05283709980197366
103342.03150211295,0.05382475461707276
103661.1453220859,0.05245712634508246
103986.79523626585,0.055013125014469644
104314.03637059724,0.05207957683693945
104624.4426923077,0.05400264156234147
104926.12106072252,0.05573420994985536
105240.71576128539,0.057528520312887514
105541.85094122167,0.05524723851859652
105848.0582152432,0.05959638827239713
106165.61262995764,0.05812657420051594
106476.17462743599,0.057224901235928834
106794.87039877301,0.05633513063007674
107112.16384615385,0.056001691594387025
107451.04477611941,0.054305521826162016
107797.95662188099,0.048197162858644386
108141.83070411696,0.05248029268158057
108493.99273144607,0.04888825964587522
108840.3848217708,0.049798807243183446
109190.52320675105,0.0527652664814446
109507.23864511162,0.049957080555848535
109824.99235181644,0.05338461524765124
110139.25567963034,0.049662404150262844
110457.76973180077,0.05365639930271911
110762.78062787137,0.05211120070533696
111092.62384969325,0.049424811247005845
111414.65527831094,0.054373333394362594
111733.39930955121,0.05276771620773201
112066.16884113583,0.05698911048805194
112391.20953479431,0.05433854608881284
112721.55878973573,0.05149493566936246
113056.63095238095,0.051606792668631746
113392.7199846567,0.05489572040089689
113741.14258262875,0.05122035458950125
114086.61667941851,0.051844646112068765
114441.18059815951,0.05355323911678497
114791.16788321167,0.05436812807226193
115146.74702951322,0.053942787904427775
115486.4597083653,0.05248396034899546
115813.69481765835,0.05283020512444157
116118.91262509623,0.04691471537665712
116438.41232771822,0.04840379193448991
116768.99578220859,0.05486824966282732
117097.94092827004,0.06016212703035834
117417.99731182796,0.05436449868277611
117728.80934150076,0.051663145794562874
118023.27897160398,0.04574839109405366
118320.76073619632,0.05030881521555283
118614.88530878404,0.049876475964527246
118914.28154967395,0.051220839044315805
119232.65294343978,0.048933492256076745
119534.38199233716,0.04961719937730937
119848.32079815809,0.0496968890447688
120174.48812260537,0.05285414690535337
120481.30778075891,0.05168697923345658
120769.93584325779,0.04957778645188948
121073.12490421456,0.05044723867339936
121367.83159922929,0.049677365949879884
121659.55436447167,0.05774854552961958
121957.85134099617,0.05406874954864581
122243.53453568688,0.05275563294711766
122533.43728423475,0.05144015070676949
122818.01878834356,0.05987279280630455
123096.39984650805,0.058969416352716034
123377.35109237256,0.05281501318515547
123659.90069284065,0.05270308188408567
123963.84158036057,0.05714387213331321
124246.89122941402,0.052080182490734005
124535.33691481197,0.05357633801084985
124826.89665770264,0.05408136067420404
125135.38488104375,0.051066972621298126
125445.49369024856,0.05291276829580447
125767.4058529072,0.05334065445637509
126082.41660290743,0.05568269551112993
126387.34280230326,0.05889320049576068
126691.35057471265,0.04936504737001711
126998.57785467128,0.05472779065228941
127308.79746348962,0.05167706714272481
127624.14831804282,0.05261277015516045
127935.31615384616,0.048227652579146615
128240.16526396328,0.049584162713123214
128546.75969289827,0.04923251188080162
128842.55044112007,0.05379798420938738
129125.88683602771,0.050811567225708815
129397.67777777778,0.056586271894119994
129659.83275928051,0.05630888833509927
129952.28131021194,0.053505037486758264
130248.884644767,0.053578702678552935
130537.07869481765,0.05155734921950074
130822.73819577735,0.0541827037426819
131108.73601532567,0.049662071922696074
131401.57615384617,0.05309044915655342
131702.581769437,0.052656208431626585
131991.69530046225,0.05407875360235132
132294.1525229358,0.05174729385448477
132603.71225509027,0.052720288334427386
132912.57542113322,0.05285402629139473
133229.016890595,0.050500061761118674
133556.70667177913,0.04953173209979467
133869.59223674098,0.04840849376712489
134187.17234775948,0.048535413971633946
134499.84293394777,0.05090599441293633
134813.92476007677,0.05344553574357143
135114.18659003833,0.05132921619459186
135409.16538756716,0.04952963047323837
135689.9209213052,0.04727738619315237
135983.14860206816,0.045161081668502065
136295.90065209052,0.046333147756175815
136585.20569011918,0.04874424986840052
136857.21847451132,0.051563805239448986
137139.742988859,0.051732549123125006
137399.7205825987,0.050465017004150875
137675.72988505746,0.054922382828082074
137950.6966205837,0.05562549976049421
138213.99654245103,0.05251703448545216
138479.88239815526,0.048255115656113075
138747.85779816515,0.045566670996094176
139024.92939370684,0.04894822867407443
139287.9669865643,0.048463259807879834
139552.97737730062,0.051810297134837355
139833.87849750862,0.05175846751741609
140132.2464436755,0.05462669642943044
140416.7308575804,0.0466847543422644
140699.7066974596,0.04665734471538221
140976.4116296863,0.05282880224304671
141252.1008435583,0.048707364084767134
141516.24539170507,0.04642746261542286
141789.13008442055,0.05008149440274384
142066.50038372984,0.047583493717348616
142357.34407364787,0.05168419826883756
142655.20913277054,0.05403978825545559
142943.7348193697,0.05216958574265756
143243.87001533742,0.05417559787296148
143549.03641241856,0.05193500880525752
143849.78110599078,0.04841269669143484
144134.4331673688,0.05072703607967611
144444.84503260453,0.052079076216661316
144739.97469325154,0.05038160775663273
145046.26265337423,0.05043850117101192
145360.99654775605,0.05504921382940377
145658.59115384615,0.04864643638015284
145951.4144661309,0.049811105351465344
146256.313438583,0.04970263705721361
146551.96627060176,0.05438101695978463
146844.4389590509,0.05392479922947303
147122.25816365733,0.054835139707505746
147428.29021113244,0.055563161467748326
147740.3265619011,0.05462433682437364
148047.49250864386,0.049786004502529325
148353.52087322864,0.0481459957081034
148680.7228823304,0.053407814350973276
149012.77342549924,0.05528706300340159
149328.55372217958,0.05624982228525714
149645.52720306514,0.053616947454335415
149962.8493466564,0.05196101686080847
150294.56348293056,0.0512378516875539
150611.54629273913,0.05325084922037086
150931.6754890679,0.050415406199665676
151245.78147722923,0.05165659908539132
151569.96351766514,0.05483072365812711
151889.86316596397,0.05156858630008457
152213.1037663336,0.05200985951137273
152531.89208909372,0.04847513622556184
152858.80934150078,0.04929744540176827
153180.8101993865,0.04981269883882613
153479.07970735463,0.04507444068139323
153776.70367534456,0.046634506974899244
154067.5982382229,0.04825213017491936
154353.5683563748,0.04938606604362126
154629.06062931695,0.050811349628251457
154903.69275028768,0.04875714199175775
155204.87533563483,0.04965552648176906
155505.3916891112,0.0502089134169804
155801.8351185922,0.054222721285275347
156102.70996168582,0.052718950389887824
156409.9872881356,0.05047693234332725
156734.50822179732,0.0541592414900708
157030.9574549636,0.054945116559848226
157336.22755180352,0.05526443212735315
157652.7926267281,0.05530799575295563
157987.78931180315,0.04677466680404554
158317.98925143955,0.0491043894047456
158659.09881271544,0.04860776639868528
158995.49464012252,0.055382694043736046
159308.9311273567,0.06091835831687931
159607.47322111705,0.05631777969994477
159917.28856485034,0.04800798912579754
160230.02917466412,0.04992281662792226
160540.44644913627,0.04844168418851548
160850.86876438986,0.04831279620454363
161162.93376722818,0.048397250442619756
161498.37773512476,0.05622363868635761
161822.8994627782,0.050429283507272674
162134.32322456813,0.05287493116045097
162469.39414934564,0.058971802125650896
162806.1730328495,0.05466779732727292
163156.46909788868,0.050228700211101984
163501.78132205995,0.05501302803671665
