D,r2
6.18276299112801,0.8063311458922388
9.18157254796001,0.7944077445988251
12.18621456364647,0.778949556164048
15.190435766836446,0.7551209604320811
18.058931860036832,0.7433430601689154
20.0,0.694464435663864
21.186005314437555,0.7297877725545342
24.198257735055574,0.7025577010392806
27.19392451672292,0.7043413704603436
30.190114068441066,0.6944326155239686
33.177080062794346,0.6840984021077124
36.18342262842736,0.6814512823743303
39.199442551873645,0.6650889553401949
42.202411994784875,0.6620498991397641
45.195137555982086,0.6421151358413535
48.202349869451695,0.6326476145008832
51.18882072256305,0.6190603731048581
54.191222570532915,0.6101856434570501
57.17707267144319,0.6136726790061486
60.20538488091129,0.6097368812990387
63.198738170347006,0.5912248365473572
66.19528269164066,0.5857228537895174
69.19343575418995,0.5841036438872681
72.20132743362832,0.5831490227039297
75.21208708708708,0.5803138855559821
78.18806306306307,0.5799413574122877
82.56130043086564,0.5666391429844173
87.13017118402283,0.5606081268067002
90.1989509179468,0.5601847578788702
93.21014214368037,0.5446679937225285
96.20275439938791,0.5471563999153667
99.21953125,0.5389021045915109
102.20433436532508,0.5315508884450071
105.204296875,0.5361993280955072
109.56132573358666,0.5260920579501935
114.12454077883909,0.5185199032840085
117.22917530045586,0.5132716813076063
120.22121710526316,0.5202029400373757
123.22624434389141,0.5022315221929935
127.5116704805492,0.5083481416884789
132.0045045045045,0.49262366746579334
135.23130738959335,0.4952242222922852
138.24293059125964,0.5087187455420791
142.61701642335765,0.4962579089482339
147.1448559670782,0.48939011963309564
150.24627202892003,0.4810129189095981
154.50897755610973,0.47956664153036554
159.00932038834952,0.4790244487620352
162.24428507395785,0.4653175139601125
165.2579185520362,0.46388374565798723
169.77818264632202,0.46628911913640075
174.28109107720758,0.4653086889616021
177.28071017274473,0.46468757095169927
181.74976280834915,0.45898251501379705
186.2962085308057,0.4622066631503225
190.63181703945716,0.45786630328454564
195.1790258885476,0.4500139981087278
198.2775024777007,0.451530550389007
202.73828317710903,0.4527824327021818
207.27291037260827,0.44958827496258735
211.8018705390106,0.44741551131154006
216.31187624750498,0.43750134432869686
220.58771695594126,0.43878584503169477
225.19007881316642,0.4330199110146523
229.51340033500838,0.4286226844255793
234.01176965111392,0.42844039849200966
238.51109215017064,0.4213130255130687
243.01608125264494,0.41865655410941083
246.3360867320599,0.42222928525192654
250.821484579195,0.41608525999818147
256.66608594657373,0.41167795154019804
261.1708766716196,0.42409246308344395
265.80871471636067,0.4151612962108481
270.3397538790797,0.4001373622003452
274.8124152886961,0.40084274689602384
279.3460076045627,0.4021225974437473
283.8631352514117,0.40223256786905826
289.656432748538,0.3997619582051394
294.20926756352765,0.4015355258561706
298.89997182304876,0.39413121390052475
304.502574002574,0.38853238790352146
309.01027244305493,0.3859158076253688
313.65367042339324,0.3910647868294049
318.2173692229558,0.37871571619948285
322.9169491525424,0.3799545277732912
328.660383286208,0.39014442817004413
333.20945602440264,0.3810484186160183
337.91123026511764,0.38746206325519505
343.9334889148191,0.38238756816113445
349.51769464105155,0.3856406585081615
354.0123062898815,0.38345611777740213
358.93036293892004,0.38110870877233194
364.6865575874238,0.36197478825826057
369.25298081907727,0.36598794456187467
373.98487140695914,0.3717546336992835
379.950774840474,0.3710964154153739
385.70592127026134,0.36395784550273663
390.28890069038766,0.35209200516452777
395.026158209896,0.3678780822906302
400.9899906162027,0.3658320337105117
406.99186228482006,0.3637950791170506
412.73395445134577,0.3556236428591396
418.2506091193874,0.36015971506053873
423.0466444550214,0.35869136217746006
428.0613924050633,0.3506207575947092
433.9961352657005,0.3459442835083662
439.99806887673,0.3535431875222132
445.67374380750175,0.3426474958270407
451.456207892204,0.3477168525835071
457.2671755725191,0.3499160744427902
462.9729104724149,0.34953044579885145
467.9781746031746,0.33738267010513284
473.0464798359535,0.3443283544340102
479.0622950819672,0.34490046155372184
485.08860342555994,0.34056667464476675
491.07636603028305,0.3334368611833153
497.0696568127761,0.33576443537696815
503.1163110805231,0.34524886832557883
509.10963568266936,0.3319494059228939
515.0823327615781,0.3374413815905892
521.099173553719,0.3285718539592295
527.122179798681,0.33025302846654625
533.1148906629643,0.3339788380675092
539.1252624212736,0.32469207152089313
545.1207441207441,0.327051512847366
551.1326849600556,0.32510373153207495
557.0844202898551,0.32015144743696616
563.1103047895501,0.3267229069793676
569.1522516082916,0.3304600503183022
575.1111111111111,0.3200349126071073
581.1323477648715,0.3280293723753785
588.0215419501134,0.3230224660418799
595.1560595802302,0.32474188256936976
601.4620343839541,0.3147190391287655
607.409282700422,0.32698231748745366
613.443836615609,0.3135698629502746
619.7933121019108,0.31789203912836067
626.1669684896776,0.3156299385589261
632.1737366285504,0.30375210572905365
638.2078445747801,0.3135450521895059
645.0093267269018,0.307134506569249
651.8013367991088,0.30932911033658544
658.1494408675026,0.30135574941053916
664.8496861579122,0.3039669677494939
671.2181271154569,0.3026583328727298
677.2220977976857,0.3110414478608155
683.2238692512353,0.30036913157206735
690.28361996053,0.30232954599875245
697.8647625602202,0.30241274968433074
704.1838235294117,0.3050420815963802
710.1915887850467,0.2964777490372852
717.3449668301125,0.29987901644855336
724.9272598870057,0.2858967852501257
731.2666933226709,0.2878881690742878
738.3423261390888,0.2891494788899764
745.8608996539792,0.2906036798166497
752.2450119712689,0.2878123423112002
758.9639092941552,0.2851657622003241
766.0644937586685,0.29362169055607984
772.9292821606255,0.2935121990550728
779.9878529218647,0.2978296880018782
787.1128975882558,0.2853028540941402
793.8901893287435,0.28980328980601616
800.3096878800162,0.27694075702968685
807.4363580998782,0.27935414941524217
814.9363636363636,0.2797332589324124
821.9811638076018,0.28079483479271816
829.5830825810766,0.2810829604673889
836.2911497105046,0.28473874811382277
843.3725490196078,0.27022707374469035
850.9036954087346,0.27761355351018885
858.4027863777089,0.2694954129711451
865.9180082366155,0.2704072410687326
872.9336392516767,0.2719141842684834
880.4529652351738,0.2740855546562612
888.3952896244431,0.2722228763898259
895.9229914846353,0.2656423837911141
903.3855932203389,0.26529873827064787
910.8942270437815,0.26244990455725764
918.42,0.2625006160299396
925.89964299881,0.25609613601203635
933.773021250385,0.2615554470453834
941.9847014925373,0.24803885311560453
949.5172413793103,0.25797882991794086
957.413678618858,0.2526213623604021
965.5697634556051,0.2488512947430903
973.4764321972444,0.2542648196695428
981.8355862936183,0.2574394773782928
989.958081570997,0.2556511497373159
997.5226019845645,0.24645323788464452
1005.8668555240794,0.2507479717576742
1014.3757495003331,0.24060110403053805
1022.5751404494382,0.2419081536996546
1030.4512329775487,0.23864219475019852
1038.4560383167977,0.24546720912696518
1047.0449692656098,0.23555682857657378
1055.6607272727272,0.23773621509996515
1063.427113702624,0.23566408087228172
1071.5168461271276,0.24041781479237676
1080.0071243523316,0.23254837618179572
1088.5690423162584,0.2350068321568191
1097.0923233006426,0.23791583181259085
1106.0803689064558,0.23728977071542612
1114.474001507159,0.22636849018489935
1122.8984503791626,0.22544721127291034
1131.8439906260462,0.22860613903411575
1140.4047707789787,0.23690061251562142
1149.0573633009058,0.23421875395582079
1158.0236625514403,0.2307932572615933
1167.0788144156281,0.23088793394427512
1175.5942293644996,0.2260926769176404
1184.0989340439708,0.2267082078653541
1193.0618380594465,0.2268731039973055
1201.43940578577,0.22967742136717564
1209.8638832315003,0.22069383316822608
1218.864168618267,0.22706296982837473
1227.851851851852,0.22161891567947153
1236.8750846310088,0.2264700833488135
1245.9080882352941,0.22343156208962595
1254.5259286502392,0.2219336843128081
1263.0616506463375,0.21412111441100656
1272.091159270726,0.21983870343357156
1280.5437116564417,0.21531621818712665
1289.0531034482758,0.21089748142330897
1298.5377479206654,0.21011281043810412
1308.0473393227367,0.21486578237360962
1317.0351067680058,0.21164807116120646
1326.0675909878682,0.2102088499456196
1334.9628620102214,0.21399698595623887
1344.1187279151943,0.205172042483517
1353.5230153435623,0.2061435894798676
1363.02895480226,0.2078673527653081
1371.986111111111,0.20681952254270608
1381.4664495114007,0.20716608418245103
1391.075354932654,0.20873709730631626
1400.5407035175879,0.2112537683327232
1410.0691527878348,0.20833861798353517
1419.4573872984533,0.21586786139408176
1428.9290250280164,0.21289388877240173
1438.4600722970752,0.2119048573196814
1448.473026080743,0.2145361960396074
1458.4598386531043,0.21310405321174442
1468.4084507042253,0.20356991594514237
1478.977491961415,0.20794918679604749
1489.4876607577337,0.20166285597176167
1499.530407740152,0.19749214940564008
1509.5074839629365,0.19630182810535377
1519.4485165794067,0.19652897425428353
1529.539118551418,0.19388751316769093
1539.5054744525548,0.19807606616258916
1549.4197487787858,0.18886232444366702
1559.8911984410522,0.1854713464708394
1570.5126628075254,0.18535907424610715
1580.9245283018868,0.18750121799409877
1591.5277169948943,0.1779590120750338
1602.0765645805593,0.18428109740760512
1613.0171313402755,0.1777452451153674
1623.9675619114057,0.17993207821522927
1635.009485094851,0.1831183359578957
1645.4423292273236,0.17429019959923409
1656.0577547047371,0.17629009559692826
1666.3799403430276,0.1721582868916165
1676.885838634081,0.18100271312520383
1688.0064384954253,0.1778157853104457
1698.5423290203328,0.17590406035537867
1709.0610814419226,0.18324314828159977
1719.930216329379,0.1849517635116498
1730.9765336909152,0.1833796452339816
1742.0357388316152,0.17956591263109584
1753.0225409836066,0.17860700480633543
1763.978147762747,0.18574966211767474
1775.0261669024046,0.1794024340377335
1786.6387948544348,0.1867338024873849
1804.9587547408344,0.18420183622478778
1830.609005105988,0.17740658769460219
1855.5166748007157,0.17532302636684735
1880.4344212753097,0.17465325728476738
1906.1227738376674,0.1713386605471917
1930.9986117538176,0.1668033511270518
1955.985924304035,0.16971959198927875
1980.4160323131894,0.16456984233210856
2004.5265948899246,0.16843709015616914
2029.5162663423532,0.1602900193850972
2055.0565176322416,0.1638781726472099
2080.020866018199,0.1565001726200871
2104.999528746466,0.15313392699527986
2130.04438807863,0.1552921707530199
2155.5454963940465,0.14978144622181336
2181.491611513006,0.14479286288116788
2206.89248,0.14783691857043613
2232.858457291826,0.14727947529639637
2259.8940293841824,0.14313763955309763
2287.4243513598,0.14589214884308332
2315.0030182684673,0.14789125893297614
2342.934544894502,0.14646503871093844
2371.449198693014,0.14407686810005926
2399.805625,0.1516039720968263
2428.4226313283607,0.14879804977251912
2456.5433797092387,0.14091042166683637
2484.864914992272,0.14397886584230962
2513.451707618606,0.14704556918959943
2541.07671408023,0.13854821519575355
2568.0309441111463,0.13830704969956076
2596.5150175331605,0.1363040841854142
2625.47944118114,0.12948207672815085
2653.9545871559635,0.13223497681211968
2683.0133837190992,0.1365100192796728
2711.9741914927513,0.13317082817902004
2741.419122160835,0.13646109533542153
2771.4971507777605,0.13641594724177472
2801.4599656625564,0.12880730029412338
2830.928695104675,0.12999107969233678
2860.6135017149986,0.1316927541841867
2890.431391429947,0.12920059422295113
2921.13199513382,0.127198145081524
2951.514419329696,0.12915919357864075
2981.7188040912665,0.12830287224224407
3010.8823529411766,0.1350418440706964
3041.075558274702,0.13489310352373
3072.167816813049,0.13195635923065618
3103.032841504046,0.1342695376676055
3134.046734757041,0.12788981209465372
3165.6087891825446,0.1336273916225119
3197.020767778477,0.13232655912638328
3228.5353441608663,0.1343062866243689
3260.4183203683124,0.13529837310234302
3292.853316723762,0.13621042424203508
3326.3131850923896,0.13626993251339856
3360.690962550294,0.130577960862524
3394.6294746629474,0.1307102657463673
3427.8250897175844,0.13016213166712803
3460.9048807110557,0.12683254563855909
3493.3902555910545,0.12751611900476717
3526.506875,0.12542507362026256
3560.1241464928617,0.12549883735813042
3592.9056780854057,0.12061617037167635
3625.8121512709236,0.12160866576367262
3658.776276512176,0.11748204493672991
3691.9860118122474,0.11144050952833097
3724.929680223533,0.10791909342739456
3757.8601694915255,0.10489946052398152
3790.6651604861327,0.10824805284944096
3821.588850174216,0.10831164216064061
3851.7391572773577,0.10782638185357761
3881.4706443914083,0.10473217681997016
3912.032827500774,0.10485306357538299
3943.62194367069,0.10204910994516292
3974.9976496396116,0.10578568124074313
4005.996229971725,0.1042842499729649
4037.075976957808,0.10414865792032257
4067.749381953028,0.10825186676996881
4099.293746051801,0.10411174373826612
4130.97533418205,0.10359070131603564
4162.40805577072,0.10534840232455979
4194.570336868372,0.10860274064417254
4226.683937823835,0.10888502332789103
4258.640413562414,0.10865562778219286
4291.872138910813,0.10437177490108464
4324.758681108633,0.10834478843937165
4358.41536596454,0.10310253708076796
4391.459253375695,0.10271675278062375
4423.450319762907,0.09411323956102237
4455.584394904458,0.09665234966906751
4488.385197517784,0.09430127281682135
4522.105600750939,0.09913469852263498
4555.05388650453,0.10094413388129478
4588.724122137404,0.10113858310078519
4621.470355104629,0.09825724929056011
4654.102385377943,0.09550806137810534
4687.513661202186,0.09743639082069425
4721.384007585335,0.09743629807195406
4755.945440251572,0.10059573279219089
4791.243171942892,0.09726949882236707
4826.772177735908,0.0995555449202195
4862.588198661062,0.09755411752508467
4899.106002160161,0.09806038189946231
4935.656633221851,0.09939066713815828
4971.355992567358,0.10462002241533035
5007.503918856616,0.10256906810153715
5042.928481806775,0.10095060082651026
5078.073194067932,0.09832610177625943
5113.557151683658,0.09797311987750698
5150.349891674404,0.0919924719722
5188.009453285016,0.09010126289341874
5225.13905511811,0.08976345962684525
5262.2662286876275,0.08774327966917041
5300.22990797546,0.08799678625581528
5339.043988728867,0.08749108414668506
5377.5563059525675,0.09046417258589563
5415.060115246846,0.08747068525660014
5452.0429971546,0.0871599162552001
5489.372039724981,0.08931831948722488
5527.452043900112,0.08572778386953867
5565.7972784908,0.08379726693209337
5605.595493395494,0.08835642382756019
5645.11794307281,0.08702822343123494
5683.491604477612,0.08480082535812701
5720.996191080781,0.08799445566575953
5757.91328125,0.08479209921872163
5796.072727272727,0.08383843689174209
5834.655628109453,0.08913707936928156
5871.992271293376,0.08870620356497672
5909.538342370256,0.08911134891740481
5945.71380952381,0.08533984023697691
5981.763310821423,0.08452415907247883
6019.42475690693,0.08590723361803723
6057.183527583527,0.08986906170225721
6093.683393445193,0.08816155339825989
6130.061922365989,0.09034815771384272
6166.517371482471,0.08911703317542737
6202.420968769917,0.08628075858163668
6239.356348470807,0.08609858163741353
6277.493331241174,0.08769577759711376
6316.016051859855,0.08492054227340765
6355.594787465095,0.08186037291000607
6394.972786987801,0.08266695219176656
6434.081881533101,0.08315029919631332
6472.32824427481,0.08228606619657201
6510.487820015516,0.08137341105436875
6548.215728940007,0.08270963703166477
6584.464002537266,0.0814664412129788
6621.2135555905015,0.08183469417345254
6657.382320956967,0.08173527250012268
6694.1544690127685,0.08304898766893828
6730.668547249647,0.08591069185097275
6766.923689138577,0.08239899950722085
6804.0311056359715,0.08179868886342613
6840.608641202254,0.08359344162965064
6876.062470119522,0.07889669452998403
6911.784544049459,0.07764612316120079
6946.407401574803,0.07617487531622306
6981.4357705982375,0.07513352513669164
7017.489384782271,0.0748082600091827
7053.003910527139,0.06859868862757618
7087.461794546607,0.06983808843822858
7122.611723293541,0.07303587872497759
7157.133996212121,0.07590930829680045
7190.212017964999,0.07922304153300211
7223.0,0.07890426063802292
7256.628330995793,0.08361515442525896
7290.507596899225,0.077375645417073
7324.827462593516,0.07694872798628763
7360.221650288567,0.07428141982742477
7395.018585038263,0.0737259128716812
7429.769912881145,0.07396498870249987
7465.065352202258,0.07409666285951677
7500.967830882353,0.07574965169380106
7537.90786163522,0.07451795607470063
7574.888382329822,0.07694724749854041
7612.92402717727,0.07489798942823761
7650.677274908044,0.0761730025293658
7687.535786368577,0.0762822590605029
7727.340225273878,0.08147534930422094
7767.06473354232,0.07586833054585154
7806.056802352577,0.0828681718304076
7844.766538830298,0.08171003482432028
7882.665588416513,0.08656325139421088
7922.017133956387,0.08547631357003559
7960.45348470514,0.09208649613125039
7998.857075173721,0.093220851685267
8038.1697852760735,0.09835787304404021
8075.907331655129,0.09598701875372555
8113.570287294515,0.09748125100404934
8150.652675424543,0.09437389560625847
8186.969989115223,0.08940994018743104
8223.954115640985,0.08404511833678763
8261.67906036092,0.08173229403898886
8300.009451502943,0.08152521055775
8339.04600938967,0.07947382503118
8378.461863082213,0.08061538114042963
8417.991425007796,0.07963768048500681
8457.467724202921,0.08252473701100906
8497.651061850876,0.08467360486464041
8537.1555590403,0.07945729117212169
8575.751135473767,0.07930031726453354
8614.38234375,0.07903979079948094
8653.626610774725,0.07671237770365692
8691.53492414665,0.07478493152651788
8729.955709125177,0.07220305867880285
8769.96728899861,0.07118066911376379
8810.736469477659,0.06837774307152397
8852.949760395733,0.06627991285430315
8896.122848200313,0.06789596379709402
8939.41605497423,0.06855398631543487
8983.906303501946,0.0663557141077389
9028.308665401644,0.06509781431838309
9072.4088639201,0.06944839039889625
9117.21115786193,0.06872099916482155
9161.910342669378,0.06862551743727757
9207.606680193538,0.06862074930267018
9253.428414096916,0.0703350067707903
9300.284082136792,0.07465350264925791
9348.041035353535,0.07016663640445193
9395.506009052599,0.06913937849347418
9443.710697674418,0.07251575164251853
9490.33881422925,0.0744819419793652
9536.26554464703,0.06898350755530998
9581.958713468377,0.0746946913825757
9630.252826633166,0.07485632909220907
9676.529484408768,0.07709190383281399
9722.579254815282,0.07861627022780329
9771.417389956603,0.0793341129576436
9819.352950507615,0.07738446089324107
9867.53776387803,0.08221083778360054
9915.185643564357,0.08182115320891474
9961.828472331705,0.08188858391224228
10008.3411691927,0.08052262241160198
10054.825488663018,0.08201575603838261
10102.101618425148,0.08822371013206688
10148.26843100189,0.0860947994292478
10195.1227145956,0.0891411915905543
10244.024876390606,0.0878975678209691
10293.468118937828,0.09066160750528314
10343.75248601616,0.08944801995617327
10395.16586872587,0.09071646491129164
10446.934129853797,0.0916907778384354
10499.27650273224,0.08997595186740354
10553.616375923306,0.08636400524346244
10607.968209876542,0.08032017222993754
10660.679559748427,0.07732414326262352
10713.996891996892,0.07346713344202489
10767.454701387805,0.07476859830920118
10818.882315722873,0.07283613231072955
10869.398238293927,0.07074426823778573
10919.263223787168,0.07220013243817287
10970.160849056603,0.07200720283826861
11022.744524405507,0.07019783715505928
11074.474861196792,0.07649805517794803
11125.101035856575,0.08121753304907653
11174.442131427684,0.08293410900649022
11223.707910750507,0.07925177386376184
11272.099860659544,0.07986418830412653
11319.630102835774,0.07385648559349922
11366.020276642565,0.07274884858182801
11412.471242751919,0.07316693056013088
11461.01876759462,0.07724400182569474
11510.516204062646,0.07698057387312868
11560.036102790478,0.07595109314302015
11609.812877263581,0.07871899571951603
11657.789407313998,0.07877358490623775
11704.206572045665,0.07564167652210901
11750.765304524815,0.07327120301856159
11798.77968214397,0.07347868695246637
11845.404343660173,0.07205622115020215
11892.292732376793,0.07863223254508166
11940.165042536737,0.07100352231335337
11987.61533723437,0.06845104773329261
12035.286074751617,0.07154031379011853
12084.146074444792,0.06945326142680294
12132.64728622236,0.07071431512603683
12179.344657882204,0.07091108736946167
12226.60860783095,0.06978342054671878
12273.787454802705,0.06960970648940154
12319.268834010629,0.06928054418944173
12365.794560994562,0.07309644578962889
12412.411893241766,0.07515698317475686
12457.847987371744,0.07144538996444576
12502.857365549493,0.06798513437756346
12548.47702134289,0.06418521944853467
12595.139611407083,0.0591586081745208
12642.34348772148,0.05726911545817859
12690.32484375,0.05597602825058354
12738.761100015363,0.056477220591777594
12787.498028702097,0.05733404029407191
12836.063606454645,0.05982695624606715
12886.424137931035,0.06232996232061389
12938.762089877158,0.0613483485329804
12992.69411764706,0.06140335347602668
13048.581935682412,0.06599906995244641
13105.000158604282,0.06763418247730951
13159.661787605108,0.061057032985659426
13213.93441108545,0.056839854487616456
13267.448693736229,0.058362617301167125
13319.921297025028,0.061303912766724505
13373.018221460832,0.06048401655909108
13425.701716068643,0.059366991685896986
13479.1024718398,0.058059935913292275
13531.725530243519,0.06231368583871
13583.804057169202,0.0627427294319912
13635.230408259033,0.06191233568905337
13684.98292760038,0.0628588833968912
13733.958339786279,0.06338700124968222
13782.488829452486,0.06240880308958764
13828.82686008423,0.06313191371306906
13876.155129789864,0.06495457412312215
13923.192757921024,0.06410246534437719
13968.650063051702,0.06363327049549397
14014.261667703797,0.06316911272103796
14059.450085924074,0.06211204389172491
14104.811658482497,0.06329865305934096
14150.73013399813,0.06215608391300101
14199.242098803314,0.06555013334500476
14249.33227344992,0.0699989866193522
14300.256691187979,0.06793448329405562
14352.185758039815,0.06154756405225072
14405.160497716175,0.05994795784923273
14457.46752431754,0.06235017225486137
14509.24568227789,0.05949760818901175
14561.821129382563,0.06551991479074047
14614.162735097227,0.0685324939577261
14666.707851303408,0.07181681018844743
14719.41357832451,0.07645598506827779
14772.979949874687,0.08130312927261936
14827.01484375,0.08039791996194888
14882.07407982606,0.08006967758099942
14935.873270440252,0.08301562173465162
14991.450456021023,0.08111948254266005
15049.215667915107,0.07883790380087842
15106.457133868176,0.08080491427035044
15160.93061482535,0.08216835357686642
15217.206763434218,0.07911572456619516
15272.242177722153,0.07879818358677057
15325.898724331051,0.07903538180185578
15378.38647495655,0.08053294476373384
15431.141189290161,0.08155682976720624
15485.899380804953,0.07995480596083954
15541.025418377012,0.08391424007476368
15599.453438174529,0.08344071415680811
15660.56766037147,0.07764896821219452
15721.191895301166,0.07411291592894446
15779.665524758642,0.07507647625099007
15837.365044933375,0.07432505096341376
15896.15021189766,0.07224308046320645
15955.255908592893,0.07555862240993384
16013.02637739972,0.07747585787589356
16069.99017467249,0.07830241300917604
16128.239930500711,0.08029857046702321
16188.414742997846,0.0821165721055602
16249.882591725214,0.07834271149011664
16311.016962462698,0.07290895778145337
16373.845185651353,0.07220765904524223
16439.144885048605,0.06672369102075172
16504.69474680549,0.06789151927463948
16570.450366214744,0.07149402759353925
16636.50100759572,0.0760675902970388
16702.43896713615,0.08310371947185104
16766.185758998436,0.08253930233278381
16829.006677018635,0.08236102420212064
16890.915136162126,0.08563272325787087
16953.926988063868,0.08982133176751964
17018.242926371735,0.08088766005579123
17081.305468258957,0.07790570712448898
17145.41067825547,0.07523160798224504
17209.21886260379,0.06904624548119954
17273.681832250077,0.06820315659258167
17339.139545959675,0.06758129463806985
17402.404724898974,0.06780144098009741
17465.598028477547,0.06860006941327822
17527.55307608864,0.06644047668721625
17590.6744913928,0.06557195036098867
17655.550747442958,0.06625236021333498
17721.0109375,0.06176583487892402
17784.54821623306,0.05826036492834522
17849.38248561207,0.06172151690329401
17915.240256691188,0.06044001128822423
17981.6468847352,0.06340850323344338
18047.41961338991,0.06447562748518332
18116.308974758493,0.06595933876011371
18188.146734915466,0.06500015598450952
18259.909006066264,0.06621081871642884
18332.070599309696,0.06316457585059072
18405.602922885573,0.06039067587716866
18480.959235266233,0.054825565640083014
18555.9660330321,0.05461792790668218
18631.46405738344,0.058366468369346114
18706.741774520506,0.05556421741543671
18780.327610647346,0.059676186704008614
18856.880191446657,0.06455690381084152
18941.374021909232,0.06472949190145677
19029.4386844166,0.06754624348981499
19113.082103610675,0.06493699783473028
19192.47607247948,0.05617090553934944
19272.82692607004,0.05750843609143679
19348.998110533776,0.05170624440999086
19422.61086113266,0.05647003132162532
19497.665414710485,0.06082884193816938
19569.403324447234,0.06275835996033781
19643.183679801426,0.05955930119451922
19715.81144034226,0.056856923277503135
19785.287605850655,0.05701024212657631
19852.601162425384,0.055345948744709696
19921.834736513876,0.05922454101515342
19991.37862262387,0.05705342270015041
20061.0255766515,0.06083410015076181
20130.32469775475,0.06421022880136448
20201.397651784337,0.06221837313816519
20273.65382185723,0.05881643104550812
20344.246963562753,0.05982244482509678
20415.89402216326,0.05976952675375461
20489.191056910568,0.06105132585304088
20562.976530929438,0.06494379394386113
20638.52115743622,0.06537409270495959
20717.72220477387,0.06268723397091533
20797.169899874843,0.05965643688158811
20877.7776052182,0.05784968102077092
20958.53951511335,0.056590661027663344
21039.074956876273,0.05761627031590919
21120.081854964206,0.061376736991018324
21200.362973308504,0.05463305189130475
21279.60662622492,0.05969534338977845
21359.966237437187,0.06439652339335511
21441.661965209216,0.06344702626484906
21522.470989761092,0.06392230439574448
21599.10520504732,0.05849632850138909
21674.575225365246,0.05808310210872757
21749.407661164747,0.05969611092224828
21824.816679779702,0.05782128653502114
21898.355197244833,0.05686969942618155
21970.23161821856,0.054099602166535664
22042.568648816938,0.052792489853060405
22116.511443250816,0.06480213979760187
22189.731895465993,0.06271772120467344
22263.4047099189,0.06308089169558502
22336.80959075289,0.06434855487632267
22412.028008136444,0.06098095663036853
22484.12836052836,0.06185990583570297
22554.976261127595,0.05734087662701647
22627.095007043357,0.05352150887931824
22705.270152505447,0.0515911190667317
22786.229379418695,0.053400618776597186
22863.772100944418,0.05381393117198354
22939.700916851092,0.05164626013614522
23011.632300264755,0.04798118022100783
23086.643404787985,0.0471736636644669
23164.069239147346,0.044735171925940405
23241.713436571248,0.041623293865288326
23319.381382316315,0.04484678734530528
23395.40919071518,0.043360208559156926
23471.43390625,0.04426418226277225
23547.48667601683,0.04325097612902848
23620.164795759276,0.042140778090598685
23688.740949694406,0.04296871001624949
23755.722992125986,0.04932929703066394
23822.72235184321,0.04900082779302498
23892.15580780594,0.053097385912966165
23962.672823218996,0.053058637281806716
24037.797880629576,0.053831044230446094
24118.07536504946,0.05714103115188989
24199.7410867196,0.05636475204428392
24283.411239824673,0.056319667734754136
24370.311190997185,0.053473922327789795
24458.389543903195,0.052213767257443484
24547.812695924764,0.05567206344059408
24633.221840337446,0.057986466282058495
24722.417847687277,0.05935234891517003
24814.065506973828,0.058167494686202345
24909.753334379413,0.06037458573820653
25009.119644804487,0.05961922809584525
25110.204836193447,0.0649189498257641
25214.532668018088,0.06258945029675377
25318.845925694663,0.060635099027775315
25422.863871879417,0.05627136606297834
25522.913515189088,0.05598208506790832
25619.006253908694,0.056569391021884394
25709.808413423663,0.0556631146529835
25798.17424945837,0.05584606148736808
25883.4863422292,0.05532205861023548
25968.021793665725,0.05592977185707025
26054.72433607703,0.05437719254292477
26141.54851921865,0.048822984776824015
26227.270626550868,0.05029560771076798
26312.02580043519,0.05296280304832986
26396.00346347607,0.05362675275411579
26475.002670017275,0.053713234694946335
26554.179328485225,0.055060896192061504
26637.218803955424,0.0569368945932128
26726.476686353744,0.05410323090269141
26816.493451824135,0.05543674071935564
26902.981490196078,0.05893984233850336
26991.910445444668,0.060698986681528073
27083.361185558882,0.06440541883139991
27179.844479004667,0.061098717568655724
