D,r2
190.13680610365694,0.6026440740063559
257.63338260986427,0.5804983179586722
328.79348112958564,0.5671421535345331
402.16006381281574,0.5483561944592397
476.9296570275723,0.5369767975232154
553.4482394830542,0.5336458106576507
632.94631495228,0.5074527800555676
715.5920159680638,0.49680925984162266
799.416046543093,0.4821274580102326
884.5485187623436,0.47347768423775044
970.1408450704225,0.462078892789326
1057.5389037433156,0.4534523390857239
1145.6368640085918,0.44760978646422145
1236.4492888475343,0.4360629672266245
1329.5669470030703,0.425433451175392
1424.277447483155,0.41053420503665716
1519.205611222445,0.3964731322945209
1616.8109585388615,0.4001505581614842
1714.9869413031772,0.3941938841579291
1812.7217299299034,0.3836911711706311
1911.9139640846959,0.38113347222529625
2013.8867447431462,0.374457934801051
2115.564643095397,0.36655204391683094
2219.121054039593,0.3581249000289108
2321.64704271632,0.3615480902157062
2423.1788844067323,0.34906628299834613
2526.3956013745706,0.34047362739954234
2632.0766357725824,0.33486543641219435
2735.3358322921003,0.33262298012668384
2837.689021017699,0.3240496907605718
2943.40830449827,0.3166962194782149
3050.7439713380186,0.3182242303079941
3158.580770296481,0.3049084550778048
3267.8455533872316,0.30580734837222856
3376.342829617396,0.3049296191343241
3487.628614916286,0.2950309291891188
3600.273611111111,0.2848472474521017
3712.748036919686,0.28542817388920727
3826.0845633880535,0.2794840279777271
3942.8537598670546,0.27759564380118945
4059.465354767184,0.2730601635050887
4176.257780225833,0.26713248732916145
4293.3559650824445,0.2658399312968493
4410.042325839579,0.2754038130098581
4528.094091600941,0.2557445199258581
4646.172848048713,0.2587927894189603
4766.575456053068,0.25716017642225764
4886.908385308386,0.24911834098659844
5007.097389142146,0.254705667310899
5129.244962738062,0.24491058396984733
5253.7193445354815,0.24380622479494754
5380.122990243232,0.2414008009989699
5505.105116796441,0.23849008747593273
5629.633269018743,0.2401733647061272
5755.090871426599,0.23321909826793916
5879.477250591345,0.23688645741824277
6004.531262939959,0.23806064655781492
6131.482578157279,0.23308497275043452
6259.435488346282,0.23421300068473794
6387.310030395137,0.23368365293760657
6517.147160905179,0.23284700367300107
6645.499173325985,0.23196699061948634
6775.17934181416,0.2246844502685265
6903.181313341664,0.22486845525892113
7032.412408253705,0.2213696602783715
7162.314740484429,0.22346101488723466
7291.12188060113,0.2232102901568031
7422.230523538397,0.2108162445346284
7552.99074457798,0.21694151196571365
7683.119734843253,0.21897474945508394
7813.425540708086,0.21747024509917393
7945.252429880588,0.21453141546499918
8074.771289875173,0.21050512209810318
8204.523710770081,0.21254350178113904
8335.865538122764,0.21761176768821955
8468.147788714821,0.21305055252453084
8599.88703448276,0.21329033017769672
8732.066879422784,0.21799978632143005
8867.713063870879,0.2115347929848729
9000.965216186252,0.2174196445461291
9133.986740331491,0.22137904162430153
9268.01155184412,0.21303881034487174
9399.815049614112,0.21419343164621008
9531.787325307872,0.21032585450868302
9662.137726205277,0.20710190021615388
9795.087619575766,0.2043520652940317
9926.664599696844,0.207336837524033
10057.849737351396,0.19556515551490664
10189.159188776219,0.1986580230030235
10322.490576496673,0.20923320735911613
10458.533902976847,0.20351375369184838
10595.129722222222,0.20071083788688843
10730.971766974246,0.19534091299197764
10866.745489869552,0.19827062389637906
11002.459328821986,0.19998793825149308
11140.145651269248,0.19576732517627402
11277.147455295735,0.19401120685023845
11414.389558232931,0.19005154342232616
11550.217161899473,0.1914567857823145
11690.486408168897,0.188783325723663
11829.532231175326,0.18962486718924645
11965.882952354723,0.1885568325361048
12105.844720496894,0.18902365125039605
12241.027418232428,0.18455145866472347
12378.431283532811,0.1841206266421713
12520.261165048543,0.1862733200019108
12659.131154323542,0.18568648922406963
12795.65199944652,0.18511937791382235
12935.53758668516,0.18399076020108357
13073.660941828255,0.18259121135539352
13211.123932800881,0.18603093050589836
13348.73575488701,0.1804276035773377
13485.170277356146,0.18635917299620078
13624.33287178067,0.17975393936838654
13763.525027654867,0.18783702272520905
13902.067267683773,0.18299093394764343
14040.49241797629,0.1869315188339466
14180.739678581325,0.18511814347042893
14323.87380125087,0.18053086661407
14465.282596685083,0.18168913680216214
14607.705573226387,0.1901477663466446
14747.838415896233,0.18952636360095848
14890.594433674882,0.18454955597597755
15035.030344827586,0.18771956059062134
15179.339808519495,0.18998204141177547
15325.181479436931,0.18831529535050154
15473.859839023036,0.18428931565479115
15620.358109975132,0.1854012677257488
15765.425481769029,0.18434035713401561
15909.410655286343,0.18420285184011656
16053.567575044957,0.17591070510966955
16194.403622787611,0.17965401356772218
16337.985453034082,0.18240210020329328
16480.83865174748,0.17798263660909458
16619.74570637119,0.17777232739215584
16756.74194885971,0.1823953420284729
16894.675653255912,0.18415736385473835
17034.723727876106,0.1888325628431164
17175.19444058374,0.18178321217818352
17317.30492030492,0.18331469663958602
17462.192915007552,0.18184877198623767
17607.590934371525,0.18228299838815087
17746.901720578113,0.18302290894137305
17886.57315212869,0.18483520322745509
18024.700250138965,0.18396122442035623
18165.969571802285,0.1860391765560335
18308.117842783864,0.19049069006158328
18448.15042051565,0.19195617751949023
18590.375345494747,0.1880039438013187
18729.922309929374,0.18944341307102158
18868.27496202182,0.19181769719598984
19008.098519440984,0.19078890691551761
19145.3689387642,0.193224953503486
19284.391467481935,0.18739933320265723
19422.72008253095,0.18538668877044062
19564.357389741464,0.18799393625575925
19705.767464379584,0.18634937811216204
19844.18501529052,0.18565686627062294
19981.264002212694,0.18181017509631844
20120.133102493073,0.18421298956358131
20257.651387546597,0.18222484533769298
20392.36776061776,0.18534361600414273
20528.664032168606,0.18501961514167725
20666.158259423504,0.1804594327944297
20805.397570403093,0.18399871859508626
20945.107592310884,0.18580934114367298
21083.831423443324,0.17962398033636912
21221.87808257135,0.18238836714856796
21361.110216546364,0.1795600725582208
21503.99214876033,0.18153046873074705
21648.50773480663,0.1842407655076058
21791.953271028036,0.1873834042399901
21935.540845846535,0.17879763858959938
22078.962529274006,0.1785742408364425
22222.741863699583,0.1790854811048847
22367.61620498615,0.17989306089119264
22514.641970198674,0.17971816535914928
22659.93080976151,0.18213267840131953
22802.029063360882,0.18208997562406734
22947.034173901062,0.1802524020301015
23091.322567230385,0.18774391369827964
23236.626847120562,0.1842452604538953
23380.578222778473,0.1831527793586423
23524.85453539823,0.1808028983787086
23669.36632977987,0.17673556468444293
23812.92033195021,0.1794366979558447
23959.014084507042,0.17567939341493646
24106.029737206085,0.17588281489637622
24250.299639988923,0.18217296607685654
24393.539111172642,0.18348733111597357
24538.74154822685,0.17702726177852626
24683.699337382663,0.17713949675086071
24830.659833795013,0.17801215028602957
24977.426229508197,0.17975733398117055
25124.034515951596,0.17619605756531975
25271.428077932844,0.1783101129643474
25419.89118954975,0.1771385876658678
25568.7691667822,0.18102356090595553
25715.2166298952,0.18062654360999245
25861.38369039392,0.17980025021757307
26009.893272425248,0.18500494661848102
26160.5076837879,0.1820497270259275
26309.576827586206,0.17678082912278306
26456.91348811498,0.18167603263276105
26604.740443213297,0.18158431357838417
26755.735643291,0.1799026798437925
26903.576709282934,0.18037931689783737
27050.081496881496,0.17726593774710436
27197.17640588478,0.1811689691602124
27346.822665558328,0.17560598762266358
27494.709323329163,0.18256907765688096
27643.131662305466,0.18248056613832894
27792.26543295125,0.1725137867759737
27942.988504155124,0.16854292645195337
28092.94019933555,0.1729514560315213
28242.431077348065,0.17369466962423263
28395.00469872858,0.1727373662095282
28546.589255968905,0.17170629452451464
28693.849944629015,0.17074142977499096
28843.783452643172,0.16815607788379136
28998.09959828231,0.16322061534907958
29150.04801439048,0.1689355659105268
29298.53174712962,0.16591391095301652
29447.96229281768,0.16304196834388487
29594.20553633218,0.16649053395996596
29740.5495821727,0.17282199584092783
29888.71658194807,0.16826234158314082
30036.104670558798,0.1697438809894873
30181.410514695737,0.1690214074133233
30328.568118756935,0.1670711010916587
30476.848141495095,0.16857807892690146
30624.703267792855,0.16621753729468042
30773.36027586207,0.16885906491612804
30924.54558049321,0.16992031153276005
31076.594534915817,0.16717359488736194
31225.41534428039,0.16840917186271287
31376.849216257455,0.17161348732381554
31530.617655172413,0.17957838936379958
31683.314868804664,0.17509380032099275
31839.00262177453,0.16998710601728634
31994.12999445061,0.170854172465337
32148.746686913306,0.17481194931493016
32302.047632273294,0.17388506816828286
32454.878421125017,0.1717238878894326
32609.36706404214,0.17558934342230184
32760.972352778546,0.16898387960709133
32906.86753679533,0.16742009282309941
33052.06360375276,0.1685694324790167
33201.12527716186,0.1656980851654812
33349.270079067835,0.16420383060591623
33500.81116765232,0.16495152488908937
33651.90628904623,0.16889178164105084
33804.98524137931,0.17467395820492318
33956.63602432956,0.17359007453002326
34112.15906886518,0.16910397079010106
34266.70898814447,0.16708031143040653
34419.64831038799,0.1682264131603154
34571.693953616785,0.16320463857347695
34725.11138785112,0.16490207996953027
34879.69419550531,0.16897184737719892
35034.56256921373,0.1641225719801059
35187.40049923728,0.16434757392443466
35344.52383584358,0.16488568625433814
35503.5110864745,0.1674724049651858
35663.00497374965,0.16920290129241197
35820.959601549526,0.16482370619816902
35978.0237405107,0.169360792885272
36134.7868168544,0.16951602092470971
36293.5089051498,0.16325765596718192
36450.959336099586,0.16172702484895343
36602.55918423591,0.15742852359348894
36753.962072798,0.15215983725886478
36904.19795974634,0.15821342539936067
37148.093662366795,0.16433627750436106
37484.4432847947,0.16640301584257092
37817.11352430881,0.16889742552355552
38147.15274403538,0.16678021822394584
38481.29486540379,0.1664315517822348
38821.275185809754,0.16848588341135734
39163.07902621723,0.16704620925950234
39504.2697740992,0.16757305045118612
39854.013848169176,0.16854271493186113
40206.24122204173,0.16682922697172298
40559.53150906938,0.16782719019556885
40911.02808638122,0.1709994592622811
41272.09433374844,0.17147398507624675
41637.55794339976,0.16957588545793206
42005.09119242037,0.16776454660821352
42371.35358255452,0.16756361812964246
42733.842358078604,0.1664377116501253
43094.58921991131,0.17003438325158304
43460.90978802992,0.1691335438730523
43823.35930196323,0.17457502672615857
44185.864180593664,0.17167400614217648
44544.913477745176,0.16849705711095858
44898.945625,0.17330823902951184
45248.3316748554,0.17143871003494057
45608.73731510953,0.17360890875796745
45971.391453310905,0.18143901418715883
46335.85234731512,0.18151904009229053
46701.9994390776,0.18097848704129932
47069.335579683015,0.17791343357767375
47433.824005478426,0.18050431470104145
47791.4946961188,0.1795872549080928
48150.45221023755,0.17714872239635332
48515.062601423044,0.17246316374905993
48881.551842598376,0.1713552325656242
49253.63787416765,0.16917901074179362
49621.30463286713,0.17046405010583132
49988.84327055008,0.17445687611157257
50356.634181319365,0.1703712024074897
50722.765047090375,0.17554529331973967
51087.939910146015,0.1711722470220877
51453.625514660016,0.16794576409195275
51821.57312277635,0.1725025723047457
52192.492746404336,0.16478080741360968
52561.88112324493,0.17017774923565696
52936.274048658765,0.16790260115638478
53304.17495936992,0.1656323043003072
53672.70268589903,0.16498977712827265
54035.256315657825,0.16607519179477
54393.38730198328,0.1670721766901722
54741.18621591334,0.16413065431535423
55093.929638192836,0.16238806555781987
55454.554378311,0.16489936646491943
55807.187027904365,0.17062502119441106
56158.431225838634,0.16933768802583346
56510.53714214433,0.17141615224193044
56860.18695895871,0.17187964779960313
57194.621707651975,0.17025640147825558
57524.0971279048,0.16864656399660094
57852.84233193933,0.1656429572882431
58182.27480820807,0.16484953813530995
58522.24242046163,0.16336687389505133
58867.72507326807,0.16502416444968432
59216.77919003115,0.16707111505535827
59569.0623752495,0.16899054537121244
59918.99681846538,0.16721259783793316
60263.84746716698,0.16849271960446852
60613.5632040829,0.16125903623714624
60967.0995692615,0.1616698150386317
61325.41276675402,0.16054981807022453
61682.608690239045,0.16519751351567827
62039.66980720035,0.16835463117785457
62389.17623564653,0.16732819711706798
62742.73272579739,0.16935850876853983
63096.960092142945,0.17511976108361116
63458.15884814792,0.1756246820497097
63816.213339995,0.18141598589847682
64170.48189918375,0.18112188634855797
64515.631559243775,0.1751088935426821
64853.42943410322,0.18337465218380947
65198.85267884987,0.17830900011253628
65550.64316905802,0.17591931208271383
65904.31214521865,0.18020128773036254
66257.15927822178,0.18201187691256634
66603.31856750687,0.1828952161413779
66942.60340420225,0.17663362666627042
67288.14596447491,0.17885032388183755
67641.34311892296,0.18334668508610305
67987.49447806826,0.18259666874685554
68333.63187121732,0.18278265019849185
68690.07178974967,0.1767358597262257
69044.39768195414,0.17865030257347528
69390.56677483775,0.17618386701410266
69735.73293861016,0.17889060918350042
70087.98141101615,0.17355216040826416
70447.85639393372,0.1684692484618052
70809.34689547581,0.16957789437370846
71165.04900678748,0.16890832495565336
71522.18696901549,0.16759752925275131
71877.90833748753,0.16622273881753538
72230.34808903298,0.16539751830713167
72586.10607575947,0.16623839399733922
72941.0650411574,0.16589256027060814
73307.99533146592,0.16827949127583994
73673.19003367843,0.17046962314314112
74029.4459147369,0.16811674796197437
74375.71999750109,0.1671567051012337
74711.74367108292,0.16801936738369339
75044.87032185629,0.16609193091568084
75377.55828182556,0.16441574380813895
75709.2432381902,0.1683524671015428
76041.79723905303,0.16713131747687543
76369.11020382721,0.16911704307551031
76695.96824901753,0.169731358421703
77013.85664422838,0.16670289112508993
77329.90416510787,0.16386829230011152
77641.95423855964,0.1668036430041323
77952.25021774294,0.1629737440519029
78273.09353103103,0.16384558083431885
78599.84176781824,0.16853472865081168
78922.08140841553,0.16487785460877194
79246.14158354115,0.16799752405950427
79575.6820365633,0.16415159362882076
79910.3975783298,0.15786365390257828
80243.4990953896,0.1589027890393886
80577.42740477527,0.15562620308397673
80913.66062982325,0.16168114741211187
81253.46512647133,0.1593255021482311
81595.10736043764,0.16186816910801088
81935.75473815462,0.1669078781734062
82280.78509456338,0.16926860851643757
82635.33063158552,0.16945076999252445
82998.97177469714,0.16875599901154242
83359.79166407077,0.17286058007749558
83719.59947496718,0.18039907176395878
84080.27017259643,0.1781064151424284
84446.59858979158,0.18022439938432014
84811.16643818545,0.1825924225626486
85174.71377738935,0.18413667166494224
85535.91767494075,0.18427113842657009
85899.47854023706,0.17946406846896262
86263.09037156905,0.18229847848347008
86623.27152483155,0.18190914518373785
86977.54135949019,0.1819013757675718
87336.19438727784,0.18110287806349218
87697.6147561432,0.17756617284040574
88058.15985037407,0.17570623028807988
88429.19176375304,0.17623386166973834
88795.42665418227,0.17551401308190662
89162.09409340659,0.17920289693037972
89527.72927041832,0.17474304249192021
89885.7279365872,0.17598078679123746
90238.98932850723,0.1750085245482986
90593.52628952784,0.1701296474962379
90951.2864979429,0.16862475291762977
91314.5318127999,0.1690844136525784
91672.67430963389,0.1679027407916156
92023.77937141432,0.16677633431315672
92372.56423989538,0.16745814919979493
92719.30107526881,0.16945341527541777
93067.37326269866,0.16987106380008832
93414.42175810474,0.16706058507079893
93769.21148319381,0.16566348075519674
94122.21752397559,0.16582719049242134
94474.45726068482,0.17483536677822836
94822.72004737564,0.1743512087435092
95177.4093457944,0.1714530639938329
95537.38372817956,0.17126691849572914
95894.71036718409,0.17320980674380723
96248.45417705736,0.18003791667173483
96603.62525,0.176076911643775
96960.87985777557,0.1791350678917798
97316.13028849149,0.1758466942431573
97672.9811144353,0.175174564427093
98027.14560559684,0.17576609608149565
98378.465200324,0.1813095607952204
98730.82619553003,0.18549345614209564
99084.08039668185,0.18283920160321127
99432.10657525709,0.18121213579670117
99780.76053436544,0.18317659070059283
100134.5812375498,0.18457934109067264
100499.2996383138,0.18451822344020752
100861.69854365897,0.18415379821694047
101225.20865822468,0.18584063216664368
101593.88480239372,0.18816873029818515
101969.72255451714,0.1857190842014324
102351.62626262626,0.18836839171410275
102729.11884836372,0.1875723447819701
103107.5722666001,0.1852863783846014
103487.64030167041,0.19177230838077058
103869.10841796997,0.18452275774610433
104247.73662217786,0.18775999015731681
104629.35844107176,0.18362973333824495
105008.4596025665,0.1790267767757081
105391.41242197253,0.179174397740252
105782.14600722562,0.17705752532411884
106175.93773031041,0.17483214483279103
106565.15241658871,0.17362270050509
106953.38555569416,0.1738176215649974
107339.39596311987,0.17825219268159878
107723.99282639885,0.18265068600311865
108106.99812874252,0.18718420618883877
108493.77141965678,0.18038042062442478
108877.3731809381,0.17676616671373685
109257.28957215916,0.17711080649058578
109642.2613423322,0.177745744996227
110031.60955877777,0.1755204093977891
110422.18261791865,0.17096778772605709
110815.25909770688,0.16893943467282838
111207.52851711027,0.1710707587949515
111597.4174369223,0.1693313495914551
111979.27624929814,0.17736466184378924
112355.9626996008,0.17717592612173988
112728.78146025418,0.18059360692336685
113099.35723215401,0.17973443903254782
113475.37739845502,0.1797400532600329
113858.2685924632,0.17904913574094225
114237.08191403082,0.17902169366509044
114608.16929600299,0.1746634829479252
114979.46530891878,0.17432133436241684
115366.36371018113,0.17633812588184666
115746.5393916729,0.1814695052117622
116123.36491206186,0.18374848801214044
116500.76641926028,0.18114808652344036
116878.27594383775,0.17893139460420324
117257.69950124688,0.17766969598683174
117631.49375546396,0.1817929316061834
118006.11251012902,0.18073535171082616
118383.11753347867,0.180146347022049
118762.95009357455,0.18593774454757764
119145.02088919374,0.18378859426765176
119526.68113772455,0.17459288110625043
119907.75063978528,0.17780424257230268
120297.74265027152,0.18038851382720852
120693.79350738364,0.18653206940648753
121083.2876994018,0.18443310447528938
121475.28187163768,0.18474338772319238
121862.5921224566,0.18275180156517212
122244.51938565275,0.187870988588705
122628.55953641972,0.1881531175638377
123018.7134291068,0.1939537752412201
123409.43303849507,0.19558007858409832
123792.15646046396,0.2051856478441893
124168.32084893882,0.20062564242968958
124543.39029562181,0.20166926679572036
124924.3357441237,0.20134596762714982
125305.31336491709,0.1951973712894769
125690.30767311291,0.18990986731043358
126072.47233830225,0.18811622134743336
126453.63375179564,0.18560553354004225
126838.394035612,0.18252353040184655
127222.93447329006,0.1794117878559309
127604.25110847436,0.17878132056378712
127985.02248940941,0.17691655751174795
128367.1480488717,0.17461538044662783
128748.20916744621,0.17418423904834293
129127.22439815392,0.16988145139808553
129497.9367934545,0.16411037112192695
129861.7456506828,0.16393400807781125
130231.55389221557,0.16234364865026973
130598.13436370435,0.16281915784508927
130965.36336991769,0.1663674644794124
131332.64094566778,0.16437023207051565
131693.83500905515,0.16390531597148086
132056.64348531154,0.16612805813764944
132424.6149672591,0.16439707529225445
132787.93404401222,0.1663330416124762
133154.20548628428,0.16661555402927944
133526.05978905322,0.17056890284108617
133900.3993763642,0.17501563396433523
134275.02973513244,0.17449035345063565
134642.57784841684,0.17386821743720607
135010.4707567736,0.1738422072943947
135371.48305190745,0.16496504879146082
135729.5240648379,0.1672167713826899
136092.9225834579,0.16406650905281764
136461.82781415654,0.16261379600942466
136835.32036170876,0.16365946347671925
137209.58958996442,0.1635645779373145
137577.33705761188,0.16568406501821573
137942.78591918183,0.16939689001174846
138315.7808663135,0.17043511013874613
138692.41996761336,0.16874771291306448
139068.5484032248,0.17185729100941585
139450.21402283077,0.1778708293618351
139849.11741622025,0.18061762476049636
140245.4864274571,0.1757261143873313
140641.7675389408,0.17625648884618905
141030.99544205793,0.1752010425598881
141419.38121098626,0.17923484619033847
141811.6609704378,0.1764351316362174
142212.1496789477,0.175483921719438
142621.0531569753,0.17636981011153244
143038.31695010277,0.17827612561302816
143456.4378000873,0.16974887592983093
143875.33628705147,0.1708356889781737
144291.90234155479,0.16417209490103535
144696.85738317756,0.1628733175250579
145104.28045201974,0.16633269536216944
145511.44748488438,0.16845080143853658
145913.1691327964,0.16669223280475887
146310.02714143426,0.16743797175830363
146700.1698572052,0.1640911945492294
147088.6999313058,0.16440659863276869
147479.06575085857,0.1574538248290539
147867.31529455722,0.1645744881249283
148264.7848543447,0.16689311979152133
148656.7254118822,0.16692652135206765
149043.01590568863,0.17075286990335442
149425.32143524574,0.17234757169289022
149801.6804748516,0.16764366490165034
150175.08235220832,0.16939767259576724
150540.21765183198,0.16789936221530724
150904.90110232297,0.1609472181278826
151267.60223303392,0.16162407917072374
151630.03837979748,0.16202498873976712
151997.69034108624,0.1599752425319126
152367.8834279299,0.16062848587778494
152738.4320872274,0.16168221852960843
153111.59051186018,0.15888283727948985
153487.78014095928,0.1634046802366501
153867.72341752416,0.16118933050578005
154248.88744858533,0.16456461714109696
154630.39731836607,0.16159109540673378
155008.40554203332,0.1628212005918301
155386.6967979068,0.16287826153958262
155764.33064767972,0.1647278617691523
156133.46242522434,0.16523572847007686
156502.38766849725,0.16386783199034802
156861.4609964457,0.16396523784831868
157223.99494160994,0.15986366744927327
157583.9022003366,0.16478846163479421
157948.34069223574,0.16429108166766876
158317.82994639073,0.16230839492665344
158676.20580524346,0.162270117512197
159034.10540085964,0.16740932788358756
159396.70790657008,0.16944227223864908
159770.54690419833,0.1691705570326735
160157.0089921319,0.17030439564745364
160549.0263502149,0.1668825431787936
160942.08856964397,0.1633030234674033
161321.66897627964,0.16082787052144581
161704.71835718732,0.1600385438339843
162085.47937340074,0.16785140482790237
162465.78622713368,0.16816550595824145
162842.7504210592,0.16760983503459054
163224.42800149607,0.16418443127885574
163608.84411049448,0.16536838095702608
163993.68819418445,0.1649793704403708
164375.50071798713,0.16551733524266246
164755.66971791518,0.16647498470985242
165131.55456305828,0.16409460643525495
165510.2193556428,0.16932491447487447
165891.39398852582,0.16694398187375029
166274.73492697542,0.16488932664316452
166656.0575436409,0.17071204700418907
167037.84367988032,0.1655903004363094
167410.14737302432,0.16499732657480698
167784.58047838544,0.16473898200658904
168166.69583385307,0.16587761426878223
168545.15733067482,0.16560836011671182
168919.64134441182,0.16290567063613032
169296.27938978828,0.1604371277267955
169674.30555035276,0.16581580001374308
170058.03168069848,0.17119554835255377
170440.0471132217,0.16857272385082545
170818.42195775438,0.17402919244618414
171199.1814496008,0.17193894712716934
171583.34364089774,0.17190442693142388
171973.15988281494,0.1707669691882921
172367.3192180376,0.1678592802493147
172763.54343623325,0.16774938595812766
173167.99376208597,0.16526995966036975
173567.58713537772,0.1666004795822843
173969.0198778664,0.16659370142143118
174374.57371114718,0.17389769829507282
174782.20243293824,0.1729709083842564
175192.83826552864,0.17487733443661954
175597.50321412968,0.17423285490060064
175997.80997254117,0.17089339260013398
176396.73121963374,0.1685383914475046
176798.01330584707,0.16992884391456115
177206.04030949707,0.16902254211191658
177615.01942231075,0.1701083717854897
178031.5282960005,0.17344934754512223
178454.51355900505,0.17541708499177472
178878.88999188363,0.17340944777589082
179292.10760204718,0.16990983650189526
179691.86793512164,0.16792367591793206
180099.53787690008,0.16539433046817317
180512.16371930263,0.1677022500962445
180921.73753738785,0.16809567698607925
181327.14070978606,0.16646401856375181
181733.98167082295,0.1682752734292993
182137.6927635683,0.16478845581597465
182539.13973336655,0.16030514812947091
182942.0852006741,0.1617693766576318
183350.5766901804,0.16732867137609048
183756.13916240807,0.16279636755676338
184154.58926233085,0.16200032901401584
184547.8657722309,0.16384264971132656
184943.04312281578,0.16472457021293296
185339.86563259203,0.1608647866543957
185726.51204142752,0.1574505783489069
186115.42351398602,0.15558450069810478
186509.3230452675,0.15087131572531698
186904.21517172598,0.15631666154763563
187299.30331546802,0.1596613030801338
187696.54898775305,0.15834933029631135
188088.41225557355,0.1603493321379121
188486.11570402747,0.16218749168924607
188878.13152647976,0.16684474965028984
189270.3964859626,0.16933559129366704
189656.61597857898,0.16919755755163654
190048.278009851,0.168286318194286
190441.0603754756,0.16344582151089865
190844.84719970063,0.16328406991295347
191261.87944368218,0.1654099252708163
191678.69521017838,0.16178828288853317
192092.88694188077,0.16613526796374864
192507.83726739103,0.16988092655456657
192915.88818289415,0.16533588803133695
193326.38831014908,0.17168376855486872
193734.76127502962,0.16883206551887203
194134.85033674233,0.16969605640094756
194533.3952035973,0.1698919083962395
194928.05459877697,0.16281003117720103
195321.00056095736,0.16217399616000544
195711.76108405145,0.16116567156433695
196096.87890479155,0.1601843062857174
196487.22445414847,0.15996087870509132
196876.99531396438,0.15793647887641288
197276.1240503176,0.15909099581390346
197675.82116355927,0.15822315040102708
198076.69611880693,0.15259468416913904
198476.84144211578,0.15704740969737582
198880.58118219228,0.16142547110534167
199291.24622299912,0.16192423997809918
199700.90702170116,0.16349632265199276
200109.9845817728,0.16438708583460118
200518.5528855133,0.16392551980118802
200926.31832075355,0.16794969151095307
201329.58804069657,0.16286597157037105
201737.37713502056,0.16747385240425852
202149.2216256711,0.16608313941388111
202557.28344982525,0.1699224820382137
202957.61977091632,0.17483647561675703
203370.9225290516,0.18136488915531523
203783.32116606453,0.18485862714522222
204188.34921031276,0.177217418473553
204585.68282790465,0.17748049137739413
204983.42504365178,0.17350674346012432
205389.88812714242,0.17244908755230726
205788.3523536022,0.1693556309359954
206178.48400374182,0.16776013076324056
206570.65228521478,0.16721590987377727
206965.24733926682,0.16646026370516756
207361.7065278384,0.16894071929484186
207753.69681083443,0.1737863019098171
208150.71772128178,0.1711217315042264
208550.5160727635,0.1681020265148811
208956.77968321278,0.16756697256180658
209362.59197804253,0.16781297144411295
209767.69030850733,0.16586628502749806
210177.1715836088,0.17090344473858346
210583.78260869565,0.16602549851775025
210993.7599925173,0.16772010372857582
211403.39005055864,0.16934693793602737
211817.81202022094,0.16726762558854805
212237.69372739742,0.17064680256754475
212649.7256808126,0.16745424177151427
213068.4315980251,0.16924521240752288
213487.5057693507,0.16499555485931472
213907.21561662617,0.1630191088923441
214322.50395613982,0.17040077134208834
214734.17163899637,0.16924436461802414
215151.0566084788,0.172525390900602
215562.80519967503,0.170264243465639
215968.53962921488,0.17392989430093914
216373.67970751828,0.17513734508764925
216773.49423424547,0.1776992514973001
217174.19681846537,0.17478411167120872
217581.24851997258,0.17303169263410464
217994.07602047184,0.17504368225271336
218398.76941777833,0.17550497060960904
218804.4184653774,0.17704715805695123
219216.56452015476,0.17712633688552457
219625.17266949153,0.1759144319802815
220046.4558676654,0.17824246331565305
220466.70990889805,0.17836027687490894
220881.08785175017,0.17660785004813237
221303.57137511694,0.16883513789836693
221718.07369274928,0.1670174514620674
222124.52225611653,0.1689383321484101
222526.18613503058,0.1686584929808652
222931.96560119864,0.16786200185660374
223338.50021791918,0.1724459568045908
223744.02773959766,0.1741216062988362
224152.4993453457,0.17545481563573306
224555.50563687325,0.16775490569894763
