D,r2
6.187861829409495,0.8334396019033204
9.186341869664792,0.8146036862802954
12.18260960771974,0.7984558343688462
15.0,0.7809320840909986
16.532912533814248,0.7799998181105455
18.189349112426036,0.7635391189414041
21.199121027721432,0.7536155947414903
24.190786465477824,0.7329819882620707
27.194444444444443,0.7248929431080294
30.19267707082833,0.7145879011562469
33.05967263822657,0.7086684019552515
35.0,0.6642059563988968
36.204121212121215,0.7057184110078697
39.19811776061776,0.687311496913967
42.19512496906706,0.6744767798992072
45.194631710362046,0.6724729282246636
48.19026265214606,0.6576085349216624
51.193662432892495,0.6412366587103498
54.18600368324125,0.6388860098070454
57.19658347791272,0.6296461023317551
60.21889870836166,0.6221382238309431
63.196664350243225,0.6164805179174141
66.19264665381438,0.6109083261641403
69.20602876106194,0.604281029210661
72.18931623931624,0.5894300079258725
75.20386043058649,0.5884537881443267
79.49469881410508,0.5905166914979014
83.8750695603784,0.5843460391719151
86.99971056439942,0.5783206323594913
90.11327168887681,0.574686942703616
93.207353827607,0.5712193185056268
96.19884950248756,0.5685106407584158
99.22034419176399,0.5541334166150187
102.22702219573961,0.5484972109077203
105.21747070461117,0.5467375329250137
108.2236411773867,0.5460380865688913
112.51921412497836,0.5319057341802226
117.00188926028194,0.52232684956965
120.20679933665008,0.534208404004924
123.21816693944353,0.5195509188343381
126.2108190091001,0.5193098066562906
130.49919239052406,0.5072891374982024
135.01203566121842,0.5035281353307987
138.24606333275653,0.5145853372188992
141.22863247863248,0.5149623902277717
145.47800113787218,0.5023190931742925
149.9993848046755,0.488507457835186
153.2370940491834,0.48415834397655966
156.24630281690142,0.49058647571858466
160.7263965732643,0.47334234213372517
165.2660250590158,0.4734399958002531
168.24331352154533,0.46971511719479775
172.747195698526,0.4579894416067967
177.2655388709371,0.4634192642643299
180.25771885216128,0.45557724853598575
184.77330428192496,0.45038804200219007
189.27891156462584,0.4501695495577852
193.61762930167035,0.44497379170141826
198.1462644686075,0.4411888686740844
201.2691432903715,0.436368166270345
205.77591873319392,0.43956435197811433
210.28013219284603,0.43682453997938986
214.74805928016937,0.43170324608427285
219.26816680429397,0.4254232854085525
223.74188609920392,0.41974219686248426
228.3084780388151,0.42195233535605237
232.62751025696394,0.4109042797033753
237.1766704416761,0.4172232204974918
241.63086809715716,0.41196808779649813
246.18428766855578,0.4148327553956758
250.8036093418259,0.4020367359876626
255.3152610441767,0.3961640237216514
259.7978017194472,0.3999828551386214
265.49212451940963,0.40054551716813735
270.0097155979509,0.38816673608567964
274.8070097109052,0.3891991450724182
279.3222448517764,0.3826232442701237
283.80008710801394,0.3796524144621604
289.53204172876303,0.384064506122739
294.01796180752507,0.37805657031431444
298.8728310502283,0.376317470474717
304.48410404624275,0.37684575567793094
309.00038138825323,0.37215292413657436
313.87338531362735,0.3648105268727533
319.6505604947816,0.3627333610884634
324.2264431239389,0.36216886226631934
328.8832868743183,0.357205723738257
334.86669834858026,0.36030532482381705
340.4877576428275,0.36178241193074184
345.000398962697,0.3493867782850047
349.90873880416365,0.3539010560021589
355.8994956329192,0.3612383378075556
361.66679941590337,0.35177061454743924
366.22647362978284,0.34668503981061505
370.8957470831765,0.3538307898797255
376.9149248258159,0.3457070106775364
382.9147462536205,0.3407720743868563
388.6857772877619,0.33334352783275667
394.2873325044896,0.34221287396861516
399.0048151001541,0.33396004625618586
403.975518134715,0.33376851756115206
409.9927469339312,0.32442738468561955
415.97513739858675,0.32186938394034587
422.0359984348507,0.3201985755279187
427.98059508408795,0.32574780625614175
433.9220412010233,0.3142132663285782
439.6781430788768,0.31355013312871804
445.2495001428163,0.32122868287373807
450.97618414050027,0.3106214090507627
456.98193024233086,0.31439877673832084
462.9632224168126,0.31106201566686037
468.00382987300947,0.305009501985138
473.04369607570277,0.3055235180478624
479.0771776542229,0.31089033695408896
485.0557650862069,0.2982465575990184
491.0457690260777,0.2879814898942733
497.075,0.30022722593645196
503.09554587607136,0.29423696937228005
509.0452903584329,0.28763015242610246
515.0988292948543,0.29186156330819296
521.0735781336278,0.2863775817008641
527.0862646566164,0.28459622596951495
533.0719794344473,0.286195439740097
539.105980963205,0.2821800157911027
545.9839299567772,0.27876700049586345
552.8663719338277,0.27934952656919537
559.1779706275033,0.27476283375204996
565.5069900142653,0.2778745645298981
571.4784162378502,0.27251383118764483
577.806460153561,0.27116463007183295
584.1486293546545,0.2738291082052131
590.1539935160624,0.27203597385142303
596.1395927933206,0.2748002061116011
602.1229341838214,0.26896342017718156
608.9912,0.27348225155961886
615.8641120117907,0.2709947186921755
622.1961800818553,0.2760422356705695
628.8106357133216,0.26381405898459376
635.1869918699186,0.26607664570892614
641.1843290303212,0.2640675835650233
648.0439520523066,0.26462047443882575
655.1871724137931,0.2608754953328314
661.8082376772451,0.2584864000613925
668.1710726223032,0.2620073378826453
674.1822358346095,0.2662880641829282
680.9621792533138,0.26162160745289903
688.5048330970486,0.2582417608789249
695.1867239732569,0.26393255877311667
702.021327612317,0.2627346790190397
709.1437039178835,0.25063773218124036
715.8324727481354,0.256603601962913
723.0147568330553,0.25526440567234066
730.1355316676351,0.24846755961962708
736.8978540772532,0.25668568658772617
744.0413138311521,0.2524611490240215
751.4732733527388,0.24678803169781213
758.2101160862355,0.2539402583156327
765.015559772296,0.2514930062744469
772.5083191405738,0.24342758784296192
779.9685927940177,0.24879889189517143
787.090622182146,0.2407000500157685
793.8779840848806,0.24475819726803258
801.3371864240039,0.2333557662204119
808.9151542649728,0.241822689774513
815.9844232576877,0.2433248136896396
823.4671901289961,0.24512227287059232
831.0161932208042,0.24617779910699944
838.4911732753939,0.23293479971930942
846.0274755927476,0.24038362257546347
853.5487136229439,0.23853569280228015
861.3897144333894,0.23632357521687802
868.891674550615,0.23501486049897055
876.3733633117313,0.23214654662462836
884.6124771122155,0.23372566208618267
892.5099045176001,0.22906353197104576
900.32918245804,0.23565245536277088
908.5776246453182,0.2315344964441874
916.4822892271662,0.2255194883658148
924.3370431437208,0.23010942749811011
932.5964231249134,0.23211859857476436
940.5219106047327,0.2272465472793063
948.7838141626078,0.2252425595129644
957.4172989377845,0.22650981458288041
965.6329025007025,0.23379925242499183
973.4946662602865,0.22566181477756525
981.8245928965252,0.22606466110350049
990.3952002272082,0.223739340317276
998.6262369239469,0.22247397727830742
1007.1808524590164,0.22303346525050793
1015.4710534168905,0.21665908375581108
1023.782189819034,0.2197741709655163
1032.766763463569,0.21628116333605005
1041.3642056210863,0.2212194676244916
1050.00119395065,0.21107376202809897
1058.6744665194997,0.2197013313260218
1067.1450027307483,0.2206648084811209
1076.12309339042,0.21845762341606906
1084.5085335018964,0.21681453146576146
1092.8083652269,0.21428882976754665
1101.7881367382786,0.22200429686762774
1110.894865858641,0.21466008147759208
1119.8537592949601,0.20683036942172914
1128.8450939457202,0.209615474961234
1137.8176073531524,0.20668457503673712
1147.5330211927057,0.20447279974228633
1157.1115215229436,0.20581143478586233
1166.0910621579908,0.19491667338270618
1175.1336093857833,0.20046880406818207
1184.0922668900055,0.1984533232348482
1193.1096974837433,0.2019599557165827
1202.5931544146247,0.19765229636093867
1212.0866639197911,0.19377779341923795
1221.0854749396565,0.19673833605529276
1230.0131430186545,0.19496833193431162
1239.0516331479105,0.1980006619097047
1248.4191561844864,0.19169273702441092
1257.8601329373498,0.19402671222904425
1266.9079909960608,0.1901353166109611
1275.9279554937414,0.18846951224577377
1284.8521836506159,0.184051407152943
1293.8359826589594,0.1814561279394185
1303.438076923077,0.17829785355350045
1313.4817927170868,0.18297823798329355
1323.1553453711665,0.1796776384487083
1332.0583920609809,0.18004737022684034
1341.505786249149,0.18349173310329256
1351.4218300653595,0.17782035551710373
1361.0680882352942,0.17222374653299538
1370.5726052876312,0.1757578196075421
1380.5014909189483,0.17393527320046395
1389.8928141912206,0.17817144009841301
1399.5138276553107,0.1780450571460428
1409.5994641661084,0.17842687639985808
1419.0832595217007,0.17991558579213146
1428.4791410203802,0.1770096519369667
1438.4302068965517,0.17996020938737947
1448.9622416534182,0.17749641649903528
1459.4809550881182,0.17727951741602843
1469.9532359640896,0.1721481929703093
1480.5265179494756,0.1722389658807491
1491.00406770765,0.16719149915745132
1501.4827388626272,0.17167880101080793
1511.9434013237876,0.16936205525259163
1522.4759970993473,0.17012178121338764
1532.9014084507041,0.1660211907088567
1544.0205352411235,0.16909788401489248
1554.4752445893862,0.16821620473794502
1565.0084928552171,0.16652407343939526
1576.016930638995,0.16166755344628117
1586.934183178606,0.16618232711561529
1597.4638440273534,0.15855338695743726
1608.0185843126537,0.1634809668812187
1618.8889648571037,0.15972662951003938
1630.0914651098137,0.16718839640902564
1640.874651810585,0.16801479525794022
1651.9745810055865,0.16270329755513735
1662.9943089430894,0.15952435957038846
1673.9799382716049,0.15858476785682724
1685.4173644209714,0.1608757355755731
1696.9635308744303,0.15783247998494324
1708.0393290104314,0.1561830888409144
1718.9603355132215,0.16073733828152623
1730.0170438269836,0.15715009256456458
1741.539684608367,0.15846230764666067
1753.0839813374805,0.1555833566457992
1764.018436472774,0.15582978054634417
1775.434272616961,0.1534679684229591
1787.4898680810554,0.15389561977793462
1798.9902214552776,0.1552844738078874
1810.4896964633806,0.15224553341575026
1822.529104777198,0.151908806475974
1834.606993384636,0.14866840693202132
1846.0038045068775,0.15104217076748586
1864.3474310776942,0.1488344740883932
1890.9782446079043,0.14542769835308625
1918.0851063829787,0.14460818504607972
1944.9823663604413,0.14185974945737198
1971.5892448512586,0.1441040020639527
1998.0606767059417,0.14525200045238443
2025.4129871731623,0.1422205110359761
2053.17018195555,0.1433890039632938
2080.5034973616393,0.14185318075801187
2107.957651223058,0.13843113974363425
2135.4610826001954,0.13745414134230946
2163.154727793696,0.13543467714030366
2190.6781774880924,0.13403201685992178
2218.4870105421687,0.13330349590023335
2246.9670336467098,0.1313417548208612
2276.0478146263717,0.13093945234840823
2305.0821334668835,0.13145411637802204
2333.9469198470892,0.12838122211399103
2362.599592978886,0.1265692846587424
2391.414051841746,0.13105682321248668
2421.545482730824,0.12504253944414867
2451.6346970163027,0.12309682732905428
2481.0398199662436,0.12116958914523689
2509.582699619772,0.12221738787655152
2537.8341911764705,0.12126671736791424
2566.5110036890983,0.11922784003906842
2595.339987677141,0.11858135875194903
2625.102560883756,0.1188465266501464
2654.474516049988,0.12088706151295525
2683.917178886002,0.11929230280811227
2713.5327727998038,0.11831887676726344
2742.9728205778,0.11871483615766967
2772.4834231889445,0.11661571542922856
2802.4710641714532,0.1135021372971649
2832.1073111705514,0.10792603234020087
2861.1550304782254,0.10885705148367888
2890.6762479226936,0.10988213807279083
2920.459406062851,0.1106783265457136
2949.8880368098157,0.11095599983244907
2979.127958258277,0.11094685412507221
3008.0420826952527,0.11092309680745288
3036.9894989878544,0.11380331963763939
3067.054772699424,0.11333940358286829
3097.6108588724933,0.11219814176565265
3127.4792629606495,0.10857757445447717
3158.391973039216,0.11007165339909311
3189.591229193342,0.10589882027099701
3220.603940090734,0.10930385002040287
3252.420729029425,0.10767453081556672
3285.399517087667,0.10961915872444834
3319.605741506832,0.10942330367365043
3353.5667223976716,0.10602072245048236
3387.4113233717926,0.1030291775767499
3421.5032509752928,0.10293627732389202
3455.500367692119,0.1040501191959064
3489.0661022264035,0.10260883164791626
3521.6300434116447,0.1019110068137784
3554.0694273019008,0.10278530266155803
3586.923780487805,0.09996640138399739
3619.462465478283,0.09926016754617321
3651.380349344978,0.09825021608236692
3683.4893005429576,0.09756039987238078
3715.987452795712,0.09629481146430378
3748.567205159313,0.09534376724606612
3780.850518006907,0.09579596367358309
3813.975358836937,0.09674885930007869
3846.0070381982214,0.09116349692082658
3877.9320288362514,0.09413858934457035
3910.231871308282,0.09337423838400478
3943.0998492840995,0.09313932442248989
3976.3952310353347,0.0937463112836665
4010.488080379431,0.09470243095954382
4044.54319445312,0.09654008170976039
4078.315432411869,0.09780141127196185
4113.5178342783975,0.09476316070305672
4148.4387981960235,0.09209300916458488
4182.8459674412825,0.09537301954490691
4218.122164156163,0.09289694690048711
4252.263800189693,0.09385193661885373
4287.412051614497,0.09347411679524667
4322.8471890328265,0.0962972618458108
4358.06198039459,0.0956312639328941
4392.982087517044,0.09366381734392046
4427.34083703234,0.09316851577730866
4462.5176499478175,0.09494937798449693
4497.990153728878,0.09084382860885966
4533.38805043165,0.09312217401302307
4569.949659863945,0.0901337563410173
4606.0137404580155,0.09046778384037057
4641.530220950758,0.08974649857205054
4676.80664556962,0.08949006976599566
4712.425203707159,0.0915738704288897
4749.014467117317,0.08884238270178312
4785.912534992224,0.09046584510711758
4823.091593085437,0.09120766989281825
4860.51274121722,0.08623621306916313
4898.184347181009,0.08794468920704719
4935.062523446292,0.08413480299868209
4971.940008794522,0.0830112452743884
5008.488913801694,0.08263623859610364
5044.648716030915,0.08159564448756707
5082.431837952032,0.08462314656750174
5119.972250444501,0.08238170229341443
5157.285776805252,0.08036267976540318
5195.811168895493,0.0823482882747145
5235.627003699137,0.08475187867618182
5274.625677549477,0.08191125737028636
5312.803103297253,0.08291252391821595
5352.446279458156,0.07945541076645836
5392.112273844796,0.0790289676853782
5431.046947485619,0.0803450954325215
5469.474600509855,0.0804792929819973
5506.8430352779,0.08052841813224734
5544.585956267324,0.07749393468361103
5581.852684689174,0.07744165067244597
5619.436119724103,0.07685408370422465
5658.114367139582,0.07810956548090543
5696.539370817437,0.0767205386411588
5734.156007812992,0.07929638310299941
5770.952872699962,0.07855285501329168
5807.991716492277,0.07844356700836765
5845.305581138331,0.0789705746933232
5883.61576199761,0.07700128509269315
5920.947203803328,0.07528021998345875
5958.139378621625,0.0740329159952162
5994.454545454545,0.07442337976580773
6030.870767882846,0.07433740529961907
6068.572995832312,0.07514597126943826
6106.445360309729,0.07373601440577214
6144.334071776695,0.07335254645048159
6182.447532966013,0.07254690739925969
6221.034651928212,0.07211747406809274
6260.148332813961,0.07117528449803327
6298.946448563254,0.0711698111822397
6337.897746426119,0.06837430967511497
6377.163575992983,0.06472375126358733
6416.031832877394,0.06470000937649012
6455.211707801067,0.0639054720790412
6493.546368,0.06679320969069419
6532.065821070131,0.06607180335051967
6570.550905953408,0.06612942104746423
6608.776891178688,0.06627972028610683
6646.110672679444,0.06645686001312338
6682.833752831613,0.06686969850452357
6720.025873382913,0.06669373083936757
6757.321389262565,0.06499282792014247
6794.400038287282,0.06617267863353878
6831.000857107873,0.06598499640348865
6867.9347934295665,0.06537206510431906
6904.413720619148,0.06416528612111716
6940.50940710484,0.06282874961224207
6976.920244625181,0.06334354381691652
7014.077580335583,0.063402663745951
7051.149077996512,0.06224100061484478
7088.537925021796,0.06344187683342506
7126.586235072282,0.06148487622656557
7164.519317048854,0.061319670598449234
7201.895477762551,0.0634371019690391
7239.375750077327,0.06433798470446199
7277.938007380074,0.06529924652625844
7316.515973741794,0.0645293144734013
7354.323520020435,0.06493342016961953
7393.590147903679,0.06491514810912939
7432.773584905661,0.06518397178506428
7472.67084972217,0.06490954629068516
7512.953189108542,0.06450148822831163
7553.868308888053,0.06413082390114065
7595.601033718927,0.0647354390359344
7638.592868039665,0.06390348286553292
7680.509359790341,0.06289294839895251
7723.88586355255,0.0641458549975511
7768.431295569265,0.06176308917733321
7812.571275657978,0.0625551733748789
7856.40163427015,0.06272481222566595
7899.63905511811,0.06220044317544103
7942.177260408967,0.06367631783128042
7984.496044204446,0.06306311376262294
8026.115554156171,0.06174749949785898
8067.024151315384,0.06275223492540989
8107.502926525529,0.06239469746393582
8147.590281265696,0.06274381956049982
8187.806766589962,0.0628890602237342
8229.048331853355,0.060464564173318566
8271.324168758802,0.06015472832136246
8313.258955600404,0.06055431722443854
8354.08058173647,0.05967196597341573
8396.997646621663,0.059515962612193316
8440.139028056112,0.06054655533165751
8483.44205033763,0.06121210457005386
8527.187821775886,0.06215409693892657
8569.942948090107,0.06264461209665537
8612.863090772693,0.06339971444646443
8655.49330483435,0.06199661735706761
8697.970515207946,0.06298587445859358
8741.017166844184,0.06158389202945167
8784.015120145556,0.059788161054744486
8827.632666913489,0.059772123875188855
8872.096638134226,0.059209590460287016
8916.384131622412,0.058986223790576074
8961.24092039801,0.05873358017749955
9008.023900156006,0.05820682535593614
9054.54121238552,0.058315320425562235
9101.543643674606,0.06082300134710123
9149.27910645548,0.059250929927578064
9196.489618631014,0.058815815068882484
9244.021063816488,0.058570147155413414
9291.007243638196,0.05998540855641835
9338.39255488777,0.05927276237778565
9385.940696443033,0.0562392468999668
9433.03506329114,0.05720389425049906
9479.5842362702,0.05878719957307472
9525.679712157556,0.057813871407071206
9572.094567031338,0.05708521365591149
9621.291991101223,0.05927737192795953
9668.644705288401,0.058914110845421495
9716.462099943852,0.06098274353516578
9765.093738329391,0.06070409675634068
9813.861333333334,0.059490494093300865
9862.976467658595,0.05906845139504703
9912.104273504274,0.06015415973704671
9962.0404685176,0.06238443653276259
10013.281483309682,0.06036761318461466
10063.15914370017,0.0615096350096367
10113.716491315445,0.061263264115564306
10163.448397456079,0.06030489304831302
10213.783347809902,0.06089897553301622
10265.399317829457,0.059021002719361323
10316.82203713123,0.06045647793830847
10369.380103614161,0.05864368364275987
10423.169433985557,0.05817646337327021
10475.128138801261,0.057209480602850867
10526.421495385774,0.057253550490408346
10579.117705059469,0.056762433547863235
10631.411166237518,0.05443737025384653
10685.09037449706,0.05527309849926112
10738.42854463616,0.05575350451581221
10790.433871371371,0.05787649791616316
10842.637922371561,0.05658552036298858
10894.702055428677,0.055669435702259226
10946.851882367853,0.05523000551527016
10998.630826140567,0.05451947820860116
11050.166182020665,0.05658899502448041
11100.619739573505,0.05593465529660196
11150.839989999375,0.057741526849376126
11201.171255162057,0.05663905383069231
11250.999198174304,0.056866715106474085
11301.405913978495,0.055724840420477484
11349.910092085614,0.05373973250353063
11399.22906587272,0.05532893258187596
11449.150366439222,0.05528997218259661
11498.222935493923,0.05707981374141465
11547.808318150404,0.05813465780206115
11597.6338115645,0.05671607343773701
11650.197016588265,0.05783591618343964
11702.489230960213,0.056496054027933874
11754.543131988257,0.05579731022337975
11805.309803179409,0.05459120699435509
11853.17974509559,0.05644412891918275
11901.922276240339,0.05509219391421417
11950.868285187462,0.05407551033836319
11999.815828957238,0.052936180048363354
12049.716586852417,0.05203139449352018
12100.939571888615,0.05312669227258239
12151.001308166698,0.052308923048955965
12200.179870983904,0.05319459295544992
12250.462755356253,0.0527449052214501
12300.291684618698,0.05272775158453941
12350.47700427243,0.055352043153139796
12400.840799106589,0.055470475829201664
12449.86390345612,0.056835533686802525
12499.53074433657,0.05581999201779071
12549.081889567493,0.05309542440129656
12598.945752681544,0.052461477853743034
12650.553684739587,0.05141235108679432
12701.956416464891,0.05155071529507061
12753.16272949433,0.05321004426802041
12805.883388683502,0.05306259294382982
12859.491144414169,0.05239574241245339
12915.944015444016,0.05188750826383933
12971.868602698838,0.05305740949591871
13030.153793189786,0.05434097162424829
13089.205199045586,0.05385131376691159
13147.605699833446,0.052347767939597424
13205.405217717718,0.052223462585034415
13263.243304130163,0.051241379180640874
13321.851681481941,0.052568621132490854
13380.33049779458,0.051449671547086163
13439.625891251782,0.050866049451869365
13499.783186390165,0.05051896411900359
13557.956329153409,0.05152520594147651
13614.441008593112,0.05254392767180563
13669.892218553361,0.05361061853532714
13724.822206999626,0.053812321401217306
13781.296270718232,0.0555852587795547
13837.87716593698,0.054685076568394504
13894.557586837294,0.055054489643655974
13950.581980870102,0.05421391837956977
14007.0686863576,0.053360042403107454
14062.043198813422,0.052654497099574725
14116.278840105673,0.05132701454302808
14169.023948380693,0.05140051291688578
14222.202066733067,0.05312440176656411
14276.907613451682,0.05310352465635421
14332.20293550594,0.05111505447639658
14387.06466439995,0.05070842914093722
14442.275408207612,0.050174639230080545
14498.085287713842,0.04863658302971956
14555.014234875445,0.050978526859857806
14612.606797320765,0.05294808626426764
14670.00112184481,0.05508703670983367
14727.429765570989,0.05516549607747087
14786.036789923302,0.05444135742804283
14844.798467338236,0.05282559376647255
14900.519163983077,0.05290881128382992
14954.980589105251,0.052195622310511766
15010.147203691004,0.05231839720119264
15067.566947595209,0.05530410878506348
15126.026897751273,0.05697480654012836
15185.933114916239,0.05714544500687801
15244.662080557804,0.055620516991369086
15301.55418796945,0.05525669880121208
15358.144988141306,0.05690817708972217
15414.257958627524,0.054993603075259495
15470.256828528072,0.05460751000923308
15525.421114333312,0.055338717958601624
15582.58166047088,0.054454933998318335
15641.072807949504,0.055688374199521606
15700.521045083246,0.05049903301204201
15760.148671672872,0.05153937459164534
15818.645900421105,0.049107495259871986
15877.830185162173,0.04700754225927546
15936.487267721954,0.047933599654857946
15995.389379430419,0.04907301692587342
16053.712369503322,0.049221381851391424
16112.950919490744,0.04697512776402936
16175.568422363342,0.05038155122887147
16236.942783081495,0.052335715490248146
16298.829286285118,0.05027680767166117
16361.991469489414,0.04894201061148106
16425.026307448494,0.04962845507401027
16488.946608503316,0.04806466267017299
16554.990755879764,0.04930508100881797
16621.98615895284,0.04946957658943946
16688.906054409123,0.052508363452670244
16753.74280206455,0.051411753628624594
16817.915495608533,0.05211996426450409
16883.786064404045,0.05217403979289172
16951.55628068867,0.053811722671851046
17019.983262805534,0.053418740704053516
17087.026023228373,0.05126959625776907
17155.228001491425,0.05207365859926081
17224.274743172136,0.050792833163060075
17291.638590352413,0.05170616502736034
17360.601926758474,0.051831199689659005
17427.043544016637,0.05404391614637303
17493.350432098767,0.05431670973456478
17561.80749167243,0.05308080995639864
17630.378029686228,0.04861506687277761
17701.709561109037,0.04907753253326156
17772.98438472067,0.048968372201976335
17844.401706739754,0.047659802986220835
17915.110080240724,0.048792537161132146
17985.6671424139,0.0511137785663523
18055.21839510795,0.04965038293775075
18124.144526368407,0.050796888680776094
18196.539527048106,0.04997077061687295
18271.930924747285,0.05171953498739562
18351.75334572491,0.05035159984074989
18431.48955149398,0.0485555314143363
18509.8002901659,0.05106352964116297
18584.267883848453,0.0481213228044221
18659.603262884688,0.047476153104087135
18735.6532515491,0.04656924059609124
18814.201429459292,0.04927386970503137
18893.644904358734,0.04977608524445032
18975.05863354037,0.05119632358128999
19056.577841333,0.0520254725203722
19134.427128700372,0.05123916137833973
19210.349555043875,0.050858915522585646
19288.100136239784,0.04818612788428265
19363.467931855193,0.0472358235586101
19439.793227486975,0.04820235025806703
19517.467758186398,0.04916331489570905
19596.757186316507,0.04883761192762544
19677.355783034767,0.04810284464506828
19755.0925,0.04822841410668965
19830.49374026783,0.04795174929035056
19905.898604651164,0.046818756123184424
19979.60195819996,0.0468635098760475
20053.337860569434,0.04747751239013968
20127.655634064708,0.04752187492039576
20203.361066034202,0.04708660064254222
20280.661257987722,0.04821154683976389
20356.139429352894,0.04836815265944733
20433.76066919192,0.04666996717391264
20513.114081116117,0.0466895251789024
20591.90752566992,0.046575090463936174
20670.696126738603,0.04641397652053659
20750.294386096524,0.04447460456821003
20831.486245399537,0.04501177934988164
20913.529756340748,0.044923719111918246
20998.437527021186,0.044540861455537165
21085.261961422846,0.04704025758473682
21171.028743567214,0.04838322398557145
21255.27362998821,0.04735623785401225
21340.977672740843,0.04644537713736802
21423.35114120893,0.045736269800259244
21503.801815243067,0.04645451990431313
21581.267848164905,0.04581005139932496
21656.23261584269,0.046619306316014034
21727.75,0.046679147058145784
21797.799850959447,0.0453227204123672
21868.54877821302,0.044861503313846085
21937.065202341244,0.0441380696563101
22006.0341071762,0.04482922060182261
22078.506184407797,0.046523609588205186
22151.229120982396,0.04605452179564536
22225.851399900894,0.04525709240217277
22302.46946493893,0.04634878324308121
22379.568679245283,0.044761360626475406
22454.938572323106,0.04597886817115711
22529.408146816295,0.04504662761220946
22603.529481574016,0.042210192903814496
22681.047900834685,0.04339547273187085
22760.77804847576,0.044606036483053516
22839.01200346492,0.04528136987349772
22915.597303707404,0.044351180932638345
22989.200349301398,0.04397383482442089
23062.056096951525,0.044949745910474584
23133.352722927935,0.04595232161590774
23203.858264771876,0.04453838092913593
23275.168188070526,0.04398314963831102
23347.904920870424,0.0440860183367413
23418.40531519617,0.04699181297312998
23486.82883836811,0.04799570707999722
23555.197578391802,0.04753257001671157
23622.16474495551,0.04477072876090515
23687.999750887462,0.043259030333844505
23753.028161962575,0.04494393262692491
23820.339591078067,0.04347207837123047
23891.682577416326,0.04431140045656799
23965.274979917198,0.04385301690282185
24042.641412237717,0.04356373048870565
24122.52591765873,0.04351534407812743
24201.20408673374,0.04368277772054346
24279.778484199924,0.04271988226404819
24359.947137109255,0.04403374624100368
24438.25213890287,0.043088914887107845
24513.89603350579,0.04236428081829121
24589.7214486419,0.04321531477371265
24663.420071774854,0.043558557441495754
24739.615370173353,0.04416742983516019
24818.7224786167,0.044370858317057484
24902.850673347948,0.04314299472042549
24989.765491951024,0.0442353433129409
25079.0119741709,0.04555431155844865
25169.067331201804,0.04464788175069294
25258.15086608307,0.04808104525938258
25349.431389686604,0.04934562811730226
25438.040471756674,0.05025115365756951
25525.319541094603,0.05092712875912175
25612.643126177023,0.05083082727721652
25698.6526452732,0.047289154114602064
25781.966478716153,0.04593933384958206
25862.947089286827,0.045731838632690834
25941.1140813253,0.0445633061313943
26018.937098684622,0.04422807570075823
26097.1366618759,0.04160478126900982
26175.63020897737,0.04174271504569641
26249.582786885247,0.04061988731017402
26323.910329941413,0.04177050900917394
26396.456668560248,0.04066285169144635
26468.856737588652,0.04011226316818176
26541.331423895255,0.0399945411401334
26616.791633195327,0.03953351689282088
26698.15060617423,0.03923391237842512
26780.352154903187,0.03913444002900264
26862.237667880006,0.03961855518054613
26941.95558987029,0.04074357859785142
27021.653004950804,0.040791937354724736
27101.331176581443,0.038915841840480525
27182.834845399,0.03609449083183328
27265.50870949616,0.03825971976131185
27351.180146828137,0.040140971715755015
27441.643718905474,0.041661021029524854
27536.81778416547,0.04059381497546259
27635.147230140043,0.04148859697642998
27731.272423152182,0.04130427330218436
27824.9161057093,0.04186674200748987
27919.80922275939,0.0406189906278231
28016.507115779008,0.041188738574985326
28109.63714482845,0.0425417728122283
28194.977395115842,0.043833499195249814
28275.786019177234,0.04368655590213583
28358.24563926227,0.04541539948861589
28439.918838236208,0.045479562257728305
28524.88038516851,0.045044746417083184
28612.307807433273,0.04284157416508255
28699.007435176507,0.04273650819013473
