D,r2
14.996501565089302,0.7893528182470412
19.713233653202412,0.766824352832181
25.486919514332207,0.7559770940441707
29.97701387450818,0.7425717932221932
34.70841232227488,0.73204603033021
40.67326974810467,0.7131710548769582
46.74438061938062,0.7125928868706655
52.74170960496763,0.7053022046569487
58.70300950369588,0.6819759376477887
64.77081649151172,0.6791859228346495
70.68089794794105,0.66810151372748
76.72096840377513,0.670764790809485
82.74968429914409,0.6493184966423049
88.69642857142857,0.6447904008758862
94.71951045965561,0.6470432342844122
102.05368326871458,0.6409482655539904
109.57680914092255,0.6387052530803297
115.78487068321124,0.6216338346846415
121.68920557913887,0.6156039735406629
129.14403765690378,0.6222236484253731
136.5969627942293,0.6219053503174553
142.76807827549305,0.6069924258718561
150.13802391983623,0.6072481086041595
157.72514715500327,0.6046854458261564
163.73685046877483,0.6003382958247796
171.21177753544166,0.5934111051014735
178.76114324600204,0.5922493068422274
186.12961719274682,0.5849990051012821
193.74446308724833,0.5881579325179942
201.107172397495,0.5754051826339202
208.70890410958904,0.5826778897689122
216.11730170141385,0.5658783263649078
223.6208482370976,0.5724664483861718
231.2151914020046,0.5652434426728578
238.80745454545453,0.5566269680695167
246.26068948714826,0.5498437619496689
255.28179490306061,0.5567231442049262
262.8015350877193,0.5449121611822028
270.2666832979918,0.5417018697115312
279.2903103229892,0.5442502635344659
288.1254246145806,0.5411555324248808
295.63206307490145,0.544162072109257
303.2738244908222,0.5308488690695556
312.25553139787695,0.5242876533367358
321.3451848062412,0.5362023013528323
330.25529299276053,0.5198528020538773
339.17219191495315,0.521570814014657
347.8478503629257,0.5163103192632644
356.7085232766957,0.5229328494843312
365.82941176470587,0.5143089342171608
374.9491548905514,0.5207423294944526
384.18915562913907,0.5160787903056427
393.32280847528045,0.5104374623196568
402.3067590987868,0.5060374056038165
411.29037333714774,0.5120131073323035
420.3554565701559,0.5078870399536193
429.3896994455792,0.507122743154197
439.65649913344885,0.5080010069682135
450.20014992503746,0.507986300818801
459.4069640914037,0.49527254997297776
469.80402126184424,0.4926776520134586
480.36022781205503,0.5012731277315718
489.3587973615585,0.4877144472616049
499.76332179930796,0.48515465222975146
510.39203354297695,0.48979418234004374
520.9646600048745,0.4895704157825463
532.5099399599733,0.48065785899508123
542.9921678735037,0.47522825411832553
553.7073299118305,0.46338694159713967
564.2222928923517,0.4737174787715058
574.9266137295082,0.4703672624106274
586.6549172608637,0.4637683682178886
598.3202842204049,0.4623570009247967
608.9877583465819,0.4702666375091473
619.8885514327216,0.4661825515504381
631.9679645787212,0.4585583174513028
643.7086276139039,0.4564359196446661
655.3666896077082,0.44931194254041085
666.0629908639205,0.4448777508165183
677.0148235602782,0.447105605916117
689.0430590410778,0.4590862974956558
700.8979811574698,0.45183294855494305
713.0088495575221,0.4485055596783637
725.0670375521557,0.44108145852391833
736.9346341463414,0.4433181855102202
749.057587882252,0.4439395407707072
761.040754608295,0.43482746462876387
774.0130686102036,0.42824108335116795
787.2063113604488,0.4289817032084435
799.7147403442789,0.4319923429609728
812.1473083674664,0.42806853941703377
825.3698733224633,0.4156623876891335
838.8447481800624,0.4223127097325918
852.1868764389869,0.41061723015791346
865.9023816524551,0.4042855942825266
879.3309998679171,0.3888631316084138
892.8318819188191,0.412298288672955
906.7465155659763,0.4053814082932444
921.2267489711934,0.39609548045166354
934.70047422365,0.4081485723651394
948.6447230929989,0.40518355054399774
963.7053824362606,0.39103168718338416
978.6670277589709,0.39517247300479047
993.2519855595668,0.39058884468268334
1008.2868976943256,0.4018845630507041
1023.6834142163859,0.39642551285532085
1039.3953550099536,0.38834915010715315
1056.0940434665952,0.39425855942067256
1071.7215245974294,0.3853223814426472
1087.7757180156657,0.3911486823208921
1104.3052482269504,0.3929392745108465
1120.4069976490111,0.3909799257302538
1137.018249748527,0.40546008495040187
1154.3389513108614,0.3972658844907888
1172.332155957071,0.3809909742251699
1189.9160401002507,0.3851903262008261
1207.0051813471503,0.3893379765187146
1224.0016816143498,0.37608404157047903
1241.2134230030194,0.37950557491793313
1258.9019077448747,0.36854754781698795
1276.8145650708025,0.37832638449125927
1295.3168259484505,0.3534964573598631
1314.0697768217262,0.3570612128193786
1332.5764241398758,0.3421129326841991
1351.0066952329942,0.34873939675418203
1369.9416441857163,0.36101997772777855
1389.0192385855576,0.34598438586584473
1408.1549612948627,0.3353228225069501
1426.9069156293222,0.3321055408125294
1446.446238729646,0.3298825497534087
1465.869068287037,0.3311072759046364
1485.4385581649371,0.32092756974718223
1505.597789459496,0.3179025021415649
1525.6813530415009,0.3157778829764227
1545.4756199498468,0.29830604286231566
1565.336482656229,0.2952300258493773
1584.970753655793,0.2916312909312245
1604.3382071604262,0.30036976253043135
1625.0570004042581,0.2820238304083927
1645.6793882010197,0.2837178833263651
1666.0258184721852,0.27942839926057766
1687.0698102520532,0.2781083009347677
1708.653563310603,0.2642431665128448
1729.419795712847,0.2733760406975045
1750.4113514258163,0.2672238321366862
1773.0094073377234,0.271624460151623
1795.6858432036097,0.2687366553669148
1817.7268919296287,0.2655653349004331
1839.5726004922067,0.274077458350627
1861.5920597593029,0.2642027370891371
1883.883381127953,0.26741640818661
1907.0329905741216,0.25507741641389103
1930.4806118341608,0.2556585225277979
1954.0636652396079,0.2622844010220797
1977.1977899006854,0.2502140153603421
2000.5013001231696,0.24265359041123732
2024.428452694279,0.24897996435385716
2048.4486425972573,0.23588590027797704
2072.6595567867034,0.23735848010480462
2097.1623296158614,0.23417201310863545
2121.816425120773,0.22390092471444864
2147.705443192616,0.22884939531906903
2174.4062456627344,0.23155399983571032
2200.232551685861,0.22442419131433206
2226.8742457487656,0.2201859179574862
2254.1300630693763,0.21775164241469547
2281.4379777390373,0.2024953814011776
2308.7437192982457,0.21179169591855138
2336.000139528394,0.2087364973416901
2362.9536595338695,0.19987233473052737
2390.375312066574,0.18957474399085486
2417.722096637468,0.1935334667332032
2446.0444533977975,0.18893856786417143
2473.8263090676883,0.17969155172942136
2501.965729109776,0.17770499810698023
2530.6612239297474,0.17298005394479024
2558.9473539895803,0.17106858406536715
2588.177106430155,0.17930586107658425
2617.523113012281,0.18324284105659158
2647.5159182538578,0.18140442846132152
2677.3915926082664,0.18953802771410647
2707.873298138372,0.18911571111622266
2738.56025313047,0.1809079961633902
2768.74864827395,0.1845136542857201
2799.3206389958636,0.18905109120544844
2829.8855788761,0.18949536134902234
2860.49561775516,0.18851804548332401
2890.3696977910286,0.18809352405544205
2921.0268419611066,0.18619952648630916
2951.8516884906962,0.18316857664422256
2982.455778468494,0.1947691909374337
3012.0812612862896,0.1877308396884245
3041.0455051489007,0.18132492946749423
3070.0520706866314,0.19519178919537863
3098.623519691545,0.19652086713416142
3125.8260869565215,0.20489238605327542
3153.0030851213014,0.19922649842960277
3179.8351864883884,0.2043835865754324
3207.6940767482283,0.20837815244724062
3236.0179226644086,0.21254222196908887
3263.5971596340296,0.21228335095394568
3291.5728559533723,0.22638720467220494
3319.5921161825727,0.22758941409037256
3347.2810020876827,0.22246403763961364
3374.789235767764,0.23079086256011183
3402.988547561304,0.22741111824929397
3431.654956956401,0.22591027419097456
3458.9444444444443,0.22654174032599975
3486.763470195062,0.2463921897222269
3514.709948944391,0.23862762728593867
3542.4060098792534,0.24584324041924935
3570.4698591549295,0.2516339438592524
3598.968933899001,0.2311542408861326
3627.5772379912664,0.24808763413207666
3655.87259279933,0.23594477481387305
3684.4599944629012,0.24520725036406846
3712.5834361716716,0.2261513916254179
3740.500995166335,0.22738728978777412
3768.455392627107,0.2334550129170153
3796.926964732019,0.22263545659935619
3825.2945866554765,0.23830135433073835
3854.6896926842533,0.22334474654780062
3884.6885496183204,0.21033196284083197
3914.6842678279804,0.22290049589158542
3944.1262219666473,0.21270305769970457
3974.0759956651314,0.2152407963587701
4004.841426193119,0.21288185827112338
4035.172832764505,0.2021649814019237
4065.5644895718992,0.2071847824131329
4094.5853483016695,0.20323543359966137
4122.7288,0.21401244927330196
4151.336423274387,0.21103796041011008
4179.607776261937,0.20416377416526443
4209.11542139052,0.20063864734175102
4237.363354474983,0.1962691637260758
4265.326286116984,0.1970489729699673
4293.956411284931,0.19575263548624647
4322.252024574142,0.1891402584393149
4350.936484086873,0.1891265441631497
4380.5966873706,0.18790417869423606
4409.963436674545,0.1856533070367263
4438.910630680253,0.18696673719555318
4467.575502893359,0.18296979997938168
4495.555757152826,0.18307348585930067
4524.0040221914005,0.19465804859885746
4553.097142071998,0.1821008579219646
4581.447057166995,0.17892673345072097
4610.070610950213,0.16270747364943705
4639.0271663416,0.1615341862502937
4668.237013436764,0.17108494386278347
4697.735129985028,0.17209043344251884
4727.53384700055,0.1738054657607256
4756.862284820031,0.16311423715632867
4787.138888888889,0.1673608086652476
4817.671412618649,0.15538675360174495
4847.938330170778,0.15694021935144567
4877.1190171850585,0.14805261678054552
4906.275639300135,0.16156910062181207
4935.138436955259,0.14723251818505823
4963.314522599626,0.14759356589157507
4992.5101030927835,0.14916438788403769
5020.504394669691,0.14840446743081803
5048.133674706913,0.1436141621771913
5075.715210821701,0.1490046444877623
5103.899169791109,0.1488544448571327
5132.438674508679,0.15332230101349906
5162.054725710509,0.15424226650244474
5191.666198567617,0.15592415560668332
5221.191498086386,0.1413420028140305
5251.215816182689,0.14714087460457992
5281.205369693562,0.14234567954283187
5310.995043370508,0.14464254934044335
5341.814472777395,0.15361656919566982
5392.003206511686,0.15436678041728719
5460.891075457508,0.15202734423755007
5531.860913958411,0.14926001563612243
5605.217849745811,0.13918374592022753
5678.427390277259,0.14148161872578197
5752.26147505152,0.13909411438731598
5828.1700663401325,0.12612753717098898
5902.778961136024,0.12029676712914801
5976.5549767792145,0.11247188547896643
6048.623888262558,0.11360570857608322
6122.399740788743,0.11390764910779426
6197.597687425376,0.10632857016082872
6273.027461944704,0.10889734719912578
6349.825668714702,0.11191145620256819
6429.381047881675,0.11027833780634531
6511.994725937088,0.10568757645591566
6596.606913580247,0.10011364639343945
6680.560208437971,0.09907760599505192
6763.955505561805,0.10527903594907427
6848.0524066158705,0.10363992406256424
6931.697973183661,0.10996478463435144
7012.735524747506,0.1274218548522597
7090.91285971782,0.13538139428365767
7168.817491210447,0.14266919889068677
7247.778100655373,0.14263190856178218
7327.824114628957,0.14853828752276282
7408.947450637341,0.1493389275998318
7491.135923543007,0.16083249602310237
7573.584641255606,0.1611435081045177
7657.412227565103,0.15950591028313477
7743.038752480159,0.1447378192035456
7831.698182497199,0.1389679243217513
7921.491163429713,0.13260056563461184
8013.802007528231,0.13360720774948398
8106.493738707869,0.11793059260141167
8202.187188123753,0.10182862010372179
8299.964356558394,0.08325434826293199
8398.118573849726,0.07539690878554162
8494.61459050241,0.07648049908729583
8590.208387698043,0.07954424125616286
8686.001813520104,0.0761825386521916
8780.615719708756,0.07661126845009093
8876.759807896215,0.07485470845873059
8972.356096039912,0.07269671590621081
9065.383885962194,0.07464196810774307
9158.557588670259,0.07451405746149414
9252.130653266331,0.0753155674053544
9345.818585983328,0.0747863360017225
9439.12091154498,0.07305338867979554
9534.026027142592,0.07175767576823044
9626.0124507289,0.07434707458936562
9716.928846631867,0.07354786098217138
9805.228496634256,0.0761442656159317
9893.254380475595,0.0770392611890711
9986.02593839631,0.07723513600397426
10077.079885522304,0.07862702221475303
10164.89420607579,0.08095480710107664
10249.017116441779,0.07703352479316879
10332.351154992548,0.07630144377833421
10415.152763944223,0.07756848284715571
10497.255662212185,0.08014430435222199
10578.402203167052,0.08020689553091893
10661.39537198308,0.07749486554447554
10746.858250620347,0.07748313856767705
10832.325511167033,0.07773116177618422
10920.09978887233,0.0811333510164318
11008.409250438706,0.08122925897048046
11098.865570298387,0.07992432904969156
11189.333560582585,0.0780595930170889
11279.910917573872,0.07833968067454568
11369.800074901692,0.0749919648047981
11459.739593718843,0.07262060332288976
11552.190389217785,0.07667676399427657
11641.896225832355,0.07393470351988142
11733.11063749765,0.07354226018874294
11824.859592445328,0.07281050098932662
11918.776913913098,0.07350713382095958
12015.519639527656,0.0698484155928125
12111.057758351546,0.07037103313144077
12207.400602031857,0.06675091897065127
12309.612351190477,0.06565760639420018
12411.93285580816,0.06630069837460892
12519.339426568173,0.06645290962177391
12630.028166386868,0.06443796258820152
12740.391233766233,0.06438789761388118
12847.666165225022,0.06573775608333224
12955.882254047323,0.06555459789884464
13063.789470408861,0.0643196802826423
13169.999812617114,0.06642646100116577
13275.559048745565,0.06491617838034656
13378.157148189623,0.060839640342980617
13478.443503887635,0.06387904043197966
13577.374452919845,0.06604613914876258
13678.187988099666,0.06645798082945995
13780.660324566312,0.06525198424164559
13881.070704526852,0.06559391697561776
13981.139945314442,0.0650563863050983
14084.035239817875,0.06362687841021505
14188.546403928638,0.06122104123338816
14292.227417840375,0.06155241845672641
14396.764218009479,0.05807370040880235
14502.405482510543,0.05707488712895115
14605.539518900343,0.056810753579686436
14709.34532103182,0.05613468761704371
14811.613277133825,0.05574480181893127
14915.07192894671,0.055029324291112826
15017.902988333646,0.05655862671838399
15122.176620788441,0.05810714590756959
15228.006160930985,0.05856830134967916
15336.575322812052,0.05767358514495477
15445.272897429499,0.06039038404192539
15553.24821941772,0.06213154072238567
15668.00886668748,0.06479330160990593
15780.57843810475,0.06569313269626095
15890.337484433376,0.06684669124090006
15996.919898086006,0.06594397310696332
16104.47990765007,0.06952042946769686
16210.209850915267,0.07154977942447803
16315.318493577754,0.06707651203067357
16419.65855777585,0.06918934516897739
16524.676913425345,0.06485496780624855
16626.24674196351,0.06376600487160038
16728.120498442368,0.06234278959252384
16832.655507156192,0.061224466762607975
16941.264903966076,0.059290724845793806
17050.089854527214,0.05902128521217114
17159.727652933834,0.055030843523617354
17271.402665013946,0.05769670202923572
17380.146336881655,0.05800711509835332
17486.933633295837,0.05623555620140023
17596.77729257642,0.05526852106448036
17703.89459325397,0.054433549176499174
17805.6917515403,0.05318263449978304
17906.57122391778,0.05322242168921912
18006.49139804981,0.054626285260227524
18102.3045520005,0.0536006164939712
18198.162165518097,0.052658428394477166
18295.511883112813,0.05452248491994253
18391.066562792148,0.05356464143885605
18488.11431798218,0.054930666905220686
18588.350941067572,0.052220741666052305
18688.05581918082,0.05233772446473293
18785.835012437812,0.05056611662725059
18881.969623101442,0.05175011604711091
18977.576350969684,0.0523842953439322
19071.841238266923,0.05037165839806117
19166.698231851577,0.050121349765528816
19259.448297446168,0.05285161210037801
19350.46578832888,0.053742443370972705
19439.061586704294,0.05529413622974669
19527.6598376015,0.056099378891660744
19617.073790874052,0.05867255906317466
19708.929707478324,0.05589774337788269
19799.14318721119,0.05634241308835995
19889.38388978528,0.05609315092942566
19980.324877865463,0.05431979541672086
20071.852055479194,0.05511089736661261
20167.807821021317,0.05768631315497102
20265.49541169861,0.05724470983258594
20361.430330687002,0.057589402512496786
20459.462931943668,0.05722272676749645
20557.557795531146,0.05603996950229384
20656.568241965975,0.053935238413869255
20761.209145055218,0.0547090402809177
20868.093705426356,0.055714687919923914
20978.008198773314,0.0556782900076121
21092.85295774648,0.05329261811587517
21212.88186830205,0.051266039066578964
21336.976305397104,0.053415688461369674
21468.410921331506,0.05395632599998793
21599.940190642326,0.052916007737004896
21731.632608423948,0.05302292568405451
21866.17274531696,0.055441254396707065
21995.951222562693,0.05336961390818686
22129.061186186187,0.05396862341256398
22262.024670643797,0.05347114954540068
22390.9563258666,0.0539054988240029
22520.910324226774,0.052233435991905525
22646.548664300393,0.05177400431679936
22770.50215854345,0.05253535933307475
22894.77232476927,0.05041761897868916
23014.983663798477,0.05101002095481248
23137.742099004943,0.05241964064299795
23257.119699042407,0.052834518569356094
23375.344529389648,0.05395074557875813
23493.981300863514,0.0535826787485148
23615.07775566061,0.0529162866227149
23739.520736749782,0.051179575474537255
23863.53097345133,0.052374265703539834
23983.177322677322,0.053075718687479664
24097.80587245184,0.054351700494372164
24208.22860514222,0.05061628355861242
24320.234699642206,0.052453623278085344
24431.347338237127,0.05396123409245022
24539.81836228288,0.05474791101706854
24646.55862112112,0.05573579639609351
24755.022396416574,0.052621822055501755
24859.51250705285,0.050847667709017774
24961.106974435344,0.05236394562302637
25064.28503858601,0.05399690445268866
25163.815850669347,0.05191550092547752
25267.19296601699,0.050080623690895824
25372.410203955118,0.04965806698464653
25476.837398373984,0.050153448144580316
25583.902719860584,0.04797855604649384
25694.265620113827,0.04824297777771354
25807.361017792708,0.04711701078258133
25923.097991516966,0.04713882517904095
26042.800262976645,0.04586733274842665
26157.060172274898,0.04677296936000924
26274.888618190904,0.04764887697891803
26392.445420560747,0.04816160322513661
26508.900219229563,0.04840802526785547
26627.82104283054,0.04999781370852087
26747.848911411413,0.04650558506778247
26870.55767671096,0.047881611777171186
26998.372748239108,0.047640789137764435
27128.043380981977,0.046627958295581376
27258.11209439528,0.046463895402701995
27388.262253222892,0.04659166788475365
27517.028633811602,0.04705978990118695
27640.819747559533,0.04680753794277412
27763.50858849888,0.04733902200667661
27884.695714913105,0.04602653904886771
27998.174441687344,0.04668079754385241
28107.604377736086,0.04542556584044436
28219.228732989497,0.04785167870653555
28329.001621756488,0.04585331431328225
28437.77729257642,0.04528827807844265
28549.90283095851,0.04589823022076667
28668.34064974746,0.04590285801673889
28787.507346103775,0.04604464377077172
28910.12823551425,0.04598489406912605
29033.44777423987,0.043646512306092775
29158.276166062275,0.04374309590848647
29280.444188364272,0.04564848215463807
29407.66264310602,0.04622724599613862
29532.69792713568,0.04602800226179781
29655.520292912996,0.044600881538249294
29775.44264659768,0.0460711941641189
29895.46418373681,0.04583532050216522
30015.371003996002,0.04510933410063577
30134.182774819918,0.04577706098902713
30252.828150267447,0.0449089351026606
30375.666395901026,0.04496373430431227
30502.874465580273,0.044972614957729806
30631.607445539583,0.04499389905163369
30762.010355583283,0.044626173772146276
30891.822563526253,0.045502419634652826
31022.92783249706,0.044462325607625884
31155.990492274974,0.045707164357634
31288.255594449307,0.04480584511064113
31418.14251087632,0.044680607148588264
31549.058066933067,0.04527660714024318
31679.681781426883,0.044473371613901407
31811.26677925815,0.044915693269323216
31942.703578578577,0.04464637881150492
32071.641544574126,0.04669017256581592
32200.48406847432,0.04825511627177997
32326.154344440984,0.04630655867128156
32458.17011954685,0.04795473808498194
32592.77861690176,0.04876497124423033
32725.682027077382,0.045882114019038245
32864.00714688734,0.042277740546938065
33005.46163881468,0.043915501207182475
33152.54110185301,0.041888803196450504
33304.83388746001,0.04233443337982732
33455.28127336157,0.04110481491967336
33610.119930330926,0.04185850991816419
33767.942203379265,0.04221794482175741
33927.35170652715,0.042777506097176045
34088.29186542807,0.04228288987808473
34249.59626365442,0.0414319657694687
34408.11983805668,0.04221238881598784
34562.95667622491,0.042755050524051146
34722.024985945405,0.043063433100834644
34883.195873075245,0.0397283321288887
35049.03644333124,0.040941249982603165
35214.774183534086,0.03904901650336135
35379.391517128875,0.038078726512768064
35539.992495193204,0.03860937756988192
35698.669021127644,0.03749434469755556
35853.06604068857,0.038796246423244
35997.421953488374,0.03611620731940378
36137.77778471528,0.03653214967251436
36275.802017183414,0.036679507169515506
36413.054204438886,0.036445673272823005
36551.3753271028,0.03608942448710462
36692.19512956603,0.037880457062045854
36835.31558295964,0.03847771442917957
36979.66026244742,0.03892287034806004
37122.89736252799,0.03937873234834083
37267.79715722177,0.039259851292401976
37413.97281929517,0.0388738455664976
37564.245513459624,0.0392487064900209
37709.15362865222,0.03901481776150241
37853.25522128295,0.040803688969278336
37996.982041881565,0.040049058702632305
38140.96078924218,0.03967114609962236
38290.604602121195,0.04171066323446091
38442.85034225265,0.04070313525340066
38598.107704846094,0.04053431272422151
38755.2343555997,0.04037331797415845
38909.020537620905,0.040531057189437364
39065.717446544775,0.039965685680366486
39227.05017809161,0.040703216280163414
39396.11159519512,0.0421844127552899
39564.583010618364,0.04234085237525601
39730.37241033986,0.042871853554275245
39895.791319487624,0.04235483889301761
40060.049900323946,0.04115066105144191
40221.58480334102,0.04207108050638365
40381.86788197707,0.04140281851157391
40537.64479850047,0.03989681807608898
40690.85480064588,0.0393440008554814
40837.98215063126,0.035597122457786394
40977.33880980749,0.035441980564202294
41110.02733768251,0.03693088567431264
41246.806826024214,0.03675467710924073
41386.393691516394,0.03762506791989089
41529.027730934984,0.037779083882801344
41668.96375186846,0.03670798696106544
41800.96095851842,0.04010342983185243
41933.895621213065,0.03881449428834616
42065.98876825159,0.036857577992612536
42200.04143267191,0.03708896781579292
42332.52429237947,0.03529942552046609
42463.83063659649,0.03734740190344367
42596.51586955166,0.03595049687097372
42731.610117749675,0.03567522759228051
42869.644740114396,0.037885725091375944
43014.96432358261,0.03805775348614165
43157.90259171153,0.03792193476140688
43300.61921929388,0.03896022158009532
43452.14754509018,0.038554777694140396
43605.25465607152,0.0389614491749904
43758.5490257307,0.03850747590972224
43911.79538221529,0.04006404318611118
44072.548413293356,0.04067254906129968
44238.762011730934,0.041811437246830875
44407.80151628138,0.04162189883578544
44573.42799049049,0.04051142374727775
44740.52641075095,0.040745391620623614
44906.73656014452,0.040048550264868976
45071.86018275128,0.03895957666171329
45229.837254169775,0.041425772598082826
45394.69140576275,0.04019751780713316
45558.76175020286,0.03893595519013153
45723.21273146705,0.03712081122267611
45880.141361908914,0.03718410028260331
46040.56414432473,0.036056950686138164
46193.773280869405,0.03584202681724569
46343.911724395715,0.03478997181107544
46495.36241903339,0.03446201833704709
46660.515912063274,0.03633985144394674
46828.3966323667,0.03694678798891305
46995.95264014014,0.03697234345396953
47162.581904346196,0.03778275964285171
47330.163740505544,0.03870418716849177
47491.367510732285,0.03680813546301881
47648.58232051122,0.03801224363290818
47799.783657442036,0.03704452490293506
47952.495754245756,0.037061659613039366
48106.64492708656,0.037247281962464136
48263.15535982009,0.036613512427218886
48421.511729746635,0.0358022511091157
48580.96334329101,0.03672303321662165
48747.22519155298,0.03903619462604722
48918.72489520115,0.03867413270389867
49092.01950641905,0.03696016477804244
49259.54201419146,0.03588783106848859
49418.652997631805,0.036358172849453405
49580.22591757485,0.036766917546455904
49748.98652341324,0.035826353203677754
49927.43098169093,0.03577055170120606
50111.8785594118,0.03747730079246101
50292.04070929071,0.0381188445620766
50474.62527355718,0.036877186928382155
50654.441527001865,0.03657579431793269
50829.858446347105,0.03730226486527751
51004.10732102769,0.036035065740079614
51186.66338423185,0.03408748579477803
51360.21975693363,0.032721500112632924
51528.00481972959,0.033064483724117175
51693.29724839333,0.0348007864612358
51860.266211180126,0.034622574596681326
52031.045756134205,0.03580612937926448
52206.734516028635,0.03520591547964379
52381.369390175394,0.03580586366149236
52560.38623183887,0.035452834393348745
52744.86142438781,0.03604291303599037
52921.659545312985,0.03645919525382532
53088.03663941078,0.03708308319835524
53247.98000499875,0.035989289259638645
53404.30703066567,0.037087774640868335
53560.347717323326,0.03765853636068329
53720.274059356765,0.0380205089574359
53893.528743567214,0.036908958161652565
54073.97846192043,0.03779270849360834
54258.9372186093,0.039297934564102764
54445.25777250593,0.03850005261811239
54625.491228070176,0.03809714907002762
54800.21006046251,0.03745026858933726
54972.780348258704,0.0346773942641616
55140.988931273845,0.03412271215451795
55322.79746756487,0.03556741157739739
55499.65948302709,0.03462845773272742
55684.70270776142,0.03577714907092583
55875.414827285196,0.036080311192567244
56067.01306903452,0.03579202530525166
56247.83756218905,0.0348320440706306
56421.90200223853,0.03568961380077647
56588.349113908196,0.035028670799786506
56758.54645865835,0.035808991986223636
56931.02829953974,0.03500532137643402
57106.20526776777,0.03513078236095544
57279.076951835006,0.03556682071910246
57447.547732100466,0.0368223588848969
57621.179702048415,0.03529633696176938
57799.59623942338,0.0363716463199319
57969.07252952144,0.034000840280071505
58124.78204249486,0.03362220394740497
58278.63974574687,0.034251162853579015
58441.23177197031,0.03672808629278434
58608.27888944472,0.03805854858198099
58784.47908626914,0.03656091861582413
58969.33343730505,0.03670490141052067
59148.384918155694,0.03574751090475784
59333.626891698324,0.03535735853957543
59517.94433349975,0.035736310224410116
59702.963351439095,0.037189972802653584
59885.51757946669,0.0359951775562724
60069.80042409879,0.03660181275231019
60262.74950273496,0.03769047756727308
60464.905837452294,0.03525143564168353
60658.80349453978,0.03549412731727419
60849.22680348259,0.035015290707786355
61033.22841277764,0.03214716558714248
61208.381419467696,0.03367309689457219
61392.71255692097,0.033858523632213255
61568.6749797873,0.03331798899247219
61741.40391837757,0.03438540318952279
61913.401296515614,0.033806169309543395
62090.47936093497,0.03550892967902421
62271.63251015943,0.03710362564759432
62456.075003127735,0.037725267436670755
62641.08650260999,0.038946514339488494
62827.363159210196,0.03995577748227708
63006.656762804574,0.0401951257392806
63176.2233040201,0.04028521305893681
63344.80437901566,0.03952447370712208
63512.95578399802,0.03803198055084751
63684.55675980454,0.03738869225277121
63858.43908045977,0.03507430714513391
64034.893703495276,0.03566567331505879
64208.70616084221,0.0370508239105062
64387.575922451535,0.03708744219782121
64574.8041884166,0.0353374019865781
64769.393973493374,0.03565320944746624
64963.08064113758,0.03615346269375057
65159.453674320204,0.03673691035084888
65355.37634073335,0.03618036346900234
65546.29376446307,0.03642845353592338
65726.75481731731,0.03464891890258752
65903.43552386857,0.03403388162426923
66088.9740861292,0.03480768306069157
66285.79747308147,0.03361804658275801
66489.87485175706,0.03584633393924483
66694.32279741165,0.03540694729706887
66890.6578255974,0.03674872960238856
67090.17604491579,0.03699833159858616
67289.3817535988,0.03509409289096914
67490.91807768925,0.03503141092126723
67685.96348261823,0.035017172832878564
67873.93253252008,0.034125968861699905
68059.19123431355,0.034653285858290965
68249.30587280783,0.03370124922324104
68433.2108414946,0.03391394983845749
68615.57275272162,0.03179928633909595
68802.36405702852,0.032309027435724544
68993.60651348154,0.03222785282107579
69182.68742999378,0.03273273507958169
69371.94123163489,0.03481369546616694
69566.60544005975,0.03324703404527065
69759.48144683505,0.032453679394983476
69961.6729449919,0.033255429382212515
70168.88877058934,0.033909312352846166
70383.08287739368,0.035810582167544104
70606.48605652255,0.03486758406775802
70830.17870295237,0.03519595800622625
71047.97827579749,0.034428323626831125
71261.61289116071,0.03504202540440145
71473.02047057355,0.034715014845232484
71679.80738572674,0.033905595049920634
71877.03722208344,0.03321076586220741
72071.8986773147,0.032849938367411256
72277.4320564013,0.032909244362853245
72490.67224850597,0.03240136837506671
72701.74488650536,0.03234305152815956
