D,r2
7.467592592592593,0.4283184003433668
9.096560429157464,0.3701489404327749
12.097350993377484,0.3395457217860531
15.106888361045131,0.316975253084083
18.090818363273453,0.2931990534136445
21.091290661070303,0.2789152824253047
24.09221385001794,0.26989332165542446
27.09203346671517,0.2542148713523108
30.105321100917433,0.24200270387670328
33.10356224752112,0.2396190672394595
37.46761757902853,0.23007920991749986
41.99422174070062,0.22878543794113948
45.09484994442386,0.218855013051937
48.100978473581215,0.21521540548359908
51.10217308425467,0.21117838737261968
54.10751850409038,0.20669567501709815
57.121176003178384,0.2088289991590208
60.096761607491224,0.20130266233494232
63.10655090765588,0.20792652904204678
66.09172521467603,0.197533870883485
70.61169474727453,0.1956237606714377
75.11392914653784,0.19972621729577175
78.11649694501018,0.1942787673066123
81.10064153969527,0.19323401950356248
84.12189254210104,0.19992023033203915
87.10896381578948,0.19700003244591957
90.11730926989335,0.19223951195532882
94.63725083056478,0.1851281527808078
99.12,0.1789581014511154
102.1265288907634,0.17366391065889505
105.1306324927656,0.18348982689202115
108.11971536207618,0.1842149072285515
111.12409381663113,0.1767537731276807
115.52765679442508,0.18079929503916484
120.00636942675159,0.1731146443842875
123.12031386224935,0.18139741078399332
126.12156862745098,0.18022450470941853
129.12520868113523,0.18029464951398086
132.14399330263709,0.18005669748848152
136.5607039429717,0.17301761976720173
141.09292591042276,0.167687521017085
144.1296779808529,0.17071898627301402
147.12724092697857,0.1801616895315532
150.13900134952766,0.17699054449393692
154.62525458248473,0.16212041173158853
159.15996464869642,0.1599072355432682
162.1452612931798,0.162896377690301
165.14500442086648,0.16083500922107472
169.64199223212245,0.16192202338698394
174.1574394463668,0.16352468314133473
177.16123499142367,0.1613620522813783
180.18018412976764,0.15709425292463886
183.1518018018018,0.1590289418968316
187.6751968503937,0.15761583418247876
192.16466399643969,0.1609854738895012
195.15961361545538,0.1577711441273434
198.16055456171736,0.1567952601150229
202.7100714450334,0.1600615129937326
207.17589118198873,0.16223518738449647
210.17357980162308,0.16134324990856297
213.18308550185873,0.16561562017922418
217.67828843106182,0.15720300203586834
222.17377349839524,0.15504495076958125
225.18928733545167,0.15841003647493182
228.20820045558088,0.1529246369159213
232.69015356820236,0.15567442618382354
237.21408839779005,0.1518541666531412
240.20653654108034,0.15502236166998498
243.19086386250567,0.1530855781479319
247.70312133302042,0.15634341345953018
252.2340919647004,0.14858860073198318
255.20926966292134,0.1518986823852576
259.5649568552253,0.15393043518044836
264.12455985915494,0.14796237843543247
267.21308411214955,0.14663498967097843
270.20902934537247,0.14773342875905163
274.72068884170795,0.15397760547628103
279.2274472168906,0.14842118233031118
282.22774133083414,0.1437455802597201
286.7223427331887,0.14873096854262782
291.24169921875,0.14755173155094595
294.2301740812379,0.15220084855691443
298.5703144654088,0.14596594793697595
303.13764291996483,0.1384839435361149
306.24328285295553,0.14766778582506904
310.5772565017848,0.14512312950192785
315.154954954955,0.14786098572051246
318.2596711798839,0.14072664231522883
322.5834802316797,0.14598088039927945
327.13606911447084,0.1458396632078415
330.2386735170481,0.14464736647488338
334.48635170603677,0.14350236538324335
339.0099132589839,0.13889715574376835
342.2804206309464,0.14568196034548345
346.49159663865544,0.14525560433868082
351.0428109854604,0.13937596813149797
354.27551509343556,0.14361243809577526
358.48091806778757,0.13916632124824538
363.03998368013055,0.14090164755500045
366.3056918547596,0.13952778440046662
370.5321003963012,0.14118387571496877
375.0429292929293,0.13365707553291264
378.30262506191184,0.13527303566097718
382.5054856837035,0.13846655480123843
387.03583061889253,0.1367877271358671
390.30686799805164,0.1443966924950016
394.58699059561127,0.13525735913556594
399.1698963497071,0.13274574641711473
402.32033983008495,0.13126405821283935
406.8639405204461,0.13976104817622145
411.3451851851852,0.13391095138465395
414.3191056910569,0.1412345766953511
418.87835202340324,0.13634218061318037
423.321692080669,0.13986099934364382
427.50256702795207,0.13923687167802104
432.03478964401296,0.13534841565537747
435.3677419354839,0.1301744868420413
439.6446303291959,0.1394104053613747
444.1875543951262,0.13319827122468697
447.38526211671615,0.13411184684298422
451.8493394308943,0.13305131123899083
456.36772216547496,0.13375313967021157
460.5063902300483,0.1322280443631615
465.0340722495895,0.13375962395674765
468.35477386934673,0.13564666088594152
472.88586817132597,0.13444135837180482
477.37644110275687,0.13042808505691586
481.53512396694214,0.12822718344967704
486.02967479674794,0.12364870995542908
489.3542828180436,0.13313555348886016
493.89450718685833,0.127344473593685
498.4043099025141,0.13399016946264564
502.5012994513428,0.13133005369855344
507.0539538714992,0.1261078119546143
510.3852544132918,0.12736826138996035
514.923765668969,0.12791060543575286
519.4164511122607,0.1349638536644652
523.6361095584125,0.1253949408377408
528.2087145969499,0.12847265415495432
531.4157472417252,0.13143451619938193
535.956443298969,0.12622756495295498
540.4267100977198,0.1262339495138131
544.6383508577753,0.12760764004180095
549.2152389151959,0.12630991592582436
553.5227340267459,0.12766075210284886
558.0325009908838,0.12079294985426274
561.4462337662337,0.1300856175282854
565.6660263446762,0.1333078181829753
570.2558542931483,0.12575810262571038
573.444666001994,0.1269072608257799
577.9309462915601,0.12757093687611437
582.4839876033058,0.12223849966248389
586.6511821974965,0.12577801233971433
591.2288779615557,0.12061871578298564
595.5019501950195,0.12891070739507837
600.0713709677419,0.12972436996218864
603.483718487395,0.12788143195459725
607.9816705943964,0.1310134583633783
612.4636842105264,0.12705986554551177
616.6183673469387,0.12428288780816467
621.2522310944105,0.12190602116478483
625.702263493906,0.12618863430052282
630.2539325842697,0.11970694484582681
634.6701570680628,0.12822640499256843
639.2973214285714,0.11918400501106195
643.5095856524428,0.12696214787602603
648.0599097250719,0.12268108427791181
651.5157397691501,0.11905028094177365
655.9763344727846,0.12548335328998564
660.5286525554982,0.12364059003998679
664.7294359576969,0.12672355202282626
669.2731201382887,0.12295574524166153
673.4911585365853,0.12232673510555683
678.0346655791191,0.1210514873458632
682.4683143219265,0.12053252315044755
687.041884816754,0.12021162660287771
690.5308911973756,0.12397038739751778
695.0228925397253,0.12059318516620865
699.5543652919122,0.1213049638674158
704.0566334556896,0.12046847447544064
708.542656587473,0.11636926761454765
713.0511627906977,0.12175086441779218
717.539751216874,0.11924276531509281
721.7494978479197,0.11898656538444441
726.2659667541558,0.11514238791718959
730.7006408300275,0.12193826399708903
735.2754919499106,0.11815639576147668
739.7223034200526,0.11917334854629558
744.312358533273,0.12462935311187741
748.698872295032,0.12502991328380092
753.278587196468,0.11996292601886331
757.5190915075708,0.11536155735569179
762.1024096385543,0.11674347446201402
766.7274148171304,0.11608998855338001
771.3294983893235,0.11895149017248113
775.7385600976205,0.11455235448478066
780.3399538106236,0.12125499808443303
784.730364873222,0.1235626917875491
789.3059866962305,0.11558078246822884
793.7377972465582,0.11569852452221999
798.3444136657433,0.11740684631801435
802.7438347718866,0.11384184837582598
807.3237505528527,0.1146039569146121
811.7489335770871,0.11634653033572813
816.3276810265811,0.11408293350624726
820.7286338116032,0.10988378268940054
825.3216240875912,0.11185534271458371
830.0968564146134,0.1107928346683228
835.5332380271623,0.11897815660292739
840.0933913731698,0.1182174617269265
844.5156626506024,0.11324352475402365
849.0320939334638,0.11036055167959141
853.714191200794,0.11519236034062366
858.3319727891156,0.1129632191907075
862.767397521449,0.11424534403525427
867.3141223053234,0.11261824515500075
871.8058842340902,0.11081545375774254
876.3310719131615,0.114892751144421
880.7670886075949,0.11511381021076882
885.3723737147966,0.10891439368859765
890.179872115652,0.11598415893605836
894.6625971143175,0.11570243323624652
899.1573816155989,0.11598539032754744
904.5416204217536,0.11468588840853042
909.0898832684825,0.11123063086112159
913.7439300744578,0.11391376624625285
918.3408360128617,0.1132806368091587
922.7590953785644,0.11365528194076208
927.3425022182786,0.10870078472595238
931.7520873474631,0.10746329677341614
936.3685674547984,0.11286976135712869
941.1624051699915,0.1103253258621621
946.5490412979351,0.11105476293204594
951.0560936238902,0.1119762283831483
955.7745383867833,0.11734660543930546
960.3431848257609,0.11190450722436222
964.7527875119465,0.11047309378413316
969.3249888243183,0.11223706505159911
973.7731362467866,0.1078573123067974
978.3561403508772,0.10199420265870457
982.8064720812183,0.11054924843304861
987.3890845070423,0.10655039800371004
992.2158703071673,0.1094895112051939
997.5160116448326,0.10943594896824493
1001.9973484848484,0.10233951253906458
1006.5440172475745,0.11498244495991838
1011.0405875531503,0.11110735304767201
1015.7848101265823,0.11196748279622758
1020.3699045967043,0.10801538651817551
1024.7862248213125,0.10823631511857373
1029.37419651056,0.11283258510293144
1033.7865932642487,0.1130164980237573
1038.3615676359038,0.11164993525643314
1042.8044488711819,0.11265568820456787
1048.1067142393772,0.11119730931215661
1053.0571652310102,0.10744668092439864
1057.8323910874626,0.11114058940871567
1062.3767857142857,0.1087900415933076
1066.8107202680067,0.11106397453067142
1071.391515687141,0.10831469546955365
1076.2466024915063,0.10630782503820721
1081.4927157265595,0.10611316670714091
1086.0571652310102,0.10118479078702684
1090.8195513893538,0.10115944655720627
1095.4107460035525,0.10252275615792472
1099.8367761598374,0.10452849037088377
1104.379460400348,0.10083479715170875
1109.2818555490312,0.10458060010221328
1114.5251937984497,0.10627662276340225
1119.0584024114544,0.10508415796931748
1123.881868131868,0.11338197290146663
1128.400900900901,0.10552994141154054
1133.2480187848548,0.10252053609086133
1141.4777198587524,0.1047940918912147
1152.0515481171549,0.10473000823627625
1162.8451968503937,0.10647157396010297
1173.3690283035876,0.10788862145402635
1184.3021486123546,0.10576074138614819
1195.5887978142077,0.10415855201609323
1206.1456953642385,0.10553883406838432
1216.8857187646965,0.10466043770385917
1227.35175153485,0.10612476261631792
1237.7991883116883,0.10545532304212067
1249.079184816428,0.10312180376024661
1260.0,0.10471622474700283
1270.8122961513373,0.103760940396704
1281.4262091038406,0.1052338729550979
1292.3666868198306,0.10336316773419979
1303.8293281020108,0.10235717170118504
1314.3960502692998,0.09988990352892654
1325.2909579230081,0.10229241767686494
1336.5118719889883,0.09859981749295392
1347.0718921617574,0.10003617989897133
1357.8814170903722,0.10444017904546335
1369.0622665006226,0.09835985609746371
1380.0713681718248,0.09955406781659884
1390.904303880013,0.0997911979302252
1401.3362769339456,0.10223350889287795
1411.9301092544988,0.09842311311435373
1423.058398844858,0.09443872178362256
1434.0166723375298,0.09885377510408437
1444.887029288703,0.09661386173920818
1456.4385402351504,0.09845243001689555
1467.3688568856885,0.09703669607705277
1478.39392106457,0.09852905578492993
1489.524502164502,0.0984560075608519
1499.9464656964658,0.09902131133824607
1511.366304185908,0.09727628013080204
1522.900100569896,0.09730579419683379
1534.0916707737802,0.09452252755506196
1545.016816920943,0.09424916146916491
1555.9339141870787,0.09723562364759904
1566.987237479806,0.09372598004723136
1578.0226113566814,0.09657044310262128
1589.3732491919347,0.09226369431834172
1601.335135135135,0.09351936043890072
1612.8431339511374,0.09878894545722473
1624.1094510659727,0.09463747085667938
1634.982036942891,0.09548888731692878
1646.4118193069307,0.09476948538370598
1657.8987915407854,0.09351850513977986
1669.102538902539,0.09174994338197641
1680.638708656433,0.09393351901058311
1692.0025733401956,0.09748957923161766
1702.947946594558,0.09547260361660193
1714.4459140292868,0.09325765537216932
1726.008669556519,0.09548473286462342
1737.0451938119243,0.09446707272162555
1748.3166798418972,0.09331179368752895
1760.4259436980167,0.09315622659924835
1772.4034891165172,0.09390337762390659
1783.96658008658,0.09272093146872257
1795.4447813597192,0.09461767923156693
1807.466805979746,0.09178577208547742
1819.0063377869133,0.09276498900184721
1830.5717449770607,0.09428226907581162
1842.0321035828308,0.09357999899912103
1853.442594354583,0.08986397397046215
1865.4542225092846,0.09053130597179034
1877.456171163979,0.09041321244927637
1888.9037338524156,0.09168870299483461
1900.392368378683,0.08752812529744693
1912.4584378920954,0.08827347171985754
1924.010834049871,0.08836963370790754
1935.6867355043685,0.08962993379665608
1947.0286618603834,0.08964271341413782
1958.48974609375,0.08942556784726947
1970.425601571452,0.09168014605298609
1982.4739791833467,0.08853752447598623
1994.4171437919188,0.08916031496242359
2006.485577689243,0.0868666407939056
2018.4546502057613,0.08864868802040862
2030.474947300146,0.09219770815939245
2041.9294928432585,0.09353795591525224
2053.4688102893892,0.08915235815142288
2065.4907975460123,0.08655665697834886
2077.4131950072947,0.08725635121471335
2089.4883491959304,0.08945802427859607
2101.425514537733,0.08627855975726205
2113.4651616046776,0.08680653485722807
2125.439980321417,0.0846932596160717
2137.442729488221,0.08619530160325622
2149.0272856130405,0.08772406782054495
2160.5837713534825,0.0869362151537342
2172.9518847686177,0.08714334776214393
2185.4495777446596,0.0866325065231722
2197.4331533300606,0.08784593432869299
2209.5263769077637,0.09145304562966303
2221.44185282523,0.08645943263382644
2233.5973231989424,0.08718324485309238
2245.4338380513495,0.08610160108295753
2257.4351107465136,0.08975855192281432
2269.5344715447154,0.08545392056122103
2281.457422512235,0.08728784258476285
2293.4712966017814,0.0874639410949938
2305.0579986149583,0.08782092085559405
2316.5596595471334,0.08419276651913417
2328.5323857212084,0.0874014455473437
2340.4746980084883,0.08684483602352264
2352.490849673203,0.08750780455584534
2364.5331674958543,0.08630992888897691
2376.497489959839,0.08500278700247979
2388.4905943066424,0.0881725917673393
2400.487361638857,0.0880808675748289
2412.562643114164,0.08274137355086444
2424.5268445322795,0.08658939414412918
2436.490179897673,0.08330724458328116
2449.0365009439897,0.08384822994345403
2461.4165300098393,0.08515777278261671
2473.491069938241,0.08495674707739322
2485.469472633505,0.08846591590131045
2497.893666927287,0.08627027674102326
2510.483770718232,0.08812052355247184
2523.061182761875,0.08605914931400109
2535.4838985954093,0.08682671779375344
2547.994450610433,0.08517165748326117
2560.4843966712897,0.08348035948304287
2572.956501182033,0.08162151619755016
2585.5130996937733,0.08422692516739368
2598.1263554926923,0.0809164759910384
2610.512925868858,0.08338779043583663
2623.0201783200378,0.08064932813126685
2635.4089007863477,0.08153125550784415
2647.425172413793,0.081376405693063
2659.9867570550214,0.08367126636271077
2672.5261548913045,0.08427611085758868
2684.945524052246,0.08468959076653337
2697.8953506949993,0.0796262341696353
2710.4840198256707,0.08491923482887943
2722.9998405866413,0.08495329431605861
2735.4798373432736,0.08508459888967529
2747.937127196518,0.08312364716726157
2760.95601739971,0.08400436270267378
2773.4284735309234,0.08120811254584781
2785.981246026701,0.08167861605696791
2799.0080658170673,0.07840201226458034
2811.4866458550123,0.08057565420860142
2823.950785839022,0.08089413384344214
2836.388773027459,0.08005252833461166
2849.062668999523,0.08471727272244566
2861.977947009361,0.08474158319869364
2874.512776539187,0.08156654417224933
2886.99968774395,0.08066520159550537
2899.467009425878,0.07816539342269153
2911.9893329087727,0.0824032477177772
2924.472059330804,0.08008445354200576
2937.0547422024188,0.0806794910620177
2949.9363859362225,0.07867459701346978
2962.912371972037,0.08227440725312388
2975.9743217054265,0.07895272954545353
2988.5592425295345,0.07967466442055968
3000.938684503902,0.0828605359139233
3013.4401739130435,0.0829019335132552
3026.407960957755,0.08217526426328327
3040.034062859964,0.08136350140483364
3052.395966029724,0.08278278910756011
3065.4371340523885,0.07896138788305278
3079.0341495918706,0.07892207323591187
3091.935713105272,0.08200510634280671
3104.988923789056,0.07874156442652348
3118.022071854358,0.07923232648823818
3130.9936295328325,0.07787116545388999
3144.047481279782,0.08014104720618904
3157.5757003462386,0.07948192753976634
3171.0285571142285,0.07888196582973427
3184.0682084799732,0.08110348467956083
3197.0004959497437,0.08017378458815297
3210.438982252238,0.0810243446954713
3223.9765638172316,0.0785406786755474
3237.0302160702227,0.08046491431014241
3250.503476611884,0.08143530774554796
3264.0305488436315,0.07854678059020438
3277.4002876318314,0.07671018871998904
3291.489310400257,0.08094577087530791
3305.047914223488,0.07593699078738497
3317.9410582719356,0.07753577007030825
3331.4967257626577,0.07704200378343386
3345.3625796178344,0.07717967121611678
3359.0105700918384,0.07864808632253228
3372.448131443299,0.0774474327844912
3386.4987920760186,0.07862575522805217
3400.0056730273336,0.07819037266492761
3413.5372919334186,0.07688121103573303
3427.5150830779157,0.07912627312486559
3441.0338983050847,0.07888312394653531
3454.559273875296,0.08031320928589483
3468.0585795749093,0.07932993821329198
3481.5398724082934,0.07796062926107844
3495.5090097273164,0.0768334918539474
3509.0392424500938,0.07773409932635347
3522.4245436766623,0.07614514971002136
3536.4089369253106,0.07566278961208726
3550.483439386523,0.07748203426502856
3563.9535439795045,0.07840783123340966
3577.5595103881465,0.07602914892478883
3591.5028985507247,0.07580188347808654
3605.4305348567646,0.0753842506837907
3619.5008976660683,0.07726021013481608
3633.491819699499,0.07474543510944963
3647.489769192994,0.07915187916387947
3661.489093553078,0.07814497408389348
3675.5429604074257,0.07595531246190663
3689.5604938271604,0.07811170127705887
3703.5306853328993,0.07692541384532686
3717.4851404310907,0.07800839072071286
3731.520053032814,0.07487468267574887
3745.554641211323,0.07624134666636348
3759.511821738391,0.07392342505660886
3774.0113255702663,0.07472786771497862
3788.4753015033866,0.07484357264182337
3802.5671349232275,0.07688598499115579
3816.5126359832634,0.07668020957778068
3830.5518427518427,0.07986251858647124
3844.3641277641277,0.07965623757908781
3858.4875185981155,0.07708450662645817
3872.450538525269,0.07600800946075555
3887.02402163538,0.07721358542503812
3901.543904518329,0.0754329283478129
3915.989846897663,0.07523322728223929
3930.5318648057846,0.07551474613598104
3945.000622955926,0.07997344755634343
3959.5052264808364,0.07382267139875276
3973.9833918875756,0.07795647328926378
3988.966910594973,0.07774969041741633
4003.473379826501,0.0773632230887967
4018.034510693454,0.07593543631219576
4032.448840381992,0.07532622019322142
4047.014414699826,0.07509163396109235
4061.54189849941,0.07508226085539915
4076.0270444301354,0.07349717344147572
4091.0191929133857,0.07785585068069141
4105.9726356217,0.07357417472867873
4121.012847965739,0.07888390296150065
4135.479198767334,0.0777755970257234
4149.963324413663,0.07874190333415884
4164.518989517099,0.07454495945826545
4178.95479384004,0.07523321751757922
4194.068345323741,0.0751481599584938
4209.007788414733,0.07670753800079419
4224.0942298367545,0.07838716099115509
4238.981888745148,0.07879305173480805
4253.946025036579,0.07454234445593755
4268.863212943292,0.07520603267254468
4283.999506903353,0.07497040480465703
4298.493098688751,0.07253269897237642
4313.013663398167,0.0748208612691914
4328.0122870249015,0.07354842968339169
4343.004405286343,0.07298226312509891
4358.069922128488,0.07176754535777065
4372.4681219681215,0.07326435420341552
4387.47965571205,0.07665392614142676
4402.9889965511575,0.07602754771732032
4417.982769937644,0.07358967907965333
4433.01598955784,0.07354231282298893
4448.033378287256,0.07313629744886495
4462.967768059605,0.07396182175046914
4477.848545303408,0.07391973966780052
4493.008445945946,0.07722637223962946
4508.4936505384985,0.07472932293261181
4524.546992181267,0.07429696548466165
4539.985072094996,0.07527069839656393
4555.464489537096,0.07143779562855275
4571.054627464083,0.07300769986131901
4586.051919866444,0.07349834490841943
4601.359011394639,0.07227714159228528
4617.004957264957,0.07158122814471246
4632.558406801008,0.07257677831230919
4648.497289305076,0.07189997360449223
4663.998816568047,0.07139911901234557
4679.47630445189,0.0724363012832812
4694.945371000681,0.07399316009695227
4710.561683136755,0.072867744774539
4725.977214759395,0.07242923538585833
4741.5078874613755,0.07237332537001087
4757.466550687965,0.07440713623965788
4773.494823336072,0.071995650970447
4789.074664856609,0.07313646616737393
4804.483576349944,0.07281883081088664
4820.070384679993,0.0724953553874341
4835.471911931359,0.07303764648715601
4850.843381725022,0.07158537628687213
4866.975810203132,0.07404821562581698
4883.05433111225,0.07362056661843622
4898.519866497139,0.07453893131560557
4914.057381324987,0.07375681155980096
4929.440841226521,0.07306649090623088
4945.523033892728,0.07491711995234702
4961.508860347911,0.07474598518639548
4977.405816259088,0.07108087098887574
4993.978077839555,0.07289437169056083
5010.602609727165,0.07305652612542259
5026.459735973597,0.07608213547147664
5042.487717585815,0.07603880829990013
5058.4815115147585,0.0744077474351715
5074.437643207856,0.07508021847593588
5090.525116433799,0.07328218580407687
5106.530615640599,0.07394617740831402
5122.576105018278,0.07214317997208915
5138.454960835509,0.07447532780829376
5154.530405965203,0.07222234614371513
5171.086825873794,0.07324647846318824
5187.512223908278,0.07325736920669594
5204.0802850356295,0.07405308046611941
5220.527527527527,0.07098550134838556
5236.598327759198,0.07149222721817677
5252.4029900332225,0.07332809549271395
5268.487559729774,0.07143930759133954
5284.495377128954,0.0707638339936781
5301.023248407643,0.070473103416838
5317.5550436070425,0.07041950172877788
5333.490556821882,0.07275956290211884
5349.430024610337,0.07041877870266573
5365.825625102141,0.07011834635263683
5382.549759096195,0.07359965142865876
5398.485239852398,0.07362299952168506
5415.050920050761,0.07086029402925074
5431.504172229639,0.0719387089227289
5447.452811075468,0.07437639466370416
5463.886406844106,0.07307483788678051
5480.5031770565,0.07377491792174837
5497.012127014521,0.07542271196834789
5514.044987775061,0.07270710752561024
5531.008071157964,0.07049226157048417
5547.8881815213845,0.07404725126546367
5564.994182180851,0.07231814088347227
5581.889356876722,0.07060173682378797
5598.9306623058055,0.07189175633748036
5616.037930460822,0.07279465619416323
5632.946495978992,0.06800401628767977
5650.0556187998045,0.07103413407125767
5667.0225588671165,0.0726675150508026
5683.968622795115,0.07217592279571464
5701.5961354199935,0.07336138308473611
5719.04349286314,0.07323556725399483
5736.021210128248,0.07176796329934661
5752.956493400684,0.07324201740239793
5770.101221348503,0.07120114494003724
5787.04716516023,0.07258100549172938
5804.4842236801,0.06976797835859253
5821.966256648936,0.07151737889143077
5838.467169552546,0.07210340838350492
5855.56450108797,0.06884603513466103
5873.115436017374,0.07166388796332479
5890.051517172391,0.07091346239014826
5907.029978228103,0.07380527923156037
5924.484688995215,0.0726152555031913
5942.077550341155,0.07268935133570616
5959.023053792182,0.07116251446611112
5976.497171590195,0.07279316918258594
5994.021630615641,0.0705612569863424
6010.923953098827,0.07301106761829372
6027.976956233421,0.07097737036367448
6045.537812398572,0.072593239613591
6063.5936268068335,0.07052608571257359
6081.5164372469635,0.06806978184294683
6098.939579090292,0.07126957070818546
6116.578938932521,0.07183125318806345
6133.937644341801,0.06914729248967162
6151.381408720652,0.07058375589477588
6169.458496732026,0.07167262447911685
6187.082650273224,0.06647952364707302
6204.546030199708,0.0710281672601899
6222.557297559399,0.0713956190947252
6239.931537405628,0.07341550199703543
6257.943936812761,0.07006948626776559
6275.918507104948,0.07197766624890647
6293.444676409185,0.07224717659527771
6311.010847457627,0.07076945901968658
6328.427260812582,0.06908819286801372
6347.009896324223,0.07029251435882347
6365.383690280066,0.07265534727137742
6382.867031276704,0.06907964039245952
6400.93063583815,0.06931244866059236
6419.6073367330155,0.06956345479867354
6437.465265522221,0.07291231943512849
6455.504556752278,0.06939468761962043
6473.36987891856,0.06974193412343253
6491.463028465555,0.07129484304293145
6510.0007930214115,0.07166895468607765
6528.4411276948595,0.0691975204536809
6546.569220541798,0.06787971937215398
6564.553303674411,0.06955687750293219
6582.4189301783035,0.06860866334951775
6600.999032101952,0.0677850824947847
6620.041041701005,0.0676583982648249
6638.985929005436,0.06865812781246249
6658.038525132275,0.07202245670402128
6677.033476253298,0.07126888064471877
6695.43393066488,0.07133077554063412
6713.977061981454,0.07246712846195456
6733.061437908496,0.0692679260107655
6751.912906957527,0.06995058636145284
6770.528142121866,0.06872425547972315
6789.041057102407,0.07264237314543202
6807.48053052202,0.07053374219623192
6825.865679012346,0.06908432340766733
6845.025250040991,0.06974196727476899
6864.014604397368,0.07048064486674617
6882.500848896435,0.069408268816715
6901.469168900804,0.07105460800102562
6920.948869223205,0.0676427067270821
6940.20977763244,0.06823371390649575
6959.026359973136,0.06822130570268976
6977.951597131682,0.07038250979895008
6997.108090294942,0.06853272863495727
7015.959756898817,0.06727292034479125
7034.986522462563,0.06853708051478383
7054.044670717688,0.06705199826591164
7073.455872913993,0.07049116042676118
7093.086258776329,0.06885149424921158
7112.470702179176,0.06866286575763969
7131.919432062077,0.06917574188503164
7150.995966386555,0.06798859905943365
7169.923140088685,0.06988643546068413
7189.422519329897,0.0694935583607621
7208.869543485504,0.06947134392565596
7228.436781609195,0.0672700963244103
7247.994732370434,0.0680876777959142
7267.549010217113,0.07012783495623491
7286.962703165098,0.06952892314526955
7306.481076801267,0.07016207160887511
7326.113002042205,0.06819043774368697
7345.397073170731,0.0715102035676513
7365.427826653633,0.06898306456060659
7385.576687116564,0.06713819670095632
7405.504919645786,0.06827546039879842
7425.46046046046,0.06953411631644753
7445.577255669767,0.06811509129208343
7465.441347083468,0.06822702532637873
7485.02365771812,0.0668154809878628
7504.479742765273,0.0721233114824979
7524.008386103029,0.07374818277602938
7543.468983436181,0.07119808506870573
7563.489872590657,0.0692037349649775
7583.55359789231,0.07221246237542851
7603.4060125536835,0.0681543623716417
7624.033438985737,0.06917062072155054
7644.021225194133,0.06976042148378289
7663.4813919768,0.068575451403516
7683.577427385892,0.06865136942052125
7703.632429784455,0.06894896950012554
7724.026044148007,0.0698074160651926
7744.019554497534,0.06998192121072185
7763.36136401258,0.06925454227910109
7783.9431711146,0.0691277921102346
7803.952405676705,0.06803590862707025
7823.277335499593,0.06820039761340653
7843.543134672374,0.06854989883826873
7863.4992672203225,0.06512160492539518
7884.149563838224,0.0667172092287305
7904.0282466414055,0.06936549634947896
7924.057340186316,0.06777732606479522
7944.536185859936,0.06981909429366699
7964.971003010616,0.07009317175136201
7985.397218964651,0.06589207480210799
8006.035783365571,0.0671711134915228
8026.581720249116,0.0692239359412362
8047.065154902587,0.06771746306268894
8067.576446972232,0.06916970533030391
8087.975668707702,0.06904887517783435
8108.484464707869,0.06803577415486187
8129.118967452301,0.06616346066662329
8149.559414990859,0.06763698240118579
8169.581535947713,0.06697219365640306
8189.06927862788,0.06835027682161063
8208.944162436548,0.07114820228406632
8229.460888299636,0.06832489344205171
8249.561563078996,0.0681941712542025
8269.633338851183,0.06886920617992584
8289.898478783027,0.06973363637115228
8310.63923944136,0.06728151470390843
8330.94527284264,0.06912003976195714
8351.43523143523,0.06644080004628711
8372.03133033419,0.06628946015287303
8392.020554984583,0.06744229495192947
8411.90564248459,0.0661581182618997
8432.849718636213,0.06697071093499983
8453.914036817883,0.06597686754504821
8474.433811270423,0.06791520399381268
8495.082643286249,0.06744793316416064
8515.55381505811,0.06577427432552692
8535.998544160466,0.06843446899632266
8556.955262729787,0.06647110614885178
8578.038873332236,0.06371331315247271
8599.00279237845,0.06752086702826973
8619.946498691099,0.06577282846451146
8641.014278515035,0.06545101500542257
8662.570750237417,0.06716476364566629
8684.146517079706,0.06465212064828256
8704.976423709115,0.06763601547269472
8726.029416598192,0.06814555742664268
8747.076935804103,0.06412559348954786
