D,r2
115.59119914916246,0.6754198120772344
158.9041006157474,0.6534399674821091
205.1050072282823,0.6205362385538333
253.42556084296396,0.600778268254771
303.21491170699807,0.5745478294546652
354.167872454448,0.5531551375665361
404.8506318902931,0.5431590079662192
457.77544554455443,0.5290663576476853
511.9010974304069,0.5094328219395533
566.0801886792453,0.5010246484069691
620.8580287636892,0.47911539972263906
676.6225325634483,0.47420993259970035
732.4755178907722,0.45954464404706463
789.4020225899659,0.4433965737410175
847.7943725830111,0.4262861285100047
908.218574108818,0.41191608425112636
968.139923654074,0.39993946694417115
1028.1544324107501,0.38428898080365526
1088.1788088454755,0.37456463800996465
1149.7297544409614,0.3624126328267451
1212.9060140237325,0.3599204456854774
1275.4018469656992,0.3463206609630007
1338.5501544246006,0.33391760406568655
1402.120026525199,0.3301086271109659
1465.6331065129843,0.32306053350512465
1528.8126298296636,0.3138549409655501
1593.2984704423316,0.306697061424719
1658.6259946949601,0.30054649706552905
1724.7805114029024,0.2888196844726755
1792.2506849315068,0.28738415030036224
1859.338322938323,0.2808167063620092
1925.0603257868581,0.2786784079076704
1990.2999031677964,0.27737291890647603
2056.727864763752,0.2733149848327255
2122.9789386171537,0.2684575567022006
2189.9745703507056,0.260638901992587
2258.8971389645776,0.25286216980724796
2330.3974501108646,0.25205265655889714
2400.8525874125876,0.2435241421604685
2469.9797951840574,0.24555211957281325
2539.207404349023,0.23573958893805352
2609.9979330301776,0.23201762408302296
2681.2948842367946,0.21896873213268261
2754.4171189979124,0.220642115394249
2827.7374982874367,0.21332345579785686
2903.7231089521165,0.21627896937303814
2979.4205996668516,0.21752879862807997
3053.836972943277,0.21316328468659038
3129.7008093776167,0.2063423230639405
3204.286384328873,0.19997454105816026
3280.7188143268836,0.19920318930603
3357.7119854382527,0.2041446654568817
3434.056562024616,0.1989913773924355
3511.1666436559435,0.19113859051940127
3587.953635987305,0.19212540910705872
3665.8160776160776,0.1884417533629741
3743.890073376713,0.1885108139790904
3821.6489479512734,0.19401589557836565
3898.506034009874,0.18647369039395148
3974.743028443949,0.18640670738200615
4053.1472621681414,0.1796958173872615
4132.044158361019,0.17725247519808432
4210.9057360055285,0.17817014422132127
4288.587729039423,0.17520668212305937
4367.734539969834,0.1748047103918739
4446.24034454015,0.1738742562500325
4525.712324968807,0.16815828292269985
4605.566781056967,0.17017624307080145
4685.1290187307795,0.16988787972894054
4765.102627939143,0.17353991208290864
4847.651411345574,0.17304604983765665
4932.061292564281,0.17069133687727178
5015.459358584462,0.16677063559905173
5096.986155337117,0.16657039610672258
5176.544801877675,0.1661827519881439
5258.115782219159,0.1652443902483352
5338.440758293839,0.15989837694193124
5418.330982994608,0.15954745744387583
5499.474143906835,0.1566499121758383
5581.246979681494,0.1607255540453154
5665.411902789285,0.1617210775204927
5750.72109887045,0.1592964197187169
5834.531099821502,0.15597436117292973
5918.763934878587,0.15618592384263047
6002.357805790276,0.16017707359874686
6085.048824593128,0.15956023083038967
6168.083894925045,0.15268375904831852
6250.012016207908,0.15377985850512857
6331.186266447368,0.1513979818179997
6410.17617379117,0.1591452282489381
6489.461761858664,0.1553568477363358
6571.714778053488,0.1499461155139878
6655.233709100908,0.14765352621452624
6741.744674965422,0.14715947763927018
6827.502894954508,0.15078013528723802
6913.345340751043,0.15234560799512095
6998.927159640636,0.1481206188043476
7086.152300443459,0.15128517460645713
7175.337912087912,0.150325302759563
7261.6577697037455,0.14794984928815957
7346.7674160421875,0.15112882785940843
7434.0880537649155,0.14823370546766726
7517.82566518847,0.151057511726054
7600.73318602403,0.15280482602952442
7684.876079086605,0.15039619162511228
7770.613720388881,0.15414039169580251
7858.075610432852,0.1511807408810453
7943.761352657005,0.15168284570239515
8029.810788381743,0.1455163673415853
8118.037239255214,0.1491723126532248
8205.415040262045,0.14800893089503683
8292.071190211345,0.154643860481332
8380.817981246553,0.14935225238078548
8471.766978106261,0.14807442793031284
8559.712385132356,0.15251794352856665
8648.672967338429,0.15951004918295356
8736.593042517947,0.15679478699015456
8822.98745819398,0.15634414239109604
8910.415490061687,0.1564782119215823
8996.608442906574,0.15685283883641407
9081.616879511383,0.15612618161723113
9168.316687302242,0.15876880914050084
9254.724219292159,0.1561493979866748
9342.84616445916,0.1604321431195619
9428.668240522149,0.16192612874595494
9516.677374688452,0.1589688416932266
9604.241645954156,0.16083448119280516
9692.026884700665,0.16106337642140928
9779.163426825882,0.16226456171336381
9867.992864983535,0.16565827082887782
9956.880493553306,0.16644379562116413
10044.844361215148,0.1691819894898759
10134.12018766386,0.16473857457431088
10223.545479717568,0.17061194604860933
10312.67755839822,0.1762243327016329
10401.101185552798,0.17027371808868322
10488.72093667729,0.1704216912343433
10574.827012915635,0.16921619081813033
10660.233695652174,0.1737897212085257
10745.948583275744,0.17417991879257674
10832.974412171508,0.17292474301740549
10922.192446043166,0.17771913537872713
11011.447864669994,0.17112065418455047
11100.84419341507,0.17394798053562302
11188.69841490545,0.17040706447422416
11278.197316171436,0.17352626866589105
11365.804698359745,0.16938737827406145
11453.453278122843,0.17537537452121868
11540.324754393248,0.16576870599179272
11627.3910131175,0.17054107214858757
11715.035596481583,0.17604486655103624
11803.573888888888,0.17154812965899904
11893.786492074432,0.173690632910623
11983.347826086956,0.1741099074076385
12075.650719671008,0.17655755752450442
12168.044026027967,0.18349390790474898
12260.21418656302,0.17397065185722388
12353.096367165836,0.17897851513516427
12445.26949082379,0.1811007173924849
12538.37742601514,0.17922685353223228
12630.189894503053,0.17290467343649044
12721.277033558901,0.17905566255363514
12810.461121910581,0.17638018150054233
12897.192451265035,0.17869208919900179
12984.68066759388,0.17163688058012472
13072.644558294101,0.1739838283402758
13162.913432424994,0.17180314046311448
13254.545693713653,0.17078986991482686
13344.68621741542,0.17178832722145856
13435.759017967357,0.17164396499724918
13525.89073402177,0.16984049000816104
13618.124172185431,0.17113500752847483
13710.81723995027,0.17411820530655966
13801.380549389567,0.17373580504129787
13890.829032703188,0.1723700247648957
13982.007797270955,0.16960611750896135
14073.739023389413,0.17308377452871196
14164.44264582752,0.16705347985902624
14255.149757785468,0.17482379465883469
14345.506906077348,0.1702777206173364
14437.20893870209,0.1809810816103028
14528.136219495382,0.17279717140509543
14620.425238160982,0.1702755468481504
14714.559778085992,0.16325430814872358
14807.05312413983,0.16899823931628954
14898.498060404545,0.16210918694717671
14988.179395111172,0.1697728873830902
15078.676351445733,0.16224421304955516
15171.180996714129,0.15868394411770043
15262.736922648859,0.16028863358429737
15351.509798509522,0.15494207467776858
15442.320334261838,0.16059669214948552
15534.02329749104,0.16082439100567045
15627.455951394642,0.15643262340814423
15720.68800995713,0.1627401537709959
15812.68524681087,0.16266877853673548
15905.552265528164,0.16105831931472656
15998.701395605915,0.15485130570564332
16092.336444692115,0.15394849569862826
16183.447857831658,0.15569247235426195
16274.963157894737,0.15154268127520226
16368.262276940102,0.1519648190677728
16463.2775318207,0.14826751038520428
16557.355435833677,0.15287892774178183
16649.972425203363,0.15837104257951412
16741.870062805305,0.1561566559052402
16834.132531785515,0.15962168410255945
16928.801819184122,0.15762345252721202
17024.99986147666,0.1564839887410339
17119.078867403314,0.15685160255593303
17212.785209804737,0.15395438678172554
17307.573551671943,0.15515062064686658
17403.121279554936,0.1602999872749957
17497.580152671755,0.16304419763769779
17594.78674748588,0.15923611819872072
17692.68810645966,0.15356658431897982
17789.850482758622,0.1520419399525552
17889.435169727323,0.1498730518035354
17990.90827832783,0.15053812538406108
18090.62752700083,0.14554808217430515
18189.914317302377,0.15244969614449674
18289.059637470596,0.15468862448705975
18386.398263027295,0.153684396063024
18481.362357202564,0.14930535710285567
18578.52512806313,0.15264522604433683
18676.941518042306,0.1488724672492649
18775.087560137457,0.15239049381600678
18872.26052998605,0.15101902118549912
18969.5383555984,0.15251113724469198
19064.606300305302,0.15259745937613586
19161.72718486815,0.14819319997575747
19258.236892935984,0.149133180030822
19352.650839927806,0.15412806832485504
19448.137052341597,0.15109398520202896
19544.570971778117,0.15075246169408904
19642.15209020902,0.15629514141618975
19739.86438318017,0.15399733660021234
19838.379434092476,0.1559237538949609
19939.13343536942,0.1548085317497176
20037.905922865015,0.15541481689671519
20136.318810511755,0.15468319959353372
20234.773309461507,0.1534902433260013
20333.156449375867,0.15261359928956328
20431.625447535116,0.15286256349625615
20527.738241024213,0.15092739760194862
20625.118933040012,0.14182115849573643
20721.078510108004,0.14906432442997872
20816.776333978436,0.15070470086625137
20913.347801814376,0.14669668318052806
21008.187963726297,0.1512795561015135
21104.378062360804,0.14844792797527356
21201.48092755214,0.15045071435415877
21298.069945659747,0.1463263342629135
21393.548976507762,0.15505084124017876
21490.37127333519,0.15287599820203865
21586.91794024508,0.15869615140511079
21682.329224376732,0.1580961144629344
21778.05943474647,0.15980036662362557
21875.832827586208,0.15543091573863896
21974.0985643291,0.15899268345625867
22068.565778517903,0.1609197674678228
22165.333333333332,0.16029628005685087
22259.399442896934,0.15744503371665117
22354.910168090384,0.15829103918079068
22452.98524544953,0.15342175541628034
22549.453175157014,0.1567986833331215
22645.17112152108,0.15557488959151225
22743.30009653841,0.16758774939961538
22840.975734886302,0.16307950484914152
22938.69823144409,0.15884310525930426
23035.507188277577,0.1553704299302198
23131.946824631494,0.15829720144814716
23229.24494599834,0.15701964985455047
23381.828598072738,0.16344624050174553
23595.559534970937,0.16545570424040543
23812.762768942936,0.16525159942529927
24032.37643391521,0.16723453442872246
24259.110930870975,0.16795841061886171
24483.461557663504,0.16706006239834884
24705.691540427655,0.16827229617634382
24925.060638231436,0.16577327619310683
25144.675601545943,0.16264578826956283
25363.344279661018,0.16148351531923083
25580.062324711747,0.15937511914525587
25800.680259788922,0.16154080525961118
26022.056666250155,0.16092337375030882
26242.940340377783,0.15749722533281663
26463.267440409334,0.1585570317688306
26681.714694894148,0.15671244774721366
26901.711066724925,0.15646597642476623
27125.726716604244,0.15689326136558226
27348.70373604441,0.1572573704714742
27577.773664859476,0.1630073505297156
27807.800099981254,0.1616773015503852
28036.212821631052,0.16141766288228013
28269.91921588213,0.16185361622893524
28499.020044820718,0.16174696484383452
28729.41977926046,0.16362517587158334
28958.844611059045,0.15651526181362227
29184.3431085044,0.16057920262517372
29411.88798953988,0.15955752111032773
29649.267170801824,0.16014294905258938
29890.65475299401,0.1604300401935247
30136.312800349497,0.15965109085207094
30387.051038871905,0.1569772170453687
30634.073889787287,0.14998021194579997
30880.013806459672,0.1502865736152816
31126.766346992154,0.14647032133217355
31370.18235147279,0.14709851492535123
31611.413330001873,0.14483078533038737
31849.626496259352,0.14497368499784424
32092.871335200747,0.14409775345479592
32337.060867391578,0.14569630236548192
32585.389595808385,0.14422953915032902
32834.87033692471,0.1422185158334309
33081.7727612871,0.14604038996682558
33330.5168707823,0.14553880680133238
33575.84336973479,0.1480674907539158
33820.54386403399,0.1511502662302817
34060.43468496569,0.15083476636429932
34302.145973154365,0.1445295776796558
34541.86054931336,0.14796862460621243
34785.479092443275,0.14972545372786816
35028.58738559243,0.14524625998668572
35269.0845448306,0.14426551694315692
35508.70573534924,0.1473614656068549
35744.52908898173,0.14587938484307433
35983.392331670824,0.14268764333858258
36224.195390093075,0.1404138378904027
36461.304274675975,0.14714503387368585
36700.73423311357,0.14705550187182814
36939.39336285946,0.14747471793477102
37176.41105904405,0.14598264907918979
37414.839273453596,0.14761674953254092
37657.79596663762,0.14643801354353653
37908.8938816324,0.14816204532686061
38156.53794434414,0.1496458126031542
38400.02536073459,0.1529884104343579
38651.8829375,0.1496158086113458
38904.708530805685,0.15078086841164717
39152.03686893808,0.15081794637852977
39395.2090625,0.14960584308569563
39638.79761384222,0.14797368692581636
39886.32274341245,0.14378267392494526
40137.19815438334,0.14814933706015285
40384.21690053009,0.14488873594752524
40628.0265,0.14718880430670755
40875.0889954537,0.149217877636182
41129.71628371628,0.14640780405383721
41385.05981308411,0.14744697361132997
41634.54943960149,0.1518027777806059
41893.900362092645,0.14852716975001856
42154.230236475945,0.14477402759359317
42413.777041804664,0.14356379902704441
42676.41268950028,0.1432126688792028
42937.897469458985,0.14126824005158542
43201.07955608205,0.14037110793292426
43461.75789867265,0.13674801404729986
43726.3968174727,0.1343879273337072
43987.60077350134,0.13863422394225886
44250.9145267104,0.1443153537418794
44517.57574626866,0.14553242386782014
44779.885548193524,0.14348035820790372
45038.21945137157,0.14672863587800186
45298.70352604037,0.1468297931791185
45558.11956115197,0.1424946668932967
45813.31413057046,0.1431937571018346
46069.53975,0.14410454607312778
46328.60168224299,0.14763171156994997
46585.07626168224,0.14935238871107598
46844.15273613193,0.1487336251059667
47101.011478477856,0.15025065243124705
47359.55885465297,0.14946833580150834
47619.60795099387,0.1495789004331939
47876.39335162779,0.14756156326846476
48128.11541339319,0.15312755339939754
48384.56886974973,0.15351555564336855
48646.011639487115,0.14994918861497933
48904.60635574702,0.14802910951222148
49165.43304239401,0.15017953114040625
49432.32844116912,0.15395875775946213
49697.16402644381,0.1539545270593064
49969.142223610244,0.15465595266127147
50241.24783664322,0.1490176164443224
50508.64992209411,0.14494632906818694
50773.41069752893,0.1470133893971694
51042.1489374961,0.14457326388898964
51314.61871490954,0.1515790082544411
51592.31386132434,0.15134361822014855
51864.63041307875,0.15062263099869005
52139.35678673813,0.15209260319345114
52408.67673489765,0.14715426638073356
52679.49619653323,0.1468860471757761
52945.41441666147,0.14293964295316083
53209.079245517925,0.14695316845989292
53470.910566061284,0.1408581860596975
53738.10826870153,0.1409262175452435
54007.21397026809,0.13824583501575446
54280.79820348076,0.13743057577029894
54552.30450776233,0.13336240299976956
54820.76905326182,0.13150906805505577
55090.90811552617,0.13320359381830463
55359.031308586425,0.1326250868085669
55632.758850660684,0.13094151601485662
55912.333603440755,0.13300932071436714
56187.4114010989,0.13499497314703185
56466.90113452188,0.13728273853514636
56741.82582133284,0.14293968928863632
57011.04177333749,0.14672300972254035
57286.25403552508,0.14196716327846462
57561.16821962354,0.14251824158181875
57840.13866749689,0.1430317173906872
58117.151734464685,0.14399880967061196
58397.12443918245,0.14047344591283295
58680.875961237885,0.14379818861214017
58964.87018482793,0.14294730901339825
59256.136236042665,0.14412387909273466
59544.35966995874,0.13538522514847828
59827.52966471395,0.1450297598434206
60111.032088899985,0.13952345639291944
60394.390322982916,0.14092507016735048
60669.93976353454,0.1398794332870616
60947.99818375399,0.13333450744570574
61221.15180572852,0.13249511225937782
61503.96705691867,0.137523940520831
61784.12720914257,0.1380960736623175
62061.94261172663,0.14256227648540393
62338.25329419846,0.1419853214192653
62611.48515839362,0.14038337661888012
62884.786592597215,0.13723823682064437
63156.67740930059,0.13953048402098067
63425.73372005988,0.1424939738907729
63697.61925,0.13907859257460134
63970.45067348466,0.13733831015274475
64245.891087876524,0.13708093005088043
64526.47990765007,0.13555055657994747
64817.08314634755,0.13705087369314914
65108.74463438982,0.13898371992138334
65402.38106856857,0.14106231101594077
65691.4694323144,0.14172200720654743
65979.53745725831,0.13448421134555763
66264.50655594406,0.13695060199583628
66552.25842486271,0.14244468481759054
66842.1431157159,0.14866799560881142
67132.32877567585,0.15236268942299497
67422.44980370163,0.1533546907603824
67719.16167030227,0.1516821130843842
68016.45465884995,0.1511290580485798
68312.5123657257,0.14663360614893767
68619.6903841357,0.15308357441341228
68929.7876802097,0.14718160277610595
69240.86961930829,0.14988476771450626
69546.05190095048,0.14673017285785048
69853.00480229512,0.1455926085794336
70160.39108756623,0.13949856498432253
70465.17348210946,0.1427758274133908
70765.84334268788,0.14485155055148308
71069.19961324932,0.15202320836104144
71370.0915057191,0.15127081946732565
71680.35671092824,0.148740587063935
71991.02099165317,0.1505236893167408
72300.78116619894,0.14739219565071623
72613.53197855629,0.1470941609524414
72930.57989497374,0.14136156350042156
73249.49024131695,0.13939934466155665
73562.76463612533,0.13886889967271898
73877.1404371925,0.13694873553510561
74194.59777791648,0.1370443530105664
74518.3624102404,0.14375795479480344
74839.48535825545,0.14168596041839066
75153.19437005668,0.1350406372604682
75469.88047684434,0.13395278320366644
75782.24055454943,0.14286937023631263
76087.95591444784,0.1433506442890926
76396.56029430103,0.14478737162041702
76708.71788302924,0.1417979726175602
77016.75126176086,0.1388250752958765
77323.60959202741,0.1373633691552373
77636.6355963991,0.13307085972188076
77947.9447699788,0.13549036676004067
78258.2109394468,0.1375750668717716
78566.51612299633,0.1396567888799796
78874.96515483265,0.13930229964377078
79182.81597806443,0.13861227167957035
79489.50255102041,0.142107778482949
79801.70440369261,0.1436731625496322
80123.02006124618,0.14071870210026058
80451.47219973849,0.1408265206010677
80776.69504740518,0.13562347944502312
81105.96588712191,0.1380979387155162
81430.47495477513,0.13845378086827922
81753.2520142402,0.1379941119815638
82077.73519315984,0.1398849031751997
82397.99345223248,0.13999772334355468
82720.88125233878,0.1399347965567861
83044.53769878391,0.1365976323787754
83368.8313855384,0.13602237613311427
83693.75497512438,0.13659366665063857
84020.2278583938,0.14042967789186883
84344.08791071763,0.13710006955959456
84668.42778850345,0.13653110707296656
84987.49267958383,0.14186581087390215
85311.73749220213,0.14149830481086864
85634.60517920811,0.1415728220723822
85956.28006476926,0.14726148270646525
86277.55303881194,0.14350125519174878
86596.67796715989,0.14038806271210771
86915.38607200698,0.14281282286712108
87242.04905872086,0.1361978793124142
87569.83703241895,0.1345264741062465
87899.91355329633,0.13387774551920054
88229.92805845251,0.1360172643758068
88566.05057686311,0.1335703378564051
88902.74050949051,0.1360293458153678
89231.80270539832,0.12695482704110905
89554.63830715533,0.13158995216484143
89879.22394761459,0.13854620568617554
90198.31934819254,0.14673878754238073
90511.97333416599,0.14363403304928432
90833.52945214027,0.14477050219287843
91151.65226876091,0.14357505058472653
91466.64831327555,0.14401019912369661
91788.56067597905,0.15051285122778582
92108.49525355983,0.15187581961914567
92431.10216795414,0.14446175116927537
92757.14529595016,0.1453093401713165
93088.1245082735,0.1425451943595084
93417.61366048573,0.14605113855907162
93749.77721692529,0.1465805508282991
94083.84960718294,0.14468614706241312
94429.51910252415,0.13939469928665854
94772.46052467207,0.14313921669148072
95106.69185249782,0.14117941425026972
95436.0688663917,0.14244950443930043
95759.48671407186,0.13768998562256513
96088.3309863543,0.13798460726263395
96404.44151791287,0.14264135368236558
96710.79678644828,0.14007479910485748
97019.504556804,0.14444546198574232
97332.30946882218,0.1414045983965572
97644.3562601423,0.13707609465995757
97958.61167164923,0.14368592088133525
98268.5981752281,0.14334994569760767
98571.35490514229,0.13695314065735406
98877.24491578291,0.13653046946667355
99182.18774518961,0.1349039661428511
99486.47740606665,0.13833944373083107
99787.85707165109,0.14526415638296902
100085.58910860209,0.13799617970512773
100375.98964441672,0.13497580760523717
100668.55776071896,0.1399213237769962
100965.33210860631,0.1396836433894647
101264.46665416588,0.13848244447989783
101568.312437749,0.1410909789283327
101870.68662674651,0.1377622674784542
102180.64684594747,0.13487966503785617
102499.94435403105,0.13166231938714076
102814.84470192487,0.1340816980803423
103129.70059768397,0.13218287882937088
103440.92823683718,0.13519975385420244
103760.33183744703,0.13708507036462836
104081.6787516352,0.13879890479675752
104400.98069112042,0.13366227852602428
104722.70091766027,0.12892969874525567
105049.73366583542,0.13568726389081956
105371.7307045412,0.1319025179556479
105694.94932516871,0.13122072587702338
106012.09366614664,0.1345149624604024
106330.73095371581,0.13278899861580087
106645.81565640801,0.12874642198644082
106967.06744447218,0.13238011606543176
107294.89404427815,0.13482600068739795
107619.38213863113,0.13820890964676363
107945.08867701128,0.13859678292234354
108272.13121098626,0.13916736215918424
108608.055171124,0.1456829806808172
108939.67920643833,0.14830393239715634
109266.01463048643,0.1502093617449295
109589.13834633386,0.14673224324122838
109912.0425147837,0.14461592967885928
110239.67744951384,0.14717104017747787
110560.80157342658,0.13812986544476716
110875.30768751557,0.13778148528796638
111189.02682303038,0.1399067573333943
111502.57919060705,0.14521951829131374
111814.70810203954,0.14831332460808108
112127.19572953737,0.1464364297777699
112451.81622867107,0.14050706668245197
112778.53284261742,0.13647415473717966
113102.67302775179,0.12389703823940172
113421.17108057464,0.1200403840008752
113752.875499002,0.12569549996100296
114091.67454772301,0.1301401238996355
114423.80143257552,0.1261647988453289
114755.6260446551,0.1248675282602445
115093.49067897,0.12402563436506853
115427.87473460722,0.12229849928328429
115758.42892799202,0.11950415859818946
116086.68087895623,0.12457606767060253
116420.97074203187,0.12796638679737005
116754.55552781072,0.1306384564472956
117090.10034904013,0.12896898682640132
117427.24854769192,0.12926240014405674
117763.91949787659,0.13156762162102667
118103.47418249767,0.13389488126043742
118440.44082471658,0.13135719077059885
118776.29782323957,0.13187269223064224
119122.91187308726,0.13710136601869394
119474.96272477522,0.1295012959617218
119821.00430094122,0.12595978442523384
120165.70268418758,0.12589913795032007
120515.71969791537,0.12299192050084244
120858.8111076443,0.12650668210660426
121199.35586655005,0.13087252650182862
121544.80892512604,0.13455993949240835
121885.09027951086,0.1311225365817315
122231.261994003,0.13061061887442146
122577.89106075697,0.12859306165425355
122917.44486098095,0.1284584067231848
123257.83478585657,0.133471356467092
123601.41194850644,0.13303110878104504
123944.89788534713,0.12797739087641613
124295.14058025152,0.13070103936951633
124649.10554584062,0.12937320579525202
124992.32713081485,0.129346631581831
125343.34903426791,0.12985231925701052
125697.01443298969,0.12765767302334888
126056.17563439117,0.1250431433369701
126415.56413767349,0.12265990289028054
126773.45680170042,0.12222190679800561
127128.54164591634,0.11581010497593795
127485.35652663166,0.11634178900039606
127844.12471994026,0.12173704279847293
128204.61555735763,0.12321082545931689
128565.88496846313,0.1254123969465874
128926.81452367584,0.1275317614936422
129291.34815922257,0.13057651014045366
129655.17832604623,0.12942380018791838
130016.93384922616,0.12607912235475321
130369.38022908366,0.11997339557960134
130724.71540241386,0.12781969589420744
131069.56311587876,0.13034663086667375
131420.45211442787,0.1307977764335428
131772.8291645823,0.1296443812376633
132130.91146969036,0.12678715248171596
132493.1661889332,0.12601094216305053
132849.86266308758,0.12290653502519082
133208.31575988507,0.12894200279218074
133551.33096307385,0.12763668856125074
133883.50546704154,0.1271332645505488
134223.88367753173,0.12358861024638315
134562.2552342971,0.12533043386892206
134905.42629805292,0.12555579169358752
135253.61553337492,0.12596612516727396
135608.50068638462,0.12348985914488993
135971.4383100698,0.1194605608734132
136320.43467383826,0.12485122779934471
136670.52590286426,0.12440510122873046
137026.4414740787,0.12162865009794624
137381.7496422572,0.11993180263107776
137731.47398627573,0.1175107614053144
138071.3856135754,0.12025384155901529
138405.74163905732,0.11451069884430698
138742.369638404,0.11519821684994552
139075.82616554474,0.1181312844699353
139408.82732376794,0.12223405316206358
139731.4500093674,0.12379993619184432
140051.00948577136,0.1227776480842606
140369.50049769814,0.12186882632138553
140692.52422329187,0.125692645777625
141007.3116163189,0.12975543865188932
141318.28511674367,0.13149399751579
141640.20215751076,0.12876999236586434
141965.43722322708,0.12736720305284133
142285.2911258113,0.12844836523936584
142602.34318862276,0.13986136456301632
142927.04243369735,0.14322070270578566
143244.44817909703,0.14323437463679317
143564.97154952376,0.13448598530283748
143891.27868647772,0.13573075761185804
144221.22287353454,0.13323485063690105
144554.99095163806,0.13090460279046198
144890.23256539926,0.1347344104339043
145222.44954414887,0.13240130770643369
145554.64734810757,0.12149445021598611
145889.49993771024,0.12473945407236857
146211.8303276131,0.12294007622270911
146531.92472647704,0.1277189618199128
146854.2737621299,0.127987048715815
147169.29146889833,0.13472056150589817
147493.22544865403,0.130095502545812
147819.36426073927,0.12762616108440983
148144.4988147224,0.1295586421328237
148464.25970056144,0.12979937465666827
148778.8382123463,0.13008114850088337
149087.9024679048,0.13094513621275272
149397.44409821762,0.1260924418421746
149708.7424696913,0.12719282184030242
150018.03029169783,0.12632599906256964
150331.02742629184,0.1335040812884877
150651.17565629483,0.13394279835606437
150970.4262582057,0.13762441076683168
151288.4668329177,0.13788264391319577
151600.06273016665,0.13735562546271865
151902.09325520508,0.14148420290668326
152206.93218333542,0.14127266795928062
152514.28214911182,0.1377513152406196
152810.82273123367,0.14331834334944085
153112.67718007855,0.1419679326110042
153418.29633331252,0.13960453273602969
153725.92310087173,0.13428077424122573
154028.37532005247,0.13686687170626274
154331.39452978643,0.13366472798346504
154637.98583993514,0.13540893225875397
154950.1521779772,0.13415275089349576
155269.68268692025,0.13459453822910955
155583.26208794647,0.13184682688282984
155896.42052877138,0.1347310406371016
156215.01120010013,0.1339463611243644
156532.86261542302,0.1308473554542408
156852.91619972605,0.13200293710851949
157171.02293406456,0.1368869890646684
157485.0309317003,0.14012739122843276
157801.03210122796,0.14205168246377978
158122.50993831392,0.15058931657014765
158434.99450274862,0.15029832180902242
158744.4866330155,0.14580131913082453
159056.14590082233,0.145404007093604
159366.2820160938,0.13900113835865333
159675.3704792892,0.14044974064128965
159979.31544209216,0.14041236018192105
160286.6443765205,0.14311631513831016
160604.39147794622,0.14521603500948624
160914.72937581842,0.13948234950759772
161223.17493293405,0.13920299597433328
161527.5830476784,0.14257739735784436
161833.19335121312,0.13874986540734027
162145.48204135173,0.14032380427962302
162460.49243037816,0.14112932460288932
162775.7388507183,0.14309823481810793
163089.41240898625,0.1494704879021251
163403.1429286295,0.14649879284038478
163711.66429995018,0.1377568849664125
164030.06201695336,0.14083726660657508
164345.08827017917,0.13690795887061305
164663.90280898876,0.13627066820147415
164982.43656437125,0.13411299510627256
165307.0264044944,0.1371536072233539
165629.30416900356,0.13165779725943177
165957.48427477112,0.1301886195227827
166275.64263832447,0.12807226955563628
166594.6779322816,0.12692797760447358
166915.2226029531,0.1325219839479201
167231.57070612474,0.13082432783332668
167545.5657722717,0.1297248669792014
167863.90365739295,0.1251302125170181
168176.08884865136,0.12477108533594028
168497.83177802662,0.12180587951464483
168814.83410397402,0.12186662355388163
169128.36965998256,0.12504801247198585
169436.72091572577,0.12818354107003233
169743.52001498782,0.13073728077401325
170055.1549497848,0.13288584583630422
170368.84402295982,0.1371546258613989
170685.17103542743,0.13579531459679467
171008.5699650175,0.13816775258669706
171314.71491829862,0.1298944699873407
171617.46702372798,0.13006611663899403
171919.9036912123,0.12875081907608288
172228.0168465714,0.12790195323127776
172534.0220684496,0.1270461935815532
172839.76128347588,0.13299439823620665
