D,r2
55.66594863297431,0.2627266646696967
75.08006511765576,0.24851537619547057
96.14812007277138,0.24077988254995222
117.03262367897075,0.24104740162020752
138.23450638430396,0.239883210929777
159.18392262565405,0.2402184149048108
181.4325328759291,0.24229166365201749
204.01306084818685,0.23402049829086963
225.1809710642472,0.2291796053530572
247.76026701494703,0.23513868307723482
270.30006765899867,0.2321885360298221
292.8911886457717,0.23028544854022232
317.0786211067433,0.2345895021641157
340.796080832823,0.2273765330633268
364.19310872894334,0.22729811547620396
387.92,0.2261550443626368
410.85714285714283,0.22410873524882924
433.91881638846735,0.226442121620661
457.97884644650736,0.2197169762172058
482.02973921000455,0.219719154251006
506.12728398885105,0.21632292292869038
529.9166407465008,0.2203990258342944
553.9759887005649,0.21210873039029388
578.2705553831834,0.21229942804342458
602.0333176174761,0.21143870926739772
626.1708840486867,0.21085721776769692
650.1558627264061,0.21355227796772377
674.1147540983607,0.21127953368984292
698.3026086956522,0.2090455376903647
721.754315212131,0.20988044848696144
745.4398679452917,0.20037032885857178
769.0698458574182,0.1998586130125058
792.1240753194351,0.20502585061252165
815.263478668542,0.20214257354030962
839.3423680456491,0.20872826647892984
863.162962962963,0.20531379196633193
886.9151583710408,0.2025981951749003
910.5353177795656,0.2030438344642984
934.4488438390878,0.20627329218683382
957.43776106934,0.20136869962218626
980.9422814725042,0.20519260345938165
1005.6517784635374,0.19952997619556753
1030.1866624122526,0.19774305647321191
1054.5075684380033,0.19704929804323468
1078.5675372536452,0.20033819126480815
1102.5036051914758,0.1964483545156128
1126.5067135549873,0.19653074161711986
1150.3332795612196,0.19293321362274507
1174.4248471194078,0.20045898905012052
1198.9792382141743,0.1973071606952073
1223.2737359327944,0.19142590309217572
1247.275562969141,0.18551122004734807
1271.8735793243034,0.19517331124370674
1296.9604556550041,0.1909673072821591
1321.6134615384615,0.1957171153968384
1345.8986846226119,0.1871830387704274
1370.4351925843055,0.18976301625538766
1394.2332268370608,0.18382668002042288
1418.3953412607916,0.18227007558802083
1442.3087668593448,0.18768478249068943
1466.9690377897746,0.18838165087690392
1492.2853474562671,0.18410125547394415
1516.3619572261828,0.18792275918279622
1541.1648142267386,0.18613407361024265
1565.4309758860657,0.1860512988678448
1590.355871886121,0.18417450423551315
1615.9088867500802,0.18223490874008189
1641.029472678031,0.185298192352767
1666.4329101719427,0.18529816738735877
1691.986569579288,0.17994687780799407
1717.2425710594316,0.17839462824098914
1742.595325756363,0.18115583558865056
1768.493129294191,0.17947350794336228
1793.550082372323,0.18004733183580776
1818.0255877178954,0.1766497508853088
1843.1136327313409,0.17674448246626476
1867.829144934408,0.17572659574227292
1893.125,0.1776043832017532
1918.1102728731942,0.17549918715459378
1942.8791083631631,0.17248106297568638
1967.9698508410029,0.17614903965984854
1992.9711801642247,0.17801650561835858
2017.8853513426595,0.17547901714478173
2043.39944047249,0.17890212145451082
2069.57482939216,0.17423586317058853
2094.998059508409,0.17061928108304442
2120.1288314176245,0.17198292438603688
2145.0252484117937,0.1713874863039887
2170.5636363636363,0.17277371980197914
2196.0069714656292,0.1681726514934001
2221.388827346099,0.1704299622689433
2247.4367503598273,0.17234995821249216
2273.0808531746034,0.16917279067383423
2298.596256684492,0.1719285657314879
2323.920117378546,0.1687436390763289
2349.8789050417568,0.16974167319054187
2376.3500401606425,0.16718640602431323
2401.94959908362,0.16775284353522255
2427.476937860346,0.16873258309403733
2453.456755050505,0.1693806251187029
2479.568485433768,0.1672782861635458
2505.407827476038,0.16716780292597425
2531.4782193958663,0.1684927483462892
2557.5303054533824,0.1660089458046187
2583.458539702828,0.16918650280807737
2609.524563930229,0.16701731293528188
2635.550919264588,0.16473157826827434
2660.97064100473,0.16572818567899839
2686.5319897632758,0.1681047951034808
2712.4747155499367,0.1613064496094325
2737.7799935149155,0.16387680088775888
2763.4331789877056,0.16485915877345347
2789.4252106183435,0.1642082657729403
2814.952411679303,0.16013371148162028
2840.482380579483,0.16328265348796592
2866.5405582922826,0.16329192913009966
2892.488097140118,0.1606134895497615
2918.5875295974743,0.16261086537880892
2944.0550488599347,0.16089758073899335
2969.570820860249,0.1549255423487915
2995.4199547218627,0.16059582238676798
3021.2784632203657,0.15448972743629916
3047.3015589477104,0.15411964832740335
3073.536447389688,0.16184473959581272
3099.4857922620004,0.16064656998961743
3125.8666456494325,0.15968331993385895
3152.7939778129953,0.15603285683142662
3179.6152845528454,0.15984194498193133
3205.9410753360426,0.15645679578804605
3232.4217391304346,0.15525877119897924
3258.4629689521344,0.15737401334207354
3284.538756592616,0.1547810897173775
3310.3441579114933,0.15740266604968547
3336.605668016194,0.15923529787837246
3362.910401002506,0.157669704212943
3389.444193548387,0.1525823993103698
3415.484334203655,0.15699614511758453
3442.4406779661017,0.15481871421133603
3469.374281491214,0.1541660067596538
3496.613047649504,0.15867814479107453
3524.435577073247,0.15246697054422048
3551.9912541254125,0.1512438821465552
3579.4558226662502,0.15329390940533366
3606.4688476080883,0.1524228829800351
3632.9662204234123,0.1522356801313615
3659.431603003591,0.1547115872586638
3685.921594038555,0.15335520132995123
3712.832909379968,0.15029097199154923
3739.890057361377,0.14693051475735225
3767.269045323047,0.1500039198575753
3793.490142651066,0.14951986309580556
3819.9187172567076,0.14842939042438327
3846.8562970075213,0.15219837696776614
3874.452936570086,0.14972226500669877
3901.5980892768903,0.14600825499456152
3928.1606489581677,0.15183126113728868
3954.9782849896974,0.15017319607656157
3981.3961892247044,0.14783989547204035
4008.5189155107187,0.14598522595862387
4035.820210185934,0.1485502980537254
4063.511056131127,0.1477060053982399
4090.9611868484362,0.14343377883050173
4117.931434089812,0.14476929407345776
4145.129605477666,0.14535266878688652
4172.117554115974,0.14443468864883202
4199.258340048348,0.14701063627686914
4225.947224015494,0.14656148241008224
4252.907520803894,0.14541770025080558
4279.885686992518,0.1482015392559655
4306.889278317668,0.1411827327692529
4334.098270567319,0.1449162270378577
4360.94661978584,0.14855065215681457
4387.448431943098,0.14464314525512886
4413.620371841729,0.14003423787689773
4439.820492579728,0.14134055750454996
4466.302363224345,0.14093442380759993
4492.890234188307,0.13762019121800384
4520.055449330784,0.14024590032155765
4546.866482803374,0.1435268784579752
4574.154291224687,0.14386029529990554
4601.613817255651,0.14205095682601457
4629.061967833491,0.13964595877322275
4655.989539748954,0.13585944520822266
4683.022229381443,0.13853685944648936
4709.674576271186,0.14544204949339323
4737.117465975372,0.14216052185774264
4764.419279363594,0.13903551308751022
4791.934928229665,0.13705255223223467
4818.885143769968,0.13946754948768178
4846.082442991548,0.13953134669042708
4872.769604666235,0.13916448698670492
4899.814103598515,0.14068524841543745
4926.892469687301,0.13776131179329346
4953.773322422258,0.1382486191082743
4981.459649671567,0.1397985999863361
5008.927263891139,0.13529215657133462
5036.330984812901,0.13930930008254927
5063.878812725484,0.1411902872698534
5091.466897310898,0.1392288625057764
5118.994204764971,0.13679752707945242
5146.006568407562,0.1406886715880677
5172.954155191965,0.13566189620954835
5200.5191976179285,0.14237494470499729
5228.04612396828,0.13465154059409914
5255.071958696353,0.13400966300256903
5282.462651360277,0.13794385893535874
5310.018032522943,0.13700018278989645
5337.474284795886,0.13466424048004966
5365.418178923909,0.13428038935175193
5393.474189486938,0.13450775613804342
5420.948275862069,0.13548680053768977
5448.47464855473,0.13602169182901583
5476.516215788641,0.13717722779822003
5504.575932149144,0.13417497924078162
5531.967236927049,0.13424463955321608
5559.008114248621,0.13333431359849612
5585.904478092783,0.1340984132206533
5613.566212192446,0.13379870184949763
5640.840365794962,0.13785167738677112
5668.366840524735,0.13348926368964453
5696.019747491097,0.13418205520928606
5723.486752340155,0.13388987068885588
5750.925517921736,0.13271004073039655
5778.476084183673,0.1337692379835932
5806.780382083802,0.13256935090899402
5834.590852520224,0.135345418372116
5862.068948968165,0.1388257504735269
5888.866958353589,0.1349336822996833
5916.023782559457,0.1336201042352857
5943.077857713829,0.1334173674145026
5970.448108783995,0.13496634310366984
5997.9683686576755,0.13565266359580846
6024.894736842105,0.13318192669587758
6051.952327806122,0.13421161900408243
6079.107351984385,0.136497121297915
6106.398646521876,0.12892847224875795
6134.00313117996,0.13595435408523432
6161.4875574576,0.13219227254944582
6189.331034482759,0.1310690602030269
6216.965046604528,0.13353137406304655
6245.0021796668225,0.12989826469779178
6273.497534595196,0.13235556202951743
6301.675706033376,0.12851433631770012
6329.04831152044,0.12598563011867822
6356.458441558441,0.13027482686367978
6384.586096938776,0.13334177201873643
6412.953331238215,0.12949442664418048
6441.3807279818,0.13302211377529766
6469.582929498202,0.13221124883362054
6497.075752617801,0.1288955547467535
6524.595704057279,0.12837982474808077
6552.547884187083,0.12533716989481067
6580.394160583942,0.13058748487959848
6608.0353567969005,0.1304826856294392
6635.51202037892,0.13392488827290636
6663.116366000325,0.13099974884379315
6690.997158193874,0.12822573465892614
6719.391536100791,0.12977320419702934
6747.451638435967,0.12921471537083395
6775.5089271352745,0.12859920519815068
6803.477887574923,0.12895038686057286
6831.555818727302,0.12839133359719437
6859.471584612949,0.12654644768096088
6886.875783569779,0.1311467463619584
6915.1210608424335,0.1307935929628473
6943.567178658043,0.13348226744118769
6971.644609783125,0.1278466832954056
6999.608552088493,0.13101973535890124
7027.575468700349,0.1313316444017991
7055.614285714286,0.1277292344146176
7082.913568324481,0.12855321580956247
7110.715784377017,0.12434300769939802
7138.989757914339,0.1285700509458228
7183.635149765428,0.12763818521473141
7245.469532493848,0.12782342020974233
7307.183660130719,0.12712686370513585
7369.414039092595,0.12645145685561984
7433.440825587352,0.12503314632088106
7496.723046063472,0.12550495910009565
7560.090456969871,0.12517740881867653
7623.307891146694,0.12393582578910216
7686.976841497727,0.12494699545813516
7749.90794735694,0.12555531903644934
7813.987520738657,0.1260483375039036
7878.5,0.1266879424949357
7942.931567964309,0.12500030051563696
8007.085355223013,0.12315143730461216
8070.877536489854,0.12155573180913674
8135.322284806471,0.12377181990413244
8199.606524249422,0.12437742037605388
8263.15234005386,0.12440168934162531
8327.002162318006,0.12403736595883072
8391.530918856148,0.122505744282586
8456.555342153933,0.12674857375516155
8520.924890510949,0.12646265678886742
8584.847048747413,0.1270044788168131
8649.148150849807,0.1223243017539113
8712.228585764462,0.12215614050807518
8775.80145401672,0.12334281971125838
8839.120848310567,0.12589748118022068
8901.891194696642,0.12339118144515066
8965.296173762947,0.12271224314586913
9029.087091197234,0.12536392311519018
9092.459866220735,0.12165320351160332
9157.082197676087,0.1235956161170869
9221.484554024655,0.12222563277902188
9285.642821303132,0.1216141643238196
9350.116160161313,0.1229110494335583
9414.452282157676,0.11985914649703656
9478.740528128588,0.12211272651811525
9544.508446553087,0.1206993166817735
9609.821732851986,0.12383189493588859
9674.517941283073,0.1242543481603623
9739.534865293186,0.12389951809009342
9805.198614818555,0.12615374540733787
9869.575328614763,0.12174725508489265
9933.530485155685,0.12222382245985586
9997.624132947976,0.12331171957769356
10062.017456896552,0.1240546996141293
10126.125800815376,0.12601108508578296
10191.215108834827,0.12514712061075225
10257.422032302455,0.12354432318852296
10323.764134531748,0.12188184468317732
10390.65186091714,0.12562903243403714
10456.59005133396,0.1264031097775856
10522.663101988086,0.12548305173604668
10588.866474820145,0.12321413280622577
10654.113756805807,0.12300107870268194
10719.632585562267,0.1237433466004849
10785.122931952237,0.12351832560263556
10849.72629969419,0.1254417501380249
10914.503278334174,0.12369110952426295
10979.993297297297,0.12441096812350212
11044.71285475793,0.12132778395872137
11110.536317627771,0.12532958689845686
11176.169495245062,0.12456128078280894
11241.207007738607,0.12293485392923938
11306.062798783138,0.12403119141401037
11371.294356593646,0.12463075342473226
11437.707982293303,0.1246400035718403
11505.027945836935,0.12311803753764473
11571.315823983681,0.12475682669392343
11636.912753123654,0.12308949464818304
11703.806896054246,0.12283368379190424
11771.592542227312,0.12365195777229666
11838.546978161503,0.12478564235951599
11904.813721201517,0.12155894525651671
11971.613488138752,0.12272168612465965
12038.352346570397,0.12421114806896419
12106.666094788763,0.1234397733753894
12173.862752187431,0.1254071078828583
12239.871219230492,0.12301535447635384
12307.01993211526,0.12238204914238326
12373.887471922324,0.12404941772615105
12441.25041724113,0.12298033161979265
12507.866308243727,0.12317799639021715
12575.47531218602,0.12394180744072425
12642.973122185094,0.12299336436449584
12710.315911059775,0.12271781660377977
12778.991966719266,0.12294147329551396
12847.211380935121,0.12170390381277961
12916.08595147785,0.12582836539293282
12984.078797079448,0.12398358816910561
13050.961124358697,0.12471707842489356
13118.533738777875,0.1257581936257183
13187.197682786413,0.12483023810359853
13255.441358249109,0.12516710440720413
13323.203973988439,0.12365581967089688
13392.364451136445,0.1245830209251337
13461.923427991886,0.12621293020837873
13530.897550755004,0.1257738322263207
13599.556335480136,0.12276178928450072
13667.859082829718,0.12250822097503097
13737.029816181792,0.12350470342690752
13805.750398955463,0.12689338513316178
13874.852909366213,0.1239638652766223
13943.274295572168,0.12378428735941233
14012.646823666231,0.12448051355738274
14082.210987432674,0.12391182597500884
14152.13672575899,0.12192784158733068
14222.348170200406,0.1234454872717345
14291.976701988677,0.12454690551569025
14361.714152231725,0.1223370455004349
14431.070600173964,0.12332600724025249
14500.687887080512,0.12187951890950814
14569.930452348315,0.12372418432939375
14639.747852233677,0.12412441059221464
14709.376075793736,0.12669638034449598
14779.911127220008,0.12350930793934223
14849.846664288263,0.12571425837839334
14920.448704889406,0.12483127554528015
14990.755664598066,0.1210662232704204
15062.019579405367,0.12525669158845354
15132.863561329219,0.12643677357132943
15202.024818358392,0.12338635351449309
15270.260553129548,0.12405004736444931
15339.326007326008,0.12289345857893877
15410.08784752078,0.1227740263169367
15479.978652094718,0.12505110328110614
15549.786148062463,0.12391923002872413
15618.991210518794,0.12323230131373854
15688.777529224997,0.12353600939764024
15758.536099645158,0.12407965234531586
15827.990636029677,0.126768062832673
15897.851435165152,0.1239752930306422
15968.31129137394,0.1281044761068076
16036.76305336896,0.12605011829472898
16106.325322812052,0.1209716761569238
16176.803654939204,0.12409509473541247
16245.983086527294,0.1245014247694157
16316.104300223295,0.12237123337461245
16386.403498709493,0.12424731265981799
16456.108923212065,0.12345819132244075
16525.626704748305,0.12520393925413134
16595.59885241139,0.12219504982385858
16665.396978021978,0.1227490697777551
16735.512345237243,0.12561967778507513
16805.618670316213,0.1264988748536913
16876.79668740055,0.12675880067045955
16948.603588551505,0.12548572821739845
17020.45001081237,0.12252061621208774
17092.134383353805,0.12386336897504692
17162.859928057554,0.12464615589277216
17233.359474779365,0.1261587452092637
17303.188138911042,0.12728218515471718
17374.45335551056,0.12711060624112722
17445.391725734124,0.1272879272745987
17515.943544322028,0.12531204031800844
17587.023292481903,0.1260068802191819
17657.785397425643,0.12473900540277673
17728.444564434845,0.12300507457914903
17800.029748118122,0.12452486524693045
17871.371948608135,0.12298473133962269
17943.05812274368,0.1232056746791086
18013.883602871854,0.12302851386821125
18085.899489539148,0.1253492859535313
18157.29745042493,0.1241772337821772
18228.77454519203,0.12265376247923428
18302.221706201773,0.12492756622985847
18374.72362352263,0.12477894394924466
18446.44070617177,0.12654659115940153
18518.35560841984,0.1269337694000394
18590.545263310603,0.12412324496728229
18662.22030346821,0.12332743896696031
18735.161110709378,0.12713885310826095
18808.477113312605,0.12382142642930807
18880.215995961345,0.12519807221535134
18953.162109934154,0.12372627803985103
19025.2324132435,0.12468936719378913
19097.69113434546,0.12490752960081321
19171.06148073315,0.12173775483293708
19243.87130070738,0.1240097635960737
19316.900730772013,0.1247102353094551
19390.089020343385,0.12372142793137506
19462.825802744057,0.12600700651876806
19535.584241895624,0.12388532389351714
19607.69009009009,0.12540272171013173
19680.159460044757,0.12379182190383438
19752.639308541544,0.12657496220492134
19826.740104877525,0.12419569537778388
19901.346659010982,0.12455671228235042
19975.353461289626,0.12416798931858405
20049.390530825647,0.12340663594854764
20123.049701932054,0.12501250434859418
20195.986254545456,0.12295767112188995
20270.22819225251,0.12069231245142555
20344.190379600117,0.123036910690977
20418.518963520557,0.12331950200895254
20492.373857995826,0.12449510790128279
20566.98088480197,0.12589948650967983
20642.16457511653,0.12597735833383905
20717.866372768665,0.12508248724213952
20792.863873586546,0.12694684364726724
20866.93421716262,0.12572220963699782
20942.028863456417,0.12621479241827568
21017.18172012081,0.12192283652004154
21091.798957881023,0.12589927464198142
21166.079228034534,0.1231453260457092
21240.454499964257,0.1226412959484032
21315.958970641535,0.125103679974807
21391.206136560068,0.12330596759387705
21465.55211124792,0.12283397596842385
21539.19464336866,0.12245817620126273
21613.062317996504,0.12039008710716895
21686.877491249375,0.12280921977097793
21761.85262159994,0.1227398375502898
21837.118045649073,0.12513663831271624
21912.097322011756,0.12118959266987211
21986.630265435662,0.12511391796857566
22062.42446869615,0.12224694951057404
22138.33795316945,0.12183257104356646
22213.536560982575,0.12444861381005179
22288.639938935736,0.12421752363256712
22364.725303106392,0.12404413527723068
22439.947611821663,0.12374588056559255
22515.63527870761,0.12301729848126425
22591.18970209109,0.12271379007714177
22666.50649633447,0.12180118708796983
22742.97103844772,0.12319180827421757
22817.496172732524,0.12239429605881313
22892.568410389988,0.12211976026414993
22968.438206265197,0.12605971560743726
23045.849345930234,0.12489094369384635
23121.024694903088,0.12422759865666054
23196.488012095902,0.12373517558552881
23271.322636725825,0.12457594603646976
23345.378134909195,0.12460565995708822
23419.403314917126,0.1249021021140291
23495.50543789353,0.12422813171384943
23571.093440233235,0.12466847429377327
23646.389753566797,0.12646650299460596
23722.555195972673,0.1254706944023435
23798.25775725213,0.12529446692717774
23874.491748231765,0.1254285512715
23952.089151216685,0.12331243910771277
24028.941044560186,0.12608931146456948
24105.82368268674,0.12478881214276562
24181.514755510878,0.125887955027428
24257.670236794173,0.1254376425848187
24334.444293575358,0.12454394287683236
24412.188750362424,0.12233127803657709
24488.39200229325,0.12558731516604907
24565.023651571963,0.12455220947438457
24641.068567696995,0.12286539100617126
24717.00122992331,0.12152699193649279
24793.728845054316,0.12275944323496157
24870.565314826865,0.12666026206608455
24948.65882013142,0.12207466144276585
25026.608955438773,0.12629612590684355
25106.203113685737,0.12617705068718152
25186.476880906008,0.12622489150124805
25265.807304145794,0.124834586495501
25344.160779800015,0.12460782032118575
25422.87186730407,0.12375121269779216
25501.452101203777,0.12219238615386717
25580.406579898772,0.12577064989756173
25658.71922495138,0.12561920497481366
25737.73595952295,0.12533734896703727
25816.123106740364,0.12333324133043126
25894.27394386574,0.12516855686703002
25973.37755248778,0.12495286512318395
26052.260167850225,0.12297808228713453
26130.44145130676,0.12446351975685435
26208.37378815081,0.12520852705893526
26286.34486502135,0.1241557350057243
26364.304899135448,0.12429605541684245
26442.439174066854,0.12609825293885402
26522.299234767543,0.12484165890429384
26602.342581943645,0.12453896728647007
26682.51305416938,0.12632371678039825
26763.11867927231,0.1237170201542047
26843.054125027353,0.12349964419116342
26922.823945170272,0.12436136994327374
27003.748496921406,0.12234309618575566
27085.03622559653,0.12362059021071535
27166.079217958002,0.12230293895107948
27246.33424342578,0.12187534579195707
27326.56611896391,0.12408579522981036
27406.705719288006,0.12461777130717341
27487.2373110921,0.12416139781181255
27568.761202659727,0.1232768022268961
27649.0368447617,0.1250607688164445
27729.309695250562,0.12524888006976256
27809.214090974314,0.12383256160119428
27891.803090475845,0.12533755789181905
27974.124003161145,0.12450151851327447
28056.80942415933,0.12146023531919156
28138.139842451397,0.1236278749847947
28218.78093657551,0.12211131938352948
28298.79743626883,0.12187093337673578
28379.23794351919,0.1218402181508834
28458.701754385966,0.1219663653574779
28538.028798842257,0.12242622156480215
28617.221974545195,0.12430723966066697
28697.48200607024,0.12362899787393977
28777.880532565672,0.12527518567406845
28859.019170946973,0.12295612574507872
28940.170586548113,0.12263003425846015
29020.699496974557,0.12049137149486375
29101.757619321448,0.12172380234114517
29183.301844806545,0.1246667773598244
29265.612396396395,0.12324965694137237
29347.564143426294,0.12445183737085064
29429.512076593892,0.12393184674418173
29511.421132566717,0.12317648777728264
29594.71393852752,0.12560955523607287
29677.898586444364,0.12250186893919626
29759.858806613945,0.12110521343661032
29841.967644303524,0.12143942225239174
29924.661036607467,0.12269961564703134
30006.864323779348,0.12043857846402131
30089.87990124891,0.12175824014335328
30173.51513186338,0.12006997174587486
30256.593877990945,0.12134815164339705
30338.668575155818,0.1188883258877353
30421.51914649041,0.1228306204092401
30503.96709719316,0.12077216364843003
30588.170032339203,0.12058687919150891
30672.15294117647,0.12369573801626035
30756.663208702543,0.12054587889475342
30840.620712020755,0.12204243425375105
30924.40605842048,0.12240359902762533
31008.545337066553,0.12360614609330414
31091.831719216487,0.12155723720145203
31176.40877581648,0.12235220292020588
31261.91457030682,0.12214643018753406
31347.14086129915,0.12050863087736152
31431.79978432782,0.11920551228044034
31515.571932857863,0.12077513793527307
31597.104513409406,0.11946011863637426
31679.726637365806,0.1178593347362975
31763.438628289714,0.12047691213317918
31847.190118152525,0.12159982873917607
31931.75457558726,0.12145513782330829
32016.685092127304,0.1196562336152126
32100.84052964882,0.12095202659247019
32186.120379078347,0.12070386021144386
32271.10415175376,0.12098036524942572
32357.035755561978,0.12030404682987404
32442.214851627774,0.12122641669514216
32527.283016147634,0.11970926970553238
32613.188662853834,0.12247408084837688
32697.50176959191,0.12178615037725538
32782.25319913731,0.12095310761671461
32868.40053337177,0.12048866437670333
32954.42675759994,0.12136409274695314
33040.17810398438,0.1191232119393583
33126.854078787444,0.11709089236161688
33212.69097874801,0.12141268714674279
33297.391415060025,0.12055750057941735
33381.53330449827,0.12202071942713585
33466.54380034522,0.12046845234444663
33552.41226808572,0.12387493966566245
33638.44789244186,0.12306583084009388
33725.62690627909,0.1217695461840428
33813.51242913214,0.1233775328015652
33901.15497916367,0.12201070364985261
33988.91576283442,0.12473112614943918
34076.310689455386,0.12108443669139178
34163.06698119951,0.12224159214574287
34248.9095775463,0.1216488513186542
34334.97315923105,0.11912081206707274
34421.24671972467,0.12018715631455637
34507.76969916636,0.1231191449269324
34594.37549322046,0.12225065774806737
34682.30982567353,0.12327987278394274
34770.226047795455,0.12280174094519221
34857.40875440236,0.12058317582718817
34945.392446043166,0.11953647294916181
35032.57155228405,0.12388866039659698
35121.290357608224,0.122536395136296
35208.61844116149,0.12449338555554572
35295.073045860976,0.12271305289546951
35381.30235733793,0.12088588679053605
35467.98583917347,0.1232111992829929
35556.2881294964,0.12265055712100884
35646.34803035779,0.12185014125847475
35734.09338409597,0.12076417048530598
35820.93991447416,0.12289066206415296
35908.06239255014,0.12238818399927155
35996.04333868379,0.12256309565768676
36084.63737128147,0.12182988388942959
36172.48997238773,0.12139587407749752
36260.707051789956,0.12046176699901032
36347.40431654676,0.1203600304859543
36436.02418248755,0.12200746761298674
36524.920240075204,0.12184806502990442
36612.760014435225,0.12372163867190852
36701.00786379049,0.12149832352809943
36789.40173638516,0.1247106251451505
36877.508535619105,0.12273841767521725
36966.87543655413,0.12305374444757776
37055.900854332685,0.12493376731960294
37144.9616468039,0.12104218482261819
37234.14919878735,0.1245197050378081
37322.817758014775,0.12190982277972973
37411.24608777931,0.12465314516478784
37499.91449441421,0.12296137932600926
37588.15419205106,0.12396197558226514
37677.72285960132,0.12190659977616156
37766.48465814743,0.12085796021161006
37855.436173306196,0.122934368210229
37945.81613508443,0.12365954038276258
38036.8527131783,0.12366805678336296
38126.54817491869,0.12332801253871825
38216.08709747136,0.12114350343042042
38306.16033846822,0.12269748425074373
38395.33321348961,0.12271781786883956
38483.122309482256,0.12234647791254388
38571.73847039355,0.11924492244374747
38661.74043774668,0.12345400406173737
38752.12344428365,0.12088098588344529
38841.925989920805,0.12394831374255054
38932.848975737325,0.12405954038162485
39022.82311354783,0.1254272894879852
39115.33049624928,0.12324082131751972
39208.97315532587,0.12448333073405983
39301.53724752045,0.12347027294893559
39394.1661160586,0.12179863828068827
39486.271470160114,0.12309477861491085
39578.428346118,0.12337479210828026
39670.69109381755,0.12550980979093282
39761.376415916355,0.12586020553270907
39853.06209619526,0.12621860814525107
39945.1647805089,0.12329546443753692
40037.135492733716,0.12167142160518969
40128.025240903204,0.12340586764292583
40219.49640914037,0.12296627184657591
40311.70308464849,0.12312444315471205
40406.40762124711,0.12378180947789898
40500.24265238164,0.1225165051922182
40594.15031691155,0.12292567055512764
40690.49884041165,0.12211957382855998
40785.7264693203,0.12521682239093043
40881.04440574662,0.12570283213033104
40977.04643651762,0.12353656166642446
41073.25580221998,0.12569614843757967
41168.93038570085,0.12486641096780296
41263.403456754415,0.12382329276996304
41358.02537270642,0.12337624489584098
41453.29059268968,0.1252031478415113
41549.83897516639,0.12273397839133353
41646.59714306327,0.12239930488756572
41742.425050446815,0.1230990073592856
41839.017182380776,0.12442512513287993
41934.41554612785,0.1220228317198541
42029.943648726854,0.1204126357355631
42125.94485745218,0.12426070043808154
42223.29128242075,0.12378086100115625
42321.08534575421,0.1225633926199525
42419.74188876014,0.12289010567851226
42517.443579766536,0.12409542400451815
42614.71755504056,0.12329968495985824
42712.73804737975,0.12631967147085343
42811.890151241045,0.12494904804500465
42908.75613098673,0.12016736633842491
43005.22706604114,0.12283310573656894
43103.69200259609,0.12202498972141584
43201.894865525675,0.12470081786741921
43299.254157287054,0.12480632906022136
43396.57649762965,0.1260427750308133
43494.13479965157,0.12461498922783763
43592.830067713585,0.12451091693680412
43693.58652318359,0.12629285154834877
43794.43832153691,0.12420008091164213
43894.23980694424,0.12473084340293883
43995.953604156144,0.12582687109097557
44097.8909731206,0.12474080204557125
44199.163150289016,0.1239956096560859
44299.712997691866,0.12362857203970595
44401.42159050018,0.12568672072899306
44501.952018002325,0.1228003807981287
44602.143042912874,0.12604415390047471
44702.01896415487,0.12451181656646479
44802.83836705202,0.12472630453984992
44904.55512922609,0.12485928926181998
45007.23464206536,0.12652018264685844
45110.92069688426,0.1272379535325485
45213.20858717726,0.1270979261696968
45316.03793202352,0.12515235691295293
45419.216298442596,0.1264550638492613
45520.95201037613,0.12821454794135442
45623.18682669366,0.12625041475396676
45723.93939393939,0.1253974108293985
45824.94806693595,0.12562581972374254
45927.82506131871,0.12877826411340515
46030.13692054166,0.12615183626045418
46133.91912773485,0.1258280901746004
46238.426469527585,0.12428022103331449
46342.96294953596,0.1261474136902654
46446.898946912865,0.1240441201694624
46550.41638324047,0.12643519143839743
