D,r2
89.81512827294367,0.6350269622465197
124.13516746411483,0.6001881944212296
160.42198138113102,0.5781376362713446
198.17000801924618,0.5508975632761043
238.58481550305282,0.5330231776180494
281.9264120922832,0.5178445248376897
328.36295902075574,0.48998365407411293
378.0594545689544,0.47306843491550105
429.39616527140157,0.46369543803999935
481.6713201409596,0.4459778406584546
538.3942145544169,0.43601976037796564
598.4319691735318,0.42628901696625493
659.1524028077754,0.4090044386924302
720.19809676987,0.3941420762627627
785.1886159216002,0.3733084998184342
852.4827677274528,0.3635717928877731
923.0018457481872,0.3620776634650957
994.5602750809062,0.34786504187923234
1068.372777925179,0.3293646352373984
1143.8449973390102,0.31555092637579346
1222.314395444312,0.29868585576414003
1304.7362725450903,0.289007833240228
1385.5561490185605,0.2798942397220231
1468.8641494221984,0.26693697779421044
1553.9287087912087,0.26751940584261413
1640.430049668874,0.26081068589723067
1727.9569683509162,0.258491534237683
1816.2748691099475,0.2599634372017951
1905.6368186874304,0.25100480679251164
1994.0607742472596,0.25607647151926716
2083.585882352941,0.25719689423253644
2175.1577429983527,0.2546941007371277
2268.441294984021,0.24451698883972905
2363.5139327385036,0.23735476675762726
2460.7372751359644,0.2371861475486935
2556.556874654887,0.24352256195884156
2651.7128190899,0.24663194846328357
2746.8631810072734,0.2433154764215713
2842.4857380227086,0.2512175536061596
2939.1195742327895,0.24462548617732016
3040.334948767654,0.25283227916756273
3142.724228952487,0.25275079599057393
3242.774122200719,0.24293311171767984
3345.485883487123,0.24157036182762975
3450.4494068388,0.2360611663128426
3556.5411392405063,0.22960161238682855
3669.3958822716595,0.2133228749575026
3786.5953701136677,0.201973423336237
3903.8222986923606,0.19469056032954665
4020.441405165232,0.18066214937548883
4141.610621904238,0.18869710165526626
4264.84461709212,0.18014380937557664
4383.840776699029,0.18384345039218047
4504.961315280464,0.19219800142023574
4625.998621830209,0.18752666149991906
4748.1196344502905,0.18279359726041264
4874.639950166113,0.18343311145388974
5002.032988267771,0.17886667376792217
5127.58203125,0.18322398767695575
5253.498347107438,0.18510989725941696
5383.479717568877,0.18084311825677504
5516.4921530837,0.19208118848376285
5652.783513738551,0.18832544454917116
5788.065163254012,0.17951776657769
5922.441860465116,0.17014394681927947
6054.395502827976,0.1735520191444482
6186.648423392137,0.1739319486322696
6315.980378609921,0.17374227070791737
6444.0877994737575,0.17284476815141928
6577.270836203334,0.17570682506963478
6707.801662049861,0.1736587178439901
6842.481820704968,0.17074697003162984
6978.650131269863,0.18303468677597778
7117.3089171974525,0.18907103726243518
7251.066648268249,0.19209142636725993
7382.692615596963,0.18711492424844983
7507.898424543947,0.17906383822455704
7636.917635658915,0.17352788194546612
7770.903736630087,0.17061688942155445
7906.491742361684,0.17219242021527298
8042.907206455203,0.17343717240155437
8179.399257323615,0.17024627524936403
8316.169100264218,0.17132523419788573
8459.818093922651,0.1554250863133265
8601.609887083448,0.15653115442949952
8740.347548270593,0.15732849729985135
8883.753619192059,0.16035363149331436
9028.01445448228,0.1638188656766644
9168.035247143054,0.16668857686340674
9308.971392862102,0.1592237320197687
9452.417241379311,0.14694101544994156
9586.147947112038,0.1542475363394667
9721.97872048325,0.15973216137181973
9854.845257903495,0.15701069187425143
9989.267101429166,0.15280127438072535
10131.19392105625,0.15399318131904835
10274.658958737193,0.1548479526186858
10417.55193001944,0.1495801249190252
10558.565904365905,0.13890385379478404
10700.292092894664,0.14932771245835008
10841.675127603807,0.15178350884023245
10979.91902331356,0.1493358696721198
11116.785099889012,0.140060795569504
11257.24934310607,0.14226376048807243
11404.807340720221,0.13726013952514604
11560.884371554575,0.13897546610644232
11724.209558311271,0.13395471618973565
11886.399532388943,0.1391981208428191
12050.059786378139,0.13890198102347234
12221.136426211453,0.1409716965812275
12388.1241169137,0.1408136258370713
12551.136244300124,0.14006256972858092
12712.92089221391,0.133373748427399
12872.220502901355,0.1360777830853627
13031.864816099931,0.14039880671670235
13194.219774166897,0.14664094041645856
13355.374376039934,0.1460074779445918
13512.032652494096,0.13452725604176644
13669.162054247556,0.14076765639021235
13818.576498204915,0.14510063958389163
13966.104336982125,0.14132998634759758
14117.567619836995,0.1408459950909174
14270.443549507014,0.14147672430557562
14427.975421154377,0.14453781728153703
14589.287097220302,0.14645290321660928
14744.125726945444,0.15128862818359493
14898.809325562032,0.14930875411641079
15049.893382858716,0.16036752845083171
15205.662418617538,0.15976861396128944
15363.291787439613,0.15815462405063482
15522.508196721312,0.15698517356528555
15680.345772514458,0.14742156260145814
15837.80607573866,0.14971700605420224
15990.729031366589,0.15293898969774314
16140.153984753984,0.150499535687173
16286.808466629895,0.13910411749823837
16442.345404284726,0.13494266441682026
16603.153686252772,0.12980031632193853
16770.00152333472,0.12514146384952443
16937.999446213485,0.1330831943902231
17104.429301297983,0.1293535793112823
17261.121351125938,0.13838416706170087
17413.939815452417,0.13558530849252995
17575.40487737287,0.13067434853803098
17740.563510711818,0.13407004566659714
17909.142798013247,0.13409555020839878
18075.130120816553,0.13773977297284373
18235.147144240076,0.13250602118692564
18390.59194686592,0.1336357347280942
18537.95230217811,0.13763508072586852
18689.397783933517,0.13368714731954462
18839.43051129278,0.13202843544414192
18984.832409204326,0.13121766566267415
19136.615788746025,0.13157862422316824
19286.550640760644,0.12650478414326402
19433.668557985053,0.12450183099069664
19585.948903082477,0.12209300514795825
19741.706394144454,0.1229172429253127
19901.721068660023,0.11966793297288741
20061.138510257468,0.12080433872626058
20213.81813148789,0.12150432373358976
20370.521630960608,0.11778461489538436
20517.622830162476,0.11997872016808589
20656.44650519031,0.12387746511986315
20798.99515168306,0.11990430826577715
20943.933213990636,0.11746222759891735
21084.244920525223,0.1197763422363904
21227.318011387306,0.11728492835357987
21371.59784411277,0.11850554066134987
21520.995292162836,0.12598414011145992
21672.30814917127,0.12453030072456964
21830.551466519093,0.12827576587930486
21995.04195418162,0.13190728113502143
22163.61553398058,0.1309170907403002
22330.962993648165,0.13554725615189378
22499.19455199115,0.13575673280324455
22671.9156626506,0.13461514793341833
22843.32016028741,0.1373656358537001
23011.750621718707,0.13639045552612922
23182.273155198673,0.134442823502218
23351.75224664731,0.13436224448578382
23519.2861299709,0.13320702733070733
23682.63733222637,0.137193959490705
23850.918093922653,0.12797308926990145
24015.36564673157,0.13116391922491225
24181.633278145695,0.1282189028440176
24342.969822240597,0.13126599266295857
24503.97412480974,0.12184798097572337
24668.134623358674,0.12201327254568838
24829.740412570955,0.11685116105504584
24997.525461357014,0.1134293732508567
25169.424589485305,0.11689223580572401
25335.01078987412,0.12283508501560114
25500.98213048899,0.12339232270025197
25666.773603216414,0.1274719820628686
25829.287275242048,0.1309528700540675
25990.575204095752,0.13072676725684873
26156.87637816979,0.13880259368822145
26324.264628214038,0.14676861775884828
26488.522278935026,0.14365437287647503
26656.085159156675,0.1397238089185623
26825.341412742382,0.13950994446480564
27000.903025279735,0.13132553616772943
27174.935618149022,0.12614990069668425
27344.777669902913,0.13188223515939787
27524.00867649084,0.13664983727314048
27712.31216197476,0.13528504002264755
27896.99778730466,0.12344814171519436
28073.44819477106,0.12174092370601068
28251.987727523443,0.12461140087405043
28430.387763596005,0.13938143425445432
28604.85489220564,0.13608001995992353
28775.958989229493,0.13601686055902173
28937.502287536394,0.13370949554441364
29105.94364441983,0.13044421279626653
29273.587610375274,0.12555860036672395
29436.76377515614,0.13229597764896475
29610.35100523272,0.13237116123109582
29785.652860506994,0.13173182661244554
29963.346975582685,0.1274873163046567
30145.173029045643,0.11784497836965162
30329.09239055379,0.1181013885282672
30515.464167127837,0.13019381387106166
30709.11718426501,0.1214848002919702
30909.652210175147,0.12340221021686708
31099.578569455953,0.11830638962648683
31285.31332781457,0.11896208294676833
31467.226239955668,0.11755507436911632
31656.442371475954,0.12315545289261187
31844.441009288785,0.12598642209007774
32030.312318940545,0.12558847258723638
32215.236109186644,0.13011445103351427
32398.11262135922,0.13535671526994972
32580.030970406056,0.12545541012118744
32759.389250588723,0.1258357065085758
32934.19631476863,0.12446795327793077
33110.298868028716,0.12518616158563162
33283.37109266943,0.11975250962186884
33450.6975906951,0.12361459639727172
33607.47260179434,0.1334640277889384
33764.7253842958,0.13124625372677018
33919.04830449827,0.12973009531011287
34073.66445274664,0.13094857703133603
34234.06406531064,0.12175432098501299
34392.800387865354,0.12339502681318242
34557.71604426003,0.1303733795105905
34725.60143924716,0.12850700051265138
34889.86997374603,0.1209452408414601
35053.723855755896,0.11355702897224455
35207.81957482054,0.11033467107458794
35363.862853204686,0.10761018582378316
35519.88842631141,0.113596421316358
35676.22354077549,0.1273203411242294
35838.30208765381,0.12371181360041074
36008.519955654105,0.1221687929651687
36173.39426274945,0.1289701940487234
36332.1374341923,0.1376557009162684
36488.86760641238,0.13839879059898774
36642.4556384743,0.13385417209165146
36784.47257908551,0.14445137457294374
36920.66386206896,0.1429042519452577
37055.527411519775,0.15410337520831302
37189.966556108346,0.1549043823148811
37332.39662330473,0.1561159948529521
37476.47191166322,0.1568748906309789
37623.53442305028,0.14795542174055676
37775.10562890896,0.13798257359323224
37932.99641478213,0.13809253438592037
38098.25381203216,0.14264381233159107
38264.14772255295,0.14700378170251632
38431.387083448084,0.14080793513918802
38603.03107734807,0.13866093716042982
38776.25584937007,0.13554781677265287
39058.2591992017,0.14047616426858736
39454.776419976304,0.12974857052297042
39863.129138866374,0.11958891885519482
40289.08957553059,0.11828100976612742
40720.8795729804,0.12130482719349799
41141.08288670074,0.12055570537748356
41557.28284341259,0.11854002290837509
41952.823856188756,0.12229213595832965
42346.92354225132,0.12244060150637114
42750.16208465806,0.13350522042531737
43134.110425240055,0.12873006781323487
43537.802492211835,0.12400110962198796
43928.186360229825,0.1175599711802952
44316.13870706315,0.11754626928666286
44707.842167622846,0.12376112056096816
45094.20462478185,0.11266109820814413
45504.37173396675,0.12397471613032819
45911.710359012715,0.12124013683051311
46329.27982795163,0.11903133155618952
46741.002057228354,0.11465694592496736
47163.181011867586,0.1091434263635641
47588.62697077335,0.11352357089000896
48009.149066383565,0.11539243044536603
48412.945940890386,0.1137863263789728
48810.43341223371,0.1137245276535447
49216.50208996194,0.11036200497167825
49610.137681159424,0.1134949444041678
50008.7358103062,0.11535511086048683
50420.76128911373,0.11412055296846255
50829.33705412821,0.12042615782052744
51230.35369734789,0.12500453717740992
51622.367157290755,0.1438562965388755
51978.26586065063,0.14827730793679741
52320.62854471798,0.1397378641455705
52646.776292780414,0.13641210533873807
52960.364907898846,0.12705604279266175
53289.69017240306,0.1170004847562118
53660.60826734834,0.12189577867430995
54053.00492887447,0.11446193619152516
54435.28045502844,0.11224131949403078
54803.11604584527,0.11509471412014076
55187.86103321493,0.11951047048305627
55548.640297667436,0.11110749183566657
55908.10435594275,0.11871899961390135
56288.676531185614,0.12271425278964988
56673.365346287996,0.11241079660443
57065.13687429784,0.12557050248155263
57435.53010846528,0.13519110699832979
57779.5375499002,0.1372269030523182
58122.246152883774,0.149569778736664
58465.683215130026,0.14703119405881418
58830.61854577201,0.14037497302646243
59216.80626247505,0.13242667176355166
59606.25741955639,0.12723057752413738
59989.9394731926,0.1330586176659747
60371.02874064838,0.144254484288998
60752.78407885707,0.1378509240378187
61122.27985517198,0.12800499260481218
61479.810925682854,0.12976854109179675
61844.433771738455,0.13542002767416114
62241.0856982823,0.12699779998053454
62633.545789375115,0.13066504593226333
63004.78632905077,0.12318323893172264
63350.29193709436,0.12850735489785975
63687.897066167294,0.13532949582380732
64037.02942093125,0.1406683599357737
64395.28865336658,0.1298422453883567
64758.07305366827,0.13079707324902878
65151.05714285714,0.1348981513113263
65536.08407603615,0.1479986224009775
65890.6948137053,0.14897439610167965
66262.10320972266,0.1538452648175869
66638.69985651008,0.14671899185738566
67006.34410681974,0.13316590679529317
67403.67813941887,0.12313816724719323
67819.44274666334,0.1269907009361789
68244.71863474401,0.12081198295782711
68653.27097216167,0.11342235057895211
69046.31859841636,0.12019896788372081
69418.88030719281,0.11748143320670447
69777.58584159033,0.11029554518420835
70115.38436095856,0.11695910140227879
70441.39229138082,0.13024646292933256
70775.32040167155,0.12562276974884265
71114.69475854313,0.12986014608534954
71447.12748086854,0.1279685075430111
71792.48959960023,0.12794018389075312
72132.15653694796,0.12652410624505675
72456.692039801,0.12815037373224406
72787.51296469853,0.13006377906885114
73120.72721037536,0.1220243175769079
73457.06578454626,0.11307200451035439
73799.047061753,0.1156482079513391
74124.99013732834,0.10801740005256437
74444.20889471058,0.11647991167081892
74792.54016101854,0.1266419138075977
75174.74073843472,0.13324318568544255
75568.95924608376,0.13249691692084214
75966.97655860349,0.12582193317460452
76347.66204657551,0.11849986758402152
76726.25779249173,0.11620798700990573
77103.31862928349,0.1085230039093816
77473.92855805828,0.10810172599864407
77841.06926002119,0.1076612841102698
78228.69687324471,0.10670487017213114
78600.30621651925,0.10193673605550059
78960.0580270793,0.10468489089532927
79330.87652705061,0.10151725921134265
79702.79094033115,0.09630912509066993
80067.12891378773,0.10086481675931856
80447.88308846514,0.10468416696611946
80824.70450439226,0.11295888739292453
81208.1806777757,0.11724008821580811
81603.78245417135,0.11676536216377023
82001.60037476577,0.11833587162948575
82407.59620174346,0.11577174496374558
82816.92260158542,0.110887497295971
83241.82520097215,0.11336023705893918
83673.99975046788,0.12885703215556
84102.0426753182,0.14273472131469797
84527.3228847955,0.14955731113908377
84933.50935278714,0.1527926871903003
85322.2821982678,0.15032460890460808
85718.73781931464,0.13973250678845317
86093.69911393985,0.16465865598399176
86441.48269410664,0.1771248100025302
86789.93834248628,0.17768671985963203
87121.57483947385,0.1668777770667756
87443.6946111528,0.14066900978723296
87781.72977517593,0.12148905067052733
88130.82566631296,0.12728711774816165
88490.4215576324,0.133105840235869
88860.09523215177,0.14026755742687522
89231.07381085967,0.14078243306118415
89593.95165616617,0.13114463357675374
89951.16711438746,0.12429058768528545
90308.5837070254,0.12846113170233522
90682.06352471792,0.11965424158099258
91055.50645302076,0.1226420776418276
91423.12229227793,0.11746410673569861
91797.07463058794,0.12218161738613716
92175.28616881902,0.12885233784639077
92534.21088392969,0.11846128568047971
92888.53479510245,0.11251920488083056
93258.71473920079,0.1107707002381612
93605.62687870284,0.12189270685989606
93947.37913597203,0.14387961169159305
94304.21277923374,0.1994790295110643
94640.6436638173,0.2120142788877351
94967.41667706125,0.21724928909880864
95286.54146675805,0.23016332510320292
95607.77021967049,0.22932061345537608
95937.56625529793,0.20946460621288981
96290.57439640652,0.20632449112249782
96644.69589143894,0.17636632004763725
96998.59839382432,0.154036031798425
97360.49657149981,0.1641074899070535
97736.21798552171,0.1604940286178206
98125.44718134198,0.15489084749794974
98511.3012348759,0.15491975837512592
98905.8641983017,0.14551988328984616
99322.89138833499,0.13229716091352947
99768.71668225757,0.1221513918954746
100215.96717014106,0.11952846303581506
100657.73689465801,0.11969586252332082
101132.42372458526,0.12735419017872396
101596.49741577932,0.12147147450797849
102069.9156205109,0.12101181627583232
102527.5576791384,0.11412726591983545
102988.01937378914,0.10080099034435666
103443.88587261067,0.1058284621880976
103881.90086771958,0.1069984813443001
104324.65265127886,0.10348860269654096
104758.79634024482,0.11347897562531062
105174.85903907272,0.11544279382798486
105599.73361218629,0.11693462571765914
106030.52947768163,0.12193322547065101
106453.27781940802,0.12141000169839179
106867.5245431298,0.10913580636182478
107262.10901035817,0.10960822504029892
107644.9749984413,0.11083923904764612
108023.43441651594,0.10642877059458367
108403.11100037374,0.11435569566355362
108791.89921899406,0.11205284381875957
109162.10933416303,0.12180045037368843
109526.0917265064,0.1302061594763056
109893.44891467066,0.12600050256505596
110249.66078773527,0.1279053687798771
110612.14509388061,0.1318320011393938
110977.24597126796,0.1259357617354738
111322.27741774677,0.12677043310630629
111661.5268602767,0.12371485319257663
112007.50537298514,0.12436317290674509
112372.02821120959,0.11726133815138022
112750.70136901058,0.11697208258488037
113143.77318366074,0.11712673064731448
113542.16233766233,0.11529731786078352
113929.63378614158,0.11691349271096638
114335.20525461808,0.11664037231831656
114738.21061825441,0.1181702942489199
115134.26992143659,0.1207218573351534
115541.16585487698,0.11625372587868746
115947.38987389187,0.1174313716241998
116353.83836368172,0.12435651791113839
116752.433964615,0.12038146539498867
117146.49108256423,0.12299429710622105
117532.05671902269,0.1195016555901166
117942.0288569644,0.11695467993182511
118358.31941674976,0.12008991027412298
118767.71657420682,0.12242469353455288
119188.80304353249,0.11681138572043072
119617.57206139257,0.11490540226659092
120034.335395189,0.1202326159734763
120449.6694725028,0.12186040573269033
120874.43912312387,0.12427227082832842
121270.5448473878,0.1318392916515964
121645.91448560185,0.12648921896069834
122024.57195319308,0.1207632213212182
122409.07949503156,0.11175705615789386
122809.35373683226,0.11261154211972986
123217.15570093459,0.11680903534912855
123650.50074822297,0.11606580151760809
124058.58970992749,0.11217255859264741
124454.54776871849,0.10907940306837599
124842.89177732062,0.12034791817501633
125225.89927608587,0.11560378540875882
125603.37178128312,0.11500818609100567
125983.65373320837,0.10747908489577068
126377.80438848025,0.11042639352070263
126782.96573675342,0.11378536343683898
127189.96380513332,0.11325938481139676
127589.25327265928,0.11328519122239845
128003.46261477919,0.11425371484149606
128382.60436817473,0.12800973629675444
128727.56358309438,0.1368485165315367
129067.26767676767,0.11686472787076106
129443.69140186916,0.11518134978911543
129849.44287588232,0.11442077540456067
130226.93668993021,0.11417289627366084
130582.00849362978,0.12541900248700594
130944.94279489573,0.12556517353624366
131294.88399274956,0.12181410897544993
131663.68302569218,0.1342029137192706
132015.54628820962,0.1285459064528668
132351.91049613562,0.11610064805337635
132708.51616520277,0.13143866437598664
133101.2320124805,0.14246340351158004
133510.0307192807,0.1536269058397125
133904.9222333001,0.1430256162615595
134317.67177242888,0.13045767795526406
134747.4607525542,0.115268801671258
135193.89516631368,0.11511804673027601
135644.58984277514,0.12409696556965624
136094.23191661987,0.11566558542394591
136569.74327948605,0.1140159868924805
137044.1074411068,0.11750099161253454
137491.59234952184,0.1202360962212915
137930.28093812376,0.12575768565975776
138373.78308296454,0.12454750428950434
138784.1364428945,0.12749497464160928
139188.8336146009,0.11787154251985252
139594.77309774156,0.1275598426438715
140003.89811462106,0.11577092463580875
140420.98696113293,0.11541641753293301
140853.18908977555,0.11306730822418665
141290.7697298646,0.11467844717001957
141721.72213559534,0.10851901402678167
142151.09226636682,0.10904786063188283
142581.98859457776,0.11854042223641573
142993.96318712173,0.12475656421105576
143396.6480373832,0.12316337616987007
143825.3639311549,0.11704198678239032
144265.87980799202,0.11136230588976148
144718.1892852688,0.11068184932890202
145177.52841973767,0.1165161985021525
145636.54260425107,0.11887737294872214
146065.3953444833,0.11331902051644258
146465.42093457945,0.11513197402788097
146869.0900917775,0.10759982741521766
147266.41052697302,0.10354711147539006
147653.53121304538,0.10137724584379128
148030.46911654604,0.09491219668400142
148410.7824050949,0.10769548081435577
148787.13130304543,0.10507891384955682
149176.99259074777,0.10204443425555332
149566.54053042122,0.09770988013209779
149958.15767479574,0.10126480124723457
150351.94541825214,0.11298452100234826
150754.24942335265,0.1081943144206584
151122.15644095273,0.10896854074234567
151478.7326881049,0.09689977677352499
151872.4417024989,0.10589788855856525
152307.42988261738,0.10405286465201129
152728.26570289134,0.10564376332100373
153140.48826906277,0.10058964921413463
153589.43761696818,0.10703857211985703
154052.4611499127,0.10309688013456486
154505.00636187862,0.10182966048823226
154946.15899033967,0.10389448053289774
155371.30665917043,0.10427008421359629
155801.10807942058,0.10644190898184684
156213.17960047297,0.11002664376935005
156622.29036889083,0.10110529416601312
157026.75341611032,0.10606705890221842
157434.28405760956,0.11312547525317324
157851.9824167602,0.11630490354902963
158281.0468671992,0.11802866250158749
158695.1243219652,0.12356281888848443
159111.7915079613,0.12172976696403426
159515.87192731345,0.11227127776195611
159924.0637567129,0.10842389887859617
160328.3160722094,0.10508313977503174
160751.54346065177,0.1023397627165794
161183.85527299927,0.10503501976925107
161609.98012089488,0.10552684869269767
162018.2857588812,0.10703825471856185
162437.05607826033,0.1047407004693105
162860.41235569422,0.10030882301570815
163284.79494855006,0.10372641337508481
163697.17494222723,0.09499675358305464
164085.89730471675,0.09814771475178612
164459.0257529463,0.09564594279067051
164828.95158878504,0.09836333502009585
165211.1004931028,0.09667964053447228
165611.61404165108,0.09997607750969659
166020.27214361404,0.09766851007064514
166424.38701428304,0.1014701941050761
166833.70999187653,0.10743073766506601
167240.18923459863,0.10606169007916305
167635.0449086815,0.11409503342031851
168024.6480328685,0.11600140341709504
168423.19366527145,0.11452562145629695
168824.1777860836,0.11307991624460723
169230.5203191224,0.10960496718632427
169626.69973792587,0.12058233948948674
170037.8661087866,0.11781392502005511
170471.77662758794,0.11023251368338194
170901.35915317558,0.11191329005254728
171327.61870593374,0.1158372282543256
171764.29368052955,0.11856392578143884
172216.13906542058,0.12241957878399973
172663.91952375017,0.11945795606174442
173116.53232556686,0.11555842456709066
173575.67152375614,0.11012270432658433
174014.223082688,0.10810699781141019
174442.32871410737,0.10167788980430777
174880.72291484853,0.09652301365664467
175316.40092280833,0.09706486219245776
175731.11458008116,0.09434601957704276
176141.20742725403,0.09248555697303053
176567.7797507788,0.09858736958276915
176990.34281792087,0.09868411995348118
177414.90283931358,0.10931140079771985
177838.3843463052,0.1041231732284765
178223.72363998505,0.11220039079414139
178612.6967274544,0.12129034463341049
179000.0742540335,0.11089441235108738
179400.5336247268,0.11224531530317416
179798.11348756,0.11539897744798142
180193.50873689467,0.12181007349367078
180576.09904631303,0.12847915699943707
180959.98770517381,0.13137543209882308
181336.65843005117,0.1454774859600814
181688.53017080165,0.13943240372061486
182040.46556988845,0.12959250490990643
182411.12671574744,0.12361459359923521
182782.71014583073,0.11119575502949458
183165.67863622145,0.10575701962871768
183556.42792288557,0.10323929051502374
183934.64122232617,0.10609134817257762
184285.89680605038,0.11245203589751894
184648.33696803538,0.11454283573794685
185025.3186072632,0.11105425903270033
185394.95002183816,0.1020715399899603
185771.482024716,0.10480511389780904
186168.05568358768,0.09922166486565889
186577.23271028037,0.11073238712927222
186965.7271762208,0.10822340803350056
187374.24484954425,0.11269652145132387
187789.0589335828,0.11091062701293389
188199.73972688158,0.10197636345076237
188598.03291770574,0.0986575123507835
189004.50768461826,0.09393856149324711
189423.09442541265,0.09682983133782236
189827.56020713752,0.10005448122433463
190224.043350981,0.10189316628538533
190619.59174369223,0.10210676286613157
191015.9718169348,0.11383321777134645
191406.9960723192,0.10730712953938383
191800.66868145563,0.10644949500857394
192189.4573478939,0.10740640718083352
192576.24560419004,0.10910165088899816
192962.68335723638,0.11269494902581628
193340.59741233828,0.10659672510748418
193738.24411654836,0.09708467862552438
194146.76356032706,0.10277814158925297
194549.22225685784,0.10502294081535515
194917.2831201248,0.10200234550793891
195268.49160267215,0.11911356527806402
195615.06097409068,0.126184918245507
195965.19980026217,0.12491892151728042
196327.72506856144,0.12168144825566704
196693.6062367204,0.10923619566103343
197064.4093880346,0.11146813418777907
197436.51847927703,0.12369383467272525
197806.58186933416,0.12301180724289973
198181.85684905897,0.1191079803127011
198548.23167155424,0.11344162900438605
198914.1309063708,0.11182869527195224
199265.11269890796,0.11582072801008024
199608.58160144792,0.11336032278121333
199974.30125210242,0.11053149544943579
200365.9115077384,0.10328132920014903
200749.73924161156,0.10147009690943837
201145.3656968032,0.09740397011459516
201551.67614484817,0.10125756048337196
201961.75289936402,0.10977252360522687
202363.11347872275,0.111371593841434
202733.8787520239,0.11896171671768797
203080.99756173804,0.11498088678511707
203430.45466426038,0.11537631789505809
203788.85775889008,0.11165955730083278
204154.77998381777,0.11369144624118331
204531.75341781633,0.11275266856050732
204913.60506455434,0.10345554412209444
205294.04188481675,0.10997779469878065
205672.30914885638,0.10898218274733677
206026.23935407444,0.10991542922456007
206398.2347511538,0.12100429582542253
206783.81461409084,0.11787513881380568
207178.78227769112,0.11194167039622328
207578.21466033967,0.11177052042102814
207987.79742725115,0.10860885940813403
208394.43321097494,0.10844307917952901
208801.2577062274,0.11246263306479193
209177.70795631825,0.10922184471449585
209549.6277099427,0.10948298540445904
209951.6490801372,0.11616796865141668
210370.14223304,0.11448407609434572
210806.56443668558,0.11004108751132038
211252.9842873176,0.11069274126250697
211693.44063357447,0.11383857555702785
212118.62577338915,0.11125896412484285
212551.186252495,0.11191622581349142
212998.06033191914,0.11896460828543837
213461.3733083879,0.1172758222452234
213901.0019341153,0.1140118542716943
214323.9014277698,0.117301747635931
214768.81031904288,0.1138362507958637
215225.0594355492,0.12183198132311755
215682.53134365633,0.12144857107443027
216128.29990651293,0.12045768768098528
216547.32085962393,0.11770351281064484
216946.3806588206,0.1285595262119097
217332.62997190133,0.12432140723061635
217721.8394192423,0.12186656994126918
218137.22400997818,0.12037830564621883
218543.22763059236,0.12253872736160372
218980.3567113049,0.11912501961411523
219417.9567793439,0.11671344485029755
219820.41238142786,0.11301016809379895
220227.2208432082,0.11305462403635534
220651.0558362967,0.09758094626332324
221073.20799550955,0.10139446228185484
221498.13307937302,0.11137914005972549
221889.41878742515,0.11778732670369796
222283.22820337294,0.11669183505721516
222659.54184087363,0.11758110174629928
223034.0784522098,0.10916879749609218
223431.3343504795,0.11078160983017568
223825.93858611025,0.11014263724245864
224238.29378707462,0.10613967945215852
224651.92186330757,0.10559218582694521
225048.8684588037,0.10391135112069219
225440.17565119622,0.10898063421607046
225836.1862537388,0.11212288448557685
226269.89092381488,0.10771321018011931
226726.32172502027,0.10544443863639924
227191.16265435948,0.09522793201056379
227655.70248191568,0.09851055190755498
228118.75106011474,0.09791900104962911
228577.89597000938,0.10102650912140701
229019.27137963253,0.1051712077331544
229462.47906134932,0.105258503788578
229902.69132955183,0.10577352523426627
230365.8033718389,0.10567545805126569
230848.90164444997,0.11438707978476699
231312.2724889194,0.11379559311063257
231776.67962616822,0.11120308178812441
232255.22374001995,0.11058436135441001
232694.95035239818,0.10839658747138028
233119.59142536196,0.10328917450523205
233541.72002750344,0.10547528995532306
234005.15991285403,0.1123559853109085
234484.83310473815,0.10874354303311874
234946.06576402322,0.1126739449684716
235384.41216426747,0.1098743120634413
235821.1783996502,0.11407386737421886
236254.10753224097,0.10804415815970557
