D,r2
57.12389493914158,0.2930382289254293
76.57769461077844,0.2830641245173663
96.1602581708322,0.2786951857974821
118.38725012189175,0.27589428699194907
140.9537792278412,0.2793769479328207
162.14732394366197,0.27570592391394255
183.23225716671305,0.2693360592677644
204.35384400725547,0.2687262463510238
226.77391634019966,0.2747824597921935
249.31032967032968,0.27373728098108235
271.838332684067,0.2688648585212454
295.7414832285115,0.26610948505101567
319.6499731471536,0.2681123373972367
342.0851953293931,0.2652362227110083
364.7809210526316,0.2694582703809814
388.9687334393217,0.2647204527631748
412.7056265289481,0.2673361091129026
435.1762621789194,0.26310852113914696
459.0082132928987,0.2619758133695421
483.0359019264448,0.25789080782814733
506.05988988854574,0.2541132384785373
529.9948460420246,0.2539865714960248
554.111049570756,0.2497151579498149
578.2559409997268,0.2516599768345229
602.1528266161753,0.24684001491470034
626.1552863436124,0.24855573070740217
649.4823546220889,0.24823278459775674
672.0345686245789,0.24886836123080075
695.2968600027424,0.24814268824644853
718.8623943661972,0.2425571223953898
742.0794167610419,0.2384007368487791
764.8770647566146,0.24157233312924184
788.4353037319531,0.23819410278807374
812.3794899917741,0.23826495520781066
835.8621222768799,0.24206924752057832
859.1364088005678,0.24281754907512676
882.061394532963,0.23694855207726193
905.2875272925764,0.23964260772037566
928.8211359141001,0.23965291946193773
952.0813530891809,0.2377400348755812
974.9349415204679,0.23910748167785972
998.0447991040179,0.23301297439792543
1022.2104091288617,0.23207958900658213
1046.2333656107346,0.23483228364308148
1069.9851311544396,0.23538613417367785
1093.08547008547,0.227691374947472
1116.7831358885016,0.228666367001796
1140.7091916465406,0.23001640081602878
1164.7903225806451,0.23274615843779553
1188.5073425585992,0.2327273619499138
1212.7352206494588,0.22974844255916235
1236.6147854411556,0.22640404233945777
1260.8567129961314,0.2227768061103513
1284.9770162975344,0.22549982404109137
1310.0429594272077,0.227756687953517
1334.3166948674564,0.22183650621521434
1358.437508947745,0.21991080853444644
1382.2650042265427,0.22188906859191806
1406.3924123120973,0.221590942590846
1430.994714014638,0.21952845194251772
1455.7467071935157,0.22320590541373167
1480.0019709981698,0.22195546706916222
1504.505141569235,0.21905835364672943
1528.8684355237833,0.21604382088441995
1553.3376146788992,0.21804323644324725
1577.4029572207867,0.2184501762085437
1602.0956944444445,0.22221387766942985
1626.9652343206785,0.21234818015645227
1651.8092329545455,0.22039228764924718
1677.3993316624897,0.21693688447917583
1702.457238762405,0.21342687807418356
1727.5006148380926,0.21388940225951247
1753.1718704406187,0.21415958565686813
1778.367123667082,0.21686970073408482
1803.9633663366337,0.21500449900778176
1828.970126227209,0.21135781436670323
1854.0512530086366,0.21381783841080182
1878.8895019807583,0.20952963885294654
1903.8424113475178,0.21700956614555283
1928.9918971779828,0.21047010426237392
1954.532326698696,0.21273529041397135
1980.0757490107405,0.21375988109635558
2005.0052556818182,0.20900071558376235
2030.1745650021219,0.21027232178875216
2055.4396215915413,0.20742588391623085
2081.0259627866726,0.20936043969786122
2106.490187949143,0.20641313310335782
2132.012941341961,0.20770198011419613
2156.9979971387697,0.20298434922807007
2182.1416217748797,0.20131662077047305
2207.4779411764707,0.2026045652362504
2233.410136286201,0.2047248433793455
2258.9804753820035,0.1995430523428031
2284.043645152118,0.20477460136762743
2309.1437007874015,0.20234537589721138
2334.4478721939126,0.20093293996379116
2359.984842105263,0.19941341293105552
2384.9373740282176,0.20426377538445087
2410.453976640712,0.20060414505732843
2436.5943797899517,0.20021743422502827
2462.396689497717,0.19837317151875095
2488.4627599775154,0.19604369297007856
2513.936326415361,0.20030914904393188
2539.3750525578134,0.19845413876104467
2565.5878966582422,0.19298001208004484
2591.442156185211,0.20353426424582147
2617.03406187908,0.1945993337903545
2641.8920670705934,0.19869952220050036
2667.0034567189978,0.1969333044366946
2692.494771601541,0.1951539819422809
2718.050845009389,0.19687754620268325
2743.4079746136867,0.1940170776626847
2769.379025483058,0.19437884045313325
2795.0384615384614,0.1941460210382742
2820.630306360764,0.19051997610177493
2845.9074833781297,0.19316031596770541
2871.560527423201,0.19578848676082702
2896.952095808383,0.19025200911866424
2922.5530894643102,0.19209870229028353
2948.0517512508936,0.18716672459205164
2973.128743789922,0.18750168170479312
2998.488411531939,0.18824371358836783
3024.356678200692,0.19117777679246128
3050.325076966135,0.1822786251948601
3075.9230659840728,0.19425192939038607
3101.34441432444,0.1958335707838884
3127.889639950338,0.18979531877196
3154.5100988397076,0.19405414320756442
3180.5252271139066,0.1867141377291199
3206.9302035729124,0.18791024702032044
3233.4003690036902,0.19184835157808275
3259.5577867668303,0.1919404459128165
3285.4395211228843,0.18916017169925262
3311.419689119171,0.18946217226491863
3337.4771315640883,0.18707975783126263
3363.447816222348,0.18435737239305672
3389.5450021328024,0.18593129738006214
3416.0828007779937,0.187106139626104
3442.529156417306,0.1834819987015286
3468.90018023014,0.18797707635316477
3496.0400906644,0.18356735706023614
3523.045511657127,0.17524730438373737
3550.000709723208,0.18331846550331363
3576.4696124696125,0.1834192054967509
3602.867537826685,0.18052100751802524
3629.3914941557528,0.17997636413074786
3654.897844016785,0.18173420162322726
3680.4849555021897,0.18068835766595331
3706.8108516483517,0.17901220966215492
3733.404457225018,0.17936540424994252
3759.883426183844,0.18031194379314747
3786.415242364808,0.17611107998064443
3812.52821894498,0.174493524558054
3838.9771045651264,0.17872515968144886
3865.619760910269,0.17810406691275443
3892.09763272167,0.17383589591991158
3919.416894852136,0.17459875957281568
3946.311019126463,0.17344612748347135
3972.6879432624114,0.1743641420401347
3998.836186499652,0.1756806398306253
4025.908736783528,0.17523971864392998
4052.4209027481133,0.1730935478052044
4078.993042994295,0.17012018237758347
4105.4612075147,0.17061123613180684
4132.611210824244,0.17189977289163363
4159.453318012065,0.1737944096851921
4185.969271783359,0.17452361860863552
4213.0482855143455,0.16981080746613575
4239.595563877287,0.17450005167160193
4265.85670689416,0.1720864319553146
4293.001673873622,0.16908298246495382
4319.851381838692,0.16982752568895923
4347.063162297825,0.17220022503798846
4373.622145626885,0.17017898448532512
4400.057423550575,0.17021967225713944
4426.471402082442,0.1662216448200173
4453.007231261299,0.16601882087883255
4479.961457603364,0.169377202406444
4506.573614318707,0.16581884199995542
4532.945829271689,0.1672071804237207
4559.978520286396,0.16582046693752017
4587.051388491268,0.1667625674270725
4614.570071585903,0.16424017980642405
4642.031656302996,0.1602182627779851
4668.490555318846,0.16333852464077836
4694.442861255037,0.16349006747208505
4721.4332278916245,0.1682354853146531
4749.045936889137,0.16895929003007437
4775.351347414421,0.16605665695413743
4802.134254143646,0.16098444100478934
4829.142353273138,0.16529200080832898
4856.144602272727,0.16116125650444124
4883.179966282663,0.1644348134430171
4910.1830503638175,0.1575153871556812
4937.085787089468,0.16100552172925842
4964.331016265814,0.16284144033578582
4992.677437172052,0.16159703902143208
5020.097388849683,0.16468153771951705
5047.098262603247,0.1606878316299259
5073.987188714553,0.1600605951351568
5101.142479108635,0.1574048140752732
5127.758179231863,0.1611498318085288
5155.551615982545,0.16101780276668431
5182.965164225792,0.16498387572275305
5210.022448115205,0.15909072787465367
5236.930610514415,0.16238604736051268
5264.064356435643,0.16347796940593057
5291.011009174312,0.15992962496146598
5318.1011887913955,0.16189574671178406
5345.649587912088,0.16046282465053677
5372.943567874911,0.15932252825615398
5399.933978618897,0.15602704011700616
5427.48783155592,0.15796030962358182
5455.049605734767,0.15848446958192294
5482.48135874068,0.15903994321481132
5510.164260969977,0.15682430652748947
5537.458141160028,0.15310474041139788
5565.035990823057,0.157960629815307
5592.172505605381,0.15678671447089815
5619.614824982841,0.15392217335208377
5646.98407329105,0.16164075721076646
5674.104970008569,0.15548412337012538
5700.876530902877,0.15458177192703157
5728.562396921386,0.15894294347348958
5756.012794709603,0.15819282951976876
5783.575748970609,0.15488771261776496
5811.454181617444,0.15637965098226173
5839.03125,0.15472922009250412
5865.991387971867,0.15498374961615302
5892.996644764435,0.15556502681486192
5920.0380778417875,0.156862593389922
5946.982887851789,0.15746716911050057
5973.9052259887,0.1550280609380642
6001.048949076033,0.15235652051306825
6028.50144092219,0.15544805386821764
6055.954616366473,0.1572617536159402
6083.589381530641,0.150275289362123
6110.784590968115,0.14967015812761442
6138.495962127541,0.15213157222132082
6166.083011858837,0.15173301826331465
6193.418044270104,0.1523655679751705
6221.467182534199,0.15238065331437173
6249.409658851608,0.15443449867207232
6276.775424949582,0.15492836910884364
6304.515559877744,0.15627023956768682
6332.026130653267,0.150263855733271
6359.960374243258,0.15152025558046694
6388.477501397429,0.15660002101751072
6416.435399234151,0.15245207758163348
6444.48071258241,0.15357195803802326
6471.983701979046,0.1493648226691617
6498.972218304893,0.15103172586457753
6526.64705882353,0.15105381475461713
6554.559220598469,0.14883187731726172
6582.44178470255,0.15462654770373926
6609.933333333333,0.1532660217704239
6638.068175545129,0.14903582052790498
6665.949839603383,0.14973080122472518
6693.5122457451225,0.14845496255081878
6721.7180249009625,0.14972994922549487
6749.509187824379,0.1475395238026931
6777.441597055075,0.14836196905275398
6806.050540016616,0.14680072223494955
6833.9300113571835,0.14607027097529063
6861.542204568023,0.14788442849311087
6889.439594922265,0.14921049093299718
6918.131535038932,0.14512959666719136
6946.351112977741,0.15080757707687364
6974.330662167862,0.1484621548708259
7002.483503981797,0.15150509106902452
7030.503635067712,0.1506887946340133
7058.544748161509,0.14794769412650735
7086.356752974108,0.148010739385049
7131.513402853304,0.1484184948447166
7193.4391474334725,0.14794426795309076
7256.135374236253,0.14885361152647636
7318.583190176242,0.14723342361279548
7381.389797086699,0.14662053402769556
7445.591089489182,0.14705183868380514
7509.368573588709,0.1464519710881371
7573.002156402613,0.1503449745338239
7635.9263151190935,0.1468472296420087
7699.534489281211,0.14401167314642077
7762.866364448985,0.14662342222416086
7826.467733707435,0.14736904643774001
7890.306137961614,0.14619857387796548
7954.368705150187,0.14672188501384148
8018.15593759949,0.14453875949948258
8081.802959749953,0.1448535191599287
8146.220052737318,0.1455915398562576
8209.886182490594,0.14703394844184012
8273.080285459411,0.14410458688415112
8336.788623595505,0.14618663794804918
8400.369161257477,0.14512903845374445
8464.439656816015,0.14489754788056947
8528.040668803822,0.14420506168481542
8591.396970471686,0.14656759225554464
8655.398799368088,0.14439847783856974
8718.988137528546,0.14291978867403735
8781.204375804376,0.1426704513428906
8843.73093206951,0.14389406036704702
8907.58254568368,0.14286896943275365
8970.971584,0.14600557662461477
9034.243769421017,0.1445293275534416
9099.048931206255,0.14434298389774838
9162.872432708253,0.14236564091194762
9225.903723539914,0.1443909830131516
9289.37905632819,0.1428239010499285
9353.627839106712,0.14383536568919406
9418.196678873595,0.1445296735513923
9482.65982851699,0.14649605894570888
9546.470888011212,0.14376236260573738
9610.464739884394,0.14635077054383083
9674.83352165725,0.14567561092344783
9739.57376841036,0.14472999139245887
9803.563420122147,0.14399928288251068
9867.567494668172,0.14192979688016316
9931.69681325685,0.14235278375413135
9995.465269423163,0.14378977355097883
10060.028613306144,0.14714099813214382
10124.793898951382,0.1453129702838328
10190.00108946424,0.14522522467479324
10255.530563121556,0.14636647209254877
10321.487130841713,0.14349907131095233
10386.638810561395,0.1462576353316023
10451.601564964978,0.14299414010602338
10516.93312547722,0.14489735687532218
10582.615879422337,0.14791627439398322
10647.711519907378,0.14481109958436716
10712.331095630145,0.14647685599246624
10778.058857361963,0.1469812650830274
10843.276517051154,0.14548451666173054
10908.1614075349,0.14376199614980031
10973.027816411683,0.14251181607999003
11037.314265671832,0.14441216582922786
11101.273679504375,0.14590828596980152
11166.163354707638,0.14666277885920687
11230.93550834598,0.14769844590597384
11295.511537232343,0.14423232580382994
11360.120851875397,0.1467131769033309
11425.53895531781,0.14361193040627934
11491.222675939514,0.14710675360475756
11557.572185345927,0.14687946166723886
11623.190987670014,0.1500573150529501
11689.584509270391,0.147495313796557
11755.437795871994,0.14898493392747109
11821.206674811909,0.1464925820976047
11886.893748036444,0.1470538759951493
11953.67412525355,0.14868593233998112
12019.760141206676,0.14689602748105293
12087.40644054878,0.14603122167347732
12154.619011646208,0.1463426872287844
12221.34656576669,0.14745646080414807
12287.971085409252,0.14709757069726348
12354.750349029064,0.14603156895931807
12422.604993964038,0.14910132636829754
12489.709872997639,0.14476745806018368
12556.431181640008,0.14857290801015027
12624.597791798107,0.1468748535281012
12692.306382170444,0.1475194939678643
12760.373120962067,0.14533432494067688
12828.409682720263,0.15011746925328798
12895.884227433344,0.1487199375597563
12963.772263421437,0.1438746332045931
13031.44536213469,0.14346673478143823
13099.899484372016,0.14613696006953716
13168.973490613902,0.14666027754875124
13237.822218023804,0.14424087073856418
13306.210879570443,0.14193965293704833
13375.390926517572,0.145128488318751
13445.336021166688,0.14260560469208694
13515.610706528683,0.14406410337098594
13585.501732938434,0.14235070901981217
13654.635449802774,0.14340519448383482
13723.490232145123,0.1460601086298563
13793.343365079365,0.14231629239947566
13863.67721840834,0.14722045888882276
13933.141929735235,0.1452671788384599
14002.585725220053,0.14382859199463266
14073.124346050785,0.14327493095970098
14143.386857142857,0.1422497995642805
14215.006807008698,0.14451244114633705
14284.804617549245,0.143572964433622
14354.736698065173,0.14585305679277397
14425.080663399925,0.1452751100149095
14496.203236493375,0.14094720713111972
14566.410617204989,0.14387536472645987
14636.666226830035,0.14608989386263752
14706.530396587943,0.14223724295470286
14776.09119517051,0.14308195318585185
14845.301204055766,0.14566976176672555
14915.932118996596,0.14148915343925805
14986.821812887707,0.1417503730824039
15058.225554355422,0.14434083449354895
15127.965811417575,0.1440048623753352
15197.547501268391,0.1450986543982878
15267.616665611347,0.14259481861490603
15337.125888324874,0.14110263386453967
15406.447681864754,0.14532033283494097
15477.074496940642,0.14533200207571415
15547.284478338888,0.144354285078502
15617.037997738977,0.14267215391039342
15686.498789963061,0.14624898574247044
15755.972566824403,0.14539037437866828
15825.072897434266,0.14302753652598885
15895.017164132012,0.14609714507268753
15965.436408660868,0.14583161832613298
16035.090325451309,0.14269452021507462
16104.183456444218,0.14125676454778197
16174.359513911097,0.14467686151987655
16242.916387959865,0.14501971754076634
16312.42988505747,0.14261288133413366
16383.064825855035,0.1439007398222377
16453.862962725347,0.14482319413403721
16523.551437983024,0.14424674652631386
16593.987204662062,0.14333004054479684
16664.842032011133,0.14221586656201016
16735.29196292534,0.14360352835076756
16805.857584143123,0.14510738983470334
16877.97566050823,0.14478640303580306
16950.51465715014,0.14464622202924293
17022.720834909825,0.14320499075271126
17094.115536831356,0.14408602615482444
17164.642944,0.14293893125306686
17235.455542943626,0.1438678210395137
17306.68120805369,0.1455877674589058
17378.394642857143,0.1444596347250658
17450.22030141844,0.14176009905662285
17521.374568690095,0.14498943018887897
17592.705429778645,0.14443830610537037
17663.87406411979,0.14545687676216373
17735.380961452975,0.14460956625775195
17806.57889402673,0.14396107558427695
17878.92924618018,0.14350527932503812
17951.0896451019,0.14459863407033505
18022.44587530282,0.14485018366136726
18094.82738853503,0.14454817570041112
18166.970190554053,0.14567114395035327
18239.689013153715,0.14490878518506328
18312.957160186426,0.14635607395718328
18386.017611026033,0.14492472692191866
18459.266953441296,0.14858551794622646
18532.756335158538,0.1459609896461907
18606.634576485463,0.14775685743805692
18680.11782285242,0.14520027447389636
18752.40515417655,0.1451561323817028
18825.014078310604,0.14719389561400004
18897.32967873534,0.14584987810963504
18969.691251924065,0.14415254743872583
19041.792876156673,0.14900119348185575
19114.86657011523,0.14519845642575022
19188.94284625643,0.14515280847128775
19261.86412938836,0.14520716791492072
19335.23784568759,0.1462716985761248
19409.43313677002,0.145512943464685
19483.506947985723,0.1428102685556981
19557.302765005985,0.1446973456462515
19630.876623792155,0.1453876655040924
19703.9574171472,0.1468683041479698
19777.595900809716,0.14623004167411235
19850.678978363845,0.14309336560661853
19924.282916006337,0.14343481892569868
19998.14946393453,0.1438685935381022
20073.426711545788,0.14403329094408976
20147.21377867917,0.1424812208430035
20220.889184734373,0.1441243796945086
20294.70788542002,0.1447761399635106
20368.560175603638,0.14372915990164903
20443.427113888534,0.14482095597560962
20517.48608974359,0.14467238794281806
20591.936865482232,0.14317324047730795
20667.146341463416,0.14354597999217344
20742.24779993669,0.14579591064284886
20816.46052378818,0.14347841952314577
20890.91743177761,0.14581606222173832
20965.87542066163,0.1453610861525444
21041.497432646593,0.1429014353109913
21117.16172303042,0.14678802784157335
21192.13750802826,0.14427271882316592
21267.287352700234,0.14600457408485018
21342.601633738603,0.14591705303151198
21417.988819717953,0.14120238012658112
21492.642093200917,0.14206573951056728
21566.43315370798,0.1430248991835386
21640.4705023179,0.14482593964263288
21714.63727174397,0.14360746018618673
21791.034491408504,0.14244877170288944
21867.228289264098,0.14471769739612975
21941.656120431206,0.14231772646759358
22016.87402977478,0.14237167509279255
22092.671671225904,0.14228083311409004
22168.36616852146,0.14463998240126216
22244.907836714123,0.14345553384110443
22321.42032126466,0.14274025781111774
22397.29792647246,0.14448637402102907
22472.702043422734,0.1454483136005074
22549.306539938316,0.14099797718435766
22624.343685831624,0.14029782004178423
22700.343937007874,0.14371059613489948
22776.446450291274,0.14587709348151884
22851.50786233028,0.1438550251251315
22927.06374451301,0.14824290432505816
23003.218505065954,0.1447498117289416
23079.281456113647,0.14658851430052797
23154.24087359533,0.142305523040904
23230.50583633037,0.1455291887067891
23305.95437604421,0.1457730591744076
23381.484838953194,0.1429683792307764
23457.41439825786,0.14224464588705588
23534.052522329854,0.1451612622258587
23610.856616010682,0.14389058800193547
23688.443886948236,0.14289604406121836
23766.35962669394,0.1467525586683613
23843.360307184565,0.1453411553505103
23921.471707720706,0.14035552343975663
23999.300566626345,0.14331097957388586
24077.696264930797,0.14082594921851455
24154.928685335206,0.1437691401196335
24231.468179795284,0.14150665370683616
24308.40191568467,0.1407570632418472
24386.71131181143,0.14714691651141992
24464.564465210253,0.14220226470191744
24543.097786566308,0.14330603317236534
24621.69940626579,0.14265950121207588
24699.884162552222,0.1415800186855856
24777.954328301166,0.14392286754767938
24855.416608067506,0.14367450038883653
24934.128376251338,0.14692295899748514
25012.18784069775,0.14438348277148702
25091.366822135384,0.14366759067458112
25171.573948613062,0.14566637181235745
25251.780603530082,0.14696575830549943
25331.394788813148,0.14399497655932364
25410.80857453198,0.1418267726655296
25490.49227848101,0.14356482714856272
25570.154925982642,0.14556046047104643
25648.925644436,0.1445077040133214
25728.40652256352,0.1439402649446521
25807.65081799591,0.14274998321015
25885.885379969804,0.14102924362450822
25965.941513761467,0.143841677874843
26045.040581735044,0.1445640378174476
26123.52213408393,0.1441984853233461
26201.50379987334,0.14294850070257817
26279.87228793725,0.14362005954909182
26358.761158021713,0.14631334560530423
26437.36071201526,0.14681818811145247
26514.34429560028,0.14329257310470309
26593.109632647866,0.14285502168677638
26672.190171895967,0.14331128668892215
26751.69065975733,0.1439278794297469
26830.993416888214,0.1438572002901924
26910.672914416416,0.14259600948274845
26989.783524173028,0.14646124216613865
27068.81204205161,0.14685712412047897
27147.84983414136,0.1456896757297618
27227.698888536044,0.14574173437536522
27306.926358557645,0.14570787127039467
27386.12453141877,0.14640804012862815
27466.30973113837,0.14828064347052208
27546.617068387422,0.1471791110945712
27626.126871352448,0.14627047539750346
27705.99383500699,0.14649048812494475
27786.42897220097,0.14523021973794123
27868.593481012656,0.1466251709836891
27949.94900235864,0.14614460767020365
28031.69285033365,0.1458138941385379
28113.710945399394,0.14557607458827238
28194.238780317017,0.1469457217738733
28275.04817905918,0.14425157750625203
28355.905313700383,0.14504547274916904
28436.07500158098,0.14252695153895872
28516.746721259038,0.14329096106174416
28596.379967200708,0.14463312675955856
28676.949333163167,0.14182348940824263
28758.425050428643,0.14338708146438162
28839.768097455195,0.1427424354344748
28921.028189627745,0.1430927134710547
29002.39970893445,0.14239804725438987
29084.37850704583,0.14291106829748132
29165.656741214058,0.14473435863498016
29248.766483689822,0.14288963710465047
29332.130883673206,0.1417011685399245
29414.882308131786,0.142427661815501
29496.151987825757,0.14251593105678884
29579.068804701976,0.14472319646314694
29662.42610352493,0.14133695886285683
29744.936612576064,0.14270144044180075
29828.32649962035,0.14055836850192124
29912.32304461274,0.14223452124262836
29994.885871978684,0.139779230148142
30078.355025445293,0.14230709832921354
30162.339818089946,0.14250228863684997
30246.342209704264,0.14437290080632142
30329.081413015952,0.14252289538387788
30412.08314161554,0.14222342133616295
30495.23029307731,0.14223545411827654
30579.619298023314,0.14026965825604498
30662.574236506818,0.14214655053103464
30745.52029426687,0.14217076027620482
30828.446824740957,0.1407438597188806
30910.950411652946,0.1443484263407382
30993.41451827453,0.14143827040149123
31076.49946178687,0.14189683928313393
31161.05537480064,0.1451518889485773
31245.755886470663,0.14194681904330067
31331.491449485708,0.1432931734614553
31416.072870098353,0.14114559473209684
31499.75947687642,0.14469067486277018
31583.004052228727,0.1415135156698128
31666.503077116304,0.14027803026318203
31750.432296315186,0.14140911926475497
31834.174274649227,0.14058844008767757
31917.38062503978,0.14400897576965127
32002.145579268294,0.1425796327125606
32085.808387425226,0.14332803076964706
32170.69100555836,0.1424415927738087
32255.921927649564,0.14392577282714197
32340.4817108203,0.14051235197863324
32424.638477131637,0.1413525335422644
32510.26115342764,0.14244461712770473
32595.154054054055,0.14095081014698066
32680.177136317398,0.14474835600708197
32766.641510643756,0.14237547730308536
32853.818764935226,0.1403478514276998
32940.479933643845,0.14274381854560203
33026.2426597032,0.14395727667149277
33113.43785058644,0.14073410733314334
33199.70217087724,0.14307305791714353
33287.33093887839,0.1430862040943731
33373.636700057425,0.13937857690674507
33459.490980942064,0.14263796065944562
33545.11094955114,0.14320707723071782
33631.235576001534,0.14034314058133046
33718.95066246057,0.14302998240091233
33805.9542375048,0.13759153928712434
33894.12020508925,0.1382256892664494
33982.38562714449,0.1384936790116904
34070.14290254911,0.1414674835470682
34157.32470157267,0.13958547930847626
34243.021539842295,0.14083297151744575
34328.899955648485,0.14045078045617268
34415.61804405959,0.1379227861689825
34501.52457466919,0.14038619630601756
34587.97461474519,0.1410538607720424
34674.769563557704,0.14175303795952995
34762.05727485602,0.14201870354475132
34849.69489383215,0.1399587337443685
34936.94983320503,0.14065779749889049
35023.849977835474,0.13963146864931544
35112.60573091277,0.13764074044356586
35200.327978155954,0.14080097518754606
35286.685574948664,0.13427007305042932
35372.820537184845,0.13577315562588663
35459.8578019339,0.13752728301170652
35547.74291677207,0.13930807217834681
35637.22713395242,0.13804480955481188
35725.41324317428,0.1387572134289527
35811.4125254842,0.140138324625809
35897.90631144941,0.13707775809877187
35984.51144746884,0.1382513038509796
36073.3492184039,0.13695841553746435
36160.79694170118,0.13866873655466097
36248.32147395171,0.13863154118178034
36336.07680131696,0.13881223063960105
36424.50987591795,0.14052166654727213
36513.3305490021,0.13913862701073948
36601.65805837564,0.13921763692260314
36689.32487730257,0.14022877573366063
36778.05944100164,0.1407917409613313
36866.53503347147,0.1401587900769776
36956.13836838751,0.13911812825590453
37045.05629601422,0.14286266787680618
37133.25974191088,0.1427535530890893
37222.44435951334,0.14445923210758507
37312.198848174165,0.14050056582982579
37401.7842679619,0.14456209820627
37491.59503081909,0.13970138613445493
37580.96156289708,0.14218517091876517
37671.46982648635,0.1398116381082104
37760.12239699421,0.14066930565996547
37849.09787585856,0.14087221119525994
37939.62073971219,0.14119567656948873
38030.57129217059,0.14311809549158216
38120.92112443683,0.14198257290031993
38211.866155321186,0.14065735289945894
38302.07964151783,0.1419921483710796
38391.71103094741,0.14113081880004474
38480.565997955535,0.14084581469346655
38569.77794638341,0.1405749032131943
38659.45409429281,0.14082678224078757
38749.86639752728,0.14305377425913443
38840.44935461308,0.1432906525195432
38930.62115997451,0.14402056643181121
39021.18841688991,0.140946019029887
39113.40702947846,0.14239119925716948
39206.1400216989,0.14068442291496772
39298.12171701113,0.1446623039827912
39390.776366753445,0.1425978823475498
39482.40789973414,0.1424008477577611
39573.793570652524,0.14397624773041334
39665.50330958835,0.14235546902653382
39757.40443248783,0.1429489498807763
39849.25179171687,0.14179088987146718
39942.91636386817,0.14487351526992087
40036.81826831589,0.14028315900959012
40129.41364876007,0.1456638292501387
40222.6686712667,0.14065209715824104
40316.777037319116,0.1430227468460311
40412.11388535032,0.14033071801784505
40506.30343024738,0.14320678638482534
40601.77875157629,0.14502067698243887
40698.374808771034,0.14591527598368306
40793.76516733093,0.14357966394505142
40889.26873368562,0.14320815920094
40982.713425456386,0.14376881977207565
41076.721909753294,0.14412348407302591
41171.47081933971,0.14517265521864245
41265.097105986075,0.14496704944300268
41359.494600431964,0.14328087689817923
41453.60029033072,0.14284353357773155
41548.76223597728,0.14603129312996682
41642.073524731044,0.14393100921637245
41735.46660735845,0.1445778311610495
41829.375292999684,0.14502447430281548
41923.36012922843,0.14553761045103164
42018.67537076942,0.14442352408102227
42113.850515134065,0.14547347462768112
42210.09396649452,0.1462305659785733
42306.07134630151,0.1496958279640422
42402.72756613087,0.1457551364282541
42499.616022451846,0.14719025101551808
42597.555724321246,0.14381450212227315
42695.844104525175,0.14536045894504382
42793.89497659117,0.1431887949462956
42891.948801326194,0.14591734102533627
42989.556199083505,0.14517876496238274
43088.16658243841,0.14417616834053718
43185.41515808261,0.14385549932423652
43282.01623335447,0.14594099298715726
43380.16925121843,0.1476585731780555
43478.840456749174,0.14788866644672444
43577.983320649415,0.14804884759746778
43676.71830538618,0.14862710414799496
43776.72209101934,0.15108345028472522
43875.83106490233,0.14884337214281146
43975.135606156975,0.14728679703903189
44075.94790278571,0.14613684748308878
44176.739803094235,0.14947679651459173
44277.0881738139,0.14568312090322533
44376.84852546917,0.14916339324886066
44477.249462637505,0.14752452278318037
44576.70352144181,0.14694711353377354
44674.461665397306,0.14726280367824193
44775.29757213678,0.14774796253366443
44877.226978280196,0.14672912891675535
44979.108818487715,0.1528249097051017
45082.18045540797,0.1488721982675971
45184.08158094755,0.15314016117635745
45285.67136776571,0.14804657527427542
45388.70786948177,0.14954810056973109
45490.97381042534,0.14713640244106568
45593.83377743941,0.14693476211802908
45696.68455605838,0.14796979066319924
45798.6536925515,0.1475055742054719
45901.116725071675,0.15008605097041985
46002.42696200115,0.1496510178221265
46105.15231158961,0.15207670442640972
46208.005746025665,0.14900466384408811
46311.35877717046,0.15025877757822198
46413.678365171036,0.14968477589398074
46516.452175019076,0.1517888310807601
