D,r2
132.07326814488363,0.7241504035349277
179.73949143746756,0.7019491312898138
231.11883195890226,0.6866974275124703
283.71119842829074,0.675121796336828
337.6290538729563,0.6656014580164228
393.2571504589597,0.652550517492306
448.2529541082715,0.636990057277185
505.9666536914493,0.6303948044825468
564.4381289094371,0.6295802242772102
622.2884114583334,0.6158192222607518
680.9862976529644,0.6022250910319326
740.4317729744066,0.5983325695896657
800.88311175464,0.5879024872479567
862.3886787354769,0.5868148186237948
925.1962228770426,0.5778918627879098
988.4249017038007,0.5666809841475181
1053.744785439086,0.5601133403830989
1118.686065352417,0.5560562782523674
1184.1611920529801,0.5452521733894089
1250.0059586864406,0.5482057609128786
1314.764777001612,0.5499150224395005
1381.2746535181236,0.5360586150062208
1448.10509383378,0.5337014734178134
1515.8532194480947,0.5322321284273578
1583.7141459323454,0.5149914532468519
1651.425220750552,0.5132014662437698
1719.6004109589041,0.5112711555994114
1786.8942065491183,0.5112171842716668
1854.521965238812,0.49704720505570293
1922.9419418019027,0.5092686984289012
1990.6702420242025,0.49986437949546714
2060.044782308224,0.4951960882973124
2130.365195739383,0.49069804858998345
2200.9733961479837,0.48565552007461066
2273.494918978303,0.48172030008882555
2348.905584180476,0.4836507820199556
2422.050213822596,0.4840176336074107
2494.2664450907077,0.46980117730711846
2565.8520864894645,0.469250483419628
2639.0426559911652,0.46251410256392766
2713.166851287732,0.462756313193939
2787.642350979575,0.4583386874798675
2861.1637370242215,0.4552834040458774
2937.321413892314,0.45100137639578086
3013.879417879418,0.4540180826464574
3088.2034487553888,0.4405315900924996
3164.5032967032967,0.44489320680701566
3240.30869324474,0.4400437845863989
3317.417024221453,0.4424556678582789
3396.4355506486336,0.4331523256895082
3476.434644582471,0.4351388724213535
3555.67813680235,0.4325780299091944
3633.468143663135,0.4316447117813775
3712.309088390136,0.4304669345558309
3792.896030765005,0.43370320688635755
3872.9251794588627,0.42980626202371536
3953.6536959553696,0.42169834701613723
4033.4850859106527,0.42822851057725003
4115.205776173285,0.41622352253777817
4195.332042058661,0.4170878846341178
4277.684130913091,0.4145568269423701
4360.252046053544,0.41286221022032327
4440.512255920233,0.4123318378037589
4522.640293750866,0.413308130469264
4605.175941306756,0.4154126768841096
4688.2062068965515,0.4112204550276364
4770.154565456545,0.41264801653345773
4853.3486213107935,0.41669558811544927
4937.650683985076,0.4067810947175691
5021.197364771151,0.4107030054881556
5104.963661390227,0.40188589302596955
5188.166643617757,0.4050920914350678
5272.161084970939,0.40822988041058994
5355.189831445151,0.40177359310628424
5439.502842090669,0.4004492381674569
5526.552993471316,0.4009312726499364
5612.139692648484,0.40505139477243896
5697.498753807809,0.4076820759222811
5783.580986399231,0.3975257803214137
5868.963132999444,0.39594315453453643
5955.133406382687,0.38411691861400205
6041.186935371786,0.39417293642619466
6126.333009708738,0.3915384105321308
6212.310125707971,0.38806150992215815
6298.339086014083,0.3938005740421104
6385.489894795127,0.3836279802069074
6472.670567180617,0.38862624402753004
6559.059596238938,0.387933498010284
6645.981097984712,0.38513033992441575
6733.498829684703,0.38326977025820075
6820.0184254606365,0.39167707893041664
6905.4154948993655,0.3973852322379285
6992.3021264843965,0.3910472563317555
7082.023487151147,0.38728379829907633
7171.211275390355,0.3852879414333551
7261.5669704501515,0.38796213609637215
7350.421264208483,0.3860043693724292
7439.269405763132,0.3815185654500931
7528.110417533639,0.38212830330728265
7615.814845474613,0.38836801814648647
7704.189973614776,0.3906799285587951
7791.563663953649,0.39072454453605854
7880.2184163084175,0.3883910752522061
7969.37544679681,0.38960264391886207
8060.988647376436,0.3795431990737856
8151.6350618657025,0.384089356284442
8239.876031920749,0.38553368774434027
8329.157698160188,0.3878503122114487
8419.281267370761,0.39025323526560873
8510.14950166113,0.38655522233933237
8601.00744314266,0.3914846948642531
8692.802229562345,0.3916889803038667
8783.462957824639,0.3948446962301397
8872.777331857182,0.3971787991658204
8963.282054813386,0.3903743685291229
9051.336430453473,0.39416833219344233
9142.065860030249,0.40076045458831505
9230.98417545808,0.38921056424748207
9321.398094449047,0.390148956448138
9412.118045008974,0.3973162906715821
9502.8058347292,0.3940459121482193
9593.67224681793,0.3900805615437248
9684.065488423072,0.3842174222142687
9776.088941307062,0.38488377053605494
9866.279684472738,0.39726260091261706
9957.988373702423,0.398152293298524
10049.97634200332,0.39205328923024596
10141.076667589261,0.39491256884347264
10231.138131487889,0.39687314418033415
10322.511538461538,0.39954783509763137
10413.246308163834,0.4006368880318283
10502.219340598704,0.40161149267189933
10594.657138892742,0.3999993398479471
10684.877635386523,0.4032925765016751
10775.228587242285,0.406951449894517
10864.953391593841,0.40435421508068803
10956.841988950277,0.4113531063321266
11048.710500896923,0.4113632082253788
11140.448622589533,0.415326806256261
11231.783052718742,0.4086714456255012
11321.499860413178,0.39987546866044266
11415.037938144329,0.40586744211792314
11508.034053156147,0.41015771210985075
11601.229576294656,0.40310482394575387
11693.778529980658,0.40456533689624224
11784.814589665653,0.40060016208264837
11876.093039283252,0.4102677076924136
11968.496172581768,0.4019362789355374
12059.631600660066,0.40213004869417357
12152.28074310273,0.4025819380440532
12244.819461697723,0.4045875705231674
12336.613838047699,0.3975606740819002
12426.481955922865,0.4066838564746162
12513.425128134091,0.4004284482017762
12603.45012468828,0.4056035984107078
12692.955020192174,0.40450414471667145
12784.651982983394,0.40087280608868836
12874.968300110742,0.405815675527495
12965.702680298426,0.4038506521656203
13056.525230303863,0.39352375850522947
13145.462484281123,0.39458382076618786
13234.544656331458,0.4020804457490709
13324.94736109177,0.3991744565540186
13415.27727021041,0.3972996092758792
13504.700770077008,0.40228317785442436
13596.270735739874,0.39858414970123035
13686.813815060908,0.3990538244834029
13776.16140253235,0.4025258560820995
13865.01433494142,0.4015278145936318
13957.566160220995,0.3981830192484147
14050.029379310345,0.4008827842185823
14141.624409229913,0.40238823292602194
14233.15652054418,0.4030523159937142
14322.737513873473,0.4115693893260633
14413.181592383055,0.4067968003210293
14503.134931697798,0.397648642964315
14592.693883161512,0.4013956025070556
14683.077981651377,0.3972147622187139
14773.303414096916,0.3867112691056265
14865.625847516258,0.38473548165590665
14957.724171137708,0.3838389895124466
15050.350104529616,0.3899928314134751
15140.86958316137,0.39064813227332784
15231.520105746487,0.38907125181815877
15321.886032444323,0.3863653129490298
15414.782415136338,0.3885578125857308
15506.518462594371,0.3883119935337222
15599.873300027755,0.39182307496242386
15693.614139457664,0.38837236670359093
15786.590589209329,0.3832225258018655
15879.246312273866,0.3862348830693063
15974.203185063152,0.37374519019758595
16069.695441319107,0.37746019624955995
16164.043742238167,0.3798894958198897
16258.897913769124,0.3829442185120001
16353.788122658527,0.3846897590193029
16448.93780821918,0.37123104816311026
16545.872600834493,0.37260367785604276
16641.312741846323,0.3830728317232115
16736.47619706615,0.37956885026314047
16833.10886319846,0.38325461340070194
16932.67634393666,0.38382253960086715
17030.54798676227,0.3840583027355514
17127.590827462358,0.3809085400021367
17226.108795331387,0.38317635518475834
17323.63343918266,0.3843813581171516
17421.098161205584,0.3855688977115779
17519.74434950386,0.3819384431030243
17619.897563676634,0.3878529101381218
17718.498619165977,0.3731377356854509
17817.289397490695,0.37696160060292494
17917.105556329203,0.3719487792400216
18015.703092783504,0.37622393862217535
18113.86001664817,0.37848029891129686
18213.40563302499,0.3760115529020522
18312.8235864745,0.38109343451134503
18412.466546613105,0.3847695716634601
18512.530328094843,0.37806930355984175
18612.435047830306,0.3777637382141031
18714.63775299463,0.3764286554110577
18817.0613998614,0.37277328982430247
18918.542671997795,0.3764137049322574
19019.204491889643,0.37113533348602834
19120.523921136082,0.3694724762107498
19219.997367327145,0.36575887189651146
19319.02922755741,0.36916104585518855
19418.659901261657,0.3692837382673119
19518.791499376992,0.3745856622150718
19618.566828591254,0.3716386992188745
19717.065472088216,0.3723343243192996
19816.062317834836,0.3662589221310805
19915.712391214256,0.36628369613124173
20014.79589572934,0.37078009386604777
20113.378333563633,0.37502422731394514
20211.915349732033,0.3764491260989183
20310.836492890994,0.3739419119983699
20408.541012936967,0.3715882053039677
20507.739106377092,0.37086846104774834
20607.899029126213,0.37511693179014977
20706.572860870758,0.3825705896714277
20803.259644740494,0.38521408805809054
20901.589280793607,0.3811669485488009
20998.730481727576,0.3867414546388333
21094.343040267522,0.38614948097735213
21187.621420704847,0.3872848434501096
21281.63974465723,0.38175013838055855
21377.485797021513,0.3839883351121438
21473.789133425034,0.3825761907306275
21569.591324833702,0.3850182822443602
21664.077209944753,0.38381008371420544
21761.121245828697,0.3866299681069822
21856.540180430256,0.385240740462634
21951.91782902914,0.38629172344116214
22046.40035635965,0.3932684275510618
22143.30079155673,0.3916247635055776
22240.055287467254,0.391748274661722
22337.244095582108,0.38038928201511607
22434.36226258145,0.384028951065676
22529.84326923077,0.3807569489229499
22626.38712802768,0.3834524666043627
22722.289641766176,0.39051406353751944
22817.751854905193,0.389924074365256
22913.40914127424,0.38809996799990243
23010.566680631197,0.38794237729909287
23108.63501646542,0.3867521289153353
23207.55002069822,0.37732608178614396
23305.899944413562,0.3775015178800686
23402.953254274682,0.3819015718258353
23498.7982224691,0.38537250807041734
23596.59804056851,0.38596751294330384
23693.672,0.3865027483900083
23791.292314095448,0.38984377998476705
23890.360985004816,0.3941155847084261
24049.788667208704,0.3941584058336017
24266.517168318067,0.3932080208558596
24485.189406199428,0.39228471784971736
24705.380696716195,0.39261571589602845
24930.170536828962,0.39190026325914
25153.678014715053,0.3945542605481528
25377.135294849464,0.39912217121522275
25594.90269797652,0.4046346660517734
25816.11235744999,0.4080662230633554
26037.98212840152,0.40662817082683383
26258.1180625,0.4039395242806876
26479.979991273452,0.4015183779656303
26701.27794712286,0.40123561321744605
26923.877270740995,0.4091168012714645
27146.689519650656,0.4049514521028997
27371.862840406306,0.40594675512310135
27597.39587358973,0.40090504457423193
27821.603399787513,0.4068388188211244
28044.123164966408,0.4020062963336885
28271.5029002682,0.4039169324137905
28500.629703463743,0.4026820479816851
28728.141095122406,0.4033371959728798
28955.82073934837,0.3955091791483611
29183.204631762437,0.4065424214279526
29413.071678103555,0.4094541166362669
29648.47169341794,0.4042903113895945
29887.65109034268,0.4060581618828377
30124.771571383943,0.4018133674399354
30366.947159020267,0.40374894891127555
30613.16524946855,0.39823468085542807
30856.250140563505,0.39360752359338136
31099.934712185397,0.39285434260974295
31344.41849011907,0.3917106240798306
31588.76919726198,0.39687354530180485
31837.743086696562,0.3939613078335043
32083.873040654467,0.38792407958991043
32329.467061021172,0.3877393659995438
32577.19986289418,0.3859522233531585
32827.92313465507,0.3805509426812445
33075.79628127535,0.3818105392309999
33322.63088711687,0.37814064438422695
33571.76860740556,0.3729259417257831
33823.97673838479,0.378197043075009
34076.12040383896,0.38097854038000784
34328.65995009358,0.38785497951271364
34581.00149775337,0.378344310710226
34833.35075696218,0.38826156850934446
35084.49197661401,0.3867402810940575
35331.32260885862,0.3902985537349639
35579.96638864683,0.3908258380129544
35830.10365929811,0.3993946473883431
36080.29771467713,0.3961086690674123
36328.28170510657,0.39441887438416434
36570.31885138915,0.39590468104881466
36811.38357191974,0.3900831790149415
37052.5061982184,0.3926755627458711
37296.14040668662,0.39334941381110317
37542.943776850756,0.3958702535530269
37791.56544502618,0.39414742889621623
38038.90807105017,0.39087588011070995
38283.88915948545,0.39154518947208494
38529.06540018686,0.3938376025034008
38779.39458885279,0.38487183990931495
39029.19499439671,0.38879646108294397
39275.156267566046,0.38300090930344
39521.33948615615,0.3782835573427079
39771.86597230884,0.3793238387423067
40024.109409054116,0.38669629846541637
40277.498284145506,0.38541627837474907
40525.938240059826,0.38506903559657624
40777.70742194803,0.38240061811071163
41033.983539094654,0.37677119351249455
41291.321486469635,0.37551945887095517
41546.065892924,0.37521758820538
41800.438993946205,0.38159721753411635
42054.972109817594,0.3811801249181327
42305.47585820198,0.3779830519376674
42558.77242110515,0.37443407973177034
42811.52183965506,0.3783085308909821
43065.023818431226,0.36730339620957947
43322.00031125498,0.36637880012596663
43583.975414950706,0.3690742139743079
43849.36032161556,0.3651930707125538
44113.75478304364,0.36844739088320466
44376.55356921167,0.3677667401767171
44643.157543224515,0.36573436072294874
44909.83538144844,0.36793789806191357
45179.316246253744,0.37704064298527856
45447.36130521587,0.37115292800267224
45713.29744196178,0.36793215211067815
45977.230073029146,0.3717502117674546
46243.36824071767,0.37301578443690786
46509.74358015457,0.37524251048891966
46772.99275045309,0.37671002366136636
47035.04884718166,0.37228489545710436
47304.534707430146,0.3690786190109039
47569.38652020108,0.3776811388259414
47834.738951310865,0.3763397804604357
48097.79418177288,0.38066945274580066
48361.2865887938,0.3845219612491221
48621.49255405321,0.38624054956770665
48883.2965599051,0.39254942381768454
49143.74177293935,0.3870170044555891
49403.67803904447,0.3833822213605551
49661.738127968005,0.3882088472408506
49925.484043545875,0.3881677434424309
50191.86004360012,0.3882468428637131
50456.97149806661,0.38791302613210477
50720.72082708646,0.3890191028749499
50986.770958083835,0.38571204418541993
51253.53480126889,0.3949194563829189
51528.27448284482,0.391164361625315
51799.571775398406,0.3888208632265104
52074.019281168104,0.3891920012759029
52343.6848110737,0.39121827478647186
52612.36724256221,0.38934466649222743
52882.38390517779,0.3863705891392321
53156.88663462138,0.38355107835118646
53434.99415677255,0.3853111329237594
53707.983803389405,0.3924474171628985
53978.931598929485,0.40071852843434197
54254.83733100742,0.39401063959389526
54531.854178351095,0.39390625488921627
54810.73440229598,0.3936978572182027
55091.820648783534,0.40050634409732744
55371.85749922045,0.4030525630358488
55653.350645302075,0.39172689216633766
55937.41496938648,0.3913106512595448
56225.56276814027,0.3885662250189178
56519.30292792793,0.393232320925463
56811.976066144474,0.3913093735150864
57101.22628101234,0.3786202172824303
57390.43681027496,0.38280614181373723
57682.14446037783,0.3897777590887077
57971.49304819502,0.3902784149092779
58261.946453060715,0.3894257095014518
58548.69024451098,0.39422498770874165
58835.77892303848,0.3943578035144658
59125.01135371179,0.3942129828613698
59413.726153463496,0.3924051274230001
59702.815041157395,0.39041575280762
59986.96602123672,0.39496741531481083
60273.27363370101,0.3911837851011306
60558.22198678798,0.3893151332637562
60844.14429383472,0.3893808000036445
61126.76473880597,0.3922673937931357
61409.620864027966,0.39370973902057727
61695.67488942877,0.3960642328021264
61979.83477989385,0.39817906869359243
62256.43448189918,0.3998487417679329
62535.196982919835,0.39935703397961375
62812.124071183265,0.391289063214533
63093.01464630726,0.386818141946623
63370.87078476594,0.38598781333167687
63646.80135749424,0.39038913939711867
63931.571063458425,0.39156575093963075
64218.37912978431,0.38667176498381395
64509.40536149472,0.38749451345676017
64809.11745238839,0.3888113425486135
65115.72822710896,0.3917502163743964
65424.04042234162,0.3813782779987962
65728.36278547361,0.3867373380882827
66025.82466401195,0.39262261629457834
66318.51653356626,0.3982438514561771
66608.10543071161,0.40124053038984314
66898.20780190382,0.40025300245446643
67192.41110417966,0.3860884250738582
67482.93863537049,0.39234731587866656
67773.53542963885,0.39609479899295263
68072.11137455543,0.39044593495976787
68374.03659372857,0.38649918987141013
68682.65455112219,0.37811220245056204
68996.17257712682,0.3841457442538618
69308.92572463768,0.3768343292695626
69614.12399626517,0.3799843613643001
69925.6860552293,0.37932326826846235
70241.05108262817,0.3757872162546847
70552.06163828062,0.37177993380382607
70859.20300704973,0.36390274817524615
71170.24343213729,0.37043862071953476
71482.5337694704,0.37466786111252437
71801.21159600998,0.37208321333338296
72117.4418155781,0.3756377542623127
72427.22239541118,0.3848671106176476
72738.56173109349,0.3868334224018048
73051.7728578566,0.3926807122732982
73363.93956386292,0.39338282707235345
73672.46859782745,0.3998061183134915
73978.99030393436,0.39529886088479693
74291.78448006987,0.4026525725169384
74605.4535218316,0.405383974849225
74915.27859273992,0.39472989257497476
75223.3845384038,0.3876210939914327
75526.0062904833,0.3908385718359536
75832.75895968144,0.3873521547581306
76140.31140679661,0.38962675351155474
76443.68047152748,0.38975124625406127
76751.7895457374,0.3889388637021945
77061.4237774451,0.3888968942489193
77364.5776753457,0.390765949357492
77673.70495594025,0.3920164075324311
77977.9033364515,0.39017683800026026
78283.81249611439,0.39469027343081736
78593.16329588015,0.39123321143869744
78903.28109794136,0.39577613946798357
79216.76246809041,0.39805282057266084
79535.91743176566,0.40052266732824715
79857.82420659614,0.3942890601973639
80183.69003690037,0.39871289082489947
80515.79101598955,0.397798200284501
80849.45169549741,0.3968666549653486
81188.38926926428,0.39324449693057867
81523.98347262068,0.3860458049477913
81865.50817829941,0.3876270746934855
82204.97632841213,0.3880373357439899
82533.22971962616,0.3919077049876961
82854.36643985267,0.38966633330748746
83175.92333104782,0.39188056018490186
83494.91495327103,0.3852958907273469
83808.95510458945,0.38784184702011526
84118.8160697602,0.3831295515087449
84437.19028037383,0.39019984083820924
84758.33841253982,0.3967504603790816
85079.50990284006,0.39199554145137383
85393.13604847273,0.3872608838052296
85705.91007597459,0.38102533312617065
86016.4769845731,0.3900308790673042
86332.10568245473,0.37926540737206804
86640.43632958802,0.3792009748008221
86945.05075445816,0.3800676403211562
87254.14616533865,0.37527389959110197
87560.15135842473,0.3765869468880664
87861.87636022514,0.37265375703959963
88165.5168616227,0.3801091497153889
88464.9454670244,0.3777119944852534
88770.20047405189,0.3812736193157089
89077.95926896208,0.3704167476503659
89385.39240585123,0.36801959821376456
89697.76606764008,0.3657708831848191
90005.4416297498,0.3723596609266346
90307.37522564581,0.3642427702547334
90610.25838633245,0.36974081895635086
90914.72151503807,0.3724328404225293
91215.85233435142,0.36945069741760245
91523.23129804387,0.3668906165398034
91827.56846240179,0.3665323746470986
92130.92443890274,0.36918264952189095
92436.77202910266,0.36302586092294914
92750.77865070458,0.3651442857047721
93067.79400187441,0.3669979662248823
93389.05936527692,0.3623771912688593
93720.54608999564,0.36821627284195957
94052.80731539855,0.3624911762571879
94381.99284247214,0.36664365296217094
94713.1600424284,0.36961786996720564
95041.00205941088,0.37384768520978656
95362.40962353528,0.3794273264409199
95682.59834278238,0.37874513980178015
96005.76545136722,0.3746700541995402
96323.3751792953,0.36953919157210585
96636.76177440428,0.37225268637565967
96947.13017160687,0.3762503421236271
97251.88006482982,0.3751868661541766
97557.53929285357,0.3784288778406159
97870.61776422258,0.37342292580673986
98185.3791895948,0.3656648475498202
98496.61118707272,0.35915319082168706
98809.58700275206,0.36074363581728913
99117.61703320665,0.3583043697328238
99428.98112267148,0.3560945025594612
99740.74150591163,0.35520633564807746
100052.61891672394,0.35440186454104095
100364.83821417422,0.3514423370487786
100675.54361080004,0.3533450859757799
100984.93677121655,0.3530162832109638
101293.41154469518,0.35787685691250415
101605.52372627372,0.3562489798044581
101920.5610837131,0.3488492450567467
102246.00130556419,0.3453032546998051
102576.58308345827,0.35356734523679134
102900.91751482985,0.35495881859666933
103227.17948399129,0.35038174326072324
103559.4962570181,0.3455418456760522
103897.36404956105,0.34987755693270245
104232.9719847757,0.34963285020700663
104571.5302633221,0.34756450821294965
104905.65980538922,0.35029294438731085
105243.8906542056,0.34705202126017426
105579.85561030376,0.35486131593129366
105919.55476679743,0.35615441511321544
106258.69356754392,0.3566946142797131
106589.47500778089,0.3545045838336943
106920.05656136846,0.36021910384133543
107262.80531636091,0.3615509349721023
107605.74506384305,0.3642917930114142
107937.87407222604,0.36197542042143666
108274.66602304578,0.36106787150471215
108606.71686709452,0.36430575205767957
108933.54900860456,0.3728081486896651
109253.84126092384,0.3566117354868272
109568.85785691971,0.3680238385105869
109879.44144368389,0.36730557622573584
110195.98390718563,0.3672254052629343
110521.24637500777,0.36200696582363434
110845.17720808383,0.3632471289235555
111169.66060492439,0.3666426059552747
111496.19289719626,0.3708414545393485
111826.6243600949,0.3718518964333164
112158.15519064502,0.3608098617613665
112500.30215872223,0.3587871056699365
112839.15503246753,0.3646806560514127
113174.46187838426,0.3588819885027395
113507.96597152847,0.35704029513506186
113843.1735794923,0.35846351335130233
114182.40890410959,0.3613149750517451
114519.30085352938,0.3663895674823486
114854.2449806709,0.3578307897843779
115184.17179872324,0.35581520502774605
115518.53458455038,0.3545998198538529
115852.95375397865,0.3573613790072454
116184.28305295951,0.34503286179861775
116518.04283042395,0.34673189714426944
116849.02509833302,0.3424499526720347
117188.43314007854,0.34739970220932287
117529.61516888945,0.33845592765944343
117869.77827631333,0.3426715821082977
118209.43800724186,0.34640494705728153
118555.12942057007,0.35100814685040155
118900.88548858618,0.35651599237369863
119251.6266800025,0.36050000970756646
119603.30272829201,0.35138779225292116
119958.08342152773,0.3571353872668543
120316.14017115373,0.35296874071677553
120679.94890965732,0.3543412019098788
121037.94479062811,0.3466900950259779
121391.715686887,0.3590580139968944
121743.82692068236,0.36245984418187543
122102.26879640606,0.3707525399989567
122457.8496943994,0.3728174035146123
122811.89663986035,0.37137823269782305
123156.47102081515,0.3663318642413729
123500.19035437984,0.3736805589366025
123846.7017926055,0.37148414308459093
124198.62891430715,0.371223868570354
124552.73898431666,0.37378655494249935
124905.45016518107,0.3687400267374518
125256.81939068547,0.3682022184975244
125602.34393712576,0.3732397389778162
125950.14964118565,0.36743438447049337
126293.24688589935,0.36237364316510096
126631.84830127405,0.3633796432785101
126971.42345540608,0.36915632009572363
127306.57779992525,0.36996917358238063
127647.80426115126,0.36796535784664547
127991.3955228534,0.366034528364077
128332.6113812017,0.36322489016178866
128675.86540023745,0.36765407740648676
129026.4465674986,0.3730675601144347
129378.52022689024,0.3647691274958323
129733.9133720567,0.3605624272790521
130078.27198453287,0.36608546156001637
130423.73375653473,0.35675832996560874
130771.44278855147,0.352523950797078
131119.77944298738,0.3512283905247481
131479.17562768675,0.35393415602975553
131830.90139436003,0.35581907977063537
132173.34021387715,0.3607342415631716
132520.79790419163,0.36492419143223964
132866.02108546474,0.3659775569266049
133212.32200959921,0.36596867202939537
133555.08242477104,0.3582614951931023
133888.39112551414,0.3567046268637299
134219.37625,0.3534189206735751
134556.13399302962,0.36208315476782804
134894.15743057293,0.36351510010316995
135239.43850800174,0.368623235633849
135594.28345476056,0.3700883301202901
135946.1419579984,0.3685237931578713
136291.1262566344,0.36141840336730763
136640.373310916,0.3586343997770391
136991.70894359614,0.36355918201651705
137333.8105309127,0.3638518604385548
137672.72008987083,0.36735766017450355
138008.84099270438,0.3658801068565149
138342.15582554517,0.3716739047329761
138665.96494845362,0.36543590730167214
138985.77337322364,0.37241147807191977
139313.32566096424,0.3639204655769344
139630.1685632112,0.36653321338395467
139944.16214868822,0.3640452337612617
140253.22841312332,0.3721247952001695
140558.0003739716,0.3710587510295673
140857.37098283932,0.3715493999536573
141160.1414317785,0.3723062902689205
141461.17610062895,0.38035209896611
141763.70065008127,0.37071576280662294
142063.37507780406,0.37756089985808056
142362.69748109256,0.37084519242888425
142655.1092154421,0.37376468089360393
142951.88347880298,0.3725284221603589
143253.22472609562,0.3716815992554663
143559.43922376138,0.3661455457479652
143868.52114520958,0.37587980877911653
144184.12966772646,0.3774556438613662
144500.0250296486,0.37523959338937285
144820.84637952558,0.3746452655241678
145145.7932641521,0.3748036493414679
145470.137361267,0.37809613174441997
145796.25118809406,0.3843529774605674
146127.3962605173,0.38343282611222945
146457.74163963064,0.38761681140996673
146782.53412905632,0.3842243800303027
147100.6138848966,0.38886133547635987
147422.3456405139,0.3907749225312243
147744.45327102803,0.3792233156006501
148072.09942650542,0.37390500606088395
148397.39380337883,0.3788488803418926
148718.97028714107,0.3699608357466936
149037.65807538692,0.3776520139082698
149348.78138231632,0.37689072687971786
149656.7623170352,0.38057937199403974
149966.80452533814,0.37316961798074266
150275.53313328332,0.37997054011650605
150587.8775294191,0.377767034021008
150906.192951871,0.3830151862883295
151216.8051381181,0.3762983846418973
151529.34863531322,0.3724523367853941
151831.4843779233,0.3696368183113407
152130.06248830684,0.3798491781553554
152435.07825545172,0.3747926585384728
152738.80068664168,0.3745025188455633
153042.01565521111,0.37205441792346794
153347.1703837528,0.3771012664181339
153658.97786783043,0.37294735261362677
153968.77137511692,0.36626409301252405
154275.59702982655,0.37032374904484266
154578.50883194426,0.36978693259283957
154883.38229602348,0.37762024234341324
155187.45910421727,0.3812407092904016
155489.84823932688,0.38265395237293154
155798.80555729003,0.37486784706186144
156107.65781766063,0.36742144121047277
156418.56059943803,0.36582918907777057
156731.645390513,0.3679217909971313
157042.18241771916,0.3737997942175038
157353.13747892863,0.37153295334469794
157666.18695380774,0.3760209123681345
157980.35547800074,0.37974602838783295
158291.9517959591,0.3841703083616672
158605.2841849754,0.3905977555546676
158922.55145546343,0.38635975051547616
159234.5070589705,0.3904904589154353
159548.25338069422,0.38784622796016566
159857.83923671738,0.3858931383120568
160169.6157540227,0.37865626902621585
160484.69861819994,0.382352163273999
160804.8757965763,0.38401446734173483
161126.01900785242,0.37980448625785984
161440.7769264312,0.3828875997328927
161746.17219658225,0.3805823584371272
162051.93726247587,0.3781824605056803
162363.80322641155,0.37541217573094754
162678.09606633004,0.3792021955672225
162998.9226884469,0.3793287435889975
163318.52428998504,0.37882038920526434
163635.00212155248,0.37251418657274993
163945.56166002987,0.37237741156762916
164269.1426429241,0.3664237786501853
164592.79864182917,0.3685964518988586
164925.86736920872,0.3609577599806774
165256.13529375038,0.3632077952542859
165586.00392964072,0.357606210202569
165921.72823580733,0.3595957167474678
166248.25804844635,0.36115182037960214
166573.308042678,0.3660904212256182
166894.45561797754,0.36452354259119774
167217.9723052029,0.36088963006609365
167540.6658958815,0.3598598536282826
167858.51272478377,0.35482155859617953
168173.7015455565,0.35873040312405857
168484.7569539728,0.35439455315953383
168791.1591660945,0.3605165115980125
169100.71865462474,0.35564027760922706
169414.51230299633,0.35942601394918944
169723.0084396099,0.3649117241148538
170029.92402144102,0.3627968862530048
170340.1644151155,0.36285107255884747
170656.04713153132,0.36108702535372705
170975.64118564743,0.36316244424413385
171288.2494396015,0.35898374418880546
171594.9052073589,0.36115691506194725
171908.11377394994,0.36929315204428126
172224.15724524774,0.36943195786814736
172537.04432513422,0.36765780752059574
172840.11819653754,0.3714447962452919
173142.06216064407,0.3754970978806434
173449.86558905814,0.36200409242270215
173755.0682583219,0.36088391868055547
174061.21124212365,0.35509545955662486
