D,r2
115.32225823878984,0.39244579462172957
158.91463251967454,0.3570528386591885
204.3041237113402,0.3406305282325193
250.41757222369466,0.3256774495880374
300.0331735130232,0.3056384609973608
349.7183915987288,0.2974710186410578
400.99564437612094,0.28239108386394485
454.49064421277734,0.2779508211057681
506.6658973662775,0.269190543699255
560.0478532500332,0.2569992949372382
615.2298487836949,0.2543543377484318
671.6828388131515,0.24591764239714212
727.3431438127091,0.23193084774663578
783.3874983268639,0.23203631920874399
841.4657734146989,0.23238931320416364
901.5254373080518,0.21553156597877413
961.489982751758,0.21263154507461382
1021.3702408179739,0.20965785379311896
1082.3184755373863,0.20893863364639625
1143.8664967127331,0.20259959125929547
1204.6539806347498,0.20137707025669832
1265.7554521276595,0.19791065167414787
1326.7536919831223,0.1943888112038025
1388.4692369693712,0.19093802055694095
1449.3220596355604,0.18620212128733318
1510.0143369175628,0.18299404818582662
1571.1924778761063,0.18356694383158986
1632.4829712683952,0.18596279424632953
1695.3970974429856,0.18096515289315646
1759.0384137073372,0.18354139003034972
1823.178322156836,0.1799346684748484
1885.8818258190984,0.17652549084944893
1949.8813395810364,0.17039398765207195
2015.3033292231812,0.17486508366258352
2080.074416002238,0.1737958940834774
2145.676299778761,0.1689406545060232
2211.7355383337945,0.17006648127850443
2279.202191780822,0.1658643528528741
2346.1066983638652,0.16739965530910986
2412.9907150776053,0.1614226156687125
2478.9345948169475,0.15843109524898322
2545.157777157219,0.1557850598623523
2611.869487073137,0.15882597488183248
2679.0346622825045,0.15994393890455813
2745.140885883814,0.15731968133542365
2811.3957085133065,0.15187699371749327
2878.423306911417,0.15475605459655695
2946.037153394345,0.15053465696593904
3015.186839176405,0.15600431689750058
3083.522429646141,0.149311175661069
3152.7058984910836,0.14607078531955114
3221.358686616791,0.14410976586044488
3291.8545479755962,0.14494128937024106
3362.437741579238,0.1440395253361714
3434.156979977753,0.14460949328311173
3505.0100814804587,0.13984193471472417
3574.92335213981,0.14538319993431603
3643.775051975052,0.14222498701898487
3713.0449672838645,0.13990450123446174
3782.1080669710805,0.135107056289309
3853.980313876652,0.13575139002387338
3925.234905790125,0.13412986983152375
3994.4006159014557,0.13599926792896117
4064.3180637221385,0.13456109617573891
4133.05773224422,0.13501302627503795
4204.44290080578,0.1328371370162792
4277.294603524229,0.13396689241241685
4348.231057452123,0.13192369070510157
4419.467122713947,0.13028964753009534
4491.305567067275,0.12934501850523125
4563.529846659365,0.12883114421220299
4634.988523442968,0.13155442729278968
4706.53324137931,0.12816502683210035
4777.480359612725,0.12533745274675723
4849.00817287713,0.12502613463279216
4921.944375602368,0.12622313344301872
4993.408636489864,0.1230710497874028
5065.125651577503,0.12314480440835812
5137.741341091715,0.12585231783404574
5211.108876560333,0.12272781372013264
5283.887320044297,0.12400822649409902
5357.608048511576,0.12448603442696789
5431.23785130832,0.12169086919129238
5504.7902146640645,0.11754598857771131
5579.750654720882,0.12198377837565227
5653.096814404432,0.1245047655469276
5724.682316988471,0.12102668138276856
5797.9400192598705,0.12028994538956342
5872.6917960088695,0.11966549702178023
5945.230086039412,0.12138658497776002
6016.649938127321,0.12045329752839477
6090.071775649035,0.12086414998144752
6164.297376093295,0.12159740581681126
6239.105415860735,0.12250996325330021
6315.198491083676,0.12048154980927009
6389.538120935381,0.11917829555499593
6464.650718370763,0.12153032264998186
6539.262923226975,0.11923931062959527
6614.073591887077,0.11950419274456145
6688.612128781571,0.11834351762151439
6763.524368355654,0.11768126863737362
6838.904397439465,0.1171779585429761
6913.626467744163,0.11956735470497784
6988.717700704712,0.11985017868396451
7062.326930991906,0.11238627761931418
7135.8132463204665,0.11889071279705324
7208.501172252103,0.11705698322883965
7283.227662517289,0.11283459787397185
7359.016993644654,0.11249699594459696
7434.01946878042,0.11414891810238284
7510.448748097939,0.11381424523967675
7586.475789764106,0.11009098836533973
7662.013755731555,0.11272278183032257
7736.98317473452,0.11304106534979955
7811.310325555401,0.11169534838440423
7883.772451790634,0.11254201762996692
7958.638442350332,0.111872335654516
8034.906525330396,0.11448453263597504
8110.084722222222,0.11412062122312065
8185.408853450646,0.11164136135189894
8261.14392162274,0.113209618753814
8339.475854434759,0.11256734840238075
8417.360494169905,0.11007340089003571
8491.982288639823,0.10952135903241078
8566.772784019975,0.1088201335896551
8643.222865811613,0.10878464374874937
8720.415778546712,0.10812542438549538
8798.112398289892,0.11034732807710576
8872.382315965917,0.10969548304796056
8947.260105204872,0.10392522575307485
9024.26719649219,0.11100555555760679
9100.307981613038,0.10888931566722751
9174.900947932409,0.10945812926113441
9250.815365379272,0.10649447238721182
9326.590959666202,0.10779649212560563
9402.339368998628,0.11019105857202237
9477.733035464955,0.10367421920220696
9553.012592389816,0.10618139365622929
9630.949027777779,0.10337691915756478
9707.691058039434,0.10581236767068251
9784.808575803982,0.10629593632489803
9861.94791236048,0.10534997850226119
9939.859230663174,0.10561732207433859
10016.984278030617,0.10401492930102633
10093.90139869824,0.10338316339351314
10169.0301305193,0.106042410293166
10246.505675526025,0.10713600090184397
10323.424799557644,0.10754729830718547
10398.843099139129,0.1076061227497276
10475.90431285536,0.10837494943006377
10553.946519641626,0.10698818048076611
10629.150297825183,0.1052494707149313
10705.283742754624,0.1022079845612743
10782.364785056998,0.10207220849792527
10860.178133704736,0.10474507941677863
10937.610190555095,0.10278401897337035
11016.983513438625,0.10253686946123579
11096.604097452935,0.10258282432165211
11175.847856154911,0.1030159350592762
11255.366224433388,0.10248358200999613
11335.989518687078,0.10149260586085576
11416.686608502978,0.10040936251720134
11496.704042081949,0.10043388290535735
11576.801127767845,0.1000984751924837
11654.41897891232,0.10017558660617086
11732.181403071814,0.10106318234096134
11811.139166666666,0.10053389069799862
11890.439746591379,0.10495478067350965
11969.629639889197,0.10289902954237701
12047.172370617696,0.09845262960927444
12125.72876901798,0.10059533103591566
12206.263660257297,0.09903398209212813
12288.50254016202,0.10065657537090676
12368.621978327314,0.10193882625259024
12446.112709168856,0.09923805614241088
12525.021591695502,0.09935253803617142
12604.082367723022,0.10192631150825408
12683.550758300315,0.102637764938946
12763.187316664338,0.0983477311207671
12843.070565623284,0.10120848735273387
12924.351027161174,0.10417007771195984
13005.127162031271,0.101839293285035
13087.03948653551,0.10275358422276516
13168.74555723929,0.10146911545094374
13249.76631259484,0.10251433350646333
13329.692543554007,0.10186562551415179
13409.223150856666,0.10188198123630138
13488.812645408512,0.10142124489510636
13568.990297990298,0.09969761911257513
13650.19305976315,0.1020169216384666
13731.92372530054,0.09985131364968439
13813.576441102758,0.09744498336170236
13895.121836537131,0.10383298129198516
13976.3848697809,0.0998730039357386
14058.325766016713,0.09968174217887456
14139.718952446588,0.09967377524450366
14221.224278414584,0.10044725905564668
14301.797129719938,0.09976979882092211
14383.379093026442,0.10006210410581225
14465.507437786737,0.10116629989333774
14546.384551609783,0.10134357804310415
14626.36820083682,0.0986626403524523
14708.069259310156,0.09943813123501873
14790.189722222221,0.0973311251585464
14872.169165176729,0.097672577750435
14953.693205502293,0.09774536659918413
15036.18639624724,0.09787767558112614
15120.434824501031,0.09644425100422245
15203.659068797777,0.0985821967483053
15287.686001653348,0.09857274745437347
15370.991196198995,0.09795186809154283
15453.058994197292,0.09958098692107879
15537.206772633033,0.09451911209911909
15621.720308624965,0.09618963733257109
15704.315745856353,0.09573769893288316
15786.53402119353,0.09788548214645813
15869.084584653534,0.09499969443870956
15952.069132054643,0.09534113164030145
16035.1599114677,0.09267296100216592
16117.063028120238,0.09854152097539458
16199.416135292488,0.0953956591762209
16281.154962676252,0.09598767005955249
16363.585187232278,0.09576901959817834
16444.94031702274,0.09259052778202698
16527.795736380103,0.09467818226186211
16611.91633356306,0.09510871852145585
16695.169423210562,0.09504555695721102
16776.76860529217,0.09606290873906502
16859.63085666759,0.097192907332927
16943.929035827914,0.09590113427934303
17027.388223964783,0.0976268179077358
17111.187491332686,0.09459612344851544
17193.803217306893,0.0939670035254606
17277.328583287217,0.09757531870405402
17360.801470588234,0.0958746017309888
17442.341656263005,0.09487374809871497
17527.484171577362,0.09627729681660868
17611.23434903047,0.09496226989749189
17695.94728079911,0.09513911101576919
17779.50689274883,0.0944036684343721
17862.181653674834,0.09250829740911995
17947.310463357626,0.09221689760772063
18032.27901166019,0.09387241686916513
18117.173283705542,0.09341705319104772
18200.715635858236,0.09348495816394979
18283.475232412933,0.09285143225913356
18367.32983715153,0.09358487790553023
18451.226675881135,0.09212445954605196
18534.465341066003,0.09456179017866
18618.982715707964,0.09281079334161647
18701.81217150761,0.09264418089167473
18784.48586866168,0.09300740890490708
18867.37602444784,0.0924079714786634
18950.58013172338,0.09770771426850221
19033.370535714286,0.09380403671781268
19116.847389558232,0.09242485696911931
19200.1984869326,0.09720299695710903
19284.003891591383,0.09236592251819768
19368.464767409852,0.09340379565106166
19452.745424292847,0.09516972277372242
19537.714067065535,0.09449896251032328
19622.90117872807,0.0953857765915282
19708.213528591354,0.09417969862942165
19795.381808204143,0.09184084299067079
19879.915181058495,0.09365555523068962
19965.447390223697,0.09341216091016338
20051.098842018197,0.09079478924409069
20135.90176954159,0.09421914648047586
20221.375584916048,0.09136181250200365
20307.399447513813,0.09070110718455346
20394.3002073255,0.08964498246764735
20479.84954407295,0.09163335909405798
20565.047129153343,0.0907476238372269
20701.62554817692,0.09245013192512336
20891.79220294721,0.09197597814565882
21085.44794324476,0.09165774016212529
21277.47634502559,0.09284254907091566
21467.636562773812,0.0927858309095811
21659.613684472668,0.09155061441611698
21854.271652563464,0.09096346383861825
22048.0666875,0.09021769608937524
22244.247547641364,0.09074013003170317
22439.714615001245,0.09248508151829436
22636.967901080374,0.08914316685950818
22830.66354556804,0.08894063095381764
23025.504210066738,0.08909420435578949
23222.3201743462,0.08912601241640675
23419.268510425773,0.08789815761099498
23621.87661772026,0.08750286154799362
23823.932108027006,0.08834967518386434
24024.022891716566,0.08850124548963771
24224.32670543363,0.08733735598409312
24426.078329796528,0.08593783285322974
24628.65070492516,0.08553854320446104
24834.11595830993,0.08602274356813594
25036.922572997253,0.08782874862907789
25237.67995501125,0.08737609358276986
25441.166521468575,0.08817413517406696
25645.44130489022,0.0863275496879498
25846.753928996306,0.08401023621313089
26048.84715994021,0.08612932557443373
26251.69835045129,0.08592800191112918
26454.673218519903,0.0875084843332085
26657.322477809725,0.08674776391980366
26863.643004051108,0.08806674777704815
27072.88327188652,0.08616000655491346
27281.099656571965,0.08606107287984761
27491.005902820925,0.0848732948671617
27698.597171818295,0.08577759531776294
27904.641393954535,0.08770923415570431
28116.66172808765,0.08676055459983255
28327.066566566566,0.08735059468644124
28531.98396619228,0.08620125849215844
28739.888986068596,0.08972157069603072
28950.518755832036,0.08792782889530769
29160.70276512078,0.08750939104001303
29368.29054813335,0.0878365969538971
29580.120299812617,0.087837135089191
29794.03313403089,0.087246214513041
30004.174606151537,0.08594872126598684
30214.40166946988,0.08594014676010774
30426.97950256218,0.0870313874727747
30638.950414252788,0.08619208453058361
30850.46072743153,0.08516071855917715
31061.795600423757,0.08689405628311904
31274.673492321137,0.08493019744746841
31489.51742007992,0.0840651058427967
31703.254251012146,0.08461128183281848
31915.70975594532,0.08362803162432007
32129.29867215261,0.0862780474986847
32346.128996003998,0.08429283552781039
32560.729503590384,0.08336073102377549
32780.74372580847,0.08477344186410798
33000.97389082752,0.08512632626534089
33216.3599151379,0.08479775697986035
33431.36093418259,0.08499036494653935
33651.81130315842,0.08433002377950913
33872.78928326368,0.08364521301055775
34094.01401576774,0.08418259522257934
34314.81352981409,0.08237852809232091
34531.37377972466,0.08478481022066338
34745.46296065737,0.0854733385066153
34962.72393135726,0.08272624783820143
35179.0868101029,0.08492420986503871
35396.844000501005,0.08317624499472911
35612.146052713564,0.0811532087483595
35830.56787513215,0.08341663073686874
36046.5129679395,0.08218319333520711
36266.152179327524,0.08263542426947718
36485.70121341006,0.08380280887962197
36704.23033358227,0.08415181903898321
36922.88800049972,0.08210127997709427
37142.34699743798,0.08503382227134164
37363.203153237366,0.08437343884112763
37582.9607292252,0.08213976301110115
37803.48109152078,0.08404621610035926
38021.23010779488,0.08386898094952422
38238.33806338689,0.08318333118253213
38458.94037923531,0.08357572279580622
38683.66128527626,0.08183415374236644
38909.63830715532,0.08532328548470951
39139.94752277549,0.08373936842496227
39369.605920847614,0.0837157544431832
39598.01015766187,0.0824198942364392
39828.8240948814,0.08277300225068396
40060.23921054275,0.08330878909938358
40290.301106180865,0.08281753277477488
40519.61841859306,0.08240766674309072
40751.73434676967,0.08275200485910635
40977.872471910116,0.08252274947631556
41204.21070338297,0.08258891940837923
41432.15182363227,0.08118465651284884
41658.99238023859,0.08295633433129936
41886.340506487024,0.08235464971713642
42111.68368299819,0.08317737132523399
42337.71910673071,0.0830151364095969
42564.37959845367,0.08371457050631397
42787.38219699333,0.0823293438917275
43012.65749750499,0.0820710811103007
43241.55638065522,0.08226105558998188
43469.93412574288,0.08178712138163098
43699.28733059803,0.08164153311237617
43931.792967527996,0.0826097795369501
44160.61771474778,0.0808455142081447
44387.35310681434,0.08038533280483866
44615.85073977372,0.08188525236528117
44840.57890795632,0.07997085892471925
45067.17672736343,0.08099572040943699
45294.76774676906,0.0790827419899911
45520.86373309965,0.07919797417945747
45748.84244272908,0.08178285130317764
45971.27822454959,0.07872102345385498
46194.65050845343,0.07855141745687541
46423.385085803435,0.07976210678328603
46654.739100647734,0.08031448176082372
46882.056238686724,0.08150053858369048
47107.99574521337,0.07951537026544188
47335.8578461922,0.08018359895971115
47563.14461806636,0.08014533617432837
47792.03693075483,0.08169581123133317
48021.12666916261,0.07893168507585449
48247.730103157235,0.07882471599017737
48471.55682737169,0.07941182959114128
48695.06505587813,0.07939579900001313
48919.20948098182,0.07830023335309051
49148.44346631704,0.07988739252743263
49377.98905132193,0.0806744633866084
49608.81212879025,0.07961240796928819
49837.80262911968,0.07957084247276341
50063.9499562664,0.08041461868507718
50296.119130869134,0.08060476065047824
50529.53474903475,0.08048895987542788
50759.40958809925,0.08149154465359819
50992.042435538984,0.08146418866618751
51223.1069154912,0.08180329564513891
51455.31371814093,0.08247274627096594
51687.113873446186,0.08262407150133569
51916.560042309604,0.08145477276648294
52148.93045758162,0.081524409344204
52383.07254338869,0.08164588341268726
52615.70775571375,0.08070362081669212
52846.57969929503,0.08131271066740253
53082.009141791044,0.07935980663468219
53316.8970625,0.0797698408524637
53552.019552723636,0.08072796109002738
53790.432316045684,0.08025729644286239
54026.9486412366,0.08095994402956223
54263.8536159601,0.08204399210445258
54501.435497943414,0.07936180971923064
54737.03169146143,0.08238659363831084
54974.277556606125,0.08095605410693846
55213.79359430605,0.08084904631495034
55450.574239490285,0.08109853886804555
55684.17019020892,0.07939853897243723
55921.473707137964,0.07841493439714765
56158.00512243878,0.07949347001305503
56392.82123849477,0.08006410259066736
56628.08243260032,0.07874351708944019
56860.497436859216,0.0785232727089153
57094.557212378335,0.08079849522164223
57330.68533649348,0.0780137409129027
57565.284778131434,0.07976458993290969
57798.76822139304,0.08051548325140508
58031.48005742463,0.07982032250990725
58267.022129410296,0.08070771060604423
58500.6179901441,0.0777276621812697
58732.05714107288,0.07951640030773091
58963.64357486114,0.07807840803602777
59200.08641206155,0.0803992736155738
59434.37294058911,0.0793099848028907
59665.81737012987,0.07956917617734709
59894.87145887932,0.07912892892294514
60124.40156201187,0.07878791017288732
60353.56993398929,0.08014104913084906
60588.72584970378,0.0785726777952549
60820.1416244607,0.07836723620580549
61049.25375916491,0.08046875793983198
61283.50249594409,0.0766396283561374
61516.70610996692,0.07971047542618567
61750.27781950182,0.08084383600614148
61984.79451542537,0.07924432158983043
62220.70062460962,0.07863010650203527
62457.13929728383,0.08047880301467047
62695.1382169576,0.08128004399758008
62930.74620336229,0.08053046721483119
63167.59431556689,0.08078552096651379
63399.191289176895,0.07934744427146781
63630.164111868864,0.07829022823109819
63864.59388619101,0.07967664001310917
64100.81273033918,0.07929307198292894
64332.611228681686,0.07958413194578427
64563.2226179319,0.0794747086795763
64792.80692543284,0.07985382975579161
65026.463496607954,0.07693795287507019
65260.574267324875,0.07906933161367445
65494.66712465651,0.07847052297065152
65734.92793915971,0.07848875898870619
65974.67656786271,0.07825124277985464
66212.01690791115,0.07759476818256454
66451.43889995023,0.07899458631300686
66694.27640351423,0.07744230537078468
66936.53085033377,0.07901349325989057
67172.25691625554,0.07771453594451469
67403.69413896526,0.07860974639634088
67640.65976423626,0.07979719654127354
67881.33616383617,0.07860329003453884
68118.0756595321,0.07951395845000346
68355.07210246798,0.07833309359265349
68593.95345364032,0.07837810622805473
68836.12843235147,0.07871875472845329
69075.29759299781,0.07944476525718557
69312.72275191624,0.07826837320103616
69550.68472906404,0.07817888279743151
69789.13473447177,0.08010272178792782
70030.79250917688,0.0794251146537937
70269.08324499594,0.07787845507031099
70509.01041666667,0.07860737209621854
70749.8319585052,0.07901166540836481
70988.48630777867,0.07988578734712118
71228.65488435882,0.07968626838267594
71471.58636165306,0.07870606562758249
71714.33641589603,0.0780135635669285
71956.85348488633,0.08064980803791978
72200.61918676946,0.07772979231861976
72447.12616268182,0.0790861566526544
72693.96237599052,0.07951080237157682
72937.98952487842,0.07878767530577954
73182.50424787606,0.08017239687053705
73425.42696139477,0.08013408946362756
73669.80222667,0.0814293985478068
73919.38230893904,0.07887004365720955
74166.67136267299,0.07971938823003193
74413.9738125,0.07971906712366644
74659.80854114713,0.07922564605489114
74904.88766781143,0.0799062902448426
75151.64689775344,0.07887949844246682
75398.79700093721,0.07874840963331256
75645.41891723708,0.07896078751893514
75895.37540635158,0.07913315412402833
76141.63309845982,0.07947006733528439
76389.43754688672,0.0797283075873839
76631.6789800995,0.07935147456910621
76879.96697819314,0.07949743773647827
77133.50231713426,0.08054249422377711
77387.12395716598,0.08155680651041904
77643.5164691204,0.08049781702839222
77897.64405721067,0.07905137555909268
78147.73690773068,0.07981885566259994
78401.25426578653,0.07949881189608846
78648.71319765264,0.07740077206406565
78898.6496003996,0.07771080860583456
79149.24447350396,0.07970672913647694
79397.23615798025,0.07708449340475317
79641.60558986837,0.07948481726955513
79887.81285055465,0.07838222276970355
80131.72275681079,0.08033122584442842
80375.43328129879,0.07825479118828602
80620.03318391234,0.08001271708260696
80861.3345180197,0.07967331933788435
81104.760928022,0.07895256799030655
81349.38441445364,0.0777218100117909
81596.58582765731,0.07667553980864467
81840.5967661381,0.07916396048961646
82087.91260923845,0.07867365142045944
82340.69855685494,0.07884359804539656
82592.82433190059,0.07958681092670393
82846.501625,0.0784771093181797
83100.58867948077,0.08075717672416058
83351.32080996885,0.08021689748154275
83606.39901385595,0.08004881767448042
83860.96322886752,0.07879560674826357
84116.39554144094,0.07987124225612881
84369.28609843037,0.07910564529753585
84619.76721823291,0.08054117716415121
84873.68074650077,0.0799506635509157
85131.25396528038,0.08001822020643931
85390.13099181301,0.08012732251432472
85646.59378109453,0.079001845610348
85904.82237334664,0.07665490476193428
86160.8611769106,0.07903104737500474
86421.69869513642,0.077002316775249
86683.06104633036,0.07867739805658008
86941.214463996,0.07900347611513908
87204.1417882529,0.07764383864146787
87467.7700798204,0.07898635972699498
87727.63537431984,0.07772117994950367
87986.81252726706,0.07895330593924649
88248.94852711238,0.07818496771358599
88510.96818379927,0.07913983003528086
88776.51781591264,0.0779091376203736
89043.55958613812,0.07810423482134783
89310.55247549478,0.07982885372897564
89580.38718923298,0.07946551046711399
89854.10546996818,0.07978622412897808
90125.54955011247,0.07867552810885764
90397.33702896294,0.0799943773197841
90673.14255345755,0.0775760904126898
90944.0828243799,0.07925263655959754
91209.44564268795,0.07838356935853244
91477.365777667,0.08014542025063678
91743.80732225416,0.07869366406253854
92010.0536883457,0.07800169126860078
92275.718001497,0.07984371126601246
92542.30462708905,0.07883406767464114
92810.95101709722,0.08077367566234846
93079.95558462593,0.07913432984917669
93345.95085964364,0.07986762151721112
93616.75852414136,0.08072566517514454
93891.35609329081,0.0797940949258179
94165.57040274743,0.08057472868873419
94442.42225543309,0.08024103846052222
94720.23790800724,0.07866803937086603
94994.33579059162,0.07982137821647167
95268.20361483328,0.07967886472855092
95545.76219815783,0.07992142869120836
95822.933,0.08120522692244667
96104.74989093175,0.0782696442996074
96383.91192098518,0.07859411454233843
96666.37975234895,0.08001341649849626
96957.15275266538,0.07964676233786003
97245.52437730196,0.07928211067378402
97530.56488644872,0.07650786398415502
97824.99581903276,0.07819056345744248
98111.69801763492,0.08046984170993221
98400.31424485482,0.07809610428320715
98686.9948730774,0.08055249118621571
98967.99046372475,0.08081546562639037
99247.66756032172,0.07856996827678986
99528.49513047822,0.08094074292668638
99808.67126537237,0.0788630191498617
100094.11378065479,0.0786053053367036
100375.85221459763,0.07873288243554295
100657.76315789473,0.07920054266118233
100939.4530490086,0.07917523215642704
101220.62982181931,0.08000602680755452
101500.6127929384,0.07952635706574156
101780.36037217434,0.07887730263054184
102057.16147556332,0.07829443761045621
102334.25566020084,0.07967735453616542
102605.51938419347,0.07899387063467088
102882.76142258891,0.07902344649929838
103160.26402188782,0.07732989025267775
103432.99512317119,0.07627802173220125
103706.89304010996,0.07954842661646058
103979.87703537339,0.07769657158697497
104249.99496487847,0.07982048746665625
104518.77830572054,0.07894638836912914
104787.654091193,0.07993080977725173
105060.45340568862,0.07997938121765227
105333.7379142786,0.076866712542679
105601.45297014274,0.07940696699678379
105869.29831565815,0.07820100783942455
106136.27761491924,0.08106834293231142
106406.01153654278,0.07986960303011702
106680.37515628907,0.08102355075929102
106957.55784222015,0.08086349751354963
107234.15658963149,0.08091064001990356
107507.86122169693,0.08021607076677412
107782.98122739179,0.07966269076715257
108053.7675189098,0.07911954358761641
108335.56952487702,0.07813340194776122
108624.20465900574,0.07988076118245883
108907.46442810865,0.07765714882918374
109187.4398304028,0.07960997913029674
109468.04475,0.07944435305689553
109754.61182407176,0.0804587555261835
110041.92816091955,0.0788045893971432
110327.47946400748,0.07835804472675563
110614.40112219451,0.07873706556034166
110904.19206706707,0.0817324108694215
111186.80722291407,0.07968006500921858
111475.80128245035,0.07919741278906647
111762.55513901905,0.07926320346194561
112049.23549253544,0.07889473708624699
112337.23461323044,0.07923742158801801
112631.44975,0.0771262172143858
112920.37224820704,0.07893423833923623
113209.83576505799,0.07801456500007645
113499.86319197957,0.07893864407759817
113791.98280175109,0.07975071753137272
114084.94266483859,0.0794873241094006
114376.02045652988,0.07721804277909425
114665.41101192334,0.07884624484960372
114957.83901952223,0.07895503398863915
115251.16422561546,0.07968814836818504
115546.666708362,0.07914203767785949
115834.49517584812,0.07921956931171907
116118.77935033356,0.07791103866597308
116402.07385192128,0.07865099677036277
116679.88454573837,0.079673137448333
116964.66411691542,0.07981936663601114
117250.58919762723,0.07909058812031741
117542.16879715657,0.07875569232649794
117832.98070438366,0.07732409902775156
118115.8802044378,0.07893974346224947
118396.54498410126,0.07804298959407804
118679.00018768769,0.08033745359243678
118961.7177283766,0.07854480983178765
119242.32693390032,0.07934337951558382
119526.57424572317,0.07809043032600912
119817.89113229887,0.08000978569777856
120113.09342344034,0.07639170523345086
120401.28034124167,0.07773318239400262
120690.63710181137,0.07793130115279405
120980.8517827142,0.07954947542081092
121277.05954389254,0.07793425348029259
121564.80723117273,0.07713789904079653
121849.08910336239,0.07690960290150961
122134.1912858661,0.07742963501757688
122418.15182135729,0.07909319629946851
122702.58711932102,0.07846912293864447
122990.24472914982,0.07894917578948134
123278.84670711114,0.07934253326172923
123578.62970568104,0.07863376177632207
123879.79165106702,0.07929061301570024
124172.49562445306,0.07895264229741332
124468.51590018047,0.07739734837389729
124764.2438566873,0.07970515075921901
125062.08689157227,0.07924334271335873
125366.28515259315,0.07977866861678087
125668.65157012385,0.07837671457864588
125968.6993329593,0.07936697182526262
126275.46682021912,0.07963181669128819
126584.73820224719,0.08090605266764957
126887.83886078322,0.07914753627053726
127200.68271211837,0.08008110370009172
127511.55559015882,0.08047501778752217
127813.46369935702,0.0789161594054133
128114.10120496972,0.07858546464903761
128414.32321095209,0.0783837015182522
128708.5112040447,0.07945530261700023
129002.29827080343,0.07965903122303672
129303.88843206878,0.07949297668199759
129608.07985526233,0.07846191486023037
129909.1690712635,0.0788751335819446
130209.11068203051,0.079319087857007
130503.50402445873,0.07962767468322586
130805.22827172827,0.07794382902133053
131107.74099731634,0.08002968878533166
131411.3911335578,0.078557326727363
131710.67066242118,0.0782631791589657
132011.56162334018,0.07994945312276558
132319.8896999189,0.08002810475237662
132633.7337698784,0.07931203955815076
132942.55877406092,0.07902508687783602
133247.5284608663,0.07864538309727065
133552.98783227257,0.0792209497231111
133861.58563053512,0.07849492499725025
134172.3344769509,0.0773340795094268
134480.12795410614,0.07763714966602678
134790.08340106285,0.07786983081740989
135096.40570858782,0.0787530085724908
135400.90767693173,0.0783141474060155
135696.5514834206,0.0783069649077999
136000.83501557633,0.0790307025358032
136311.69025500343,0.07899223015183618
136624.34797022582,0.07959516310599875
136930.1482196215,0.07923186325383479
137234.90223777972,0.07963133416584847
137542.26175207022,0.07783603140860744
137851.3776738385,0.07941845791880862
138161.82903044322,0.08014029011666433
138477.81345375272,0.08272132818165134
138792.6402096593,0.08001839668632894
139109.31584207897,0.08062271382723651
139424.6251558215,0.08148585269879917
139748.9565108879,0.0792134615868015
140076.13898241677,0.07981006176956067
140398.79260369815,0.0804081394168093
140722.38198467577,0.08066047882592571
141050.5923384078,0.0797389160760955
141375.320754717,0.07931354844408907
141703.38530510585,0.07954973241200178
142033.85168988566,0.07945678280644035
142370.32141745032,0.07891095995804362
142710.17007353858,0.07834181691117124
143052.3807350919,0.07688145466907172
143391.57288093306,0.07990418199702555
143732.87447750953,0.07945044659561365
144073.2217377764,0.07907273988972124
144415.61827284106,0.08076975396530266
144754.14046239172,0.07957147269152585
145093.5417134306,0.07893610599875833
145431.8188044832,0.07933623196363788
145771.61352295408,0.07915307647868818
146108.8245625,0.0782228086864938
146450.39985010304,0.07847823047110525
146789.1188279302,0.08017905657219859
147125.3760289349,0.07869379454514043
147460.81318201657,0.07805326425448257
147792.97078469317,0.07734727392869978
148126.6683270033,0.0802266670214954
