D,r2
45.22512363996044,0.14330912555177094
61.770747599451305,0.13040081241880389
80.84766969033468,0.11652429654441239
100.4384140969163,0.11208719874130607
118.80628860190905,0.1101024429230511
138.28622482131254,0.10680425374709374
157.88534051558293,0.10387294675804334
177.35531197301856,0.10169318216344919
198.15560794880432,0.09719049606406244
219.1908250479679,0.09538094930337593
240.29846315054138,0.09555181862673069
261.23693565588337,0.09377382428526868
282.2420347574222,0.09383189571477926
304.53847386983006,0.09223794816681037
326.97711548696117,0.0916905114211074
348.39008503709067,0.09068374386433233
370.51442468970146,0.08469510916952898
393.02593659942363,0.0877958901172532
415.7295512277731,0.0825226816925078
438.12857142857143,0.0864434601256837
460.9163571774584,0.08086708560050573
483.62802022850724,0.08107221721370302
505.81565824468083,0.07863270647313646
529.1118784530387,0.07892687592977626
552.007639141506,0.07736615689521027
574.8586293505562,0.07894877961632836
597.3320122500451,0.07546082394008831
618.5357479720807,0.07590670309894622
640.5147292291409,0.07639411137930449
663.1264700560882,0.07554720626056648
685.444264069264,0.07678442056719621
708.0360787172011,0.07391286829273763
730.4426346876678,0.07387059841191711
752.5866422689844,0.07238833475499012
775.1871841155235,0.07221959529607576
798.0271798613645,0.07164230571172349
820.8550316678395,0.06924388168740168
843.3427323994906,0.06860232638502324
864.7264728385616,0.07144126542204655
887.2556022408963,0.06853470448357998
910.860868012145,0.06521421626749767
934.1361171366594,0.06428187477659805
956.9120336503291,0.06667084959136538
980.4414110973232,0.06659856390268862
1003.579471397538,0.06443155231681735
1027.1190736688548,0.06646734800076706
1050.529867256637,0.06564784302436992
1075.060750974141,0.06528966943251668
1099.42667635835,0.06352110458935928
1123.568087035358,0.06318685792319861
1147.4815017313651,0.0644788127683419
1171.8895421343311,0.06272360982917174
1195.8400896693443,0.06308590350994225
1219.3992667597765,0.06112418643943252
1243.016311399444,0.060409025253989876
1266.5819865625567,0.06261750445674992
1291.1743004811976,0.06067487907317271
1315.0470457492129,0.06195736414286713
1338.6178615904644,0.061680031829676366
1362.4298214285714,0.06123586393088311
1385.7946495855313,0.05858285101765992
1409.5851575013348,0.06114549201958219
1433.403450096814,0.06112070018046935
1457.3600800582242,0.05959182968691462
1480.8102325581394,0.05736994355377727
1504.5923104181431,0.060026712909336914
1528.124080882353,0.060267464056012035
1551.6272446943588,0.062120483682536455
1576.1501850872555,0.0576414092374744
1600.681111720607,0.058848757994854395
1624.5368837711408,0.05831834693794113
1648.532972972973,0.059356834890284
1672.0325865580448,0.05748596471382788
1696.0745920745921,0.05866901405892651
1720.5637741295327,0.059441193351538614
1745.093073205656,0.05926118593331693
1769.3442682704574,0.059164249866494246
1793.4468478461822,0.060744102644334164
1817.6010239531906,0.06054132551679412
1841.9448040273282,0.05663542809401293
1866.8697074323097,0.059518220701578084
1891.9806534039058,0.05849471108435834
1917.08961691801,0.05958686286530401
1941.6375,0.05784879609503373
1965.936804308797,0.05632334731036371
1991.0281665190435,0.05555255467523276
2015.8890303802075,0.05614726979914976
2041.0328440366973,0.05540190516568034
2066.5202271114267,0.056632857864567725
2092.1453978731206,0.056972747647193525
2116.3316148039034,0.05655903410966995
2141.1192562131237,0.05536216216304449
2165.5132677676747,0.058734914637815945
2189.8693030679196,0.05640722086439555
2215.0148252735617,0.05497986729793228
2239.4811637448715,0.055323344127248326
2263.8206676136365,0.05535890688375169
2288.580465116279,0.053528970774584086
2312.8127090301005,0.05454758184101209
2338.1450173073417,0.05425668338060469
2362.4336118848655,0.05327771290117993
2387.5775139664806,0.05639788652370257
2412.9024074074073,0.05358138706696507
2438.022698151199,0.05344273002223404
2463.573616867904,0.0516780179860192
2489.526917663617,0.050724305210912486
2515.204646017699,0.053321355522085535
2539.835767081305,0.05173097329766502
2565.0052593398623,0.052346238393634933
2590.020101412532,0.052159042277965924
2614.96349837369,0.05297823236899583
2640.5620671283964,0.04949589242176546
2666.061046511628,0.051941345130544485
2690.9733333333334,0.051214277064488375
2715.6299648993163,0.05142991785022917
2740.379664014147,0.05225422194832491
2765.8778140885984,0.05142661868106945
2790.9697414267375,0.05045884317750791
2816.5403182549617,0.049999246032993654
2842.006303299963,0.04912023222514975
2867.419953178462,0.05155174566008473
2893.5259894218493,0.05057009426654183
2919.446647440519,0.04951839118500208
2945.5105263157893,0.04862847924779423
2971.550588235294,0.049676123123145705
2998.5357643758766,0.048191396925702755
3025.1750138606544,0.04852229597633985
3050.462379304063,0.04990905900659808
3076.6308520179373,0.04984751280096858
3102.558148080103,0.04906036740142961
3128.607187555873,0.04845453992802958
3155.024158911954,0.04894913443431691
3182.2917795844623,0.049922644581239434
3208.4557353208506,0.04948786368628647
3234.932439775403,0.05085769055966804
3261.9290252314395,0.048554727599861236
3288.5181602482203,0.046521061691358216
3314.421897810219,0.048232643681513185
3340.5411466811356,0.04945210265246245
3366.6000716717435,0.04790703654356427
3392.4284694969674,0.048748874149391795
3418.558802308802,0.049166508804214006
3444.97833543961,0.04835180748465483
3470.875351452671,0.04816576431021585
3497.392102044382,0.048656944934990336
3524.9784238434813,0.04712033822183121
3552.1040659143828,0.046362671631182996
3578.73670793882,0.04875345617718387
3604.4063918648994,0.04838984525528095
3630.3898121387283,0.04879462244002344
3656.3146956041933,0.04798170729622516
3682.9241672572643,0.04895743391026249
3709.546579330422,0.04713094568655631
3735.510591672754,0.04666988146301801
3762.16107990578,0.047922487772717244
3788.3849954254347,0.04624444081157223
3815.0104372863057,0.04819774871858245
3841.974551971326,0.045965106584937666
3868.714496495758,0.04603446927268683
3895.461025280899,0.04790631497187158
3922.6408890521675,0.04654382779739182
3948.8905255501,0.04761700661579538
3975.7284105131416,0.044610840487932235
4003.3740499457112,0.04724345375417465
4031.1416301169593,0.04621120659462158
4058.7151558581154,0.04785393703328123
4085.889524160826,0.04591302086779337
4113.158430232558,0.04627754244044758
4140.4357571478995,0.047984662364703314
4168.530491095521,0.04704047294521899
4196.048183975178,0.045421684392852046
4222.944934317077,0.047452153753008874
4250.076840021595,0.04629125574118656
4277.16037907782,0.04858741707416753
4303.591813953489,0.047127299436948544
4330.489147982063,0.04610082101491909
4358.023218716767,0.04490549941360864
4384.408493791614,0.046611034732183164
4410.627771514468,0.04556379686620043
4436.92375,0.04807400285717769
4464.084150472455,0.04555142661978258
4490.264787687744,0.043924476591018495
4517.444384449244,0.04603467601680274
4544.9071637426905,0.04752208251591544
4572.423497757847,0.0463920510109189
4600.5841513474925,0.04708321074294016
4628.038107278309,0.04764597681882082
4655.026219288596,0.04738467951623508
4681.999269406393,0.04679644361576818
4709.459992950299,0.049738254767843264
4737.000183016105,0.047227796618050884
4764.138495092693,0.0454774570926351
4791.538721737582,0.043979006507577446
4819.051138417059,0.04544361217393397
4846.110271067675,0.046154267041559525
4873.332269503546,0.04611871197582225
4900.906946983547,0.04537661802019294
4928.071493874566,0.045032667687627044
4955.055961960497,0.044749335948072524
4982.038612799428,0.045780568561067075
5009.305838243171,0.04418114621513924
5037.368325791856,0.04525244285730985
5064.76804601967,0.04436614561019083
5092.482704126427,0.04682802124085147
5119.428938199157,0.04636874306560318
5145.904082006224,0.045429587394239884
5172.766168257972,0.04497862012369266
5200.092177745134,0.044528139997227864
5227.480380080943,0.0449622900735518
5254.916313364055,0.04464001590472047
5282.420590868397,0.04436477730856358
5309.918173515982,0.04237699433200343
5337.525125628141,0.04507816437788857
5365.492529348986,0.04351602798639389
5392.787442289935,0.043911406135431236
5420.056559022076,0.0465996282492447
5446.688629311918,0.0434604782142594
5474.346305595409,0.04583313618548379
5502.346472282217,0.045123219654480594
5530.683722588697,0.044976538618186165
5558.54635821435,0.04311000065932012
5586.030832095096,0.044675396753686356
5613.494625550661,0.04489851142765339
5640.573350775556,0.044004865620469
5666.998193641619,0.043378187359921716
5694.4332071389945,0.043580035237256745
5722.12536075036,0.04305502738290928
5748.856103329089,0.042106432922001634
5776.5171311911945,0.04510488200391843
5804.427472724021,0.04366485174521595
5831.922568807339,0.04363862988171035
5859.026315789473,0.04280250117267405
5885.519933860003,0.045117320027754565
5911.323529411765,0.04348166594445855
5937.441076233184,0.04392773708127898
5963.361319890009,0.04434593705634974
5990.335369139572,0.04358265220892434
6017.877234585918,0.04326791151467388
6045.289921930447,0.04393130088866227
6072.897242647059,0.04405391477148482
6099.896186827222,0.04331680568446436
6127.406872246696,0.042359136258879465
6154.874214998153,0.04380040156020374
6182.111131059246,0.043781996188680956
6209.090305206463,0.04306197276387753
6236.178539061084,0.04237634976710011
6263.486787704476,0.0435481546571678
6291.02005888848,0.04370468245144485
6318.561799751023,0.044498414639436525
6346.531069364162,0.04379217689457454
6374.460701107011,0.04345442858698312
6402.412132024978,0.043814160000693374
6429.921644542773,0.04236485338457406
6457.6522214129645,0.042685958943719786
6485.437367678193,0.042937005807556786
6513.570339444545,0.0410811294961068
6541.431573275862,0.04208715474656023
6569.670251549398,0.04266847405431335
6597.55165403807,0.04215493759411559
6625.7816300599015,0.041902187502827794
6653.887491141035,0.04273499181719105
6681.822177271056,0.04376756636248582
6709.927230878187,0.04379806776527336
6738.485981308411,0.041446023028140065
6766.356540857457,0.04392385710812866
6794.980182110337,0.04369919112481982
6823.637900035958,0.04414841471433494
6851.58439874004,0.04212798112100199
6879.635014306152,0.043905241608111704
6908.049781181619,0.04189219875320216
6936.895506419401,0.043806918165313784
6965.603473491773,0.04492475911451127
6993.395795578108,0.0424512692184653
7039.230258899676,0.043624488419588436
7101.524916127976,0.04229128389717234
7163.543992817499,0.04143773686092033
7225.792627476453,0.04166062120344467
7289.100293542075,0.043807866756099705
7351.62256648165,0.04312721006714628
7414.9638787878785,0.04374088201843043
7479.126420915882,0.04294202937263247
7542.182456140351,0.041977464845376594
7604.3529025371545,0.042543428626442906
7666.671301218615,0.04195831841243066
7730.048032786885,0.044016530170838924
7793.291246339082,0.043953177146823515
7857.531700989136,0.04358668190694326
7920.483331961478,0.04293262279723281
7983.329019734713,0.043577005759186535
8046.41689261359,0.042709644258009063
8110.067889759961,0.042262437422861156
8174.176403394255,0.04288662909372807
8236.476934402093,0.04265992888117709
8299.299583571486,0.04273209336505739
8363.276034822602,0.0433194067548769
8425.634494059812,0.04296235379455467
8487.989900622122,0.04240123145200885
8551.20562664042,0.04290672906758934
8614.446851507559,0.04262099061688085
8678.343411294923,0.044334829073606474
8741.876595744681,0.04129434758475233
8803.954746679783,0.04366262197191929
8865.583169452639,0.042977682882633206
8927.778700537372,0.04426219605009955
8990.693451413714,0.04407030489592546
9052.551337999177,0.04300256809655346
9115.499918500407,0.04325775015868076
9179.888132847307,0.043234984392344834
9244.433756510416,0.044161550073862965
9308.260288659794,0.04383543184211994
9372.058813959164,0.0425074089419028
9436.67562914993,0.043222947117475576
9501.364697359948,0.04373082294407351
9566.976732673267,0.042234115268139166
9631.871327419223,0.04364828819840226
9696.751970103176,0.0434463269232202
9762.508619985292,0.04281637221504906
9826.654739587579,0.04435670115201269
9890.985929319371,0.0434196194975577
9955.37305359777,0.04347826295020002
10019.980531117628,0.043581098713824845
10084.486216768915,0.04297456769464387
10149.57781363453,0.042167358193475966
10214.752323764087,0.04242213694238084
10280.674327628361,0.04297142706538681
10347.698182113294,0.04347798492463107
10412.165709598032,0.042971850243774756
10477.255227049984,0.042807570936417516
10543.486400909313,0.04265058976489791
10609.21640874478,0.04378521979649001
10676.06360682372,0.04299633186321707
10742.265842475847,0.04334909270940589
10807.450690495532,0.04289708283758759
10873.546424759872,0.0434809359364187
10940.059777759754,0.04362349373835075
11006.192480588476,0.04288294304076903
11072.627420540894,0.043471366963200704
11138.065816202161,0.04195981483781633
11203.270840143838,0.04300429210620705
11268.604050963737,0.042359301124695915
11334.265347997374,0.043393481435223265
11400.362049458543,0.043148587819571316
11467.41528402125,0.041780162745479334
11534.826104746318,0.0420599720536315
11602.00439095788,0.04286585840862372
11668.954575487282,0.042250184229816
11736.776669909208,0.041697893711314174
11805.303820151503,0.04370795306124283
11872.35348913221,0.043790160886905766
11938.979432566459,0.042201589670032166
12005.908255388369,0.0428320288701785
12073.44583743035,0.043135305756380096
12141.287074271646,0.043505600181158
12209.605935629954,0.04287447256257847
12277.121249385145,0.042856440552884505
12345.682078091815,0.042626151024040215
12415.119777614258,0.04225910155088244
12484.64871022866,0.04242903129298935
12552.352800658979,0.043579248618701764
12620.370933636956,0.043182548560152835
12688.728331704138,0.043838945574694935
12758.310350395608,0.04306372011439362
12827.893662375995,0.0434415963448684
12898.008883455583,0.042494436983240985
12968.391390237879,0.04210359806307188
13037.170850202428,0.04154899516501862
13106.839179620738,0.04308189711368782
13177.462725779968,0.043956964015184674
13247.149335738888,0.04331322232467862
13316.398173589785,0.0420979892109092
13386.394569988619,0.04268546211402468
13456.008329209963,0.04373536341821692
13525.144679476829,0.044090462022268614
13594.138396902545,0.04185059832506606
13663.57720918826,0.04290961619284841
13733.041564991052,0.04318062864959091
13803.391875456093,0.04306436925594992
13874.646449704142,0.04333714231055491
13944.45729667999,0.04350822357291141
14015.207254726933,0.04205936421543018
14086.344178785637,0.04330089694065702
14156.435889123035,0.04448658866441128
14227.588206266963,0.043368019697600874
14298.450614290334,0.04530613475361637
14369.512881522809,0.044033241355848435
14439.279816513761,0.043889251522217655
14508.65797756436,0.043605471635584425
14578.353899026266,0.04384328512812712
14647.814723725201,0.044011975998871015
14718.245800535584,0.043262971178908274
14789.566897347175,0.04307134793786054
14861.236240200436,0.04440849121414931
14931.924915797255,0.0450051443023039
15001.344734473447,0.043587439544982606
15071.946126846788,0.04400682761288265
15142.631261708886,0.042957050478401426
15212.689879596486,0.04390643158804693
15282.10260996829,0.04349640454336327
15352.391456468673,0.042372490516432326
15422.907520661158,0.04327668312443904
15494.561032674466,0.04327052881907476
15566.214489912603,0.042801201004309924
15635.064876406339,0.04412648313020449
15704.463921728495,0.0442302849201783
15774.64650406504,0.0442679263822931
15843.834189707202,0.04458316636583878
15913.532243563548,0.0444215674306806
15983.848881972315,0.04351341904757961
16053.465704265558,0.04364799431699648
16124.768671193016,0.04361196055596104
16195.170944389602,0.042441568544776896
16265.601004373886,0.04378661534599296
16336.709735824212,0.04291383232118474
16405.10929720023,0.04276908425531658
16473.87902573232,0.04312970720366025
16544.213573018882,0.043271151016010916
16614.38593217589,0.043696376698245554
16684.88676948052,0.044008540655208504
16756.08107887875,0.04249221116386807
16826.130732821937,0.04346512055640046
16895.50157258732,0.045548047172923815
16965.875791010872,0.043585755315409466
17037.318414842543,0.043822670407502325
17108.58148876865,0.04429720572543304
17179.02403182593,0.04338879564706202
17249.93340931293,0.04466444167891556
17321.02031288394,0.043747915955295674
17393.07009004624,0.04220794229772494
17465.590946233046,0.04349450706563081
17537.526591821683,0.04390706178811632
17609.332116492253,0.04459549733311116
17681.162246234446,0.04378820628730014
17752.622870649604,0.044366490680057144
17823.952642359687,0.04350046590515268
17894.866824528457,0.043884114433927396
17966.09435964411,0.04361055613489566
18037.261517060797,0.04448417003419724
18109.700121901667,0.044006221989341586
18181.073184630415,0.04276425786311279
18254.24239192847,0.04452942237229197
18326.635275080906,0.0457098364597177
18399.752387950037,0.04387171968829479
18473.03144397256,0.04370418921144824
18545.549021207178,0.04436289349379581
18617.885947550716,0.04323834017284532
18689.83391395933,0.044249012267861196
18761.247591836735,0.04259077362387937
18833.76618587117,0.04341854802096913
18904.75093177767,0.043832637920649196
18976.408886710775,0.04243749188990604
19046.97168417597,0.04238741500738426
19119.366286130677,0.042842939384692254
19190.79557646282,0.04277367026422815
19261.410295781476,0.04285576728164397
19334.453604044356,0.04391318380818711
19406.95078080288,0.04462233961422362
19480.29116089613,0.04309931430436413
19552.46535958481,0.04446531478723001
19624.892037127505,0.04306313246744352
19697.677346278317,0.0437672602354745
19769.386526281156,0.0439403546138759
19841.951288472414,0.043830113068498065
19914.70895583987,0.04394081685112894
19988.443971863242,0.04368181718515081
20062.5930166922,0.04401649453249289
20136.480138169256,0.04328595844696114
20210.45307679818,0.042378960647694315
20284.614716153657,0.04334137381477354
20358.682544888088,0.04326010313429691
20433.363874559895,0.04360328956126522
20508.800129366107,0.04343241345215666
20583.768689101777,0.042995973695738855
20659.305446836268,0.04417954596005778
20733.68954541745,0.04388465269082431
20808.221567664867,0.043153905620427854
20883.083122603803,0.04337123329065263
20957.588438167186,0.04224901020216901
21032.008766945368,0.043125111168627855
21106.875273878115,0.04281968937380521
21181.4564717477,0.04253712383391375
21256.62332602873,0.04363280807704201
21332.712628547924,0.04402907754975174
21410.106816527856,0.04218762246321744
21484.180828246164,0.043711427479033615
21557.775260059672,0.04350905945974497
21633.11191217434,0.04358482787958768
21708.097479674798,0.04368270889601126
21784.72594895288,0.04324315190729517
21861.69272369715,0.04285792263376846
21939.12094803714,0.04290240735413012
22015.067411117496,0.042703717349765975
22090.669954352787,0.04419028118793458
22166.854465806766,0.04308807786732976
22243.795742939008,0.04346489742334847
22320.7946130686,0.04457494938070347
22397.251366566044,0.043348791539775916
22474.080493346315,0.04364716848451099
22550.65109980302,0.04399966647954889
22626.692132269098,0.04302483602809067
22704.148008831467,0.043354540238414105
22780.28713114754,0.04212184373665078
22856.64236846392,0.042951472159137784
22932.480065493248,0.04313798485681904
23006.88314952968,0.04407024895055314
23082.187668877425,0.04323015290982024
23158.249367811404,0.04292789299136936
23236.252848307293,0.04275289904861032
23313.172366288494,0.043884870630116694
23388.986730013105,0.04301749775586475
23465.6112250759,0.042106079547945166
23542.44882591093,0.04453780962242905
23619.185421785423,0.043376298816882944
23697.50907906522,0.04371189596818757
23777.16793830503,0.04304164813971417
23853.78867863234,0.0427680885648648
23932.43045220378,0.042806168633818795
24010.43017761121,0.04210888344794106
24089.008129413698,0.04345250962700058
24167.864631289878,0.04282537485652501
24245.80384551906,0.04370043823391794
24323.420267405836,0.04322282093910194
24401.50939895119,0.04324270561151549
24479.49548069022,0.0429399042176219
24556.388051185917,0.04297025544899435
24633.758798073,0.04291138976928923
24711.12684989429,0.04320175263199175
24789.016007921447,0.0428891675205761
24864.493887530563,0.04232106237869962
24942.56988640941,0.042954774214154175
25020.36446525382,0.04307777703447063
25098.074975577987,0.04339741571504138
25176.946645967808,0.04363440946371829
25255.447752671505,0.043581263294038185
25334.499470123093,0.04346199457380788
25414.102658186563,0.0420605157982839
25491.73238631725,0.042879002002256625
25570.73935997401,0.04280861501588384
25649.868553511016,0.04337581833368283
25728.488762677483,0.042620250124678606
25807.657101048695,0.04229823447504899
25885.077340793156,0.04300699251110886
25964.45574754604,0.043595943314064384
26042.45489459062,0.04156075651760173
26118.75104860597,0.042526456863787095
26196.43198514572,0.04303780546136177
26274.039686468648,0.04228419995273934
26352.1632174616,0.04292408495476219
26431.79951179821,0.043324952145815034
26510.33237208536,0.0428475007146623
26589.85347085789,0.0426954509767451
26669.331746672044,0.04267227621235283
26748.829761225654,0.04233041346095306
26826.57594936709,0.04192919456905349
26903.809655847333,0.04223700689787295
26983.777051323963,0.04285210914005376
27062.906168619793,0.042916015040371215
27142.949232393796,0.04308417044795769
27221.815871454335,0.043527958620129203
27300.377991209505,0.04292158952522219
27380.132815692687,0.04319968225398073
27458.90060685583,0.04261618643380169
27538.39113164721,0.04220939715663135
27617.649580311303,0.04357261656415444
27696.24680327869,0.04402310102899105
27775.30707005339,0.04274227873128014
27854.37213709013,0.04348773877771629
27933.33028488184,0.04395962701785896
28013.86601495112,0.043872840139798516
28094.83002948886,0.04418623185075634
28175.43607250264,0.04251754084630804
28255.411903598764,0.043371100062367295
28336.866688343358,0.04223592384345454
28420.36782828695,0.042601102315520036
28502.87933992321,0.043573096909176316
28582.94838288141,0.04379045599989994
28662.631304913764,0.04314097610765069
28744.779887079618,0.042512193743489884
28825.688013670762,0.041662441026176965
28907.340303871915,0.04315524756957808
28987.851248465002,0.04399662263696881
29068.711414331236,0.04234673193554874
29149.564071271663,0.04245751597451002
29231.61274229165,0.044006309850981265
29314.003184713376,0.042091250939134676
29396.90190669371,0.044635144167835865
29479.730510421796,0.04372172240632731
29561.19577153159,0.04240050857651237
29644.62938081748,0.043088114369630164
29729.36681724846,0.043457641035891184
29811.159285598835,0.04258593442431453
29894.10828286135,0.04444072485134112
29977.145259186353,0.042658906244508
30062.286110205412,0.04243437995711201
30145.615640734122,0.042119738810585824
30228.167724093055,0.042689712920930684
30310.11376704452,0.04247407973341073
30393.02469539619,0.0427005924559861
30476.05226310648,0.04330558811291212
30560.0329419439,0.04347379925257952
30644.370315703156,0.0422510278366979
30729.737860919075,0.0433905811653636
30815.657623794737,0.043401992362350594
30900.873194872627,0.042916031824799535
30985.99934927607,0.04336382424911865
31071.81965317919,0.043251926091689895
31156.93995306304,0.04342582473680167
31243.209641715177,0.042902987453173905
31329.661401937636,0.043710716101267734
31415.047958681753,0.04165728699499546
31501.244764292067,0.04351481718825713
31587.422932637415,0.04358242220886592
31673.081165112093,0.04262621794666615
31757.523770356966,0.04310295723762709
31841.891524326074,0.04314123623661986
31927.11151286055,0.04267811117571755
32012.40606305578,0.04236014938003026
32097.85646051223,0.04275486741773375
32184.234799482536,0.04325707935446641
32269.91881918819,0.04275350528508472
32355.1158159948,0.042530381441122304
32440.38689892051,0.042672982468137714
32527.18900203666,0.04282305505392851
32613.054300856096,0.04280480605267035
32699.453258722842,0.04262306442699417
32786.66316902554,0.04285794791171495
32872.91770249411,0.041406119498137356
32959.96480026195,0.0420965198946713
33045.752173913046,0.04272308009415346
33133.17490094607,0.041555618814033184
33219.62871569346,0.04322695232625513
33305.143266945335,0.043072831511556046
33391.73495948269,0.043276132347593615
33478.18825350277,0.041600276406516985
33565.64192389352,0.043306020813966326
33652.801619764396,0.04329240516082937
33741.742119875875,0.042509747534526784
33830.784946236556,0.0420364193493381
33921.07568451165,0.043411244621717325
34009.322578023406,0.04212013960803714
34095.25010246741,0.04259293423254333
34181.76988752976,0.042632739832820406
34269.29262935242,0.04204870774488794
34357.10236220472,0.04355057060963454
34444.34705109249,0.042579704665222616
34531.69321032613,0.0425627702139986
34620.17102880659,0.04355463909492301
34708.05733365909,0.042273922948279544
34797.51594439902,0.04313416441613521
34884.27082314588,0.043183151644580614
34972.86568373299,0.04293243676422905
35061.125010213254,0.04339225427693899
35149.104417998045,0.0433013896985278
35236.91286511323,0.04182330691995251
35324.89017951425,0.043313037906039076
35412.43206854345,0.042317130436717525
35501.11311996091,0.04370666448386286
35590.29071002533,0.04298206753241856
35679.68467367392,0.042509112868436984
35766.00330141961,0.042333273489783795
35854.12743591817,0.04266784488093598
35943.82787290089,0.04306898106924589
36034.39611178615,0.04392681648278562
36126.1367136304,0.042029758486582726
36216.36974313265,0.042297794360870056
36305.50613522194,0.04261337187709175
36394.949796913075,0.04257259993728457
36485.171175602554,0.04328767032557803
36574.77582988394,0.04410001489973912
36664.726968311006,0.04274488902071072
36754.45017489628,0.04265979426162102
36843.15210303228,0.04225502887684161
36933.89963833635,0.042964767737526575
37023.899610136454,0.04264005052779429
37112.893324660545,0.04292667441296696
37203.19300123508,0.043385800620447126
37293.34543543301,0.04270002417489071
37381.99583843329,0.04302438063896785
37469.31083086054,0.04255453593681461
37557.44403165886,0.042028308709943465
37647.416255752796,0.04345591042096499
37737.54097165992,0.042388200134779015
37826.21186856302,0.04176768661032213
37916.379327317474,0.042641930696890415
38007.59420408163,0.04271754682714198
38098.09918026134,0.042203921981652445
38191.4812072893,0.04274985945854994
38281.666584260405,0.04272617100936091
38373.327372203166,0.042794095290852846
38464.040166204984,0.04416754842895077
38553.90793625111,0.0438450196509924
38644.112817580266,0.042449897650280385
38734.09839275516,0.04389491814201641
38823.305430788074,0.04281244290068272
38913.95315063997,0.04200149116050931
39004.49035159444,0.04250677394810116
39095.89203669129,0.04375035672051293
39187.72292706884,0.042040487706680715
39279.92123482936,0.042602173977348674
39371.93727481166,0.042030571237817727
39463.47971225347,0.04201442329023355
39555.690480091755,0.043354010331013104
39647.19628082248,0.04384469191270557
39738.77364479896,0.04330016228766843
39831.61546644844,0.041682973747820436
39924.73806827374,0.04365284460052212
40018.300016466324,0.04346071319098187
40110.7422008634,0.04271665953681232
40202.47705078125,0.043426216986587655
40294.04519774011,0.04350456378047079
40384.42634711013,0.04269496639585361
40476.790595150625,0.04260582036866405
40571.722208609004,0.04274798593174319
40668.02391956539,0.04365477316768179
40764.10162668419,0.043599216460562966
40858.891051217324,0.044395068001088375
40956.312398703405,0.04203118563941381
41052.76179459638,0.04400548370324497
41147.92948769665,0.043069857339204036
41243.076018616805,0.04277457884437212
41338.3153064569,0.044489346365066004
41433.35925744194,0.04216673964222981
41529.887273613254,0.04220716533108034
41627.10136020977,0.04282513737687941
41723.357821251724,0.04232970679658929
41820.77816786414,0.042765688785237684
41918.0253133448,0.04512119465916006
42014.914700840745,0.04292983316690993
42113.8862358406,0.04340553056556889
42214.717833876224,0.043961355731046495
42313.42524509804,0.04323889487059227
42411.63130406398,0.04353469331763594
42510.53576369111,0.04455639585339018
42608.795060516844,0.0424228284009839
42704.368912171565,0.04230376052008122
42802.14178800944,0.043607401126777634
42899.6966484547,0.04226840030265662
42998.2582727347,0.042611608274960446
43097.85183676794,0.041287471499291045
43196.84209666884,0.04258622616979823
43294.795757477244,0.04362337036659865
43393.016938057444,0.043903439410596455
43491.19150150885,0.04409708188297094
43589.88837360671,0.04332944824761297
43691.52275512705,0.044130238776943914
43793.032025554916,0.04353052417000382
43893.808026208026,0.04336591654732738
43995.14253191317,0.04261050104995076
44098.48369387086,0.04285476353552038
44200.35489623865,0.044367373264680675
44302.41636720026,0.04416138140630019
44404.41082750772,0.04341189560300772
44506.507792737655,0.04341706991366776
44606.84646861445,0.0444717536517577
44708.3822542359,0.04371608196600674
44810.22485497181,0.044379515596481615
44912.82086630231,0.04479581957066799
45015.47623682076,0.04361529239080089
45118.895809554866,0.041865710299798554
45221.757540983606,0.042539251147288265
45323.87338141289,0.04461193957505866
45426.74361892375,0.043188083804729896
45530.13150394919,0.04363028376422501
45631.38615814565,0.04372411025579251
45731.99620539319,0.0429709182011314
45832.36268754077,0.04349127176808159
45934.276979591836,0.04279495375769918
46035.1310384489,0.04316440718597667
46138.28313986525,0.04223742526234221
46241.961812086025,0.042269211499354094
46343.81039830232,0.042279341547557046
46448.10591773695,0.042408375779080486
46553.23527962552,0.04229866212342422
