D,r2
101.76973180076628,0.2983674102257406
140.72403144300955,0.26903767768889036
181.5670731707317,0.24925455239774214
225.0924635012495,0.23629590308113654
270.2548252125793,0.21600669234222364
316.3778268780868,0.20491640746651824
364.7841949380722,0.19739825703725064
413.7787610619469,0.1945009093837138
463.389010989011,0.18181087039980096
514.2021538860776,0.18221131006579297
567.2808045823898,0.17388542622196945
618.1081264414598,0.17042187555304567
670.3125898810302,0.15722088214705696
724.2104491536719,0.1553791734722254
778.7222370173102,0.15728822822548444
833.3377093101138,0.15685306856059283
887.3123982637005,0.15202069760831516
942.6235962478531,0.1440516781086889
999.8942052099947,0.1401293793027064
1056.786474471238,0.13441115477138263
1115.1145247744803,0.13569249668936187
1174.7311943920195,0.13382199631011998
1232.5527718550106,0.1377155139921913
1292.083101022169,0.130440645051568
1350.7398036775887,0.13196491401545238
1407.893427817146,0.1244071377112811
1466.0476452767832,0.11914880839845403
1524.4294640377673,0.12436130956103265
1581.9714839424141,0.11998052987281002
1640.988389771942,0.11160149393077451
1700.536808976464,0.10750773228017561
1759.3210373041188,0.1110839445880432
1818.45490141239,0.10286728354540539
1879.34854315558,0.10539797486037919
1938.8365758754865,0.1065050625409578
1998.5274876305662,0.10514062990987129
2058.411651021535,0.112826463961428
2118.4043852345267,0.10863146862107372
2179.862794261039,0.10446274288694012
2241.7687757909216,0.09973738343067234
2305.5049026377574,0.09778948119768309
2368.1829335539014,0.09840783396438252
2429.194285714286,0.10176080424070134
2490.112230811706,0.09773638225743296
2551.8526155549407,0.09889423422379734
2613.888766368022,0.10113742082670603
2677.740274124325,0.10155310318808726
2741.1095172413793,0.09746313289083121
2804.5758202371107,0.09772013880550211
2866.958578225581,0.09608576509829309
2929.4079452054793,0.09483454099190813
2992.35546875,0.09583244344518686
3054.1811132650237,0.09611926668138283
3118.5569969638423,0.09669917656326547
3180.7716926472617,0.0960724495531733
3243.830175536361,0.0987212454037476
3305.3485808762744,0.09950887371975785
3368.3959189263214,0.09239256108986506
3432.3405382791802,0.0988437429087721
3496.2979367262724,0.09691672568044284
3559.613738108562,0.09514193598768071
3621.903167796376,0.09804359573034806
3684.852747252747,0.10010466675134677
3748.560703973601,0.0965536572082042
3813.4835622138994,0.09840828250287688
3879.4470180305134,0.09841702718471859
3944.848686030429,0.09895355477472798
4010.8176810795926,0.09592602507472242
4075.5123920913393,0.09510555090527363
4140.4608815427,0.09676844178388569
4206.032035349351,0.09874058386537578
4271.586216517857,0.0963107467801737
4336.949951476501,0.09638150593724869
4402.954208938854,0.10147230727643373
4469.315416666666,0.10000114181623539
4534.133720930233,0.10026527649869217
4599.210795847751,0.09964265005794964
4665.386351052049,0.09918700753684649
4731.315026907686,0.09996682433884099
4796.298831385643,0.10365956893949692
4861.075326460481,0.1002651856097366
4924.493932708218,0.10175721038944034
4987.676925219329,0.10465081002612169
5052.032526991937,0.10568508038734362
5116.1651567944255,0.0987476643507712
5180.106503168917,0.10051369207748535
5244.566804979253,0.10014371174526605
5309.705582356995,0.10075301423893504
5375.15729239358,0.09809131437663261
5441.967320261438,0.09447966755107964
5508.864546202358,0.09924941976553005
5575.898911995593,0.09662066573026994
5641.942259414226,0.09732660992606443
5708.822525127358,0.09593164034794709
5775.119687891877,0.0947422659355367
5840.3973054715425,0.09401315377775421
5905.5104904821455,0.09861492855862136
5970.150631681244,0.09835207070903294
6035.314258135687,0.09770019044431562
6100.867486527567,0.09740370202270743
6166.449861111111,0.09395115708077116
6233.4934444140945,0.09837267122014322
6301.395098039216,0.09726679407110961
6368.931808731809,0.09769596579549641
6437.322466239258,0.09755218071793563
6505.65279329609,0.09842330657446835
6572.3944689047885,0.09834732002153646
6641.031004547333,0.09694447701621348
6708.671532846715,0.09798546865094228
6775.551653457229,0.09930816913520445
6844.264543700027,0.09630726928598059
6912.213759555247,0.0982224020506629
6978.586796386379,0.09678987323475045
7047.055540242558,0.09449073079393289
7115.057381615599,0.09376349256300624
7182.901494189264,0.0945358228337244
7250.977397260274,0.09272273950778091
7320.042347079989,0.09306759566321354
7389.175115207373,0.09470870722205833
7457.10095890411,0.0944754778353687
7526.418254625794,0.09857443387654731
7594.443907156673,0.09615065729088733
7662.906458797327,0.09808327217973382
7731.593897364771,0.09712785563230178
7800.296934865901,0.0972042430090339
7868.393830405312,0.09527439346052322
7934.057801861887,0.09742151598645582
8000.646361631753,0.10128851261482272
8068.586763070078,0.09541940156746694
8137.295897223374,0.09994919755160217
8205.364466583645,0.09743039228769253
8273.645286686104,0.09660202455448023
8342.48396017699,0.09750101728904685
8411.600520761956,0.097036945549605
8479.15130386278,0.09517972963211599
8546.249687890137,0.09560733929717191
8612.865234642222,0.09351973984273053
8680.430646738372,0.09344984000942233
8747.678271638915,0.09417961768673049
8815.557194544948,0.09430220754288439
8883.82227715973,0.0954468773416022
8953.718815477021,0.09524602284947584
9022.727636113026,0.09375066362843774
9092.53178551686,0.09130672423349301
9162.131736526946,0.09242163048234754
9231.230483782298,0.09477774772979457
9302.088154269972,0.09501463036732781
9372.487734288865,0.09380208614259614
9441.01131442939,0.09103967236613852
9510.986156798246,0.09176668832322896
9581.568257491675,0.09202688457238092
9651.216354816355,0.09325378355737626
9721.092908191315,0.09626939822255036
9791.311268387455,0.09521580306819295
9862.755862068965,0.09490486367416658
9934.92406297896,0.09028190873441568
10006.416288971295,0.09135962815350483
10077.91059972106,0.09199180242774646
10148.54392032093,0.0934426546502332
10219.205620287868,0.0942374234112457
10289.565914158306,0.09374703838094738
10360.251965246172,0.09540631379704698
10432.586240444753,0.09565300491724894
10504.317348766708,0.09171302299084605
10574.490959666204,0.088200495226283
10645.011507001247,0.0879019586518029
10715.897807199008,0.09403946148761508
10786.211877341473,0.09333484987255615
10856.106382978724,0.09274729524141583
10925.896386531618,0.09671417497350142
10997.56841087947,0.09648716990761347
11069.070045954602,0.0938306736000911
11138.841770401106,0.09675846058106788
11209.034255055716,0.09537415094936032
11280.019529085872,0.0958922969593713
11351.85069008783,0.09725608043242767
11422.973166368516,0.09549752270905615
11495.406599475356,0.09529189447680159
11566.949110467522,0.09312125930623667
11637.281881051176,0.09816318018630128
11707.737979094076,0.09326332550146228
11777.284689655173,0.09478506063655477
11848.151947871898,0.09444713138281695
11920.013738150845,0.09287080548509656
11991.636249301286,0.09338541425799188
12064.3533844889,0.09285712116815659
12138.167219000276,0.09296635913802655
12210.34664448142,0.09410551287472443
12282.728004440743,0.0927131241236123
12354.482505877471,0.0925061540964104
12426.393444890056,0.0899761993623379
12498.662456627342,0.09478750838901481
12571.424435517385,0.09423081871499932
12644.103854686633,0.0937114738917124
12715.993247898581,0.0965094024841297
12787.09609526447,0.09697372584965526
12858.62657091562,0.09263791211639219
12929.646759322966,0.09768240865347629
13001.7143454039,0.09438965397303459
13074.961823674814,0.09314855009048682
13149.198275862069,0.0934643010551893
13222.434968901174,0.0934112689330471
13294.117179880173,0.0923621576947267
13365.186946902655,0.09327438352028486
13436.613426881277,0.09420427130539989
13508.612858528475,0.09490233618262502
13584.401233721726,0.09193351153571362
13660.061363320838,0.09288483888182023
13734.272702218548,0.09423453986506856
13806.648299791812,0.09113349245409554
13878.796978935698,0.09066738797531049
13950.60614486306,0.09001206537126123
14024.846398012696,0.09134446956853222
14098.642492761615,0.08917360531208113
14172.275957801221,0.08988509022678216
14243.839911369616,0.09365228010142701
14316.919089413055,0.09384308285335982
14389.07275242047,0.09098465760255188
14461.375225914084,0.09065679137288488
14534.372559802036,0.09072653663406123
14607.604531554072,0.09089343644014772
14679.527290313667,0.09172628487529567
14751.248034211616,0.09307133393694064
14823.72348749476,0.0903883538462101
14896.748558880045,0.09160743760742729
14970.541741658591,0.09425874351196524
15043.292862092861,0.09438608500703981
15118.113358096025,0.09319954888441198
15192.418572418572,0.09391013681764167
15266.648269150563,0.09373243702106442
15341.529854834293,0.09060215646598949
15416.37019432406,0.09545911237027922
15491.121015592658,0.09153962674689207
15565.956227561446,0.09191528097686358
15640.172210005498,0.09544034343531112
15714.998750173587,0.09066787690732873
15790.675416666667,0.09471023655136396
15865.296378520883,0.0925986934249822
15938.773205741627,0.09270699013473453
16011.996917904175,0.0941520130935324
16087.649820985955,0.09461996922741225
16162.496130458818,0.09390673735732682
16237.256928004455,0.095172994421769
16310.463626343346,0.09461411126031521
16385.99479380737,0.09637734835301072
16461.341901603097,0.09494121029383334
16535.124878184604,0.09655988824214104
16607.628083229985,0.09655675707021523
16681.55680243835,0.09508103010751086
16755.20360931258,0.09539367545698796
16827.561108017817,0.09597286228008373
16901.178008298753,0.09529404057803506
16975.372340425532,0.09461865071607334
17050.1427779318,0.09252789888553666
17124.793502202643,0.09441868138779846
17200.246282140375,0.09421332430668383
17274.46132596685,0.09406449917000509
17346.684613244295,0.0942096861084729
17418.308000552715,0.0983307435419617
17490.234588332645,0.09901825807930194
17560.52337091009,0.09224589298688511
17631.02967688254,0.09534830412262205
17702.28672590947,0.09447742914602357
17774.66030428769,0.09822998928028616
17847.452148839762,0.09740059326938992
17919.58809655938,0.09900765412110449
17991.723795055932,0.09574086825818595
18064.306111111113,0.09670433711579995
18136.93928077455,0.09794888119905731
18209.378337252732,0.09890049824578921
18281.958080529508,0.0970382640208185
18354.637677132538,0.09531689770505625
18427.0416436845,0.09859944340895119
18544.933049946863,0.0954982987038445
18707.15902159706,0.09718795131725244
18870.07649452269,0.09722189600890609
19033.429363744002,0.09911210987110837
19196.82905076712,0.09370993960541596
19361.361418105054,0.0936761444406961
19528.15701649834,0.0950252971619986
19693.22460658083,0.0944341413258929
19861.242925854207,0.09425583472877577
20030.29270729271,0.09597718262940648
20199.319348041645,0.09640503302732635
20367.334061407888,0.09804663364720245
20537.76000748223,0.09683073766902985
20706.421998876336,0.09449201168140452
20874.736792806296,0.09350750522776786
21042.81873828857,0.09235988604649772
21214.67712475149,0.09362115435966825
21384.13909609478,0.0927725101470259
21551.77334327987,0.09404516306246125
21722.82490345085,0.09574514959252117
21891.46228771229,0.09519274768151698
22060.030726082892,0.09744098857750914
22229.913565576335,0.09616000639870766
22399.932453561825,0.09458895297466814
22565.29058078928,0.09438354476152577
22731.972622388526,0.10103085890212336
22903.81155810188,0.09967479828128298
23076.77335001564,0.0962293473321901
23248.406900431277,0.09674353530147621
23421.33903489606,0.0936539476864496
23596.18305908751,0.09578486376603307
23767.016140045936,0.09470241957166461
23942.173477689466,0.09392584300466406
24117.240347369738,0.09219416232974537
24294.33586550436,0.09467628418496231
24472.569526535182,0.09379716809734721
24649.416786181955,0.09316223498134646
24823.68630751964,0.09364270914965059
24999.309440777182,0.09413073815622515
25173.96609745418,0.09396720693075379
25349.340718152966,0.092724454593539
25525.220481777334,0.09145576587400461
25699.53585732165,0.09276613484713536
25876.726516421433,0.09599971105148071
26056.500405413834,0.09605461811522276
26237.93379725409,0.09434228526257311
26421.460806862684,0.09414217926136262
26606.12733615749,0.09374823537460363
26791.196296759666,0.09366624362811872
26978.204862842893,0.0913793556247202
27164.654987531172,0.09250364302571386
27350.014151237454,0.09021983711738328
27535.393678698336,0.09057297911793769
27716.619819258336,0.09339125635326748
27900.448974502837,0.09263470921887215
28087.172117361242,0.09523164270289408
28272.673396674585,0.0920036963614229
28456.56886563259,0.09016088127863689
28638.86240939765,0.09442675806215747
28816.915907673112,0.09313302666292714
28994.229790419162,0.09310433980097055
29174.40118159204,0.09407991259782486
29354.81841480185,0.09136656740963152
29538.822463768116,0.09272406505098499
29726.16684285803,0.09408540340162501
29910.894703972022,0.094467986719118
30093.206862195653,0.0928643538123899
30275.500093779305,0.09731715507483805
30455.481798314082,0.09786312568714499
30637.343394820196,0.09671614368694519
30818.48194505288,0.093951837021077
31001.24245065687,0.09372020226353439
31182.504772599663,0.09571719125823447
31360.785616095975,0.0970584231398819
31542.33019690927,0.09287162978837915
31728.949199027615,0.09501811775364621
31917.53716742476,0.09151772855156108
32104.723739298883,0.09189015252726561
32293.450139968896,0.09349752364417772
32482.25269386484,0.09570847467197924
32668.11857608423,0.09668470853782801
32851.95673525207,0.09542411476297186
33036.7907455976,0.09400840520741321
33220.24108988412,0.09686096847778358
33403.984363319214,0.09846879855848184
33588.25231726283,0.09700979351766667
33771.31165345484,0.09481706316365208
33953.3775453017,0.09495436257210628
34134.05872085775,0.09518161759591315
34316.86089615577,0.09414773648207779
34499.01919361875,0.0944836796894898
34687.17199277394,0.09267927722070635
34878.03363607892,0.09238654058982551
35065.966270458644,0.09256972192976495
35256.604471570034,0.09272856140735902
35444.647385152406,0.09482765825983472
35630.85588235294,0.09513531878141586
35818.86823544098,0.09599785160757196
36002.0816694657,0.0952616615121611
36182.36372145264,0.0914816080926095
36362.125015603546,0.09443175638182293
36542.341191838765,0.09671845631800614
36725.40933740572,0.09689566875086915
36909.72082838015,0.09621928064336535
37097.97636668947,0.09939698752604703
37289.171996002995,0.09379552624381007
37477.369388520696,0.09494695871285823
37666.01221183801,0.09404796685211786
37856.383845292876,0.09368442913588594
38046.17047583365,0.09441166012382045
38236.69581772784,0.09508724287166065
38426.04272596665,0.09645606721575882
38616.8020333063,0.09577684935607093
38811.357815912634,0.09427480368553494
39003.05902885994,0.09749384106102468
39194.98723695679,0.09610559078281362
39387.37795128045,0.09522463600184208
39581.96250702993,0.0941160121525183
39777.09239875389,0.09396956258932797
39970.00093720712,0.09420397541176005
40162.85523939979,0.0954582161838512
40357.218193146415,0.0955970402458945
40549.244227298186,0.09790206175757735
40742.843056337144,0.09649980398483002
40939.19143231278,0.09519173399010536
41133.760809968844,0.09781985636760475
41327.70526184383,0.09518447731017592
41518.17850899101,0.09831482874946873
41712.8836212253,0.09704586493405738
41909.44933591071,0.0936883717864699
42104.90677385181,0.09274611466612898
42302.772914843066,0.09281652118912809
42501.24389179756,0.09424567727535157
42694.83980006248,0.09669451199152439
42893.48026602026,0.09587441115374352
43089.8596875,0.09690702578734686
43290.1791575663,0.09453617772004777
43486.47850164893,0.09652967474980688
43677.493257585214,0.09798601078174084
43870.008725459644,0.09671734669998942
44061.15407139742,0.09440314404585724
44256.06404311317,0.09701170473015674
44454.83810414718,0.09646904447670945
44656.92019129247,0.09999945145194591
44859.59971251797,0.09634651820361356
45063.15899191039,0.09800590812291342
45263.32155565266,0.10066482508376984
45461.84757621189,0.10344040020844031
45657.683212042044,0.10321544374968775
45857.767540574285,0.09950702963658617
46058.39279481426,0.09598428646017436
46261.60156445557,0.09539516248800049
46460.92721735347,0.09637007283437167
46664.29426839177,0.09331365904303836
46872.114847161574,0.09233608742610841
47080.87664041995,0.09352959012540038
47284.14549065856,0.09837972137172617
47487.60101104662,0.09426792763996573
47692.28323012448,0.09271319247028831
47897.50407870976,0.09412439142879521
48104.88593866866,0.09411160351118304
48307.79036986216,0.09546941094593236
48510.534809731755,0.09546067992435682
48714.046158650846,0.09453667149201667
48920.22067891622,0.09111543790220906
49128.84141161774,0.09265777354153472
49335.72587064677,0.09213395602502593
49541.64362567246,0.09263380052135269
49749.61178379728,0.0938699391770937
49959.148974518335,0.09153251497463073
50170.31744744557,0.09565734945851058
50383.22219451371,0.0953595676114264
50590.545022808226,0.09707115460628522
50799.030567685586,0.0946609419522613
51013.00959382008,0.09601148784624486
51235.433142073096,0.09509195885568783
51458.06825129453,0.09421409164209331
51675.752954417556,0.09371763721918354
51890.608733461704,0.09352272552038358
52105.351053849525,0.09352871913075989
52318.269283574635,0.09417028476668175
52528.31432666542,0.09134405603261209
52740.461906835,0.09247039111737318
52952.894947724286,0.09502259169307174
53165.252812131,0.09578463214344884
53374.09117022605,0.0957717446166319
53586.7026537621,0.09649432918586952
53800.73076683486,0.09718606238301492
54013.67168279738,0.094579162727856
54227.00679170042,0.09518566733690739
54434.35546412318,0.0963339679783956
54648.379541468305,0.09408077282589086
54865.7912648541,0.09448200963585028
55086.28199525534,0.09236404500775576
55301.26850118557,0.09765302039313044
55515.91471999003,0.10094390037715477
55730.77653735811,0.0985354143631709
55949.64661466458,0.09766153520693363
56172.802684730596,0.09639827570435415
56395.61190491046,0.09584874198641931
56617.39752097158,0.09697906760352434
56835.87471242927,0.0968637624320196
57056.17485007496,0.09458073201485172
57275.68556316117,0.0929349068000126
57497.38191801335,0.09987861937940723
57719.06252342286,0.10102642729291306
57944.62655550025,0.09494927935037592
58170.72560555799,0.09306098522066313
58397.08387378399,0.0942066487730672
58620.012515566625,0.09268129515409908
58842.34293373231,0.09529269646360654
59066.12541274687,0.09704119219707762
59292.748277589875,0.09346484375255962
59517.16457982932,0.0928151751791664
59740.718666417866,0.0923828194541078
59964.95331297139,0.09384781377241759
60185.79746677482,0.09230503144551797
60408.690875,0.0939291358793062
60635.41549295775,0.09544139010352115
60861.03852627642,0.0932095182606628
61089.45447164626,0.09595576002366384
61314.12735085316,0.09614261066702208
61535.818136460024,0.09579844510019561
61754.27609701212,0.09455695019934321
61971.76682617612,0.09441407095192958
62187.40470823942,0.09330990859073961
62405.40984217721,0.09136233839816045
62627.87402166427,0.09402410518536383
62853.79678080915,0.09499539626052626
63078.7214763005,0.09298454600341673
63296.891205293054,0.09535360275325229
63516.976295926645,0.09818553605257352
63734.52700848303,0.09796187689416323
63951.41586194007,0.10066566145455064
64166.73599750234,0.10750951411976664
64386.40666874416,0.09975774753736823
64609.62894769692,0.09829620189518651
64834.62879023722,0.09752703741573904
65055.770494876284,0.09827614727688394
65275.335849291994,0.09445832883050995
65495.30049230386,0.09442207567709264
65718.31514018691,0.0971206903443857
65946.5580454404,0.095082834851367
66175.44928892216,0.09675167184687086
66401.69884266499,0.10395672483208558
66618.70404732254,0.10324563660624747
66836.24477965468,0.09899538723653416
67055.06275341526,0.10041572515843536
67271.0103782432,0.09888675433043037
67487.39290161894,0.10101679844649365
67705.10706491239,0.10078284524383299
67922.26395812562,0.09899489478836028
68142.7461298377,0.09533811497994539
68367.39453368199,0.09810376242285265
68596.70811722802,0.09772932052374995
68827.19678689755,0.09868351478310994
69060.42651906214,0.09760581005766482
69289.8322830224,0.09680555239075969
69516.1173568172,0.09661995111918761
69745.92443419166,0.09018827741719118
69974.32974218458,0.09172219897525481
70206.28474216507,0.0902933739060534
70436.1013868066,0.09165495254608937
70666.95178327327,0.09672326534308752
70899.27115889486,0.0921069071877282
71129.17612108325,0.09664752832228383
71362.7020615996,0.09387557258078008
71601.01844211052,0.09408146173336648
71838.75219804203,0.09498532079377646
72075.18287889186,0.09732991499278786
72313.01607076118,0.09603648882761817
72553.45730680472,0.09580219504936215
72792.5935,0.09907284094851543
73029.28238228874,0.0967558402458527
73265.82523486593,0.09405541333656262
73505.88823676323,0.09504741732627116
73745.85318818041,0.09623493931308448
73988.79409377536,0.09451796267012746
74227.48965560348,0.09806719646358374
74468.54492915735,0.10216986485165187
74711.77152338614,0.09714198533326326
74955.53756613757,0.10202172744290579
75195.6555035859,0.09813666574495336
75438.4828468064,0.09604796996238774
75683.22571785268,0.09521323292221835
75928.2571820278,0.09545010388027508
76166.31539853942,0.09614527059191198
76403.85000311973,0.09525025462231043
76645.79892727952,0.09758374727227158
76892.26143017317,0.09696809758561065
77139.03933320846,0.09460827611171534
77384.68359643102,0.0942477585397321
77630.21947122861,0.09626078784711826
77875.41719785027,0.09466050246651421
78113.93741056431,0.09401297459145345
78352.79989988737,0.09269355853731384
78592.53543209108,0.09432164708125126
78837.29053420806,0.0940576280860847
79084.47028343115,0.09106306469566218
79333.99258982502,0.09355194713245206
79578.84359245659,0.09231910548717043
79818.76569640063,0.09276798108323434
80054.77709904632,0.09163829309656916
80295.50653147549,0.09280473526078456
80538.50314896801,0.0928055644030714
80780.6008258775,0.09008768818671074
81016.71968141373,0.09270117372324345
81251.63555666688,0.09296543439657934
81487.58889235569,0.0966118894010496
81725.71803787643,0.09186727113594144
81965.92398901648,0.09198315499401166
82210.95922451532,0.09330610603426055
82456.5940149626,0.09523920338643663
82698.81398392223,0.09587049925607115
82944.53435162095,0.09488988409229127
83193.50280688623,0.09207753910031033
83444.68518287355,0.09584488662482464
83704.19106452016,0.09358169827711009
83955.91693648817,0.09462704543039689
84206.64703675918,0.09560354264649186
84459.1163629579,0.0947195719555562
84712.78166593764,0.09838508574354421
84967.29554933084,0.09698573535595709
85224.17705347127,0.09674681933054642
85480.39608969954,0.09580961743255184
85740.27409807465,0.09473700404379815
85993.53296771781,0.09768844173830679
86244.4364975348,0.09506822478725946
86498.62810020616,0.0925000024977058
86754.09270781484,0.09618012877961908
87006.08744058044,0.10028313188513714
87257.4437943483,0.09661321699593206
87512.65110917248,0.09835645246156663
87772.40175,0.09628439147462763
88033.06466296689,0.09539022240694153
88296.76119029758,0.09398521895158045
88553.21918745723,0.09621275196964801
88808.2551732735,0.09746658633579416
89059.7818193162,0.09669861408997169
89312.90117837771,0.09845088651425801
89568.29165627339,0.09566580077587572
89826.53282670985,0.0978214977506028
90080.05622967225,0.09985801889380429
90333.53118762474,0.0939215859381654
90587.96653788634,0.09246175289427301
90844.28110799876,0.09481041512754204
91095.48654554535,0.0934933104455045
91344.2441875,0.09440197093897654
91595.46076596806,0.09124201380460326
91851.03397332004,0.09293112770650377
92111.75471228616,0.09305196552973925
92371.7752267751,0.0927221386156893
92625.79869281045,0.09237457528179499
92884.53099005566,0.0923705735188483
93144.28988121152,0.09232935198189722
93407.727811389,0.09309052338093286
93670.55153029357,0.09399250080487354
93930.08562900317,0.09265032155884853
94188.80009995002,0.09267969457013574
94447.24077996511,0.0921522013539304
94695.00181408733,0.09532679397380843
94936.10170337555,0.09472768851854069
95185.45267745953,0.09346118313185071
95441.01888321077,0.09537768035110547
95700.64487963078,0.09689711410282988
95953.9620956663,0.09500346112396203
96207.71021348104,0.09565344623452027
96470.39244059128,0.09420989525566373
96726.329443335,0.09444921305806808
96977.47233139935,0.09243840915526817
97235.81430888224,0.09688575407076624
97492.14151237454,0.09261415340345341
97741.49002244949,0.09521871793527845
97994.91428036684,0.0938830836656694
98245.95333333334,0.09295467969567088
98505.05104524181,0.0910806619557726
98762.85987896936,0.09145709443602353
99017.99750234156,0.08966749908029517
99273.26387330091,0.09100670043116742
99524.16210159363,0.09235028809195077
99777.38405253283,0.09327651350917023
100032.473185333,0.09441875696029335
100288.86784333292,0.09296276158836038
100542.92518066285,0.09214806255923434
100791.90024953213,0.09528412622709169
101038.22987645077,0.09565254545734271
101289.39825218476,0.09707988675922152
101546.53129086494,0.09612348285921057
101802.59571410721,0.09556807889009276
102055.74890911358,0.10075404230800059
102314.60924552988,0.09493252478608444
102579.12031152648,0.09654303092808283
102839.06461884249,0.09710937463745148
103100.3179461553,0.10001545597548647
103360.16079556082,0.09986685410996314
103621.42132801794,0.09702378470424673
103883.34552490326,0.09378580238934742
104150.48002492989,0.09211071009010456
104416.0062289772,0.08914448853705279
104685.72586486825,0.0935739565424006
104947.29024207637,0.09317128899758573
105209.13855271366,0.09355602587081016
105470.19998753195,0.09529975489949756
105733.16312277857,0.09117011858654152
105994.23193109475,0.09178021190833341
106257.96748676425,0.09142458958286855
106521.65099040738,0.09520870339296059
106787.58810283356,0.09715495489131938
107055.4926832306,0.09595604307425949
107324.6372328459,0.0962113927385531
107592.65919282511,0.098686285675986
107865.22377535101,0.09800476568036766
108138.74419328725,0.09575043559429025
108408.67562679306,0.09489742462483539
108681.51560159761,0.09506081063088906
108959.36134976965,0.09479223905463581
109232.40625194984,0.09680807044135435
109501.9749390663,0.09697223391816516
109771.72545840089,0.0960665849271494
110046.17905804765,0.09414966504459794
110319.9318025402,0.09142386342386426
110592.94463840399,0.09258355815530575
110866.0245391131,0.0916635113106212
111141.8270671996,0.09214825049683005
111418.66783085943,0.0930972632978768
111681.50761548064,0.0939224725846474
111944.97774047131,0.09934929247582713
112213.98148495653,0.10001688536143659
112482.77817910076,0.09902544232665206
112747.78771612259,0.0998192406526129
113015.94363647712,0.09829388450692549
113289.08059384942,0.09614132131001676
113568.16110385978,0.09735528427286763
113851.32147537914,0.1013618601603838
114129.66131951813,0.09897424748350644
114409.05921669061,0.09922163256926704
114687.23071184334,0.0975126651088345
114969.65111485854,0.09928677276569783
115249.4067236325,0.09564426020680974
115525.31944184887,0.09495248679628436
115807.82957315168,0.09581506971606578
116086.39193659116,0.09515158763148575
116364.25950155764,0.09538256121432068
116647.00031115813,0.09643501482067535
116926.09140254554,0.09641913887677471
117207.69624765478,0.09561001117002939
117486.72796267497,0.09558522873897012
117766.68185226846,0.09665441439786679
118048.367552761,0.09299196006265285
118330.68302263234,0.09258951165798436
118612.72702297702,0.09284102915728099
118892.73085789048,0.09152281847740619
119178.17478635145,0.09401664159469778
119460.49500998003,0.0913827706092649
119743.76969621358,0.08882828342315069
120030.9262243878,0.09537658029696199
120309.4529206626,0.09764468139849307
120593.65150948103,0.09209532045593793
120884.72536530536,0.09054143611415236
121180.99009530929,0.09184164556794448
121473.13228503682,0.09606280840900164
121763.90397309752,0.09450947386779641
122056.55770551151,0.09285809130201056
122352.03529926277,0.09286212267267387
122641.82686195076,0.09307168035133309
122928.3907458219,0.09757255995301846
123215.87408007983,0.0961829396630131
123501.02864810886,0.09411331792353504
123782.80961873909,0.09165083316347071
124065.84814075367,0.09296780547283219
124352.00349279611,0.0913543917733451
124638.21416526138,0.09254910936018024
124919.81865123802,0.09183555802473801
125198.24558226662,0.09044258080678057
125478.07640491486,0.09102023493083605
125764.48502620414,0.09081183163482173
126052.05072508869,0.09028447432718822
126340.73784830689,0.09043854140975768
126630.00767311291,0.09120688688645426
126917.730987585,0.09047115869991956
127210.66679144051,0.09153811470203269
127497.57038789615,0.08902568035346312
127785.2278718221,0.09381697633541645
128070.62933665524,0.09503147714227315
128348.2896875,0.09463643885837376
128629.0131153655,0.09492779793673593
128909.2480349345,0.09224904102401607
129192.07516870783,0.09235104190766744
129476.06625568218,0.09179125439633916
129758.6109583906,0.09251260207728502
130041.29492685963,0.09728333955632129
130322.94577522046,0.09093688673079488
130606.86168096481,0.09367882083765568
130894.04367629625,0.09072211314982351
131183.5065494012,0.09251309487309888
131470.9118747661,0.09224491098021327
131757.91573103794,0.09058904492407988
132044.56065819933,0.08974725517650975
132332.66898954703,0.0930216898628374
