D,r2
130.40541922290387,0.20904069436262684
180.1995783555868,0.19801846250355373
232.91600824458948,0.18616469301801053
286.4843157531886,0.1831637058314047
343.2954736664984,0.17451684417090257
401.8904109589041,0.15977535925458614
460.68972498734604,0.14501329672344473
520.6165884194053,0.14459350150766734
582.0008522243054,0.14803900701254574
645.3659338757141,0.13643918683287523
709.3034459111949,0.1359468758452503
773.4657320872274,0.12799561387703062
838.9498865025319,0.1267966964431737
906.3738715721342,0.12445640740175554
975.1596984235778,0.1167011961807669
1044.1700052255705,0.1174177214154842
1116.0847082837217,0.1195395605154014
1189.7316227461858,0.10902376654990777
1261.5262706043957,0.10771479217055875
1334.7452385112704,0.108463424431549
1407.7465390531534,0.10714775519478756
1482.9203339711255,0.11047538253721567
1558.8889648103861,0.11044882411532508
1637.468206100293,0.10711913224211436
1715.5271651425498,0.11233718310419065
1797.8466798632355,0.10500086733099331
1878.7221431114276,0.10595275273610769
1958.1070402298851,0.1031978299558628
2041.3038290293855,0.10353650525267977
2125.923707664884,0.09985873985369659
2210.206434316354,0.09877584490372432
2294.3157988906783,0.09543078906810067
2377.260251798561,0.09714880252868031
2459.170797413793,0.09784886109072392
2543.012347888332,0.0995301213802636
2628.5748226950354,0.09477426364271715
2714.0467857142858,0.09642697007316323
2798.11247296323,0.09386474566549854
2884.178057873247,0.09283547085009909
2973.7430744160783,0.08681222408918779
3062.737608811512,0.08741335103337224
3154.7645063381538,0.09212795996581405
3247.2415962610103,0.09105783902061731
3340.3418650438516,0.08727862972251792
3435.490763765542,0.08514830606141796
3530.8586058210562,0.08597018926943331
3625.6099732858415,0.08520054903588993
3719.5098109810983,0.08946894108874699
3810.994658119658,0.08900961993020728
3902.107876406501,0.08641628371747694
3996.430128663331,0.08829472538411322
4089.8824055843925,0.08960486488398438
4185.849991028172,0.08977230187259781
4281.565622202328,0.09011917275466852
4377.323366159356,0.08804607692732652
4476.511499376003,0.08773094816560209
4573.964099802549,0.08960885929362246
4667.137188005027,0.08986221254663135
4759.75729894322,0.08485073375914015
4855.437889859205,0.0896589570225751
4952.527563296821,0.08975115193508049
5051.570111682326,0.09078006295215127
5150.59938506059,0.08663161754430568
5247.813883477953,0.08964233000852703
5345.089295320065,0.08687176359616475
5441.982965752197,0.08870063853168446
5540.261981402003,0.08957505024049835
5640.65115034778,0.08473834200434258
5742.9138489208635,0.0868880214733285
5845.7388750445,0.08729660048951488
5948.3977027997125,0.08271952264630875
6052.988956180976,0.08695707219308686
6159.046361185984,0.08666716614093295
6265.223512596033,0.088893969701614
6371.764108954958,0.08725235768661231
6481.897095733238,0.08691635697719674
6591.486093665889,0.08621749592105922
6701.169473307058,0.08737468590232578
6808.9689285714285,0.08810803453914051
6919.841035784931,0.08406656294968883
7031.536663693131,0.08241707844185442
7143.806555615261,0.08649093943331017
7257.7868618350585,0.07754650897148936
7372.075468331846,0.08124048293272461
7484.163652641003,0.0778598129172969
7594.545177482969,0.07911670134412578
7708.0952380952385,0.08558721667243059
7822.243165981776,0.08323269625636906
7933.941858391297,0.08206833427964211
8041.07635777021,0.07894374278383583
8149.739525762168,0.07962470139034963
8261.72045902815,0.07913937659977505
8373.657030692362,0.0821528111939766
8483.352667382742,0.08109348811151805
8588.457256461232,0.0791121948968472
8697.52228733795,0.07654967830254392
8813.780931976433,0.07691765484978069
8930.33977801647,0.08228453984065345
9044.002692514809,0.0796277876511875
9155.810569541154,0.08157839912741206
9266.493369175627,0.07976489194773563
9379.440940673436,0.07928433853033634
9490.753545144498,0.07587612166160371
9604.724826234184,0.07563508632026954
9722.618562231759,0.07556067072871682
9843.035887313834,0.0799807562122131
9959.48293118856,0.07563597207673155
10075.825487739396,0.07506804027518324
10191.072222222223,0.08167483938393422
10307.065221286508,0.07817179369209606
10424.37356527977,0.08252000132648561
10540.734163701067,0.0825873103883758
10656.720545977012,0.07920701365757424
10777.786096256685,0.08093889054761015
10900.946831364125,0.07830082566287222
11021.701572551823,0.07918304395407474
11142.439421015011,0.08112959076047259
11261.034655234012,0.08498552194899694
11377.80118641021,0.07874372490456956
11499.251076040173,0.07977536628260662
11621.021443888492,0.07746617498321119
11748.644273718064,0.07637872342259545
11874.492393055307,0.08025429500296952
11997.789313795569,0.0818618310976247
12122.127457990704,0.07909508951148005
12250.421071492565,0.07877603555841257
12377.744593386953,0.07829478008829724
12504.173097534835,0.0753905103062256
12632.874798206278,0.0751432879357467
12760.44333214158,0.07267594368448242
12885.898308103295,0.07155364659763067
13007.406278026905,0.0718878705537901
13131.843351875112,0.06932497334794249
13254.93024911032,0.06978251369313078
13375.654937163376,0.06999411773162591
13497.832765728625,0.07259022673299567
13625.937578027466,0.07027641569671196
13756.561976101302,0.07162231537282804
13888.082431457431,0.06969477984436245
14020.304510607952,0.07297617353024982
14151.363197424893,0.07217512447756426
14284.338804638715,0.07233036319847763
14414.225638259619,0.07158594380677892
14543.338088445078,0.07280134637645365
14677.85119685602,0.07227697475272872
14811.057316854738,0.0757986672202646
14945.26176890157,0.07118131496548485
15080.842607599496,0.07128544149212686
15218.192102454643,0.0741935489315253
15357.90915632308,0.0684729079471073
15494.789998220323,0.06900389389512256
15630.484355444305,0.06986024159953509
15761.559792337988,0.07098547285300193
15896.579278146884,0.06904994300539376
16032.22897362794,0.07100174565151977
16169.884024303074,0.07169647644166698
16306.488789237668,0.07446204804554417
16443.473006792992,0.07140476964898002
16577.549651100377,0.0677164014353947
16714.52745483813,0.06701262108142526
16856.07819225251,0.07063646841427312
16997.481012658227,0.06668656342527422
17136.571223795017,0.06900429318970942
17277.849506726456,0.07168832672098356
17425.261998567334,0.06673321835454454
17573.180600214364,0.07032266493836493
17717.634906500447,0.06908797446550927
17864.335249730506,0.06852041911110379
18016.32607142857,0.06842470812738574
18165.6437152591,0.06700612051667776
18311.33653846154,0.07061681227693671
18459.42764695308,0.06911897278701881
18607.272515249373,0.06558790103070808
18754.93731023397,0.06239327251922863
18904.93830472103,0.06444775994171512
19055.045080500895,0.06809066625182808
19200.86948005698,0.06657254875179944
19342.71618705036,0.07015961350604481
19481.990003570154,0.07165288705627819
19624.301805828716,0.06948041823096733
19771.867107851904,0.06915223028954565
19917.384519350813,0.06982467125265011
20063.346506197235,0.07554261582346058
20211.333927934356,0.07339987465028226
20361.8646953405,0.0712078626914785
20514.072671810514,0.06904054739647096
20666.608052734722,0.07016505571988696
20823.57066093498,0.07008488471846026
20977.902425972174,0.07017485225495992
21128.191218637992,0.07492242395830224
21277.02160714286,0.07362075063206966
21424.456772334295,0.07443202926187756
21568.723923104306,0.07359947589395746
21719.060394265234,0.07460605159854784
21872.60064469914,0.07235117437871341
22022.420544022905,0.0716074359746913
22172.902691142397,0.07303432422421612
22323.543787088653,0.07570667441580547
22470.853697749197,0.07855775685865164
22621.839100963254,0.08017257184673124
22769.095272206305,0.07388584915823886
22913.217983163173,0.07214255115953208
23057.115714285716,0.06816580079325481
23202.523076923077,0.06756819948122389
23350.680193063996,0.06523792563554366
23501.03510028653,0.06714538511530886
23649.829417040357,0.0657863798126789
23799.432745412436,0.06265781251079626
23947.644861483466,0.06602214669078697
24096.937005039596,0.06411623233004463
24242.273945675483,0.0652672660283723
24387.642537179716,0.06455440330372812
24537.484032114186,0.06529422497031614
24692.585243553007,0.07003634470595801
24848.207864164433,0.06888836506383106
25002.14970593477,0.06839600307951718
25162.11133022589,0.06794496963955145
25321.457803261063,0.06765969477943444
25481.40549766439,0.06794605161627229
25638.22777579436,0.07166957395011857
25794.915791347696,0.07192495220297278
25957.279683851266,0.07339429161582485
26115.869689908584,0.07569262177639598
26270.042704626336,0.07349642114584559
26425.836135957066,0.07390696998960336
26587.136843990687,0.06810822262780017
26750.04383758534,0.06974376255274259
26909.563678406263,0.06802327825744092
27069.873211731043,0.06774035850477035
27232.062174303683,0.07242842996307224
27396.649642857144,0.07079480634401676
27563.980638221587,0.073089847160195
27733.107703281028,0.06772382941003746
27900.020557740438,0.07078402133993814
28060.811804808036,0.06808842730576675
28222.349197860964,0.07314173570881585
28383.068601110514,0.0718752502463563
28545.10107719928,0.07516054499184219
28702.698358901176,0.07284740541002846
28863.809328091495,0.07437742730983272
29017.76240817058,0.06922067306556387
29166.93832677869,0.07278505446910774
29322.891510277033,0.07455069032057096
29487.29666786098,0.07337163780213647
29648.79638252149,0.06942211504584218
29811.41330717089,0.0684665930791732
29971.50891089109,0.07211991109213994
30134.133978147947,0.07352149147391099
30299.90361660431,0.07453055461557238
30460.793659322946,0.07315322419101733
30618.32428086475,0.07479665083889932
30776.4241828898,0.07062353339538335
30937.0123655914,0.07123562949956391
31093.12954383464,0.07369550429155208
31250.001610305957,0.07637728168354324
31408.954251883744,0.0753559365101397
31567.166756320603,0.07642995517677584
31725.264626945787,0.07462415734893772
31883.720299678916,0.07414706133716867
32045.092516520806,0.07139991224510893
32200.944295181802,0.07741313307555009
32355.75831842576,0.07265822204952771
32517.720996951764,0.06859107145220714
32679.019327129565,0.06363501307772011
32835.342836778334,0.06426002013622513
32996.18103602796,0.06463204831244407
33159.65594855305,0.0651962492556187
33329.33160436415,0.06683354347394449
33501.09867240761,0.06796918823853529
33668.64729028796,0.06802091122498433
33836.88930749911,0.07047037776186821
34008.50375268049,0.07000399056073672
34172.800249243366,0.06741007871028401
34439.572155374306,0.06639898412841795
34798.04831034761,0.06865629367655841
35146.04722693146,0.07113366207560848
35497.948357944,0.07025882732794081
35837.05007660673,0.07291121325449633
36177.26644604084,0.07405307560216313
36512.57684550222,0.07894609879735268
36845.84201192971,0.0746333298716281
37181.18269695505,0.07467295943502043
37518.31179412714,0.07108828675353257
37861.28276307295,0.07083874451316875
38209.32701918427,0.07192985107668318
38562.12674465511,0.07776700030517887
38919.31072033557,0.07450901447107136
39276.50965656566,0.07087163516970707
39636.73596321394,0.07141443072891218
39997.3277486911,0.06497360982210608
40353.75683522865,0.062034555886703466
40711.75270728948,0.06539361236331075
41063.755347485676,0.06729294422263365
41401.4933473107,0.07798331450293022
41736.568269851516,0.07047933742177859
42064.91482675262,0.07113083331552052
42395.744543770634,0.0654763574627589
42732.309585283205,0.06593912492874762
43088.7157274342,0.06235658705971841
43452.533268812,0.05735754321821029
43807.71880804328,0.05861837493400151
44159.34514129297,0.059415863091694714
44519.07466666667,0.05788020230446248
44890.13476090807,0.05439493714719938
45264.25660072669,0.05251236883947484
45626.195250020195,0.053802334394697046
45991.461358691275,0.055360379586562945
46357.45669862241,0.05536375741757512
46733.86688206785,0.055149298819814764
47118.72204730766,0.054566584416066974
47499.98341518396,0.05805569177359867
47888.261856669626,0.05981115548777406
48277.183583051396,0.05850249954536369
48655.703249737926,0.06011602082350071
49031.08034560723,0.05576869965457095
49402.85519632347,0.05678897251580814
49754.592114810934,0.057104339534634126
50099.883700298415,0.055060514565301547
50446.49995965464,0.05451662339005943
50796.35131642707,0.055295171565972294
51153.974253430184,0.05301405122990272
51522.803532542945,0.053674306211164945
51909.34010479645,0.053344904921448805
52285.5814742968,0.056158093288673765
52654.85155369506,0.05285489108652236
53023.34652906555,0.0519399205883577
53387.0016123831,0.0563819797195518
53737.567626421485,0.05839513839517302
54094.300977935825,0.05983502941653261
54445.13017178805,0.05746795792600301
54797.05694208868,0.05833730797686504
55158.722875080486,0.05494747569455371
55521.4134398193,0.05345339684519119
55889.61174854557,0.05450828311926565
56279.28672737529,0.05111785976822278
56675.546179883946,0.04980537798163118
57085.937414307606,0.04836551037106556
57499.183159932254,0.04836163785913776
57905.01661826396,0.04952890149135761
58301.22804612531,0.050974561303141104
58692.877021345405,0.05192837174733026
59077.6862271593,0.05285947485903331
59454.153292929295,0.05224277844381786
59819.48957074978,0.05449808962546525
60184.749818416596,0.05298789009021114
60548.22186339415,0.04926062735873047
60913.73892341215,0.051063937082280825
61283.9530985575,0.04828368651303479
61666.6017106431,0.04945741980118998
62052.72802773746,0.05075838543585829
62449.49103392569,0.051451982838778526
62857.05587311811,0.05180968935688786
63264.7004842615,0.04645821724259141
63665.183864461476,0.04935166376989632
64062.82387096774,0.04930127273189247
64455.8957762373,0.04881365362993904
64839.253556417716,0.04805028046714453
65234.950278024015,0.047918773957117744
65629.85461737165,0.04745035878683178
66015.14876966519,0.045502334271458215
66412.68748992422,0.046516406839321
66789.6433933328,0.05002623218244947
67173.8376419425,0.051768322705833286
67556.38929263566,0.051216222858918484
67924.05394291243,0.04917807112613554
68302.00798065297,0.047342004142935205
68680.37272140667,0.04617472791469465
69052.97345703913,0.04649802880400152
69417.8638493859,0.04576702953478243
69774.91948639264,0.04589417345047022
70131.92719503347,0.04965186661387061
70493.28019362646,0.04887440752110865
70855.43649258543,0.053526400224393575
71240.66293131249,0.048128622504506766
71639.19911254538,0.050500234912436194
72031.26941081518,0.05216124396932268
72417.30183663606,0.05135591604818064
72806.9748244977,0.05659142374233488
73199.14671503427,0.05632524499899357
73581.66356501335,0.05399108526228335
73954.17352846575,0.052819021677367496
74327.72422992966,0.05284971784521163
74707.74643346498,0.053628572806292005
75086.66747435587,0.04895192935262626
75467.87082997583,0.048747751160230064
75852.68248469224,0.049388710685523134
76240.35644444445,0.04785811929093299
76626.36354854291,0.04828024120329457
77012.01709953218,0.04941764392828506
77395.5255126756,0.05363633222765708
77776.33303751513,0.05120121831351059
78152.95875040362,0.05176950326971411
78536.49355358582,0.05147670773043237
78926.05045612335,0.0495077272288134
79305.66084848485,0.04800986473716048
79682.520183708,0.05003386511927076
80060.10265515294,0.04864701169134878
80446.45465538089,0.04998650998915443
80842.78219819238,0.05156473807998241
81223.90211086046,0.05219613061434402
81620.52099144195,0.05023918486475297
82038.6347146082,0.04854724854730295
82445.12203581222,0.04762061096080387
82846.598966742,0.05026311121450922
83260.34328599097,0.0490775343689008
83674.38504913807,0.0511140757031904
84092.56423275307,0.04844832507209096
84508.91322614528,0.051857943372262384
84913.12879581151,0.05094164388067219
85323.87020863658,0.055629881631733415
85729.4958857696,0.05360424982354344
86125.13638926932,0.055414793801176025
86521.36503067485,0.053416284168411224
86932.54702232251,0.052358184475711146
87348.3959796561,0.051892880637928206
87767.7149758454,0.04946072956102136
88186.04584712244,0.049273314807745425
88602.24896969697,0.05020975527608534
89016.70471204189,0.04821569978381864
89422.78630822636,0.049309414378506305
89833.01638285852,0.05035921257696938
90240.8637132501,0.05116978244055938
90660.22535552683,0.047219833890399965
91064.93849254333,0.05275312828799149
91475.56118007416,0.04641684044252561
91890.70176855366,0.04588734442002551
92312.60895835012,0.045105733689509105
92735.73411479386,0.044235889898433585
93153.76219217769,0.04307362053396042
93568.15675195739,0.04320304817277074
93976.46452498184,0.04796235832935603
94390.86288244766,0.04679599894412107
94813.3334946757,0.05376549478497821
95246.95253087915,0.04731004627696406
95682.02096267031,0.048514000608930255
96113.76398869601,0.04519056834802562
96542.13693882486,0.04594100623908411
96969.90152431648,0.04531327658233095
97382.4230365647,0.04696566964614629
97789.70066161046,0.0469143091509361
98195.92120771777,0.04600250681724024
98607.14749738052,0.04737049632888201
99035.222042924,0.04567012775015619
99459.51169166263,0.05035882335959065
99893.2141417399,0.04772777848995357
100335.96410421876,0.04967448553451238
100784.81892240683,0.04509292640233817
101216.79828673023,0.05191836248832472
101654.87046131551,0.05064117497742029
102096.07549604775,0.051718267186667805
102539.59909546115,0.0498622194437998
102994.32679421974,0.048906470293498094
103443.49891278087,0.050829784129758505
103893.58459799807,0.05133610523597044
104360.0169409487,0.05596694853903848
104840.41044053575,0.04990019786572056
105316.05179925771,0.05014969317332576
105781.83353506011,0.05346734947246413
106246.32804445876,0.05234995844413125
106701.92289078883,0.05247479872351563
107143.53251999676,0.05297662792239855
107577.32342995169,0.0553011356497126
108004.27741466957,0.05798510534498615
108425.25297209866,0.05546322908972144
108835.96607301153,0.05522693666562796
109249.29294231388,0.057741772405003125
109658.43145813126,0.06157976728929265
110080.1793364471,0.06114455032645038
110487.7704666559,0.05629147711505103
110902.94707116346,0.055336096460348
111320.11277589817,0.05940716347514201
111732.14414923686,0.05855821783357589
112138.12585554393,0.05567667035817394
112539.42253293462,0.05279336484135252
112948.42710770472,0.0523507910635078
113362.61993066194,0.051695099724398556
113775.22986374264,0.052445407295678655
114172.12167730468,0.051609497583086965
114557.4484315781,0.054112835297432396
114953.77852024797,0.05220499021157655
115343.34852028062,0.052667956154088216
115743.41641091908,0.053810078069552784
116147.87915724896,0.05276046996990348
116549.02763009505,0.05512763778214938
116947.26087307351,0.05335705680420014
117343.19593777705,0.05391293819068624
117748.66330401097,0.05327576488764394
118166.93909245329,0.05057387981853487
118590.95626258558,0.05054664863533607
119023.65816450077,0.05059287607819159
119444.46375876803,0.04963117528072681
119848.2317672657,0.052749861292297
120243.69465525594,0.05329901665961591
120629.60535224891,0.05486937913882344
121020.34847140437,0.05154055558020633
121406.66742026646,0.0537014908200507
121806.18424867128,0.054886586602790596
122198.65889095166,0.057089405023334844
122575.89634589014,0.055991116050187875
122946.70855528652,0.056847545146444724
123304.04437989187,0.05507018446958889
123651.36684146833,0.05616749351178193
124006.76770286637,0.05622089232884562
124369.43543059696,0.05699952405157606
124743.98198998546,0.05498218717718384
125108.61060447099,0.05397173504569196
125460.0840451249,0.056525286511087264
125818.45568905733,0.05757434467813867
126197.0560755204,0.055310845877887295
126577.82161594964,0.052260527144241814
126959.52043201418,0.05961175037746846
127342.76861637757,0.053774150874410426
127728.07268028749,0.056717678278924405
128112.11460764587,0.05992704975484431
128499.6976349988,0.057144870562692206
128896.78871422814,0.05709197959654849
129302.89573918657,0.05251082216215398
129715.8760597497,0.05529927656057008
130131.46358362875,0.05134853872871718
130546.1523440652,0.055180351786998205
130953.56799483788,0.05613393976723948
131359.84093293519,0.053388017251471055
131764.54033362883,0.0527464111266329
132187.21680808082,0.05436697507530663
132615.79864581654,0.05355028844772133
133036.61915133914,0.04946671800845394
133448.37554444265,0.056239452007305325
133858.72700129115,0.05786248375191336
134273.03472725808,0.05683439478267745
134674.29955591442,0.05799661166348516
135075.665053243,0.05820807703949267
135477.79267015707,0.05823882679921284
135863.6504893634,0.057880199340135524
136236.70400772573,0.06128074311076826
136597.5487775357,0.05655997658889662
136974.28460793805,0.05600711536193222
137375.2884708542,0.052353166890683894
137775.2580567193,0.05593445980264653
138185.96163476293,0.05417216763430103
138586.11575044334,0.05504604863190134
138985.044128344,0.05364218180743755
139365.39517819707,0.0532185479183069
139751.61442385174,0.05273782417191451
140148.23915677247,0.05852455632592395
140541.44115040684,0.057184670081823485
140933.47228274026,0.05977141968909005
141336.31631994838,0.05896061023559595
141742.3618963011,0.06048410189697799
142161.03341653917,0.05914151160749645
142589.02340408362,0.06069797642579092
142997.98514571728,0.06075190205673935
143387.39979055905,0.06253195264793693
143758.856554065,0.06260897748142526
144122.3417762362,0.06200152548212407
144480.8379748873,0.06181685506976293
144851.5835552328,0.06362757992665687
145230.86205227493,0.06368841303998368
145611.3947708199,0.06119240006333657
146002.2255984525,0.05839662222047893
146410.65953668577,0.06252052345074893
146812.35459389634,0.06486026909980643
147220.9508342065,0.06302636185343932
147636.0075898264,0.060048700816390306
148044.3738106757,0.05747580966529032
148445.8757558655,0.05945655481756423
148847.85079800096,0.06051814659115594
149247.2057563263,0.06542618229306713
149651.9114658926,0.06691877901470929
150069.73236598147,0.06364933427004502
150483.7737932146,0.0617025447473436
150902.78968189892,0.06240612519495385
151314.81485668148,0.06427367222818943
151730.03343807912,0.06704822218405677
152131.85500120898,0.06613654025776307
152537.3230968159,0.06215283336757379
152947.6215758943,0.06605355989729866
153355.71704957678,0.06155332957600845
153755.96633487093,0.06596639607330529
154168.17242490134,0.06383038649015833
154585.3582667635,0.06425482127015776
155004.9110770719,0.0628838847959386
155431.1716315492,0.06393878597125068
155839.6774427604,0.06282338266968418
156243.12112903225,0.06378716581159502
156642.98885658916,0.06066495912089389
157038.90389108192,0.0614618239218012
157440.43597610205,0.0637244076057799
157842.72131411548,0.0644347714015699
158237.08927850044,0.06336213201032742
158636.04108264862,0.06306565761648356
159043.8044778532,0.06484497632689223
159460.86616202287,0.06901331808313897
159869.98806644088,0.06935246088025018
160290.2426423027,0.0700302222068323
160710.36555331992,0.06416675459417508
161141.7584396705,0.06545221989946301
161567.94474023877,0.06474115873862978
161988.50048457438,0.06484296079897263
162398.19138987424,0.06434743621190972
162821.50020140177,0.06620767183406304
163243.00976515212,0.06427194313851979
163654.73515171077,0.06503051118490676
164062.50777160344,0.06861682819431505
164471.02086365843,0.0667527438387453
164864.7507858467,0.06627264939657333
165260.33953600773,0.0676416842317803
165657.29487386806,0.07054096616910041
166050.49374848753,0.06551226816986608
166443.47188657967,0.06520587377709125
166842.47919354838,0.06764575782039439
167245.72985628937,0.06801061165323313
167645.00990497664,0.06354302250864392
168065.63291649858,0.05953407491917152
168469.4538852578,0.056460894260567926
168856.7127040569,0.05509264424194474
169247.629930768,0.0570652318263486
169636.77296206617,0.05785868030453896
170005.45772547755,0.059231882938210356
170384.5898636107,0.06511851110005379
170774.35295542635,0.060843650344353906
171174.77315674716,0.06590597099889735
171574.5391738465,0.05935856496040089
171975.09466882067,0.05883273793810321
172379.28042285345,0.05803342604312417
172781.65547303844,0.055318249182676464
173170.1556326103,0.055389642821949046
173551.39374195624,0.05287853885962639
173939.10133225677,0.054418002336703825
174334.1557330751,0.05444827913969245
174720.21677814488,0.055979878046404155
175097.54730983303,0.060386414811708256
175458.9997576541,0.06526970539725192
175816.5514101531,0.0653982149730558
176175.10079275197,0.061481037579559854
176541.3953694027,0.057457422759311906
176912.4010353474,0.05981546028169763
177280.40225442834,0.058382676715237336
177652.81487456642,0.06014886141148638
178024.80317690695,0.05581400392228792
178405.5547934151,0.05826373078218199
178791.19996774715,0.05730966119887199
179175.23181377305,0.05538967264846739
179543.53473905317,0.0595465749157623
179912.04038616252,0.057438830237145855
180269.25078673445,0.0593827825318968
180624.98694811473,0.05524702423472348
180971.83290239173,0.057948075185805636
181323.46049134113,0.05812157060266126
181683.5852180937,0.06065859434280649
182030.15352998066,0.0663743923292145
182389.71567916163,0.06579944164579943
182759.88022261654,0.055967506847609656
183138.56469828976,0.05773057433957162
183510.7230694747,0.05615759588864056
183884.82935898472,0.05611062344668592
184245.4797613288,0.0566942815641125
184613.7484307098,0.0539349612585195
184967.33483907397,0.05469110612844806
185330.18195780454,0.055102109195731545
185703.64320878056,0.0554656854417933
186067.09375755134,0.05619683305349561
186429.01863354037,0.05674544536847712
186792.68563816906,0.057349117082957306
187157.61704014186,0.05587168572941686
187524.5392551991,0.05714599764380799
187891.74581750587,0.058792407309169625
188260.0808023846,0.05747086644305784
188631.0748123638,0.05789832101905222
188982.29033820325,0.05872433832011822
189329.43755535872,0.06052353716672038
189665.03648986842,0.05770701233567896
189995.94943365696,0.05563268395979973
190325.54976684356,0.05557526675691761
190665.64682635697,0.05667623309756541
191009.84745215214,0.05617889443190618
191344.4726055031,0.056463643443781575
191682.6748308089,0.054487627534959907
192024.7816314981,0.050791022925080094
192380.07439348754,0.054502789371984856
192738.40879741727,0.05539558503151357
193092.64725310134,0.05475704558559339
193448.2090791808,0.053284668345378816
193801.6675,0.050647459050117194
194160.63158319218,0.052113158232516145
194508.78430265386,0.0531740557415792
194846.52152144068,0.056130610048321185
195183.5238210399,0.05628918455460235
195516.37240655525,0.05644933142198073
195848.75998386447,0.057734656411659833
196185.51797227596,0.05506499723800333
196525.834960071,0.053576018493458354
196872.16340872375,0.055943527685244514
197212.02889568577,0.05676900237802956
197538.42518985298,0.056653279076957
197875.63692109086,0.05650829566588617
198216.41734066646,0.05450397124378059
198548.49646529564,0.05484038603747799
198890.154361333,0.059073917446539406
199242.6167635659,0.057101808692796935
199605.0599709818,0.05538897070206993
199956.32331130098,0.05491106466067255
200302.4451722465,0.05285682580773545
200659.39677549375,0.059371098700740574
201015.16912654246,0.056522558487861335
201362.52544970557,0.05882268358187502
201718.0024987909,0.05940911582873423
202089.08058667096,0.05703612967622498
202449.20687706835,0.05635255345725766
202822.6754534462,0.05705529697995171
203214.98779403444,0.05725404021689929
203599.37523194836,0.05627360876547147
203971.35010482182,0.05571954429882694
204343.46212855296,0.056382831688775385
204716.39951729687,0.05545934271231293
205089.01252727714,0.05551202077039941
205461.71237619777,0.0540273219073717
205845.5373990307,0.05424682018854466
206221.48052576405,0.05387221527030481
206591.65592179674,0.052873753774233645
206954.44385371354,0.058575782893408895
207337.6427649621,0.0525930106242315
207716.53874062726,0.05187552558532892
208107.70457664056,0.05032633813176447
208497.96628216503,0.05159866811447835
208885.07472190875,0.054457319819308174
209274.32704250343,0.055122309412854405
209672.15534372727,0.052680218803862915
210079.97097476418,0.0549899832894622
210505.57142857142,0.05270844712016248
210936.83216161616,0.051912280217315476
211379.5484105212,0.05199225895221429
211805.25440012917,0.05809555392933203
212234.27861457915,0.05626513672245544
212675.50452050372,0.058745203752343385
213111.14557472192,0.05473036048600789
213541.08213535778,0.05484530035401294
213967.69667445045,0.05806488145419807
214381.2058609833,0.05573081291915596
214777.60710545396,0.053961302965507205
215178.64085587405,0.054529448633699275
215577.82951981953,0.055710609646808296
215971.56080045187,0.05331583182785379
216371.88709416895,0.055119819651210274
216775.6339321679,0.05448391315897076
217159.03781953067,0.05589606432713686
217532.8617072777,0.056265088577394706
217917.31976086606,0.061139299511731256
218299.24537747275,0.058081715693055584
218690.64546259763,0.058431150623653706
219080.20171257775,0.052794291251500085
219476.0168182184,0.04907816853963372
219867.92190784155,0.04983261611291302
220260.08781549876,0.049546935986056743
220661.88346774192,0.05418467280531121
221067.1453005244,0.054853165870718264
221479.9319409725,0.05507296493695619
221902.1321927205,0.05325714656988126
222311.96164095937,0.049025470238254425
222730.0727521753,0.04989698085237611
223150.0850068554,0.0508061840990097
223576.83161290322,0.053238753915788056
224002.6831156265,0.05216666072221771
224431.5858675486,0.05425354271945781
224871.74652777778,0.050207870422630724
225303.26119523196,0.04825056852704931
225728.26732273938,0.049053217643116945
226159.03963513076,0.049803291941809734
226581.65421540945,0.050798422151259535
227005.51553797725,0.04995054022515061
227424.3228378161,0.049928567586662344
227844.25791855203,0.05040536142489282
228266.7941034316,0.05267364787771918
