D,r2
74.89785169785169,0.5621899622624144
103.4306529209622,0.5260905200916463
134.84947958366692,0.4722255460461165
170.96924615576947,0.44433466153332857
208.40740740740742,0.4089048996841816
247.53819354838708,0.38278110301068485
291.151652624757,0.3510377758162144
335.9782429082897,0.33949984768572045
384.19541709577754,0.3204315721078405
433.5641592920354,0.2956988750485513
484.7014143530644,0.2907650522344776
538.9482209240574,0.27904215505698104
592.6946450470091,0.2562753787892544
649.5236801242236,0.24669771772814636
709.7186915887851,0.23269516870150092
770.8620185922974,0.22706776758251787
833.9376099607525,0.2167164936720298
898.5649710068529,0.21086062154533783
964.7455939728239,0.2079059811690431
1032.025467568643,0.2034225917637546
1102.2126360499071,0.1951141565944805
1173.9141441200106,0.18677365227578513
1246.3757202197507,0.18362427507320528
1321.2610025262597,0.17995433182032075
1395.785210780926,0.17510557393978082
1468.584945039655,0.17580402639036735
1544.0790991485856,0.17185443487117594
1619.1531133508215,0.16448446308658846
1693.3170866795901,0.15885346348162716
1767.9951341582093,0.15478671768944363
1842.4143821463013,0.158447290161081
1916.3767370761534,0.15194163115168888
1991.4680938657884,0.14996909333884492
2066.5625783098985,0.1434727858618238
2141.7973476999587,0.14278967542306584
2217.3195101586416,0.1427262259698519
2293.425490738181,0.14133742640793215
2371.054990376684,0.13791931387152198
2449.552598924583,0.13705192165419047
2527.279783393502,0.13617800096937419
2604.27075862069,0.13518637710036382
2681.82678919521,0.13376199939222094
2759.7166620460216,0.12939864032946105
2838.2208079690095,0.1275359391605923
2919.73798407031,0.1269299627044142
2999.3710700496413,0.12706519428161747
3080.2604618614414,0.1273246601558815
3159.4727923956466,0.12424961424483144
3241.0933333333332,0.12375947530670718
3324.3458719402574,0.12461570788201358
3407.213718510405,0.1213310438785769
3490.8230309765245,0.11720787195975758
3573.835976627713,0.11423957846631487
3657.451813901966,0.11491329084332882
3743.2506516668955,0.11528249638572834
3832.4802986312734,0.11136440588728197
3920.1993079584777,0.11638927090716912
4006.262714206744,0.11186555201355727
4094.5200942350334,0.11240536398928125
4183.467267683773,0.11355203745797031
4272.068357221609,0.11223709841070019
4365.26800276434,0.11045435291399028
4460.669990306052,0.11057721359047412
4555.1000415685185,0.11207581899357848
4649.092033921868,0.11077561527661069
4742.140549496065,0.11109932991781171
4835.237053447799,0.10589018170734056
4928.77083044503,0.10507598888495237
5022.847208754675,0.09906680923876393
5116.432462173315,0.1026089867383717
5204.93315804041,0.10200003173576988
5294.512184990307,0.10088735879196856
5387.073822714681,0.10230339783409521
5480.962463907604,0.10021469519086859
5578.041666666667,0.10153470736323311
5671.828112004436,0.0978946956760908
5767.195534599917,0.09807468865016121
5862.213443072702,0.100277811853548
5957.99778424041,0.09948267486343751
6054.747750242282,0.0990604315926218
6147.560340022296,0.09752368247797173
6241.495787874603,0.09564728121663132
6334.3358694148565,0.09395609192676492
6428.428866547308,0.09590716093355761
6525.920482930891,0.09585946986574172
6620.616777224986,0.09298715263227361
6712.976477099764,0.09421395043336107
6808.802047309448,0.09324799228076223
6908.266065232478,0.09386070341451311
7009.379200663809,0.09179555431306727
7105.540570479092,0.0906170585157635
7205.723606331728,0.09398512230140005
7308.030273707493,0.09132054173205731
7412.957609451008,0.08929067557544004
7522.003855156271,0.08794178063065838
7629.820654424962,0.08954652156012402
7737.413007226237,0.08699355986581127
7842.309020582953,0.08604038925470141
7946.044964028777,0.0850093217518128
8050.217445742905,0.08812931666382963
8155.735654327783,0.08691493321894177
8262.944467467882,0.08439236078505413
8372.996824520227,0.08593903628991491
8484.598946784923,0.0840048897269751
8594.409874826148,0.08468520726027089
8703.931243959685,0.08462901007848185
8813.022133075114,0.08191571403958527
8921.811423012785,0.08170670802094016
9031.261608623548,0.08407790667048542
9141.673804918486,0.08534775712213807
9251.036129568107,0.08657503482800444
9360.395085588072,0.0833715726053414
9469.462006920416,0.08110200493533627
9578.086144911504,0.08254738802950413
9685.783413959916,0.08157314304213034
9792.892778085225,0.08224326117245051
9900.371305675038,0.08018638396106281
10007.950960077358,0.08066275796401473
10114.71385209713,0.08081436230900155
10220.186381916516,0.07834190836631695
10328.552959070796,0.08027468331660711
10436.02929795467,0.07853205490738624
10548.809077114085,0.08228885703743818
10660.997220678155,0.0773529824120173
10775.142896666206,0.07737584696608187
10889.299861878453,0.07829412483588293
11005.96921797005,0.07888204347583112
11120.660165975103,0.07826075109467641
11238.043334709038,0.0792580598776847
11353.747672641379,0.07941206811243562
11471.751178264485,0.07835759690129195
11590.063544688493,0.07915525972799141
11706.092286501378,0.07595447964538471
11819.73937795057,0.07596562643894202
11931.554093364732,0.0750540280896425
12044.65912227436,0.07685894817453563
12159.257031467558,0.07485411393918169
12273.257709251102,0.07704577232180136
12387.51425013835,0.07800553257224146
12500.99323951435,0.07638950707434694
12614.543031649084,0.07590575707554567
12725.744716351503,0.07225577619781735
12837.550589525637,0.07426274407352702
12948.497562334587,0.07270879211411901
13059.055340877725,0.0738595336869821
13170.095165955103,0.07398147928416735
13284.103892505887,0.07407712560974013
13400.676891047884,0.07426823305447548
13517.367869936621,0.0718612621125455
13636.090071219103,0.07437627366387939
13755.73452299245,0.0730400408519449
13877.488191164211,0.07512811496677298
14000.954877880502,0.07546492744559914
14124.903546295018,0.07611976512068885
14247.48875,0.07406964713586106
14369.969990319458,0.07517773821665778
14490.898333103733,0.07413060125387842
14607.561981184283,0.07212347799766367
14722.689039579296,0.0733705251674812
14839.374462179043,0.07009537167144196
14955.064560820172,0.06997838969243762
15070.339544513457,0.07389262670318922
15185.535180055402,0.07264723449831803
15300.100401606425,0.07212414389076434
15413.540795123978,0.0715170601527625
15526.513722245207,0.07472778131865677
15636.982536382537,0.07274156767182935
15745.829248141008,0.07026594362956541
15857.052602359472,0.07126000313002902
15971.048578526083,0.07000795401149779
16083.398422363687,0.07077686424940519
16195.195,0.07013428147320921
16309.254547960309,0.0707343789378073
16425.650090290317,0.07006868373787473
16540.47331947332,0.06751506368598005
16658.220763063313,0.06839652287134884
16776.103286384976,0.06685370512829891
16894.47753352689,0.0673130315375589
17015.30498126821,0.07005114000424471
17136.64106453392,0.06694753477969702
17263.040602126777,0.06816132252893871
17392.491434097818,0.0695695891700354
17515.67533009034,0.07014179640715204
17640.10582376539,0.07021173379762699
17764.923481389236,0.06636951796795208
17886.969107709283,0.06982230962807946
18005.283538695832,0.06894453588971679
18122.235725148625,0.06905394129853282
18237.778300581234,0.06717297701469925
18356.663512385192,0.06738411980973809
18477.451196040693,0.06635412555569331
18599.43361111111,0.06785703308869027
18721.842967244702,0.06603979550646841
18839.642030400224,0.06612183956990803
18957.489525909594,0.07017955324522758
19077.229039422542,0.06571975858173378
19197.60344115623,0.06700428943994051
19312.145489815714,0.06694903105310293
19425.384850166483,0.06728731668780713
19543.361781331863,0.06698113420586399
19661.402125897293,0.06735360807087146
19777.71333518159,0.06591002491352539
19893.330437181077,0.06690352500101711
20011.701759246433,0.06696831624700693
20132.12154465898,0.064305468476509
20250.846037215713,0.06637464641784187
20371.161791210314,0.06539819995947678
20493.479531357683,0.06601190447318724
20619.3823977824,0.06839199366249554
20748.726906514792,0.06603646730940274
20879.687491361437,0.06779703487173512
21006.50984197394,0.06584164814258749
21135.45122962144,0.06789881119789916
21263.26820825256,0.06775448177709918
21391.395577055977,0.06665056682340696
21520.41941720757,0.06512756439975032
21651.817413004297,0.0659371828760622
21782.393410852714,0.06644624189471261
21914.378269896195,0.06685139336760268
22041.58845360825,0.06618200223399838
22166.601885223175,0.06661961699466401
22292.168648050872,0.06625211568513369
22418.633106512985,0.06540401235872406
22549.52448613602,0.06507647388507688
22681.011487889275,0.06688869682793272
22812.134570123217,0.06521307423591789
22939.691371681416,0.06473696532928867
23068.114629424777,0.06630317617150132
23196.19817704737,0.06556267451837887
23326.23751217476,0.06496967803676816
23458.417093071497,0.064778681753121
23590.959928394383,0.06502848418749685
23719.02461410096,0.06558319514976402
23844.352370390905,0.06408023643569473
23969.36435070306,0.0648535767514057
24093.758940948155,0.0639745469597416
24215.805344039873,0.06245847025937759
24335.521307405874,0.06698185711697474
24454.75358917725,0.06431359652960766
24574.51062942893,0.06377051298557455
24696.145472061657,0.06224792020282471
24817.58342602892,0.06287509664178141
24939.446988620595,0.06421719431486467
25060.22817133443,0.06505256994907904
25180.87983310153,0.06371534327725746
25296.362858719647,0.064055346904106
25411.891112337842,0.06527982878889217
25527.815957742565,0.06244687342423062
25640.390341221795,0.06322386024077298
25754.591541457987,0.0627576501067193
25867.61961490511,0.06335178440513874
25978.715610296153,0.062358420821404845
26090.047278724574,0.061759249767930825
26203.67242821299,0.06368037106012935
26318.984988293625,0.06392510724755478
26434.273571824735,0.0632244180591859
26548.42054263566,0.062468798011508064
26666.411853685368,0.06139772569683142
26779.686179087876,0.06100443966752852
26889.01409034397,0.06437005219732123
26999.632695221044,0.06426686038991007
27111.892862092864,0.06337406339624956
27226.965751525237,0.06406458869771667
27345.09787882989,0.061914105895575854
27463.532195927353,0.06217075696934638
27579.192884936074,0.06149877321784804
27693.890424208927,0.06125830283874663
27805.24337449702,0.06076059302132329
27915.78448156841,0.0617375405828915
28029.47574833703,0.06083166250063472
28146.493421963718,0.062329960501325
28262.888489705678,0.06274210032541534
28381.624552218243,0.06269945887329674
28574.115331750592,0.063414765540853
28848.676653793445,0.06418509191233904
29120.32665167978,0.06362631193591836
29395.33786565209,0.0634230129575751
29663.20984423676,0.06233173396446297
29928.455869483685,0.061618766848284455
30187.883549675487,0.06285388964713987
30449.44872034373,0.06366719445780883
30714.19188445667,0.06256747044657589
30981.917185942173,0.06316809962384808
31250.705750280653,0.0648192077716196
31524.415024937654,0.0642990901716798
31798.110799701048,0.06353250269393189
32069.110951458737,0.06253199707034275
32341.769144144146,0.06215547561077164
32610.611892026373,0.06083163271884438
32880.96889832625,0.06130443757064307
33152.95861681543,0.061170392250228176
33422.04715629477,0.060463321158905334
33704.44572070666,0.06204522754227304
33986.72480378722,0.061928922443683566
34264.30132120154,0.06276958843806359
34540.21789591913,0.06134034207253036
34815.94575339041,0.06019169730292015
35080.227343506696,0.06157182302462574
35352.204443334995,0.06197987065740471
35634.22493765586,0.06191214808073732
35922.44994698434,0.061850561873559015
36211.98392242727,0.06168558698051861
36500.67994026879,0.06093389533405724
36792.818431568434,0.0618316036993755
37080.84773096637,0.05973723149996156
37348.940097341816,0.05905898023130293
37617.5149021075,0.06086253174950638
37887.994773193954,0.06078584444635893
38167.15127676843,0.06015922269697161
38456.08283912853,0.06192503374554348
38752.32920298879,0.060613520709807106
39054.558362967124,0.061484445796341866
39347.36148268534,0.060769499736499616
39636.79511465603,0.0617993413506184
39917.38732438339,0.06063779022065773
40191.7687036691,0.061395976019093246
40464.25064002498,0.060423617732745676
40743.39293281815,0.06079521041004493
41031.33541888256,0.05946252863132647
41319.31094217348,0.05892581573599378
41614.968876691826,0.06062427366732033
41919.248424730176,0.05796108654414951
42225.50767407037,0.059262849130654376
42522.46955547254,0.05961446292888099
42807.25478304364,0.057296322354509585
43082.13542511384,0.05795931660979387
43353.718675975564,0.05730475196953821
43628.36386895476,0.05973513438009719
43907.443053739335,0.058671676113438716
44199.03881435257,0.059882855781886374
44493.36631066142,0.060279546461954846
44790.858354114716,0.061435267454722026
45083.30133566346,0.05906529449133576
45370.94668578911,0.058779599230945716
45657.03448060466,0.05866796499645315
45944.418819418446,0.05919281856300876
46225.351757228316,0.057689256266973944
46512.652942646506,0.05712387474479985
46794.82901618929,0.05987547142681862
47071.42475834113,0.059533041499022006
47346.37997880696,0.0588055267445746
47619.71746329272,0.059452495892961844
47898.16808921562,0.0606503323976072
48179.74411195102,0.058649120497487925
48461.38930107862,0.057833237560429206
48742.091118728575,0.059232634344226584
49024.14127648934,0.05725697379813006
49303.13249937764,0.05823100348649788
49582.073859024786,0.05896772874894271
49859.34672396612,0.05781453863860346
50133.50177736202,0.059422770421063455
50401.9528183977,0.05827298987514603
50670.91386724836,0.05929366662072471
50946.01883145227,0.05792181328966586
51227.05850331623,0.05762190913545236
51509.83801107723,0.059596293332100855
51793.30191384577,0.05880579391452507
52090.59183801012,0.06199645953136056
52377.19741605293,0.05966325816605863
52666.018213572854,0.05973025656310428
52953.940289204686,0.058647122362198295
53248.967518270976,0.058957545720515266
53542.761312005976,0.05924017134836017
53826.49925196359,0.058598317136894035
54108.789582033685,0.05852604067014083
54392.48481060132,0.059363025775091796
54678.258877863074,0.058477522699857516
54973.03784860558,0.0583938059934752
55259.60474406991,0.05743921224527036
55549.99445482866,0.05738064663887732
55852.49452611824,0.057534957345420835
56160.11617198681,0.05997153112054642
56459.29969992498,0.05925712346127491
56749.62365323535,0.059462462391586375
57050.25590821226,0.05909420997497249
57347.82682926829,0.05793669813242964
57638.8981233244,0.05798245908981438
57935.68800597833,0.05928316428230143
58238.95455112998,0.059221600743880484
58536.193842502966,0.05853150920929771
58829.626953003426,0.05945921690768686
59132.73578302712,0.06194507436840282
59432.57012784534,0.06257177507218215
59736.50823764353,0.062542682027179
60037.747679850516,0.06048110252509239
60339.28742739367,0.05948752797407388
60646.441280917075,0.05987088368316697
60955.151382733005,0.05866398299741267
61254.16846638787,0.05985186033190729
61552.99856510075,0.05838195445941912
61856.78130841121,0.05842392621226169
62162.708796701234,0.0586507358824578
62479.62294264339,0.05872889129269357
62803.73663551402,0.05873261491424903
63121.668915120856,0.05688987732667378
63451.69556539637,0.0585074141619103
63776.205617977525,0.06009350628396177
64091.65132809577,0.059015871149932154
64414.10217567483,0.05877034461464152
64726.8113184002,0.05812710316172298
65031.020441231456,0.05741904058714221
65353.800125,0.05888571938037798
65683.59162401698,0.05978589944232865
66016.05566637576,0.05824217424358321
66345.37619077267,0.05886904699937767
66663.60605493134,0.058660965553246604
66969.60033663736,0.05864833412042373
67274.81915159077,0.0580550936733329
67575.62672839893,0.05691712873305534
67870.30061005976,0.05877313884556296
68173.0986073815,0.05812853691300794
68485.40780938124,0.05780798629937877
68806.57398963084,0.058315470839736226
69120.43804428962,0.05812675009887152
69425.23353517697,0.056225449371411745
69729.177026013,0.057523113642612735
70037.5538758243,0.05726100717699418
70336.13939847748,0.05643902352508745
70628.74591289155,0.05756476914251265
70924.2843137255,0.057723134541299764
71221.93239962652,0.05783918401732632
71514.85920509936,0.059187821839491825
71799.39297523239,0.05705651852834742
72086.68605230386,0.05753555000640077
72378.15941485371,0.05616967615536366
72664.44986246561,0.05517610746006366
72952.25076300219,0.056601486803928514
73235.7349074824,0.05653576500504267
73522.50819876551,0.0570566757703702
73809.67203596179,0.05632827078681228
74098.29040293953,0.055264699919168075
74388.90550590587,0.05457656587135698
74688.75381453571,0.05717117407644714
74998.04039962534,0.05880206761829879
75318.23768803445,0.059153023937753506
75636.86565114246,0.058128974788097906
75956.63780312947,0.057270460350469045
76283.39358181931,0.05879372164995107
76610.54,0.05834561069292749
76926.61545182226,0.05633258579755081
77229.88314033122,0.05629313282940108
77537.89400461664,0.057146445397018054
77846.19558556868,0.0569190150564861
78162.74797153914,0.05521475097786987
78491.78336243452,0.05681488607667924
78830.5430137669,0.057981371691803923
79178.00474111042,0.058076428457608846
79509.10530907278,0.05650002340428802
79833.29480057425,0.05543230276137795
80148.31768975659,0.05591415695834188
80456.04516571143,0.053913646872620055
80754.08463598431,0.052952092136986366
81060.30676072164,0.054939632659538336
81366.48897608371,0.05728549602686656
81678.11424815324,0.055491489902511175
81989.20197995144,0.05693496831881669
82291.98375507654,0.05589492628825731
82583.70937986912,0.055460485854845754
82876.00830212234,0.05468078238618794
83173.79315513365,0.05551057111968996
83470.10826441142,0.05603181114094466
83764.84081403333,0.05628887868834041
84061.57908847184,0.05670963230120426
84353.98207930065,0.05512632877024452
84646.15985524427,0.056538576751311416
84947.29007919187,0.0573779729590242
85252.49663341646,0.05659570219988721
85558.07492202122,0.056221271384600424
85859.9601875,0.056230138705760574
86154.08956619297,0.056604415420633554
86445.24920565698,0.056292519165769425
86733.8733695313,0.05670633061837688
87024.49364089775,0.05555961464238574
87322.12736585671,0.05423845596246389
87616.86767001811,0.05652072301665548
87906.94415075565,0.053651849207845305
88193.8683979975,0.05491469126529835
88482.85265189243,0.0544279294689436
88769.17026976512,0.05497799563883311
89055.89646970456,0.055180058983396285
89355.06256621175,0.05434870425721863
89669.40963855422,0.054799016905588395
89984.29013768613,0.05548189471893153
90296.03494020927,0.05500029862185389
90602.06798725239,0.05383645670229831
90904.30632201806,0.05456547282942443
91220.19162871936,0.05448338631045356
91538.27314728101,0.05366846571362059
91849.83121178085,0.05499323170960209
92153.77641845078,0.05411341100337706
92456.72235382121,0.05343177380108859
92769.18375615533,0.053339497885010745
93082.54965977902,0.05605446446219665
93403.81695676586,0.05679876753430073
93727.65217662857,0.0568960940161713
94048.58635314663,0.05514456108820058
94368.17025391478,0.0553388737686712
94694.30241834954,0.05604127017454406
95023.47288516806,0.056303437958274555
95348.28776082218,0.057145978774677114
95671.78431862163,0.055515349047426
95985.51831284707,0.0565249582120912
96292.54431641233,0.05583698017678435
96597.16129233845,0.05479272643176531
96907.547043766,0.05516622921119816
97224.09209626267,0.0547306361006594
97541.09761428928,0.05471809165086077
97849.55062344139,0.056751162446514916
98149.7555181444,0.053999883705566395
98457.93096129838,0.05400766707391453
98770.19228364182,0.05468125923833189
99081.1137381782,0.05540457088921377
99386.9830878682,0.054927979260609695
99697.7241250234,0.055095923706664864
100012.66739455952,0.05438933893251242
100325.84043348281,0.054753845977954754
100632.54393986847,0.05518020688414136
100941.5718648716,0.055832824646914046
101254.38197344636,0.05687956378023551
101561.459162663,0.05677742324706518
101873.53422100548,0.05590997824282902
102203.13574688927,0.058077197241024114
102529.12498442367,0.057831529440828915
102856.67095324302,0.058123895697065685
103196.13613707165,0.05581493334124359
103533.59241232996,0.05726929105636817
103872.52384221695,0.056907649917783715
104212.01484901423,0.05807198193228543
104539.08655284147,0.05821556551954295
104853.82521668641,0.056320421666628366
105172.86111458203,0.054814630201861204
105506.72119283798,0.0540385278669005
105847.55038372746,0.05407353094265738
106197.17769058296,0.05575482587997258
106549.9501688133,0.057928382024572934
106896.51796183111,0.05689096187074697
107249.37051593985,0.056732374027729
107607.17460910733,0.05581825592813853
107966.4416879636,0.05585280308954909
108309.74525,0.05595319837265596
108660.34218564928,0.05672977443740542
109011.68060931453,0.056219650755408766
109366.0139746709,0.05708619923720607
109717.35613016051,0.05602994637405171
110066.7717790647,0.05500845351343605
110419.2723364486,0.05712251680185159
110767.69636943073,0.056068793705641704
111129.30092303854,0.055904190914076446
111489.92136581718,0.0556069675234329
111859.75192151472,0.05500847218630376
112227.31074926695,0.05509628342627349
112597.86641721235,0.056186312847816396
112961.70638085743,0.055340659270207065
113329.67469729122,0.05614141915204531
113696.44146280579,0.05534557309683178
114069.06243373043,0.055461745651258616
114434.85474025166,0.05501976850917737
114790.22822147231,0.053160713455988426
115136.80211640212,0.05389670100905088
115489.083104567,0.05599576667671072
115842.07576987945,0.05560020515648699
116197.26868183234,0.05588072003988303
116546.44456928839,0.05670936848079358
116883.8640394704,0.05636537175079678
117211.02043359083,0.05524917844088785
117537.93963958346,0.0551044619577192
117865.25739608039,0.053806356575045976
118197.91394825646,0.05437822043327425
118527.25336155378,0.05723283422135441
118853.75673143,0.05517224974190616
119177.14286604749,0.05601399435658706
119502.59524552317,0.05617013126088963
119823.76541437843,0.054973934399108394
120167.05950824774,0.05591241216481825
120510.76515814477,0.05711737234674136
120847.03675736395,0.05377239300375387
121175.43720032381,0.053984342029787004
121497.66001501314,0.05507020165878767
121825.25734196117,0.05474395515738964
122162.98584170149,0.05541648280070089
122503.78742122668,0.05725885437484241
122845.80447938113,0.055978892101936004
123182.88728341777,0.05376526964837118
123514.17668635375,0.05621085481618959
123839.85452956233,0.05718840813644468
124158.5072192012,0.05685755346498153
124484.79421641791,0.056266083121350695
124811.6103441814,0.055108514695948345
125141.89401869159,0.056466461323259075
125489.80257242758,0.05662729550246733
125827.2265503272,0.05547127048451511
126158.62293240122,0.05625523072356421
126485.63410057544,0.056180888973935826
126818.61753905521,0.05562163467881883
127158.99076385422,0.05648847620370166
127490.09511600275,0.055881153181026134
127822.87381723107,0.054144945582987006
128153.7077009556,0.055193602133965
128487.97708021924,0.055045548230232284
128828.11887675506,0.05450854149258535
129164.80220601981,0.054888086926164426
129492.49310452418,0.053679320614706615
129822.51000561062,0.05657290865586696
130164.68599425789,0.05496742854850939
130499.0960014971,0.05624800256972976
130844.89338992572,0.0565339442176471
131187.09496788675,0.05500597831643989
131515.05382648288,0.055800187475215104
131842.52671946125,0.05544099607288086
132173.80546884754,0.05405369382179573
132508.23095623986,0.05381701186278894
132850.29024207636,0.05494017321485619
133198.1458632532,0.0553386088702046
133545.47249392563,0.05626701081283533
133887.84165210882,0.05766243393512297
134219.8505739955,0.05645665031306357
134549.41069311873,0.057210655307748715
134889.42425946757,0.05720518941329217
135224.24292027135,0.057054487168370874
135551.90601550776,0.055646757632883806
135883.5841652109,0.05695300238362865
136219.40510516134,0.05728269005406784
136557.3707620529,0.05726170974648774
136905.78337390002,0.05663368768923884
137253.5762225549,0.05558505447555593
137594.75231134432,0.05636214558942391
137939.2536895199,0.05595468757656034
138293.7141071317,0.056256363560519426
138641.09040429248,0.056500698320006024
138983.41834507702,0.056215870024885796
139317.61198777522,0.05591720060063766
139650.16270236613,0.055409744451763325
139982.03623641134,0.05570285387095049
140329.52683474787,0.055771042530170616
140684.5531477676,0.056289241681197644
141034.9937503906,0.054708798965529375
141384.75442092156,0.0542005687746226
141729.4567978477,0.05612760458729873
142064.2585584464,0.05799340497824561
142401.9951353374,0.05746397399537837
142736.30556943058,0.05748108460469758
143070.64161057092,0.05620903800905674
143421.068092536,0.057357198252547585
143764.90228236467,0.05763018278480714
144092.5570784829,0.055495081488363324
144419.04444860047,0.05458198961197246
144737.01222173724,0.05451787452755838
145055.96792476333,0.05558499695296353
145392.60756013746,0.05475422423494556
145737.4005603985,0.054171443279061905
146078.73176985615,0.05302502639617207
146427.41639098682,0.054227780147319736
146770.2675091826,0.05453120317577092
147118.82621970217,0.05559130987933361
147462.37051370076,0.05514782020360425
147789.38379996258,0.05373105100439036
148123.9815809191,0.0560344813630134
148461.52649956354,0.056432069491624916
148802.17057356608,0.053719061405137915
149145.53670901922,0.054027759908826266
149484.81070650482,0.0573324887733079
149830.58950193485,0.0557157759573031
150171.81163763502,0.05591807466869334
150518.08883628208,0.055514453665297496
150861.39777902552,0.0563545368036573
151200.43847930583,0.05508092009891273
151534.46437928884,0.05591306006597691
151854.57379499314,0.05632189332061857
152169.7209898144,0.056505438055461536
152499.13328767975,0.055848365062301134
152836.2294794795,0.05619148728594054
153176.36747400535,0.057063108371279425
153516.9539449084,0.05659067734002388
153861.5376444861,0.056256502251726105
154203.3377838782,0.05607690109960457
154539.96383284402,0.05519673672958762
154881.05736530677,0.05468830567385289
155222.95373487967,0.05486978072918334
155558.24767666688,0.0554789263622757
155897.53619386672,0.05591952525904915
156232.23098029435,0.055656610708844485
156580.64231392596,0.055721109176676
156936.80333291725,0.05666689429330153
157293.58278228322,0.05455956168485463
157652.70619778027,0.056155840603824544
158019.9498940546,0.054703884969157575
158379.8069978132,0.057024454458104806
158733.06929212363,0.056728342155584796
159087.3309639606,0.05608621168875893
159435.41418935798,0.057344092397284344
159802.51943925233,0.05537988182388771
160165.65406686626,0.05464489503925281
160518.06808112323,0.053395625096592805
160874.0446875,0.055017003596329425
161229.0174990659,0.05568234170310506
161582.21698643835,0.05658070988166743
161940.79110528942,0.05724202621520203
162293.9235660848,0.05523642307739188
162637.26819061895,0.054733809038694986
162981.94478757252,0.05395159956319519
163332.64286159407,0.054544519885993535
163676.0173929306,0.05330840175720187
164015.6312507794,0.05516724587349975
164351.83667980233,0.054996108496537584
164689.90084598158,0.05707654758014859
165028.32668999126,0.054850866978094444
165353.69725456016,0.05448089308097078
165678.5984749047,0.05399315082871088
166010.29716745694,0.054235613560405765
166345.5283583952,0.05612494742658199
166686.97028037382,0.05418262471240085
167033.2323465254,0.05382491726581862
167379.00062488284,0.05426707190344648
167724.06053811658,0.05448302398303859
168079.13016051464,0.05664123417067958
168445.76826306284,0.055965133698306586
168812.94263420725,0.053794884973792555
169176.47667747567,0.054374851906727036
169527.56029209835,0.05575750776826926
169877.1823514728,0.055491065737211645
170216.75402470984,0.05286209333905212
170548.15759885064,0.05284619667750473
170865.22811274967,0.05205379072286919
171183.74782826073,0.05361279305166537
171514.39978797705,0.05495932545352104
171858.6399176955,0.05485221759342771
172214.0503435353,0.053996929552566846
172571.24030717363,0.05539539696593813
172940.23909390753,0.055522267988328745
173316.010358168,0.05716305453777269
173684.6544080919,0.05540366157213108
174054.90788407603,0.05378275868478566
174425.82437410252,0.05426170474369187
174781.14362298965,0.056245643776272704
175135.29477356258,0.05541879742642928
175481.68579985027,0.05652344684161785
175846.63215377895,0.05698599078055503
176215.32251014674,0.056515889010900204
176577.288912447,0.057006177580265806
176945.46376811594,0.055895352735641654
177298.13010410822,0.057550211655408655
177660.19770487712,0.056308403310432006
178028.75505113494,0.0554518512349159
178389.86634621388,0.055077977500454504
178752.7314595538,0.056271579750643015
179107.60906763255,0.05520081888821556
179464.64682440847,0.05555368724152298
179831.365469872,0.05561837279816659
180195.7091352162,0.05584096876602926
180560.943434972,0.05380006783406008
180951.00804339693,0.05533869682902909
181327.13873626373,0.05417522187037976
181698.29798263693,0.056902646850817744
182077.22741161066,0.05418998974170821
182446.7373573611,0.0548339674953307
182818.30260445943,0.05365276500953119
183186.04983782436,0.05241793109126464
183543.42113476063,0.055833819195177894
183896.48701015514,0.05770530998716201
184250.01502025552,0.05624357566803391
184610.0690321776,0.055786275770563276
184977.75417317913,0.05741177099707824
185345.9705022092,0.05506050041327833
185706.18046801872,0.05670970201092819
186075.8612290782,0.055170800204263605
186445.63622763823,0.05428208007702564
186821.8895062114,0.05601108654811608
187198.38549261543,0.055156013434944064
187572.0413594902,0.05586486817480017
187947.58550706593,0.0549016412985875
188341.52339893783,0.05438767032619589
188740.08583905178,0.05558833944437407
