D,r2
13.586842105263157,0.15659494501301513
19.604801477377656,0.13289874898980733
25.6640625,0.09930286776619954
31.637021716649432,0.09924474639588314
38.92638036809816,0.09304531879682547
46.40733197556008,0.08759872991261708
52.63095238095238,0.08370784628856727
60.02873986735446,0.08016442406303546
67.46839378238342,0.07408427640126167
73.66851441241685,0.0722747690429947
81.08283582089553,0.07411473787418105
88.65827338129496,0.06973735902083267
96.09551800146951,0.07418137900114795
103.66666666666667,0.06923519474246781
111.08651597817615,0.06861285161963725
118.70462232243517,0.057726501644239064
126.20631254811393,0.06737528364536895
135.00953206239168,0.067809078930675
142.49419218585004,0.06440011374678044
148.73098125689086,0.06955735661356273
156.1115635179153,0.06210948833048598
165.11450980392158,0.06935220001959956
172.71030303030304,0.06293695233330265
180.21925566343043,0.0741141194864838
187.7135980746089,0.06708304060898264
195.29193037974684,0.06821668336024897
202.77560414269274,0.06371227566459375
210.15542763157896,0.061535865910279
217.70631067961165,0.0588055857478625
225.1859131859132,0.06317422598973557
234.2715404699739,0.057510341461208245
242.96309630963097,0.059087764762386814
250.61942857142859,0.05604767501434903
258.3438016528926,0.051656738682467784
265.82881773399015,0.05400120023305308
273.1558773424191,0.05803434776561328
281.8744625967326,0.051329293033308465
289.4903518728717,0.05227532647229862
297.20213640098603,0.04768507267444127
304.74556962025315,0.05184797606659109
312.3895993179881,0.05168626476512263
321.2913188647746,0.05315601487628923
328.85393258426967,0.04962822022605228
336.249569707401,0.05311356990714691
345.32658450704224,0.047541809896354544
354.14801110083255,0.04546866113527644
361.6841463414634,0.04520987716043772
369.3360433604336,0.04615280386059378
378.38965517241377,0.04491777246158758
387.43548387096774,0.041656306754052484
396.00845864661653,0.04428393020955507
403.48571428571427,0.046885250579961145
411.4799270072993,0.04941426456131683
420.4368686868687,0.046345610080777803
429.01040681173134,0.04668317233745889
436.5464159811986,0.04690343851155319
444.37854609929076,0.04749482114419901
453.45574057844,0.05004382956948878
462.3417602996255,0.04708431695971114
471.2707547169811,0.041993649612013
479.7418111753372,0.043759792081176134
488.6232876712329,0.044936197361218434
497.45856873822976,0.047890399548543544
505.4380069524913,0.048388380800345805
513.7151785714286,0.042722066365021134
522.4753521126761,0.043322637988042846
531.2798861480076,0.04446800195524695
539.6638338054769,0.04563919045732132
547.3900789177001,0.04560796058782477
555.5751111111111,0.04518256934164727
564.5311926605505,0.04095752789256442
573.5728155339806,0.04026821402417681
582.0651750972762,0.043329006415568076
589.4725274725274,0.04413920920004022
597.34229390681,0.04247095008179048
606.5278810408922,0.040615301094499255
615.5169491525423,0.04275146870565322
624.4967441860465,0.041636248012501625
633.5259678942399,0.04114824910281317
642.5303482587065,0.04208303250935161
651.6349809885932,0.04092846821812448
660.6083720930233,0.042378492353132124
669.6515679442508,0.04497150037975924
678.2813102119461,0.039608828202460526
686.9839471199244,0.0435089559451639
695.7326254826255,0.04298300391920046
704.2994350282486,0.04282860676573904
713.5108695652174,0.04140586120168619
722.3396048918156,0.0423738820392714
731.5034079844206,0.041138821834001166
740.6986175115208,0.040850211858336864
749.9816955684008,0.043360924168801815
758.9520613614574,0.04307192308504071
768.0115495668913,0.04016738335000215
776.9336492890995,0.044645245334171156
785.7691570881226,0.040755541507674055
794.5137614678899,0.040587000274150214
804.0816522574447,0.043715276467700584
812.7195608782436,0.039200426601202425
821.2204651162791,0.0421027017751456
830.3477851083883,0.040138337469039116
839.4125122189638,0.04103818892275576
848.3180970149253,0.04323906327889834
857.3854748603352,0.03931461253132294
866.1396702230844,0.039038164147113134
874.4224719101123,0.04121998665284835
883.4753820033956,0.04145637861247375
893.3173828125,0.03904430610007235
902.66092475068,0.04095478330082546
911.6220703125,0.04136753139718577
920.1625939849624,0.042694209702798934
929.4085820895523,0.042558473798827844
937.5149833518313,0.04032826634020389
945.7636700648749,0.03988431879955892
955.6334519572954,0.03903540588570679
965.3453853472882,0.04154101156907563
974.2721217887726,0.03817169730571854
983.1705653021443,0.04086648858867278
992.586592178771,0.04184839132463264
1001.9604247104247,0.03843194536493195
1010.9820754716981,0.03973819729704297
1020.0216110019646,0.03684794266925764
1028.8889943074005,0.04141332997330666
1038.3130841121495,0.03983731822375764
1047.815625,0.041024290800293024
1057.5569395017794,0.039440146784545334
1067.5023084025854,0.037997659244386625
1077.4001937984497,0.03958130835467518
1086.7565392354124,0.042883524892844575
1095.8362403100775,0.03931573549145373
1104.7635467980297,0.0382002563783655
1114.858347386172,0.03782498381095278
1125.462760675273,0.04068807601433383
1135.0271682340647,0.041947148912767226
1144.4010327022374,0.03884315053055791
1154.7029328287606,0.03713730555657701
1164.0030272452068,0.03837950885004017
1173.3765373699148,0.04153499268391806
1182.8294416243655,0.03780979648996669
1192.5053380782917,0.03961069496750296
1202.4894398530762,0.038792224290563386
1211.9980139026811,0.036055899354718944
1221.3268698060942,0.03863234668187402
1230.8597748208801,0.036852789880507726
1240.0269230769231,0.03549164779603076
1249.5304114490161,0.037347125527547605
1259.451127819549,0.04077535065940439
1269.40234375,0.0387086490192457
1278.9597523219813,0.03873372453643337
1288.6925207756233,0.03838598222282692
1298.5142314990512,0.038248837281525484
1308.3290559120073,0.0395071145167133
1318.3888372093024,0.03984336052670656
1328.6874409820584,0.03800156191656325
1337.9929006085192,0.03803939427348639
1347.093023255814,0.03585255594482009
1356.469890510949,0.03644076722010975
1365.9958158995817,0.037039183286429044
1375.501754385965,0.03947597574958914
1385.0815533980583,0.03928518217774272
1394.4566420664207,0.0407437656086822
1403.7322515212982,0.03688369723939665
1413.3990384615386,0.034123714796470014
1423.620106761566,0.0382833939912295
1433.1204343534057,0.03934843265579527
1442.0827517447658,0.04103764205200349
1451.3434704830054,0.03624994961515476
1461.4517958412098,0.041763131293702065
1470.96197327852,0.03652293606205076
1479.9678391959799,0.03931809520212799
1489.389519650655,0.034594849904430944
1499.1037107516652,0.03572244513059994
1508.1750483558994,0.04008107826036445
1517.4486830154406,0.03697423231334117
1527.396733909702,0.036413049607948327
1537.0488301119024,0.03973827158866966
1546.5260223048326,0.03888961865411038
1556.4884836852207,0.037786350856408364
1566.6548175865294,0.03827668855773729
1575.8795918367348,0.03448218291451309
1585.5100182149363,0.040379444383834506
1595.1747851002865,0.03629330178716619
1604.4263862332696,0.0395137928868642
1614.4921658986175,0.03818391881190571
1623.8966535433071,0.039567965298179
1633.5482330468003,0.039210995476173266
1643.552434456929,0.036738832369929524
1653.340487804878,0.033772128601366753
1663.4398826979473,0.037215376084576354
1674.0375335120643,0.03751537270216412
1683.913530010173,0.0391680642418302
1693.5040358744395,0.03773385534889609
1703.4741784037558,0.03747198699450602
1713.0706751054852,0.04145463628497709
1722.3545966228894,0.03730928141165033
1732.4628099173553,0.038063307363071924
1742.5886722376972,0.039543568682509696
1752.3614001892147,0.037192310521036116
1762.5637583892617,0.03953032969913136
1772.5946205571565,0.039123513078296604
1782.4595864661653,0.03707992812471894
1791.9019607843138,0.03814865426430143
1801.5271687321258,0.038805975395801884
1811.3250714966634,0.04107619060562671
1822.107430617726,0.038448174397801835
1832.5666337611055,0.04194813872934212
1842.6136363636363,0.040870729377105806
1852.3901258470473,0.039406406356541517
1862.488106565176,0.03874652018721934
1872.5977443609022,0.0384455797843197
1882.5675675675675,0.04122117343029048
1892.5054080629302,0.04035838233210402
1902.79427549195,0.040006108424780515
1913.573982125124,0.03941044375322238
1923.6322517207473,0.0422446815382563
1933.9607843137255,0.041289878336273816
1944.3958974358975,0.04241330650127687
1954.4976303317535,0.042267499451327406
1964.4263206672845,0.03869100682288307
1974.4606525911709,0.03928316006557276
1984.6585136406397,0.04365680310902759
1994.5302013422818,0.03957800217922497
2004.5428840716306,0.03907673628499315
2014.1782077393075,0.04021637631790962
2023.478301015697,0.04164688414356939
2033.5121241513093,0.038413660163624984
2043.4664179104477,0.03579420114026301
2053.348708487085,0.03975976389007407
2063.5335195530724,0.041300117180203745
2073.03125,0.040592075779625564
2082.404255319149,0.03889350779842095
2092.840848806366,0.03955083985708277
2103.565476190476,0.0406458884936985
2113.547098001903,0.04180491795061264
2123.6240234375,0.037088434097362705
2133.5036429872493,0.03863337450339483
2143.016511867905,0.03760932001551381
2152.608,0.04105492286741427
2162.05954825462,0.03962126932224609
2171.4653846153847,0.038505872784251834
2181.4481818181816,0.03757099992860426
2191.394486692015,0.04158533077353754
2201.378404669261,0.03965169501237871
2211.993665158371,0.03567262258497944
2222.3976261127596,0.039476562091205515
2232.5831702544033,0.03985530740709968
2242.8920145190564,0.038387008051419674
2253.4166666666665,0.03838622648935974
2263.6461824953444,0.04003181981204604
2274.1161939615736,0.037390124283241254
2284.6064333017976,0.038227858324757384
2294.6240384615385,0.04022994875969685
2303.945720250522,0.03443417462921469
2313.890829694323,0.03726247152862516
2324.431256181998,0.03888111542683491
2334.4748490945676,0.038373473369251156
2345.0386343216533,0.038925555193032146
2355.5356097560975,0.034512591448838045
2365.4921722113504,0.040171016686930086
2375.9077625570776,0.03775044567192036
2386.5229268292683,0.036514011003250926
2396.985559566787,0.035019401938414865
2407.5812619502867,0.03846209711246504
2417.55960591133,0.04065469122063556
2427.478787878788,0.038220514054723605
2437.7254207263063,0.03930959806985098
2448.4425403225805,0.03828477112074471
2458.597678916828,0.03748608262588697
2469.0330652368184,0.03485441049997175
2479.4120603015076,0.03840680782592587
2489.4560546875,0.03455560317222697
2499.4972972972973,0.036183281501280015
2509.5167464114834,0.03722369056350125
2526.2593227603943,0.03896875186586736
2550.610322580645,0.03621292158050076
2574.2603104212862,0.039559463186397074
2597.465946843854,0.03880514894531735
2621.525032092426,0.03730047768961349
2645.0204614714844,0.03821657991746485
2668.111873124732,0.03847007924750002
2691.1051248357426,0.03743351758886837
2714.502921535893,0.03813670628062308
2737.665938864629,0.036694455083344214
2760.253401360544,0.038682338137812224
2783.077492381367,0.03828440240320388
2805.75243334744,0.03810364194738853
2828.2834890965732,0.03455851873331423
2851.0703157894736,0.03547389240086922
2873.6500638569605,0.03528812320120362
2897.0520462633453,0.03482129155500174
2920.218045112782,0.03560121312106166
2943.8548245614033,0.03783223614805251
2968.2344077019675,0.036628579341800124
2991.7851685393257,0.03850749172239241
3015.8469854469854,0.03769361078074929
3039.890767230169,0.0377410138713011
3063.604661199827,0.03613989241738459
3087.027315407597,0.03841149505194236
3110.293581960104,0.03761925839041282
3134.5029888983777,0.03553095572777564
3157.978593272171,0.03978368126099695
3181.412037037037,0.035174282041843107
3205.3793103448274,0.039434224696286366
3230.252640473173,0.03684378837095259
3254.5085689802913,0.03730242304047292
3277.939721097616,0.036399053190882914
3302.2225031605562,0.036709023988115166
3326.5208070617905,0.037400012630429275
3351.1040138109624,0.03854285582046104
3376.267452006981,0.03764461225586356
3400.5299401197603,0.0371912549009562
3424.1159671138034,0.038715192052035094
3447.1374078890335,0.036176019925606075
3470.9288421052634,0.03521187022620117
3496.036410923277,0.036692353767159035
3520.3998226950353,0.03670655247674011
3544.8583230070217,0.03511273704019486
3569.4223493180816,0.03827821512352913
3593.5586088449977,0.03759928327158305
3617.0899311531844,0.037643115771653995
3640.905201342282,0.039365605543918755
3665.9712418300655,0.03608877376072179
3691.1724731182794,0.038193799469674286
3715.4481111593573,0.03608094985020456
3739.2563098346386,0.037722818651113266
3764.047073791349,0.035897913913434706
3789.075105485232,0.03574502707471836
3813.267202859696,0.036622921079139496
3837.922089041096,0.03614005364289514
3862.468168038112,0.03473941914840993
3887.0764091858036,0.034402758754961134
3911.835140997831,0.03700865329658372
3935.0711150131697,0.03701684753260075
3959.0004306632213,0.037446493028790925
3984.123912142561,0.035169396207410906
4008.843870967742,0.03678115678582694
4034.468804920914,0.034096164760120756
4059.001708671508,0.03729624757058539
4083.9261976694,0.036276072632323825
4108.594675826535,0.03678288709603963
4133.028755364807,0.03692971368967175
4158.020163020163,0.03828661379076321
4183.536139455782,0.03626449188013151
4209.136681222707,0.0371404861874085
4234.147679324895,0.03657170056713501
4258.351604278075,0.034927878607620075
4283.190736842105,0.03698537073484897
4307.90771884433,0.037085409764811554
4332.55364806867,0.03731148639791067
4358.0375,0.03749872822197576
4383.445665961945,0.03709070664524001
4409.052722558341,0.03707110562455225
4433.673602080624,0.03611684602916639
4457.967657342658,0.036076543975656954
4483.554484492875,0.03627833182008533
4509.008609556608,0.0372566571732522
4534.046100818613,0.03427623926378013
4558.754501537111,0.036486712988323365
4584.422849915683,0.03647204828312819
4610.626387702818,0.03862413772157297
4636.343696027634,0.03839523711487496
4662.174222222222,0.03663510557702843
4686.7875734676745,0.03719657977347313
4711.950416849495,0.03618247681458952
4736.811416490486,0.03614021008385502
4763.563589961718,0.03547030489056751
4789.897071872228,0.037053055196107236
4815.678107994977,0.036193770401255154
4840.436054124836,0.03774830579269079
4864.955319148936,0.036033713543362524
4889.805639913232,0.03465652232231688
4915.475268817204,0.03544993192925646
4941.041595925297,0.03819837707938634
4965.923996584116,0.03544879579998629
4990.600176522506,0.0354760492031819
5015.411664538101,0.03531318480850423
5040.787839020122,0.034950791328001274
5065.529142381349,0.03620730299592215
5091.1512677266865,0.037492537313559414
5116.954802259887,0.036146912924017824
5142.435284066638,0.0336465792926924
5167.824569155988,0.03455020290910825
5193.407011543394,0.03741150991860018
5219.531384350817,0.035151842800623084
5245.4238156209985,0.037376819678038166
5271.171120689655,0.03795621772734189
5297.632296548785,0.03637955645413784
5323.352069716776,0.03824164553138004
5349.504721030043,0.037753615078311334
5375.317223198594,0.0353678042138559
5400.458037578288,0.03625936809986341
5426.247022496692,0.03686512604671776
5452.458021612635,0.03812520195239646
5477.9986893840105,0.036399076734212096
5502.946120689655,0.034917129224511345
5528.609692773691,0.03630427142960168
5554.727387463189,0.037710808531063546
5580.484168865435,0.033201996565576514
5607.012642225031,0.03421584349054721
5633.629280821918,0.036395143735138406
5659.5492653414,0.03539667389105585
5686.005194805195,0.03566327366932207
5712.795004306632,0.03551346217400831
5738.6330749354,0.0345726754329904
5764.303082191781,0.03752411470504185
5790.828300258844,0.03743450069481459
5816.919894366197,0.034982856246377925
5842.484835540367,0.03669579930063227
5868.544154751892,0.03662812984277325
5895.11724137931,0.0352586795811695
5920.564356435643,0.03568577950870434
5946.465894465894,0.03474197902792531
5972.120971302428,0.03704344771110885
5997.822674418605,0.035812819276974175
6024.586563307494,0.033941189165920385
6050.106830122592,0.03593991320603383
6075.638234033433,0.03459271069543087
6101.7243150684935,0.037629551548301395
6128.362920857018,0.03630630480142312
6154.919695688926,0.037628674182250105
6181.609280138769,0.03566217421724522
6207.594221647262,0.03595168746533004
6234.478297513696,0.036977651782648766
6260.130376940133,0.03512611962257469
6286.551872578562,0.037137528990437374
6313.6149016324825,0.03380230758254588
6340.718450826806,0.037128293820089614
6367.401273885351,0.037817627312474754
6395.510748065348,0.03701541543176628
6422.525563258232,0.036266228700868146
6448.675970344527,0.03403041507308448
6475.921921921922,0.037463113716378664
6502.286206896551,0.03532304223572718
6528.745891276864,0.038640495223889695
6556.037004788855,0.03628819815486603
6583.442200257843,0.03440300694514855
6610.990463805809,0.03798795471482272
6638.709525843657,0.03646973499678571
6666.4057480980555,0.03462381922238091
6693.583074878157,0.034675348211086726
6720.975949367089,0.03496881318145757
6749.253350626892,0.03545193373857327
6775.786089238845,0.03563753546774718
6803.462181362307,0.03512759772040778
6831.8388625592415,0.03486925491412078
6858.817831118731,0.03469156980465328
6887.566551426102,0.035328072813655596
6915.912212081704,0.03649311401714836
6943.425193465177,0.036759927005383095
6971.434579439252,0.0380547753262699
6998.512652705061,0.03678297249684107
7024.697267292912,0.03418401247281719
7052.5663486556805,0.03412238455107984
7080.623200677392,0.03610619970625261
7107.944664031621,0.03395402664887161
7135.728806410797,0.036146474427420895
7163.564390665514,0.03772751920113022
7190.913558578324,0.035945737685557
7218.058169375535,0.03513266425524421
7245.543450064851,0.033845157976355976
7273.4506382978725,0.0367332064257934
7301.129336188437,0.03466895553430307
7328.657545959812,0.036594079252689975
7356.275514673675,0.03561649909462945
7383.417684210526,0.03654521190747676
7411.718858131488,0.03596721270545264
7439.522276135863,0.03591919082836095
7467.640151515152,0.035849911054024707
7495.5245346869715,0.03651303884404178
7523.434613724644,0.0368266653090447
7551.564124783362,0.03357139344648833
7580.415070242657,0.03668525571023783
7608.415224913495,0.03544633022834392
7636.286643538595,0.03667625031436387
7664.584466871434,0.035514053858034036
7691.969735720375,0.03648038250426462
7719.861288945796,0.034979801028299645
7748.595439189189,0.03592414227007519
7777.3514680483595,0.036649130470619
7805.567986230637,0.035654043987268465
7833.05601034037,0.03727149745009653
7860.506356861026,0.03632612292363689
7888.877222692633,0.03412715087464328
7917.81426707264,0.03393633659101613
7946.96753524135,0.035794589295103825
7976.417732310316,0.036986286239267
8006.333186813187,0.033993255591170564
8035.181467181467,0.03664538854877511
8064.72046733016,0.03628976926109751
8094.379692832765,0.03555057336985057
8124.715856236787,0.038119665484178666
8153.242705570292,0.038263855452934765
8182.686700767264,0.03587122424144227
8212.122586062133,0.03747484432165447
8242.74114088159,0.03718352609246685
8272.470386266094,0.03587184195352143
8302.256750964423,0.035860549447110014
8330.909691629957,0.03532461171249649
8359.76129032258,0.03602167941939296
8389.37156157427,0.038111488477120106
8417.940946591403,0.03600204730976438
8447.68268821778,0.03651983512055061
8477.167530224526,0.03695834883789068
8506.516652059598,0.03687792173241948
8536.557627118644,0.03732897943116153
8565.720930232557,0.03692799404125635
8593.900756938603,0.034329200221127475
8623.021663778163,0.03709797852898941
8653.263660017346,0.035727875819228185
8683.790589232725,0.03581614191844788
8713.030101814962,0.037445775962352476
8742.874224244932,0.036190863758786274
8772.507978723404,0.03544986506813252
8800.611396743787,0.035012439498468606
8830.721100128922,0.03699317196286183
8859.941860465116,0.0353094800476158
8890.854352441613,0.03564567084262163
8921.561620469083,0.034366920143858545
8952.662719298245,0.03529720871908273
8982.781958101752,0.036020742356351214
9013.91923076923,0.03667774935851911
9045.021486892996,0.03706479704329507
9074.638497652582,0.036891983974592465
9103.60251954822,0.03638854274968627
9133.369704749679,0.03513938804415495
9163.638418079096,0.03605555748657688
9193.936278674597,0.035315804441712444
9224.064086021506,0.03424907992379259
9254.212276214834,0.03740838913863251
9283.87652173913,0.03657076877572134
9314.140381282496,0.03592456719911299
9344.97627118644,0.03646591428087652
9375.968308351177,0.03509405815278095
9406.527753686036,0.037702959801113545
9437.096096096097,0.037049969648390906
9468.07311827957,0.03658816166662597
9499.333765672287,0.037259083667832565
9529.81908462867,0.034274636829787125
9561.047619047618,0.0366497028529243
9592.352965747703,0.03649804687342445
9623.40312093628,0.03707540428262404
9654.319897084048,0.036842211626388226
9685.772826561817,0.0373946184127099
9717.646983857265,0.03640050711423131
9748.582460732985,0.035765213413448134
9779.65648854962,0.03616422251648338
9810.906303236798,0.03664397759049583
9843.247161572053,0.03603824229882177
9874.44348576359,0.03687257632255069
9906.540517607127,0.03650923781405548
9938.475557461406,0.03654741363050915
9970.661758336943,0.038901563333600286
10002.380392156863,0.03532921185588274
10034.351282051282,0.037630764201626206
10064.6466294547,0.03545139419678236
10095.630292448712,0.03807932392397884
10127.416561580496,0.0357518556127358
10159.424469964664,0.03753665553590374
10189.86937901499,0.03491804460023301
10220.913559322034,0.03537653960959697
10252.45865633075,0.03673641338734005
10284.692176143652,0.03586176898577859
10315.819503849443,0.03835161529357973
10346.462889767237,0.03445808651907235
10377.638288860653,0.03494019650469162
10408.948773138183,0.03747884611249787
10440.353826311264,0.03569996822169806
10471.137135393992,0.03696111459242168
10502.011049723757,0.03574030593637621
10533.289667099005,0.0356500275682929
10564.547759932375,0.034566729746714445
10595.041191936898,0.037102167325520435
10624.345004269855,0.037751681880858305
10655.246587030717,0.03450580314690459
10686.362159789289,0.03593954038590617
10719.4550443225,0.03528134282393015
10750.28720626632,0.036985692503403216
10780.784891165173,0.035155962918197746
10810.249671484888,0.03706640957625621
10841.427013422819,0.036518430067330174
10872.64376367615,0.03588214881212787
10903.280170575694,0.03556539222585994
10934.793602103418,0.03683026679360737
10966.459140690817,0.0373313610046735
10998.179333902648,0.03809297483720847
11030.129926375053,0.036297100426437294
11061.137093275489,0.03705441578240253
11092.652860802733,0.0366378043165056
11123.744516129032,0.03269864741500674
11155.831236442516,0.03576360770108051
11187.437049597287,0.036164036980139196
11219.45670995671,0.036268888750597236
11251.567944250872,0.03442531512105071
11284.417332772402,0.03592017791380396
11316.88315696649,0.036324197844435385
11348.828510638297,0.03496736721018074
11381.98640033999,0.0371351259764211
11414.218028419184,0.03576743785846363
11446.651433319485,0.037852447887924835
11478.480845442537,0.03685573980726687
11510.046601111586,0.03710942424559717
11541.396323215049,0.03522350257500323
11573.779530916845,0.036677026727787096
11605.63616745792,0.037442712824471945
11637.970639032816,0.036063460776155465
11670.92872759073,0.03638547738141965
11704.312633832977,0.03530787263880342
11737.177919320595,0.038037007222491044
11769.409191338931,0.03707146711072601
11803.046452702703,0.035601232985372135
11836.6269296741,0.03514183770880777
11870.990120274913,0.03586890826824054
11906.517372881355,0.03712609185415191
11941.441670253982,0.0345608257764752
11975.073065283183,0.03658094174670796
12008.538724860933,0.036529161279851265
12042.582927908004,0.034337489595395475
12075.835698924731,0.035501841702845365
12109.804301982285,0.03759595879060503
12144.629822280018,0.03468617064033792
12177.539462272332,0.03620087995832123
12210.968815844923,0.036487871235958265
12246.271520342612,0.035372241836547164
12281.374462596732,0.03649813077704029
12315.07736013986,0.03677598321222049
12347.505603448275,0.037133510961408135
12381.500214684414,0.03408574329136999
12415.66766084363,0.0348773317802166
12449.682546556951,0.03495174971736848
12483.13052905464,0.03584526364191329
12515.901541095891,0.03409002288772151
12548.532516891892,0.03839097480241863
12582.2,0.03744088368158993
12615.796359017782,0.034753592715797255
12650.874305258658,0.036383708367808174
12685.330008673027,0.03659184325274826
12717.932819854514,0.03851440446131744
12751.640290846877,0.03693144300364556
12785.201834862386,0.03605791682792781
12819.366395895682,0.03673516372741737
12853.62300732443,0.03495919682976952
12888.538659793814,0.03576113107276887
12922.762249680443,0.03563098227999818
12957.006404782238,0.036158705543883396
12991.725967812092,0.03942587069652646
13025.907335907335,0.03652956754534845
13059.93490607252,0.03651232116103643
13094.309798887463,0.03868902129069665
13129.801720430107,0.03827573529417732
13164.844357976654,0.0365959106450496
13198.807531380753,0.03828644017782183
13233.861038961039,0.03590572899110181
13268.212489158717,0.034923068602441765
13301.637107188979,0.03513110311162956
13336.51725607158,0.03863469782071667
13372.893774488462,0.03682677212382076
13408.807741935483,0.03579543758733467
13443.45900939368,0.03503658984719059
13477.82629516761,0.037226559117948574
13512.352966101695,0.035636324842071555
13546.90502793296,0.03564829138934312
13581.853298611111,0.03575563989161778
13616.88395904437,0.036761664951142824
13652.086132644272,0.03712030604645368
13686.977381470204,0.03587832379256433
13722.481308411216,0.035783885535697946
13758.64857881137,0.03738866184335855
13793.55054229935,0.03653765946678368
13829.329152249134,0.03562287036753453
13864.423693086004,0.038151067616994674
13900.788610871441,0.03540356986502044
13936.021267361111,0.03540722742093139
13970.92517301038,0.03632234305338625
14006.82911392405,0.03527003003364223
14041.704486626402,0.035537948941253096
14076.45859030837,0.03535968145011226
14111.038246669532,0.0371463795835258
14145.718177948063,0.037457147590645536
14181.848639455782,0.035592078145767765
14218.574025974027,0.03575170013477276
14253.969348659004,0.035880802440619974
14289.970474967908,0.03499065865262824
14326.193730953417,0.03555658284119913
14362.842943201376,0.03629803370431341
14398.681818181818,0.03765222072748113
14436.010034904013,0.035715290852011854
14473.648380129589,0.035112737594963105
14510.068441064639,0.036177349141754446
14546.77825526429,0.03410892193500182
14583.485071397663,0.035593890597580335
14620.58479282358,0.03690599742848713
14657.705244906805,0.03659152641132294
14694.088247955231,0.036029148403843476
14731.118247554232,0.037423026950937806
14767.08525445846,0.03384973104030148
14803.335753951304,0.035203251770073024
14842.375809935205,0.03429219049577428
14879.791006423982,0.03598383560683243
14915.106631989596,0.03482785995040131
14951.620943314583,0.03545013513097484
14988.934182590234,0.034819903876263415
15026.146626297577,0.03582121611072819
15062.765206295193,0.03531955070042302
15100.283193647992,0.036335565455146844
15138.652818991099,0.03608053704927561
15176.594512195123,0.03664485283533643
15213.287037037036,0.03460661096272495
15250.928233777397,0.03719954568530647
15287.122686181661,0.0357004132283834
15324.007765314927,0.0373366839111592
15360.159139784946,0.034579660224958904
15396.479130434782,0.03467677584884187
15433.265437392796,0.0361865258319384
15470.301038062284,0.03565321144234727
15506.562260943476,0.03625784943489165
15542.147648083625,0.035924928401621495
15578.563938618925,0.03838984118824589
15613.649761595145,0.038481952497516105
15649.874679213002,0.039342304175526484
15686.876742160279,0.03499250124817724
15723.878464818763,0.0348075644273253
15760.99017513883,0.036398636249587744
15798.2871459695,0.03449624734891927
15836.282571912014,0.036461690888043755
15873.347750109218,0.03590959958849539
15910.640067198656,0.03571731288809894
15948.036363636364,0.03511414264588212
15984.692909960853,0.0364240139960333
16022.322098976108,0.03472474284983614
16060.594017094018,0.03576510188591377
16099.175469227412,0.03545074461822414
16136.019124521887,0.035583107300704714
16173.619639794168,0.03648483497635459
16210.91695652174,0.03816599222132562
16249.859769132108,0.03598224998133634
16286.270104895106,0.03599629065632198
16323.187208809826,0.03632072961808281
16359.173780487805,0.03655249794967762
16396.58726812816,0.03610904382452452
16434.421166306696,0.03653706657093402
16473.271975630985,0.03447287083544773
16514.032562125107,0.03574136661246966
16553.725855348635,0.034829184019358105
16593.654189706507,0.036460666781740085
16632.752765957448,0.03513221562990381
16670.695840554592,0.034642380289485346
16709.81629116118,0.03782950294274196
16749.02678185745,0.0350090389701173
16789.20817369093,0.03462606522956764
16829.425331621736,0.034842577666135015
16869.858732876713,0.03422965141370806
16908.26943231441,0.03522682653648604
16947.47438656909,0.03409789984251679
16987.005152425932,0.034937380410975355
17026.708297690333,0.03617115733909327
17066.274408602152,0.03316005874347636
17106.20892934547,0.035173628651523105
17145.624732563116,0.03363626728320716
17184.64888123924,0.034957923991397445
17224.98654513889,0.034201711575549534
17266.343442973088,0.03538155744177911
17308.73418803419,0.03363624089564836
17349.121919584955,0.034780079477331693
17390.33940677966,0.034377359948436194
17431.90778599391,0.03344323937501362
17472.157599309154,0.03519236719975238
17513.149552620365,0.035693652739158595
17554.023519163762,0.03555639216046354
17593.488202488203,0.03577616733222548
17633.820469083155,0.03750518192467053
17674.506482281762,0.03415168709500383
17714.54830399313,0.034291102902395246
