D,r2
208.15294274656347,0.20375251391241395
281.7196938636053,0.1865623636441371
359.99159887985064,0.17403132988620143
442.22564784053156,0.17095241803069286
527.5082968272933,0.16135219192289882
615.8891076115485,0.15703447356085487
706.4147514698022,0.14952432406046517
797.2616559485531,0.1460355764053408
888.3843085106383,0.1413373840931061
981.4744652406417,0.1420639599746994
1075.3338200159278,0.13658713026679642
1170.3577810374716,0.13599595567456363
1265.7452617627569,0.13225549113406906
1364.2382613361954,0.1314611572109407
1463.280048237974,0.13033694400160828
1564.2970572640509,0.12404733765363067
1665.1384105960265,0.12442610198340968
1765.1378896882493,0.12438700951558536
1864.0319277919978,0.1234474402018795
1964.2208118471506,0.1199109732089933
2066.4466604202917,0.11932124623327162
2168.9103842574127,0.11539926526545005
2272.194418480438,0.11456619553508536
2376.33306783486,0.10766841507310161
2480.5632454923716,0.11102667059080745
2582.993212356282,0.10967523044931583
2688.1694094869313,0.1080391576511998
2795.8584487534627,0.10442191341165512
2903.533461856238,0.10291683689549182
3009.240487062405,0.10284366584450576
3116.065480328097,0.10208336046078334
3223.5229054890633,0.10324158869153427
3328.5193606173348,0.09919323266400065
3435.5187959495074,0.0970389301145065
3542.495164410058,0.09780503421813416
3651.306502830319,0.09763188806136555
3759.518605942794,0.09979814642761552
3867.7378505970564,0.09317912893631987
3977.843538355218,0.0945850989024178
4087.616165774667,0.09346830363003923
4196.085168259244,0.09225306740928885
4303.879018847007,0.09083282685732649
4412.859496124031,0.0929718200661337
4522.517088695171,0.09190378357672868
4633.727610912097,0.09257380091554585
4746.6884860226955,0.08917894438393376
4860.897686088653,0.08635171704453813
4975.304604001096,0.090046457630247
5090.423301781737,0.08990361103194579
5207.267611447441,0.08743009564884366
5325.304945818283,0.08569009552926456
5440.960675713099,0.08522001656228746
5558.886768975529,0.08315884451001944
5675.120978828705,0.08274709407140403
5794.179969355064,0.08519232389578327
5911.72504474735,0.0857658422932859
6028.305255878285,0.08490364445261885
6143.793710169022,0.08445479948499068
6259.908501242065,0.08613640502156247
6381.092920353983,0.08518926630816138
6504.806478290834,0.08530945965995324
6627.983111849391,0.08408834280283554
6749.782179594106,0.0814111537721853
6873.038504155124,0.0814672178296164
6992.520833333333,0.08262184044815057
7111.90423775454,0.07847925648506626
7232.979597501735,0.0803709329069258
7355.381537187802,0.0803741480505164
7478.21075239019,0.08174203693006071
7598.131673582296,0.0814490853870002
7718.5517958674245,0.07888419521562941
7839.331174200662,0.07915786803296244
7959.855480116392,0.07755543802116419
8081.318844604916,0.07991786205668992
8202.891484655793,0.07601641853081208
8328.896951303628,0.07678337048913644
8452.871837411862,0.07771518555097955
8578.37536251899,0.07666512727587783
8702.171987784564,0.077144144921108
8829.054764209654,0.07751992370979595
8957.518156808803,0.07946897025039347
9084.670863309353,0.07716346550611616
9211.563313937379,0.07679534715964927
9338.469447138701,0.0763905011117339
9463.96723568282,0.07601321863517639
9589.185354374307,0.07539033561860924
9715.4632721202,0.07677949901610139
9844.275175161423,0.07941042159066257
9975.013776788199,0.07431095714447963
10104.238779174148,0.07628382764854463
10233.660176746755,0.07700152443096309
10360.387910716761,0.08013972941730421
10486.087118084228,0.07942890244608011
10614.51145992499,0.07811094205792035
10747.600357929516,0.07911799726726135
10877.474760116813,0.07859840954078227
11006.369021440352,0.0794922103077179
11138.03838130997,0.07951647737366574
11268.998064159292,0.0810495422592262
11400.639186589722,0.07975540489364308
11531.826359832636,0.0794381651236549
11663.70900055218,0.07920075656415786
11795.873031224095,0.07975567786213777
11925.169456356343,0.07776266459119853
12055.41902917992,0.07698371083526129
12184.393943584071,0.078730205328964
12315.786049076372,0.08001614879029179
12451.310134479412,0.07970811868082145
12587.093918825321,0.08272974688591578
12719.820094104622,0.07970665703027051
12852.689075630253,0.07980500525002102
12986.379639889197,0.07979102784610342
13120.659662703898,0.07724443990750778
13257.8897801134,0.08282282690841482
13391.723971278652,0.08129732574145361
13524.784568584071,0.08039623289800472
13657.024596998332,0.08016272372594468
13789.542415031778,0.08094014727378905
13924.712985938793,0.08413380916286226
14056.967804607271,0.0810493770771091
14189.618553850409,0.0807589547155235
14322.628907330567,0.08003607099866769
14454.71122477191,0.08214609001717842
14587.500207440187,0.08142569828135365
14719.284451808893,0.08224533396589181
14851.09182546258,0.0837488440814992
14982.067328918321,0.07778538976687985
15113.134132738427,0.0783968621051918
15243.362443001244,0.07779866087219295
15373.993246037217,0.07867663317979721
15505.026732809702,0.07802335242234483
15636.179121031471,0.0795293039879871
15765.618264714009,0.07969973573933416
15896.57532917533,0.07963491885538532
16029.840343110127,0.07773312104884307
16165.00902401777,0.07651251350717729
16301.616754071212,0.07631081896391168
16436.228441127696,0.07755098239053805
16570.93387518942,0.07884729865078319
16706.389050589052,0.07758886924921232
16841.53499308437,0.07573983980201239
16975.712487899324,0.08002270705040009
17109.78941535051,0.07686443699814212
17242.421205418854,0.07435041938121154
17377.98235213015,0.07527096153919764
17508.353673723537,0.07575998205975983
17641.97137298499,0.07385662790483616
17776.75158445853,0.07622808726399641
17911.686532079646,0.07670905847182725
18046.436471726807,0.07692407980508184
18185.013107064016,0.07641749948795082
18321.51726528914,0.07388054778715118
18454.770234624462,0.07495755419927504
18591.025856140834,0.0747048693736067
18726.37313848295,0.07607575775627749
18862.557562387978,0.07331076331462254
18997.995435684647,0.07627282220179933
19133.816540317024,0.07834445282703655
19271.696436000555,0.07713351035523591
19408.91789181692,0.0742351049078524
19545.18591160221,0.07457875047925505
19681.70314013003,0.07640069886145405
19819.960825027687,0.07513958646244559
19955.112749827706,0.07511977503350604
20091.61774081774,0.07388397577905806
20229.093913522447,0.07564418283298223
20365.743678319745,0.07275772516923419
20501.315745510234,0.0759558828397584
20633.49171728327,0.0776243907158699
20767.446603279594,0.07613652737283305
20903.15930184236,0.07573874359952802
21042.844459833796,0.07377946661055113
21180.141614906832,0.07518630011212857
21317.79063971199,0.07752505888958051
21456.060535024822,0.0762159602912504
21594.07406383861,0.07410254100603679
21731.98359972203,0.0755628104332389
21868.137179133315,0.07575032287885054
22006.925027716185,0.07676938832056866
22149.496418732782,0.07795258452530543
22293.346260772865,0.07489434155544261
22433.387412202177,0.07528490756796048
22574.777255768964,0.07654551788643306
22720.028686252772,0.07562404349097857
22864.404043201328,0.07355614485569209
23007.903417739035,0.0750687844613043
23153.082305667176,0.07405144725328773
23295.87975730833,0.07414312164994244
23438.921896599393,0.07398583047453551
23581.998750520615,0.07586057996404659
23726.505289188077,0.07595547658428412
23873.454595791805,0.0733873651434354
24019.30087028595,0.07540939909605736
24166.978764746702,0.07449222804014692
24312.479878301758,0.07583265686260739
24455.127913429522,0.07344673975480058
24600.911768773338,0.07129253040331142
24746.52193164522,0.07452162186654133
24890.72153294734,0.07222967471611742
25036.816278749484,0.0712468610187181
25183.711661564153,0.07305025006049033
25328.523894780334,0.07236891717851182
25472.33250483292,0.0745617163698174
25618.099723374828,0.07224207058591836
25764.190945701986,0.07471477090282135
25909.95164410058,0.07168858722266863
26056.052668052667,0.07467191251637802
26203.415172413792,0.07671328911107997
26351.70500620604,0.07342897043144503
26500.416932685635,0.07535005896301437
26647.634944751382,0.07441589127936303
26795.054661487236,0.07823175982439999
26942.97090056544,0.07497819685484287
27094.433301144985,0.07395952088454613
27241.606402226862,0.07384728755368931
27389.0841263274,0.07441814786830125
27536.383797957493,0.07559032859477056
27687.006506991554,0.07614423561656421
27835.62263368799,0.07561019182518071
27984.019558884727,0.0765717230242112
28131.859090909093,0.07485248799735446
28281.997779628087,0.07559463748406733
28434.848221670803,0.07566477223382055
28585.666943521595,0.07466918743541676
28739.913067629495,0.07676362050325798
28895.156959933913,0.07634130246692611
29051.826249480826,0.07589657652187991
29204.214157334438,0.07590577661337362
29356.623736324607,0.07555077075473092
29508.83356353591,0.07538176703331419
29661.488750862663,0.07357156688908698
29811.25321888412,0.07600624865790084
29961.31207635911,0.0740786714028272
30108.16516682819,0.07383760278386935
30258.938237335184,0.07555270183876925
30410.39196465553,0.07475262222770739
30560.900510556094,0.07592298646773928
30713.01580918042,0.0730492053810298
30863.22800495663,0.0755647027532939
31013.15798226164,0.07373799436925754
31161.611371791332,0.07442239491672893
31308.162897183294,0.07601318173743012
31456.32109710486,0.07729873998453002
31604.695664143153,0.07399501432129732
31752.73949930459,0.07539840043698215
31903.86847541661,0.07358878549483944
32054.950041402153,0.07801201292990508
32205.278101582015,0.07574236305067149
32357.629110586928,0.07779036722066454
32510.096334068356,0.0780823099391359
32662.58615936035,0.07602249308403179
32815.72615256818,0.07435860736101188
32970.48983261862,0.07425608702732843
33125.9242067341,0.07529597831784295
33281.74037267081,0.07517913524926916
33439.07491361437,0.07520356528676037
33593.191672449684,0.07267220707030007
33746.99792502421,0.07477454360285182
33900.613774104684,0.07191879272463658
34051.62879733666,0.07484722308838528
34205.33439578714,0.07423360539797373
34359.46513558384,0.07483976165659505
34511.836258118004,0.07682503905445971
34667.104273267876,0.0781949194905313
34823.62962451684,0.07769432898888062
34978.63054938957,0.0758730999762162
35132.69328543796,0.07366456893868241
35287.99655694808,0.07507102450158554
35443.18992785794,0.07578761132978899
35597.501102839815,0.07357186492692186
35755.63975670445,0.07716806236855417
35915.3916967509,0.07436531630098382
36069.10972568578,0.0760963040351004
36315.257157113454,0.07572818888183355
36660.41690035521,0.07738775068644944
37007.909476045104,0.07788888150047456
37362.17195783696,0.0777659473860417
37714.156895798216,0.07691288513113598
38063.808986663345,0.07676883944918561
38410.77181082763,0.07445664069836382
38759.03246753247,0.07489211739528404
39109.57504678727,0.07666029748440653
39458.305091090595,0.07696280956514204
39799.649036362505,0.07859842446191455
40143.090156279184,0.07844126064127709
40489.8483734264,0.0775299051673427
40829.13847305389,0.07611421954162507
41170.168894440976,0.07748887102334423
41510.68586387434,0.0784178176807454
41848.599014839754,0.0792034754714743
42182.18974134699,0.07865033972107394
42513.91308411215,0.07880243933648977
42855.84676312835,0.07799387670781995
43193.50952796114,0.0772032195875124
43534.15614472864,0.07821499755219624
43880.53048628429,0.07721807144917218
44217.48688483637,0.07857945367225419
44552.74552820193,0.07663876507465392
44892.068903274,0.076342642837021
45233.105138438514,0.07924576377264118
45573.30721688101,0.0796508235090452
45909.428455639376,0.0787786933804354
46244.150049912656,0.07943731545073376
46573.23883107982,0.07856029627989308
46915.24600499376,0.07435171419467702
47253.65366400798,0.07503112586840936
47595.76000748223,0.07806850837998296
47944.88579977559,0.07458848120848452
48291.13968154855,0.07718489286048588
48634.961286702826,0.0774908436084882
48976.483340599116,0.07606006866020418
49316.403297320925,0.0765089053950762
49650.62688332711,0.07645533262083369
49986.38874664335,0.07708169629826743
50323.47965551673,0.07712049750195554
50657.91325451151,0.07907514041534981
50990.3111875,0.07708260679466193
51323.596687834644,0.0785178423643266
51652.23480542195,0.0778938211449293
51983.71800298805,0.07718154191407334
52315.357575757575,0.07670096544140458
52653.703073374476,0.07713968864140092
52982.95030242564,0.07541301932179911
53311.85983055071,0.07596731691301765
53637.2885345955,0.07478510080098122
53966.445837231055,0.07457612508602421
54302.1981149741,0.07463825516374714
54641.05982799452,0.07249962956684289
54972.437402532596,0.0745329807920547
55302.20944596955,0.07617488310370563
55630.983420593366,0.075625130291513
55957.28792222361,0.07463130899314227
56289.503968501966,0.07419008772337762
56631.35022438295,0.07552526326308155
56973.54137587238,0.07353136194689534
57310.084737301884,0.07389666961787056
57650.15749750499,0.07116463909015855
57989.90474707202,0.07325568929553995
58325.38299065421,0.07332919790599408
58658.42615269274,0.0752415691985538
58992.303277667,0.0738418833631663
59330.4052940442,0.07342635508924403
59677.99029005353,0.07336688065607684
60021.32693027317,0.07318040259858352
60363.24216702035,0.07406398712463937
60702.96083322939,0.07261643386037726
61038.061977281235,0.07229274475541204
61377.184760241944,0.073183914654317
61720.14033445651,0.0730969105206593
62063.730970149256,0.07319614968031204
62401.25903501654,0.07374642124914299
62739.704938502844,0.07236214029475203
63076.299239116874,0.07351992350737223
63419.51272613849,0.0723360444223791
63775.187818837876,0.07286005610983055
64130.60330939744,0.07354727065470676
64481.73692413191,0.07271124059070228
64829.97308436895,0.07241115103919518
65178.29759163607,0.0747610484693977
65525.92785883527,0.0743133485023814
65874.85664335664,0.07197597425723838
66222.29916448436,0.07251398711525041
66571.85903111167,0.07472658136641501
66917.58555916126,0.07335478032547244
67269.46125093446,0.07425642270385763
67624.40326805538,0.07580887103970184
67974.08796007486,0.07451966416189894
68330.3259471943,0.07348561662301924
68692.88088418431,0.07450016290338479
69050.62944257389,0.0765106110204069
69415.63466450688,0.07563626300706212
69784.05589208768,0.07486043209234083
70147.04799900262,0.07500984239584109
70502.18371425003,0.0764084861527004
70856.94053413204,0.07658889187414743
71209.47280882078,0.07532906787259898
71562.40068578554,0.07449863933231607
71913.3353271028,0.07392496894008667
72269.8659130652,0.07491746840588367
72627.68109991291,0.0745278496362402
72990.23808037944,0.07362130602327921
73352.03837260172,0.07475382651417087
73708.08195395146,0.07556347217497889
74071.10864952572,0.07630200720156018
74425.70408035937,0.0744963996998919
74775.01702101128,0.07198822533236653
75125.76728698575,0.07351981212101978
75470.58841501434,0.07257652769097953
75814.09030685583,0.07199058997304036
76155.47009718415,0.07267633495567792
76499.48730901154,0.07155051368999862
76841.51405772708,0.07165853877350645
77178.82893340822,0.07305606414536679
77514.52570573939,0.07178529373776184
77848.81328422498,0.07327731743435817
78185.92420461634,0.07196977808001315
78527.61123917512,0.07318113403352708
78878.18247493306,0.07228307202645376
79226.9358846298,0.07267153337394261
79582.66095761971,0.07188186743736671
79945.08260247558,0.07149137199585393
80314.34156224674,0.07143459473465429
80676.16068418753,0.07173623668481804
81025.08413311729,0.07387682497559933
81374.61556677261,0.07357960081766501
81731.78557164254,0.07203962680448332
82090.44929436743,0.07436759978878581
82453.67826032852,0.07436096910032162
82807.87753446877,0.0749197678101507
83163.79715568862,0.07504904000380733
83522.89995634004,0.07435782795017686
83883.16517189835,0.07470876856045625
84252.36929512394,0.07668422752747492
84624.47507642399,0.0754312097288027
84987.39327102804,0.07331625487313607
85343.1334330964,0.07378088463817292
85698.43885251014,0.07270643756320792
86065.83045869267,0.07320946936235391
86431.20391496789,0.07424539014216443
86788.20862101138,0.07452516044820903
87144.27109223756,0.07637056715024199
87501.71728009981,0.07608962455704307
87867.51043288695,0.07555531067491576
88239.84090199263,0.07527453609613867
88609.95505547937,0.07519109117019296
88980.06016209476,0.07264726445392866
89350.84614905284,0.07404905811285627
89720.81009420425,0.07506496948369491
90092.95212865424,0.07604880956509448
90474.31093117408,0.07428685492723444
90850.55831358364,0.07393318657059651
91217.80719730101,0.07528644490059942
91590.63927880717,0.07472387592361339
91963.72099688473,0.07681937950518397
92333.13663316896,0.07426504149035643
92701.46793674512,0.07542530083995352
93072.82147315855,0.07459628003261567
93448.279496918,0.074807191511395
93825.18050699301,0.07299805746139038
94207.56276489653,0.0744420685995416
94589.68265567423,0.07541022509414384
94973.04571748461,0.07518714400268267
95364.96907989256,0.07450381480046378
95752.52108546476,0.07466212930872208
96125.85933026267,0.07267237149191308
96498.08740712992,0.07287765725114277
96869.66003492578,0.07221715721561528
97249.65867181659,0.07358082664188235
97636.77549239591,0.07463882071011615
98018.56136193564,0.07327903289575571
98397.0329382408,0.07697786763642558
98766.56473451051,0.07532314007934171
99141.64646086685,0.07188589233767746
99526.2439237193,0.07284861662510779
99900.75554167968,0.0734787473551126
100269.2710787063,0.07277201657824407
100638.43772973647,0.07214012427224695
101000.92007492976,0.07402739905027397
101366.28525081108,0.07148405900549484
101741.33986275733,0.07351418225421819
102116.59315494711,0.07277195029714217
102493.04850792859,0.074050303379628
102864.90849591722,0.07326580146313426
103239.98147455089,0.0744817052113232
103617.92265951475,0.07425758198696276
103992.74906343657,0.07376261063891602
104364.04565271549,0.07454289671396352
104732.48168224299,0.07235942613744745
105105.48802693939,0.07254947441030164
105479.8624843945,0.0746616776911345
105861.07075236672,0.07526532245884643
106242.06350296598,0.07296234617234615
106618.60365018064,0.07468448765645273
106999.88131785848,0.07383607987036364
107384.45024937656,0.07334805236882758
107772.97985028072,0.07317439412231574
108161.848335619,0.07402876631567425
108550.92665250531,0.0740445521756958
108930.6322576626,0.07209720559629576
109317.30729458669,0.07311043278915265
109712.00535959117,0.07408451410004215
110103.59296231595,0.07561882505891847
110495.54048987753,0.07471904116858563
110884.91282402791,0.07313808528780988
111272.92914221501,0.07457304409800382
111655.64432412248,0.07313734200264875
112040.94263623893,0.07332011492263688
112431.12044957852,0.07279229911478412
112827.38822796637,0.07396683092415401
113219.92136581718,0.07300951032729897
113608.11256086902,0.07201102252450246
113997.4182827212,0.07454443470036833
114383.83639763166,0.07368927668168207
114775.26767676767,0.07347275487557323
115177.88777867983,0.07479033814017028
115574.74535709835,0.07503799922369671
115967.87783115992,0.07782133375850883
116357.31615312792,0.07681419887876274
116751.94819623018,0.07621423987899602
117140.62800697994,0.07567497584109373
117526.81801125704,0.07600961751096558
117923.72314872433,0.07719655247222017
118317.90728724732,0.07883354374888064
118719.1563065029,0.0766508078878449
119133.2365121936,0.0768967672346606
119544.18479546728,0.07817319920808422
119952.91152982281,0.07738918920820044
120357.63400324553,0.0779281049006879
120762.93628946877,0.07764025891084574
121180.16479119779,0.07453364109143686
121599.11538221917,0.07651601347362547
122014.89466458658,0.07786331310244969
122443.74652626332,0.07693993506042172
122888.69575795384,0.07567267929021879
123334.59365059565,0.07797766877476658
123771.3148321186,0.07537726866859693
124203.43891939106,0.07476649193142729
124633.3021313723,0.07579779950748397
125069.81559885101,0.07502820697050233
125507.67262980739,0.0760627383272293
125950.43724318266,0.07381641675193804
126388.02123009678,0.07433315096174185
126840.23627402047,0.07448619366694188
127286.03690082903,0.07210474164617109
127733.88522139877,0.07328410039472985
128182.54224385374,0.07396076444670535
128629.30758663753,0.07618910031653177
129081.04605140332,0.07381360509713719
129530.66535678643,0.07384414240501508
129986.90327613105,0.0755415236418997
130443.40638045984,0.07356548957903933
130890.39916411952,0.07553550084648634
131337.51839130707,0.07508756270008862
131784.41248599527,0.07648705699031673
132228.8645072708,0.07632470945588178
132674.35051739184,0.0786078986582315
133121.0903820981,0.07472969092571259
133567.71671971542,0.0784788224226455
134013.9640476042,0.07634331378405088
134458.5351550315,0.07769912781274424
134896.10959160735,0.07492656425000467
135344.66830911246,0.07606023175693781
135788.97883861332,0.07642006746582779
136226.12047666585,0.07426088122851454
136657.2356795208,0.07435067493494607
137086.11160352037,0.07321028339709479
137519.82843076155,0.07547640325845727
137956.0676391746,0.07509804528630318
138385.5561584035,0.07361059534161332
138824.86801619432,0.07245845469551605
139269.8194600675,0.07582100115829747
139709.63578055918,0.07444647740740228
140138.89246506986,0.07420033563901897
140579.3981187317,0.07597763460345178
141014.40632025982,0.07649866691804134
141439.05752074366,0.07444835530215999
141853.91265041463,0.07459191696161001
142267.65450349302,0.0734781950225929
142690.92913238594,0.0727305579401938
143121.30566978193,0.07438202494346412
143539.15443101083,0.07548345876047678
143954.24063436565,0.07191277203947084
144369.4154210264,0.07376073640402624
144799.73184741213,0.07378673187154443
145230.96684325335,0.07306635075494602
145660.9469418293,0.07335424326865096
146087.80518832625,0.07230232996090528
146495.87811271296,0.07418757538037797
146900.7136349454,0.0736436251019262
147305.6465307649,0.07331075795925761
147711.026671652,0.0713565850756141
148114.67157566303,0.07338683147756513
148520.70151298176,0.07383240293345118
148932.54910044977,0.07376107040099569
149343.43873542434,0.07297832026048562
149753.2727442672,0.07196041291237307
150166.3252103459,0.07540346830284657
150579.685550287,0.07379983599499194
151004.9603189435,0.07361613539804178
151427.3421282435,0.07369476862530366
151839.34076850984,0.0746272264452449
152244.07033391477,0.07382693398467122
152652.82155994762,0.07397867951757227
153068.44111215245,0.07333567395102394
153492.6958172538,0.07384778293559988
153919.71647940075,0.07357706729051952
154335.79444791016,0.07205523372148341
154746.74383715139,0.07236963665183264
155162.62689737024,0.07422579080216449
155580.1851921041,0.07192505936966201
155993.7551326053,0.07207603954708651
156410.34309388822,0.07357713171228142
156830.94721059536,0.07463748365646633
157249.84635967642,0.07456840183297564
157670.63646567313,0.0735982121552119
158090.3903032572,0.07208473653313957
158509.7030246336,0.07180079291003219
158933.27004061232,0.07313966779220475
159354.51870758887,0.07314312428027774
159781.05148662967,0.0742716672538754
160203.7418327191,0.0743112987334387
160630.92324957915,0.07458260742625178
161062.43400572782,0.07495650978762783
161493.14680904208,0.0746463776880962
161923.55039531842,0.07622312660580269
162350.91451391487,0.07588175234939275
162775.96109725686,0.07573898932910189
163205.149709937,0.07709779676574866
163645.00754129014,0.07615657204273854
164082.79386648381,0.07911983307905755
164515.07674055573,0.07710218481575871
164943.49922016344,0.07641760109290203
165376.27454035525,0.07734568136577519
165808.49382253838,0.07732563278452312
166237.53740733818,0.07663560428814335
166661.11981049745,0.07683452285157115
167085.52563622754,0.07742725438969174
167507.8603867748,0.07697613737449742
167936.5409887164,0.0781670144534295
168364.16049151696,0.07696813777811966
168795.49248331357,0.07510713424772475
169236.154905014,0.07721570897610569
169676.43083645444,0.07462676009510194
170121.54560199624,0.07585492503139007
170564.778767678,0.07803875051057005
171010.0992690698,0.07638752220351054
171457.18068613412,0.07582767988874019
171908.18704003992,0.0768851283816708
172354.77978676974,0.07495994174026348
172795.77721629548,0.0757030208787683
173242.15341867,0.0763229110802123
173695.70202963517,0.07519853425804054
174157.0106555334,0.07572023503998467
174618.9429375,0.07533197555129893
175077.64956944966,0.0741023637093948
175522.03343086597,0.0730030258802026
175967.32577691972,0.07602470593320723
176412.55556941498,0.07501397860442521
176863.7219204595,0.07375778282052219
177330.0476071629,0.07602883889382063
177793.99975065453,0.07406608344945191
178250.00953449242,0.07304458893890946
178699.55196060095,0.07255405793195026
179153.25528861154,0.07341970969844235
179604.3504054897,0.07256684557709414
180055.23794673485,0.07115573510145419
180507.60595119523,0.07155819084024086
180959.51549806274,0.07283021038911786
181418.50819161528,0.07154679336656676
181875.6827642074,0.07225644034243404
182329.01858434675,0.07168272079029127
182774.03847592915,0.07277521488061268
183217.4912729086,0.07308167996068309
183665.0110445526,0.07125369462295271
184120.58059487437,0.0706849580951433
184577.27017762544,0.0704758308068914
185031.9810343752,0.07055123537700483
185490.41939113583,0.07390842796283549
185949.38660853315,0.07310610595925857
186401.33403937204,0.07396343101211786
186842.09085810432,0.07379036846302069
187277.9730538922,0.07372487704850579
187720.6331855921,0.0748573701414417
188168.68123986528,0.07289206706652972
188605.39736792864,0.07374502848393805
189042.6556733167,0.07236016655041859
189483.4852977822,0.07178981654683975
189924.60078558515,0.07358283194562444
190377.3875577187,0.07246588159873428
190830.7979892594,0.07616221541753843
191288.06849485822,0.07568073648295381
191752.56060794817,0.07504629929102805
192210.50443140682,0.07526773940544265
192658.6735725429,0.0755099545006748
193096.1390740856,0.074503584898674
193542.90614100648,0.07346306817586756
193990.17754618073,0.07271848817990607
194435.53105299294,0.07014606309988704
194880.43924011211,0.07111165271661583
195319.58594871155,0.07165576511776524
195758.93082819218,0.0710280423362522
196191.14163598928,0.07293097416601879
196616.49581772785,0.07086824124041903
197027.08496446826,0.07459473369843846
197436.33653846153,0.0739334982538888
197843.23301393728,0.07143118317854671
198245.90034321373,0.07096617251697529
198645.59148697494,0.07418072640731374
199052.2041643289,0.07243812737250394
199453.90578986774,0.07201441410074982
199855.91910939253,0.07159405554369408
200266.39499313274,0.07200548678713505
200682.6771702578,0.07177142051678989
201097.93340400324,0.07161453600129915
201515.0215980025,0.0722107087336335
201936.3263551402,0.07189484172206295
202364.44692528376,0.07254861091594163
202790.60619469028,0.07138308981227272
203212.0995752124,0.07408182849597715
203638.65487607423,0.07191959749336932
204078.44538130035,0.0726454188941697
204526.98284894598,0.07028107334088449
204978.18308277713,0.07308033927541446
205421.5606145425,0.07159927212748958
205874.52101942658,0.07358883601888704
206323.99806709067,0.07302908240770058
206774.44083208768,0.07600997269813967
207227.8495348692,0.07535067927382043
207681.93620603642,0.07663085860172497
208149.34450327,0.0760128776152109
208600.78694050814,0.07420543944972846
209058.1806777757,0.07361224034766423
209522.4081925307,0.07379057872706811
209990.60764775486,0.07171097519519641
210464.69720022447,0.07305088431052018
210933.87665939546,0.073075089436212
211409.22215980024,0.07643723948470206
211887.12207889324,0.07422104632064541
212366.52748829953,0.0748941416701905
212829.31648173544,0.07411032505781538
213289.50508263175,0.07533858211070557
213747.68851026648,0.07482829933079038
214204.68414170973,0.07406473294091756
214666.41434362333,0.07445892234521641
215132.78836309153,0.07238651111253205
215596.69214450615,0.07457530866602956
216061.91131193517,0.07332181733129313
216533.6063909306,0.0727041086215469
217008.00999562693,0.07438350149005885
217470.73185923387,0.07376400131353364
217925.17153193612,0.07425542180729766
218376.39891460296,0.07398699802043801
218832.7082320683,0.07387511656839833
219279.68751949104,0.07495507209401989
219729.18735187725,0.07352017462875426
220173.89272364814,0.07664045974000137
220609.31967570938,0.07550198447414956
221039.16265435948,0.0742999210008757
221483.69575251045,0.07406241112114369
221937.31654093147,0.07299850484027354
222384.2338593974,0.07590085956792049
222827.21620104765,0.0758458238283702
223286.28395832033,0.07229000779060873
223744.9434985968,0.07468089006702246
224196.6304212363,0.07304598809434049
224645.2674534782,0.07279134999120271
225091.52533931017,0.07269379366981676
225551.88095535047,0.07180449163295483
226022.27314699275,0.07046922887896649
226477.54932036414,0.07257981617976395
226939.98634578215,0.07262273789115573
227418.714276808,0.07337306652781822
227892.58620904837,0.07520132894295894
228356.6605584642,0.07576940450392049
228827.61835205992,0.07313948646802367
229297.95413187088,0.07236159321281514
229773.34146493635,0.07314532461019696
230261.43762870514,0.07290792071940247
230748.78741824976,0.07281424656530512
231234.7395807337,0.07221978512020621
231725.69231727833,0.07430102143390349
232216.69674279296,0.07435266233110309
232699.26069335328,0.07475330150836637
233188.20743053386,0.0751106650414579
233677.81258950252,0.07413784847115666
234155.60700922922,0.07404741512816794
234631.3284289277,0.07295412767886103
235117.12735319787,0.07320409784307891
235599.65366614665,0.07283663295517973
236082.0232166261,0.07328147550795003
236568.79450775267,0.07356408969640252
237055.70295732468,0.07777645465132041
