D,r2
124.616211745244,0.4761455186881514
172.68532070598363,0.4464629806087148
223.26618705035972,0.41905320076598274
275.8727432848965,0.3978424953809059
328.26801899007336,0.3975878245480435
384.574531516184,0.37313153847555597
446.6094600251151,0.35044272100423324
511.35836627140975,0.3307323033944286
579.0567741935483,0.2896643998685862
653.6158333333333,0.269771628384264
734.7572898799314,0.2504598709290402
817.9935456110155,0.2347040435958855
902.5430038510912,0.22605607761069124
990.1896404109589,0.2011144859410296
1079.7456177853783,0.20690427419970725
1176.3405079638399,0.18737014967733526
1276.4678938356165,0.17992978707416685
1381.7489270386266,0.17028768037327233
1485.0979050876442,0.15589017392200352
1588.1835334476843,0.16456195338898616
1692.938202247191,0.15958343029280236
1801.2613344739093,0.15310402941171947
1909.5903460059803,0.14107413827531756
2023.3932101418136,0.14248496188624316
2139.139689578714,0.1336483421544457
2256.6519804183354,0.12854991863302193
2377.416777629827,0.12564697052242604
2495.3008455718737,0.12035580334503417
2617.1512042818913,0.1140866844526494
2742.234584450402,0.12102982030113914
2872.6849315068494,0.11987395104840338
2999.0209354120266,0.12091706556466812
3126.4255886272767,0.1276094796946028
3252.8210620258815,0.12463521970567787
3372.784574468085,0.13110889203165219
3494.2911279536333,0.12247277052124217
3615.1954484605085,0.12049512955698623
3739.2353982300883,0.12075514330447888
3864.2672336615938,0.13319143912158052
3994.172,0.127383294603197
4127.35505319149,0.13091396083910123
4260.153261840929,0.12871163726022145
4394.59185480301,0.12402296900699185
4527.527207850134,0.12646903072291268
4660.326086956522,0.11401137486264389
4788.116859946476,0.11495520984033075
4914.968971631206,0.11775616212001222
5046.857206405694,0.11114787453424438
5174.234326367275,0.10782255520387217
5300.585082626172,0.10740573149239212
5429.934926958831,0.09998699890054914
5554.5024674742035,0.10223062455306865
5684.79920564872,0.10975098987760037
5821.8968888888885,0.10434369702876099
5962.075067024129,0.11616403842524915
6109.581105169341,0.11495131798130707
6260.108251996451,0.11318141147947174
6402.074501108647,0.12452528302392125
6544.684845775592,0.13444828031628095
6680.23080337328,0.13123619348249274
6817.550446428571,0.12594575766558241
6964.0300751879695,0.11427037565267757
7105.803380782918,0.12099907030559694
7248.534582775546,0.11828573863777722
7395.8230598669625,0.12273309033507795
7536.109025915996,0.12085958808728164
7678.876454789615,0.11510927182673077
7821.428508189464,0.11914836355085005
7958.203539823009,0.12349367146349742
8096.84276169265,0.1015358161170092
8234.233466489126,0.09961447947114173
8372.896243291592,0.09741155390601897
8517.434550311666,0.09993726165712147
8663.897560975609,0.10431825085602602
8815.078596802841,0.09939438840830651
8967.330960854093,0.10331992858432926
9118.593917710197,0.1034645746006737
9261.630338078292,0.10491712343601131
9407.302222222223,0.09440976544772578
9539.469804618117,0.08605267753953753
9657.717410714286,0.08121003127278656
9766.115521855487,0.08173633746184715
9877.553153947949,0.0783707640735926
9991.029609690444,0.07997458801371464
10105.752095280106,0.08752833489251027
10219.39902352419,0.0956514672666058
10333.499552772808,0.08876063672132611
10453.510695187166,0.09950538087232276
10573.222664895971,0.09370566804442376
10698.153640017865,0.09702079854863899
10827.70253445976,0.09522757629097128
10955.542628774423,0.09814803871369666
11078.962322695035,0.09163572561469722
11208.416481069042,0.09921269492585456
11335.946737683089,0.09456455743718076
11463.522012578616,0.10103840709567333
11596.231244483672,0.09335692962296205
11738.703041144901,0.10496905378107839
11873.787583148558,0.09984992078893881
12026.213523131673,0.1036590791327773
12178.964444444444,0.10770902001326361
12324.438057040998,0.10435208347776567
12481.527321190582,0.10654582329318019
12639.93196976434,0.10635001266026672
12797.40311111111,0.10196764853888246
12952.722419928825,0.0996552084136689
13113.326231691079,0.10457010979148904
13273.909457642312,0.10452023899908067
13435.985411140584,0.10024548567619929
13609.68529280286,0.10723202474906655
13774.750110766505,0.11559131862496207
13937.745413870247,0.11499257144212129
14094.734955752212,0.10144573241162998
14243.44232475599,0.10967482785070773
14402.686274509804,0.09926511504810602
14555.6559714795,0.10360176247109813
14705.005361930294,0.10124401906006852
14856.648420115709,0.10316672760651181
15003.412621359223,0.11432665181560417
15154.129712746859,0.1195220698658143
15306.240070609003,0.10102442080832286
15464.175868210152,0.10187020841888823
15616.722666666667,0.1072833179467297
15777.405597512217,0.1075730846672601
15942.69271996427,0.10732933978779029
16094.247889826744,0.11636283968379078
16252.24088888889,0.1140372704213076
16417.888096299597,0.10670588415519514
16586.864120781527,0.1054078276623088
16752.104324565313,0.10189646663219698
16920.80274822695,0.10091811635410966
17086.242410714287,0.10482658262028952
17244.503779457536,0.1045076818294147
17409.424766977365,0.10216247119176862
17576.01648841355,0.11258697176727807
17727.47581003107,0.11296763679620123
17872.272239606616,0.11148287356047554
18017.230292294065,0.1143899042215209
18154.517873100984,0.11102478579830917
18295.298089737895,0.11011797373337696
18447.0106856634,0.10556076625609219
18591.333037300177,0.10197294622237034
18742.159484673477,0.10362855933568502
18903.225677476676,0.10313150360768905
19062.136851520572,0.09734662800277234
19218.98805838125,0.10246382062943304
19374.760231316726,0.09677444276426474
19527.11994669036,0.09494708099363675
19673.161607142858,0.09135592571969797
19809.405333333332,0.09513883327182361
19946.293777777777,0.09581078378476963
20085.089253996448,0.09196233955588232
20225.317170818504,0.08598674529988477
20367.194556001785,0.09066455283480102
20502.370436331257,0.09819921559045369
20636.3456735058,0.09616813202512854
20770.09637488948,0.10089956826417185
20901.97186243859,0.10676993514850974
21041.243231247227,0.10159770639779607
21175.845057880677,0.0999766328126963
21312.36028431808,0.10688150094647084
21452.772545535317,0.10178604312247647
21587.37728285078,0.09081308645775722
21724.96067917784,0.10214779662083807
21865.934513274336,0.10148885088269857
22012.063392857144,0.11068702915637361
22163.60133037694,0.10501134891365178
22313.365384615383,0.11535358558870056
22468.657953035003,0.10392683490260919
22624.959519572953,0.10024051984012029
22785.395276292336,0.10059661456065301
22945.024401064773,0.10295843359003595
23118.274064171124,0.09894856895108088
23286.09272404614,0.10563030754014069
23448.263040570666,0.09951059746824151
23613.461401952085,0.09762262836260638
23790.185860382393,0.10269205106788536
23960.62622658341,0.09761586848346926
24132.869817209095,0.09310140997684745
24304.341019955653,0.10074455074117858
24473.117777777778,0.09753969881782382
24639.515394912985,0.09888790586806957
24793.4574610245,0.10707334190420877
24951.255328596802,0.09979263039920579
25105.514247551204,0.09827737049048078
25261.03247330961,0.08912874132051155
25419.405321507762,0.08955965501539302
25591.093541202674,0.08955655248765343
25759.238859180037,0.08419858375386007
25923.428444444446,0.08571152716354725
26098.381777777777,0.08863568161625338
26271.290236290683,0.09447886542068906
26444.899070385127,0.09732319142250172
26616.542206342117,0.1015230537160152
26781.24311111111,0.1152627781276224
26938.85847382431,0.12711785671738896
27095.561521252796,0.127024528484762
27244.020362992476,0.13947665459502215
27395.234953187693,0.1352945752450118
27557.340576496674,0.13645811670844116
27714.959320518552,0.12877151406149037
27881.558562555456,0.11598046462459162
28054.475577264653,0.09870137586266277
28222.078701645176,0.0997738893252697
28382.991992882562,0.0950501595515805
28546.915064818953,0.10787219916864335
28712.08115299335,0.10457761214339087
28873.212444444445,0.10233409423616796
29035.276076342656,0.09947435905400139
29197.373885918005,0.10092558301022518
29363.713713268033,0.09933088007154098
29524.28628852166,0.10304623223156882
29685.171466548516,0.10806155552715875
29853.506879715933,0.11469119027112729
30016.842953020136,0.11250027539851841
30167.66415261757,0.10040945882979846
30320.686527345486,0.1082940239784953
30468.990200445434,0.10701742387730917
30601.930512249444,0.10079377027129795
30737.47277556441,0.11034092817440187
30872.519625334524,0.13838276147697842
31006.43162583519,0.14665219449301026
31148.439414114513,0.1756122223757772
31298.2,0.18864498726405748
31449.952317290554,0.1863897697376705
31593.38201246661,0.17502396123629196
31732.051976899154,0.16256240398731872
31868.411843276936,0.16295317811522814
32005.399911229473,0.14296067298179427
32138.142093541202,0.14026598424767617
32268.0626945309,0.1377540095647554
32401.56016042781,0.12115199824874351
32535.398402839397,0.11338504890326749
32664.321125502458,0.11287577056919292
32802.50685537373,0.1098570838276698
32954.038375725126,0.11559248682728485
33101.37089618456,0.11415140039417027
33248.020107238604,0.10503609198894184
33394.125886524824,0.1053425930999541
33541.36699288256,0.10392620796238579
33686.6859688196,0.0965267896148542
33828.840838163174,0.0949815931816647
33973.1657066903,0.09853638705637936
34126.84,0.10230000289492705
34284.83072800357,0.11286405049419886
34447.12055160142,0.10749588916164207
34598.295162006216,0.10112030435245105
34748.165259884496,0.10395322896020137
34898.6270053476,0.1042171439850332
35050.777234326364,0.10164678817732264
35200.06435863293,0.10625017113209827
35345.97818343722,0.10731069569758979
35497.75133451957,0.10484512485162209
35643.09857270295,0.10121864414718465
35790.882274544645,0.10194867634020435
35942.47492232579,0.11348203873368737
36090.37639198218,0.10614849083144601
36239.54557640751,0.1072914095731196
36392.00132919805,0.09641446592946311
36546.20213713268,0.09947500060355464
36701.306803023566,0.10453286121266216
36855.51976899156,0.11299069865377714
37010.42041908159,0.10084067961464703
37168.72707034728,0.0991746601180984
37320.52160356347,0.09743277240953821
37474.70442477876,0.11030597396579948
37620.7268683274,0.10819192260317334
37768.166367713005,0.11517120258358966
37915.31448763251,0.11493488269395058
38054.19347631814,0.10233252654182297
38189.94977777778,0.10975697844197925
38330.318988464955,0.10229516688383421
38469.07206405694,0.09960412173329444
38684.943831494485,0.10504057546237257
38977.3158739715,0.10784835820258372
39276.113362760836,0.10941867560613042
39594.400761065495,0.1062658752184514
39919.79118002416,0.10584975485662454
40254.1638293611,0.0972326848357074
40579.824874623875,0.10372227908628001
40896.66198595787,0.1055017819079894
41207.720776621296,0.10092659764854238
41514.997992773984,0.10170887709947395
41830.624247290245,0.10136581239822688
42135.774264558735,0.10332870877027367
42445.58273092369,0.1016370922961691
42768.04604866278,0.1116761430537501
43107.17477477477,0.09805686131172749
43443.147531112,0.09158182288729308
43770.992994395514,0.09679396632220291
44127.346508828254,0.10655340848334753
44501.59265944645,0.10415093864959417
44856.55535499398,0.0900329480546599
45168.838011226944,0.09342135605094497
45488.136117245536,0.09443624677292127
45809.155265797395,0.08999328947677548
46137.85116185898,0.09107482949974113
46480.69094567405,0.08536948900987275
46818.97699079632,0.08392413537806362
47156.81599035757,0.09477434384824475
47504.32053858521,0.0960564030152808
47837.255157220105,0.09656877247083669
48160.56020837508,0.09863305812204544
48494.06204819277,0.09344639093837667
48835.03402041225,0.09533819692748677
49188.93573006628,0.09920452144087734
49545.07129981975,0.10024689876944924
49896.997189319416,0.09217470221684836
50232.44114102049,0.10476216050357545
50544.21926311574,0.09669305912383429
50853.04021717273,0.10206785704189329
51169.32480511693,0.10133759085798935
51475.33996783273,0.10622788793316122
51773.82855998398,0.10111851043248718
52053.1418525216,0.10111617130452391
52331.44618159952,0.09725407857269588
52631.63383383383,0.09670364458494925
52952.40108346709,0.09313783013683272
53270.851427422596,0.0937577361206807
53587.49819927971,0.0963471288740763
53919.32276830491,0.10694431329255251
54260.762745885186,0.10682418866057428
54598.88688327317,0.10922123833817408
54931.57846092023,0.10544373720113033
55261.719583082784,0.09749618995167697
55558.544798556824,0.09963213429713204
55854.742524583584,0.09854183636022897
56161.20726324237,0.09836877201848197
56466.18535606821,0.09519495769580902
56760.20216389501,0.09893998678532755
57074.53183370155,0.10093858575196613
57398.29357429719,0.10248604777413246
57725.29922046772,0.0956026694657314
58041.53784219002,0.09548567433580442
58370.46344882836,0.0967372972049845
58707.10384923817,0.09763287398322586
59028.845660453,0.10465807134364934
59361.87922025724,0.1014799191841797
59713.888310648515,0.09753070197930969
60054.17061421116,0.09895255185180128
60393.58943987151,0.09460427161929859
60763.704044853825,0.09358543081869278
61133.40751909932,0.09426450572575548
61477.199439887976,0.09372524393303153
61802.541115122345,0.10315171867779753
62137.368125250905,0.10270677383856046
62491.57202965338,0.10393926102109266
62849.45929648241,0.11062880890706761
63193.77510040161,0.10374667927110562
63547.1656,0.0977956431594671
63898.41902468393,0.09668242899557693
64247.18825180433,0.10366291801000507
64611.57689993984,0.09347970822625717
64963.324959807076,0.09854649217891509
65310.6625926668,0.09482345860902056
65649.70634283421,0.09940230730276958
65991.31897415347,0.1069273924565563
66326.39923648785,0.10914129280058914
66649.63820404891,0.10592051115539938
66985.56839575406,0.11470390914972571
67304.64743718594,0.10685062188904353
67619.19875776398,0.09777933848528714
67952.25235707121,0.09490752752309252
68280.79815594308,0.09485497911588223
68608.54946819185,0.09475899678452986
68973.80380761523,0.10276919108601784
69362.16666666667,0.11676920170840785
69743.40100300903,0.11564126986020803
70104.93753765816,0.11624650649354563
70471.33673878205,0.12410156109545714
70839.61133440514,0.1077017825965491
71221.20713856026,0.09750019177240533
71588.91060332731,0.1006114461396847
71954.68403125626,0.09571871837883086
72323.06645251958,0.10492569547197048
72710.82694238104,0.11987736908587336
73102.4772499499,0.11549312081689458
73474.7288407541,0.10991510520958486
73848.32057703867,0.11399590696501209
74227.34343637094,0.11024478697484127
74616.02428256071,0.09990813474038251
74988.91266813893,0.08901200138918808
75341.04004805766,0.09625929149160416
75693.41352327447,0.09354458430872858
76044.33286516854,0.09919747932919518
76402.97895369814,0.09958083191279868
76759.86004423889,0.09214614067918267
77109.72093023256,0.09283118235957943
77450.10908361741,0.08775975137373172
77785.05769230769,0.0881724850573096
78110.97611880393,0.09608665306069572
78432.01887929303,0.09584944238175928
78744.75551102204,0.0971485458151692
79049.29803449659,0.10188931168021562
79365.37607693848,0.10171869712121503
79697.38263665595,0.10835397638192318
80020.77655310622,0.11406641688056313
80351.84745082296,0.11049699926895515
80693.54654895666,0.11199497628372164
81029.11862372475,0.09885501874367375
81359.08164086065,0.09604092639191363
81680.9943943944,0.09519226916884206
82022.89270644967,0.0974489384099089
82369.3025210084,0.10045306886907193
82702.15230058267,0.10637272430813462
83039.68164493481,0.10776488008321473
83375.10366954081,0.10619636980893674
83702.15290581163,0.10937890163215355
84029.88969113518,0.10303006369510166
84396.57896849287,0.10496980023071453
84767.12527604899,0.10660881687757241
85122.16289320777,0.11029447539588767
85481.47006830052,0.1120376442757845
85801.19527338273,0.11072884430670475
86113.11808340016,0.09990094282572501
86427.77105052125,0.09959500947013564
86740.38200441856,0.10468935524771639
87037.74543630892,0.10514050471829976
87338.03340040242,0.10573218426822864
87648.12057588482,0.1038503098487862
87981.86372745491,0.1037593425382542
88325.16663324644,0.09857802318828451
88660.23382884693,0.10127316705733189
88990.8980572802,0.1063791883382395
89323.97854421496,0.12065357531974398
89675.05258932155,0.11155186743051794
90031.76127480456,0.12599451388911936
90359.59249598716,0.14166811418763478
90672.52439269223,0.12301125206615598
90991.46756107328,0.11075888808298379
91328.2770745429,0.10047132053827995
91673.29575490589,0.09236827378290202
92010.1742013261,0.09301092300592151
92327.07135698537,0.09941728581144728
92630.02446851184,0.09466373637975233
92936.1339626431,0.08802871580666195
93238.80985774394,0.08476090659375972
93552.36717495987,0.08965530984775467
93845.79525818766,0.09340069746271029
94142.62038523275,0.1035356749833208
94450.3146404967,0.10423848860458695
94768.00881057269,0.1027251094041325
95072.6362904848,0.1007021272109773
95390.8782,0.08822425291374018
95707.93652069104,0.08801613247744916
96041.66947452868,0.0831019187443827
96378.04389657246,0.09152941444654021
96702.65316760224,0.09327411895996596
97025.2779340836,0.09449991044086695
97353.255553332,0.09787747971544629
97682.2802087515,0.10751216761980288
98007.61373218229,0.11113835202614242
98311.87525110487,0.11550317853664914
98606.78784243151,0.10206954057030762
98899.93597745118,0.09558906551042257
99207.01539692061,0.09930469537587265
99546.40561685055,0.09945278473105794
99881.11943887775,0.10068662970917959
100197.78391959799,0.09514838578569819
100517.54589178356,0.09986034162582076
100840.89024879615,0.10454936601511591
101180.24143458225,0.11300613359729025
101545.29811547714,0.11016051844138952
101901.08930363235,0.10577978014929808
102253.89427135678,0.10711247146425414
102616.95636509208,0.09748729958433489
102984.31963104071,0.0937036838700367
103342.25085427136,0.09450042061896793
103678.73129251701,0.09440362936181929
104017.54738955824,0.09003502186213663
104362.95225677031,0.09050094506615651
104714.75926296816,0.10229058774009664
105064.19268635724,0.11947815024456195
105399.29119004616,0.11410557401010486
105738.12237131984,0.10357933533961468
106083.93924202927,0.09649246603531163
106455.30701225638,0.10881080794399686
106834.49389389389,0.09721229133218509
107215.85341365462,0.09509606210583034
107604.9382765531,0.09438132976995323
107994.5437751004,0.09673071527494356
108383.7751004016,0.09277237457291178
108793.79955902987,0.09371433223439507
109221.45232371795,0.09544039276568157
109631.37655560016,0.09952411690845026
110005.37607866747,0.10162668767706491
110381.80978151935,0.10245643801182874
110759.14563301283,0.09448440799756266
111125.9170349538,0.09770304269553409
111517.2566211878,0.10383646646454461
111924.95092147436,0.09353190485781179
112322.91098636728,0.1033974511425178
112701.29179209312,0.10116172718542196
113066.5781124498,0.09806658740884762
113405.13930647424,0.09747020216109631
113749.89401846648,0.09706200708983286
114090.95011019836,0.10287076674492296
114438.5318081477,0.09543731571097147
114819.03665865384,0.10286719423954487
115212.49648664927,0.09544869033847195
115596.58329987957,0.08960542747806467
115972.02674979887,0.09230993155219473
116344.2276,0.09255074634711778
116730.76903044872,0.09524355291684082
117129.22431781702,0.10469503161806865
117504.12309542904,0.09986208246707519
117859.22740056248,0.1000143291851566
118227.6430146322,0.0938153805539099
118626.26053793657,0.0918844583161305
119010.46058174524,0.10328033261033687
119383.2797188755,0.09678744986277335
119762.25570684821,0.09899927689847421
120139.35041189472,0.10532545560805766
120500.79703763011,0.11770231625114547
120889.95518488745,0.11479652920137964
121270.20416333067,0.10301929154080923
121653.9737422329,0.11151854772982712
122037.73715890851,0.10476207089428577
122398.30339561985,0.10047887198824951
122753.21450030043,0.09629693183333955
123103.0666265302,0.10243784446455306
123454.59474106785,0.10322121436903534
123796.70138470801,0.09453784582755287
124150.56567074393,0.0992198689645365
124497.98438125751,0.10153430794141716
124858.50431813617,0.10096775004814418
125212.05211267606,0.0972351658007265
125567.40108021605,0.092666379009279
125925.60792951542,0.09285300197621094
126300.22574178028,0.1051065014642327
126728.09855479727,0.09067542901621208
127141.0308988764,0.09686409004315223
127547.66713511343,0.09797301471764851
127938.51874874675,0.10199578258940822
128326.533680834,0.10501361698781692
128713.75235423763,0.10108436367676848
129103.17446295924,0.10096777506726377
129503.21397029306,0.10347800016497877
129906.5395870916,0.08629005670327489
130302.14357329055,0.09499175372309178
130672.78131890159,0.08998880700226103
131038.97290788681,0.10357497197055297
131412.44685553547,0.1032752968603923
131771.23460998596,0.10873343616230965
132133.97297297296,0.11990436784969906
132475.34458509143,0.12407775613987759
132827.35589825755,0.11884024343237126
133195.04137376984,0.12748982502471534
133566.2366840208,0.12330452053214849
133942.94783306582,0.11464657284732066
134320.81252509032,0.0982852806378865
134695.19570453634,0.09984440144541122
135098.76767068272,0.09523282299730627
135483.48538831066,0.09737658250379466
135826.1404776239,0.09707560536975204
136187.1746794872,0.10235070980956539
136578.3583048805,0.10291630433715962
136959.37515054195,0.11137623833125097
137331.42210652784,0.11144170951908035
137710.16834271923,0.10665406551845565
138078.7002004008,0.11330400175347151
138447.25310372448,0.10865595681318689
138825.15234845443,0.10889835836409899
139193.29883440514,0.10672950607474026
139588.48546802966,0.1040954206203195
139983.76879887708,0.10834191412337817
140374.4704349569,0.09774704384984982
140759.92107371794,0.10400006261819414
141149.853472501,0.10576116986923434
141536.60498292145,0.10039721382158245
141929.4521425711,0.09655617847178226
142316.78555667002,0.09937984183484565
142679.81825476428,0.09877145110206217
143045.19333467176,0.09690279173853543
143419.90126176647,0.09238837439464072
143800.7419678715,0.09692322955888073
144193.59527148868,0.10026823871859887
144584.00461569335,0.1019666979022768
144966.17054108216,0.09991998515529918
145349.88683417084,0.09976463427036303
145730.62741157555,0.09947175370469184
146095.5302818309,0.10265701740848648
146463.08965102286,0.1000202547008268
146860.99698916098,0.10126877223656243
147282.65276663995,0.0981897947466251
147722.7002004008,0.097572698235551
148155.76094817196,0.09896783689811924
148578.92164328657,0.09764024375112607
148964.46760280844,0.09764572635827787
149359.66238458452,0.1036221538068175
149745.6416683377,0.10772964992029029
150112.95851703407,0.113715813364139
150462.56130844873,0.12593652232654143
150827.82865168538,0.1081021086106182
151193.00341159943,0.09379140502616133
151551.8812099359,0.0987407450486751
151906.6695425361,0.09569794745987777
152241.46912090122,0.1019849516234961
152564.61254760472,0.10283246496409885
152891.24629555468,0.09798389289518271
153225.89756979313,0.104042461664268
153582.99939819457,0.10536785656304763
153932.53003604326,0.09795096815032936
154281.01787148594,0.09917079428210392
154630.39136546184,0.09288809271860332
154998.75320256205,0.08959828581194165
155394.90825135514,0.10024538258496121
155799.4431317581,0.10537548127157832
156204.8645394341,0.1157259196300422
156593.82483948636,0.11818800984109244
156994.35303546384,0.10560270681642882
157410.89618473896,0.10467819837584912
157804.16446314103,0.09961785813526296
158192.9296623794,0.09766460916787179
158588.66773547095,0.10075516498132284
158973.78376753506,0.09828486039063894
159340.84740324845,0.09880748984196047
159718.99939710612,0.09676730196736005
160107.42796865583,0.08863567888142485
160494.83436687337,0.09273612024736287
160874.04111512235,0.10658445806026913
161236.91735205616,0.10027598502644587
161585.29731355252,0.09513299392631158
161929.56973710615,0.09850906760231189
162281.3116232465,0.10499146083496205
162621.37367047963,0.10401088166243881
162971.94559325438,0.10255348078048657
163363.64191087917,0.1004362603446027
163755.8501002004,0.0946216229163784
164121.0718010429,0.1082260038195194
164497.73035284682,0.11597504341623849
164898.81055589003,0.10879423355595151
165319.13719206888,0.1222613590596596
165751.89729187562,0.12046935969919761
166159.84677257188,0.09878243443653653
166552.48867962332,0.09369547799708408
166967.18405768074,0.09447431439622457
167388.07483403743,0.08933232631217554
167805.5394,0.0947318901953321
168204.5204819277,0.09601540508628477
168614.0524201647,0.09563740207401805
169025.02002402884,0.09910633960907646
169425.22800321414,0.11135256843832066
169805.7791140509,0.10666928210250518
170197.66673346693,0.10258512617274076
170594.37883343355,0.10601998195975094
170981.183005223,0.09579664001181648
171363.32610441768,0.10373751688366985
171741.75405567794,0.10634963824143942
172100.79951884522,0.10953555780000995
172468.2638665595,0.10055298802246533
172816.84684684683,0.1143227821881205
173171.25742375603,0.10645857585571909
173540.1243481749,0.1115775874673716
173899.74744232697,0.10835210697168077
174260.2842507031,0.10376060434720435
174618.5622,0.10046465722573267
174976.50211140155,0.110299040067342
175328.06086086086,0.11023034366912166
175690.0856625779,0.10378056013251066
176086.29243394715,0.09849855517498171
176492.3450351053,0.0894886262741029
176889.5518347704,0.09120554498490144
177311.8718925421,0.09258573313729114
177734.6605062274,0.10828919875126662
178127.6488977956,0.11117319536696925
178506.39637826962,0.10948186211911994
178897.84949030582,0.11167955812788269
179255.49116820554,0.11079353077019348
179598.58947579836,0.1044050070019846
179935.24228456913,0.10493741198555515
180283.25055165496,0.1055984108739601
180643.7045045045,0.09603952193468995
181012.43411008437,0.09121479446592085
181382.91339214114,0.09052841825510052
181747.33814970902,0.09805073906318541
182133.90008009612,0.09671017257857151
182510.60907084084,0.09295381267471416
182910.98048682357,0.09404831930560191
183331.11756459041,0.0948380687639577
183723.49649087628,0.09768343117396044
184139.9294871795,0.09844605059071529
184554.07571801567,0.09189451325970362
184956.5229596952,0.09733672976631957
185360.68388263666,0.09677875321858855
185794.70191923232,0.09429574596352415
186236.3799477597,0.08708073514617033
186644.1959527149,0.09454543625351042
187053.5683005223,0.0995082071418225
187474.87074148297,0.09758128755016234
187903.69226142744,0.0920141872883213
188347.10565356858,0.09236244805360064
188781.5672632214,0.09937865495179435
189228.17587034815,0.10383968784388914
189676.79225987568,0.09513172336720609
190108.28172690762,0.10544670806092102
190527.14045281507,0.10311028677331995
190918.65228731942,0.08675057011821803
191293.03589332264,0.09056340255302206
191649.9218844373,0.09799123995192206
191993.63043043044,0.10286068413276304
192325.02005213554,0.11295486653025016
192680.81727108796,0.10476425392443015
193060.87407258872,0.09333969047290581
193444.06985146526,0.09953277121676171
193827.11046394857,0.09225101952550159
194217.57526558428,0.09148524627010383
194609.66345961115,0.09145289575907613
195008.39558676028,0.09605021399982358
195418.44147761495,0.09340569559672864
195817.32978936812,0.09506922390728259
196218.63805895328,0.09423605765307194
196622.88590872698,0.09776727926402101
197007.8825065274,0.09858559602112446
197396.34970924404,0.09858094368702915
197801.9596547571,0.10623414178027625
198220.8353719671,0.09843907239889285
198637.14875701684,0.10537338426417761
199037.34356197354,0.10746255673749594
199425.62040570396,0.10697440421195514
199803.03285914645,0.10321824091437767
200161.26330588473,0.1030366139921922
200509.54833533894,0.10529035932013267
200876.27127127128,0.10762561027631162
201264.9881644935,0.09872389509378127
201635.08398633715,0.09433997982017737
201987.43063352045,0.09605721847402254
202345.00180324583,0.0924915796226573
202708.74608590928,0.09906177869379805
203080.1217652959,0.10103152104633316
203460.84085892033,0.09876861818118406
203833.55482060532,0.10696749098197302
204212.05239911666,0.10973179215316314
204606.55319575235,0.11088752189302692
204992.78691813804,0.11746979991743318
205392.16793587175,0.1107670150863872
205796.45728643215,0.10282305083147862
206189.61546164632,0.10930712687533095
206584.12121819274,0.10808438149170307
206951.75662650602,0.10937274886095627
207318.01805054152,0.11051629825107194
207702.66666666666,0.10807566204517638
208092.9494888755,0.11322729843758321
208486.7258517034,0.09995556776626635
208870.41967871485,0.09574028798354088
209228.53035463835,0.10764148180725047
209595.89935717155,0.1170660302989215
209972.21923308572,0.11418527649474214
210339.64350090126,0.10624019828411854
210722.23981537228,0.1139439519197929
211109.7208976157,0.09821253766627262
211486.72073880746,0.09635215975688984
211855.05359293456,0.09845718384885262
212239.17210979763,0.1068597042018435
212648.91775325977,0.1120380400525496
213039.3262397109,0.10547613333647242
213438.23623623623,0.10946734814957688
213864.04701627485,0.10969424402195728
214269.13689281413,0.1057388937648081
214674.84941930315,0.09995274236322559
215089.18358747993,0.10436480215805195
215493.77791164658,0.10904827585772525
215896.43612334802,0.0970289810802321
216287.01003613006,0.10225817100792915
216689.81475541298,0.10541532783641222
217098.00682868046,0.10127109723882485
217506.90180722892,0.09654734357792936
217898.54081632654,0.09629401180541754
218293.11420557002,0.10252194485528891
218661.8475426279,0.10207802178804841
219013.59710785298,0.0950967532092204
219349.39012642985,0.09431032777190616
