D,r2
42.0962375223957,0.1901859338811348
56.992613483749665,0.15755640029995363
72.15727124183006,0.14005794239710861
87.07787340366463,0.1272367569215427
103.57127771911298,0.11749540184339412
119.9966249472648,0.11261330674361951
135.10567734682405,0.1032236011752728
151.72148380860318,0.09689724295681387
168.18226816130442,0.09714017349452028
184.6655231560892,0.09627755897616545
201.1866969009826,0.09002897514142623
217.69125235997484,0.08989364383002355
235.75397937094104,0.0905838498923885
253.77853121801434,0.08839132496514371
270.24257349545945,0.08779666455821045
286.7066479520225,0.08564352775816464
304.8015315890236,0.080928267987151
322.764751754614,0.07752826522429727
340.7042085759661,0.07980494968634236
358.4112743152044,0.07562908246204716
376.3696644295302,0.0754374058988227
394.0974967061924,0.07619937930572496
412.09575320512823,0.07555080054485729
430.14514608859565,0.07469438392706931
447.0232629323538,0.07447745887745184
463.91418062934207,0.07250813672051683
482.97953511874687,0.07199790124788052
500.94696495619525,0.06958871134634567
517.9574352717907,0.07001823048327742
536.0920064377682,0.06906745307905868
554.0797328608423,0.06952290281762105
572.0835623969214,0.07232399452399729
590.1080172181867,0.06794876603280785
608.0907112743098,0.06814648255060977
625.7617701116924,0.06825236089325244
643.4513067400275,0.06612631566392363
661.4782790892583,0.06677004981010377
679.8164088769335,0.06926671882134401
698.2054486729392,0.06776189400049669
716.1726577979055,0.06480756610857966
734.2124910265613,0.06684653416850517
752.9717558245477,0.06383714803920228
771.654699646643,0.06374489780720141
790.0912403833175,0.06410518082158632
808.8940251138403,0.06351110826358142
827.2253277625703,0.06372009424286486
846.0651082937137,0.06441727082603838
864.7968059318408,0.06341697192207787
883.1929753734356,0.061465077574547826
901.9760487332134,0.06417060389619533
920.2218340611354,0.05965498918437078
938.2557096819392,0.060476468320750765
957.0861269378561,0.061161649740692804
976.0278736028702,0.05886742024849256
995.0021932830706,0.05770064208843184
1013.2858575727181,0.05926476623199546
1032.0741288847034,0.05889148440143288
1051.3844371763423,0.05900628714965161
1070.3158124001743,0.05887713394471304
1088.927967806841,0.056887027619516216
1108.1346553876024,0.05929268299600961
1126.9211524947295,0.055730797912392285
1146.0720362239297,0.05856503877004532
1165.5361155698233,0.05270510893997201
1184.3265276359923,0.055325379134810476
1203.9094861660078,0.05732670058036103
1223.9666528296666,0.05693388811007513
1243.1247719298246,0.0551834149654184
1261.9342889582742,0.054928435308481405
1280.976183920705,0.056108403264601335
1300.5855352764913,0.056859112654386486
1320.0116151954087,0.05494904226712216
1338.9869363674673,0.05450466147326373
1358.4684905403567,0.055568059713062765
1378.5319615912208,0.05352380005873814
1398.0641520217173,0.055136264368745566
1417.5918025930573,0.053386247926834406
1437.3779236766516,0.05472536736246516
1457.5128586897672,0.05432463088249329
1477.4270776004403,0.05496680717564966
1496.968633093525,0.05281733934260751
1516.5156442136904,0.053957943606062674
1536.3896561061467,0.053961015720168266
1556.369318976367,0.05316134225633006
1576.5136063771304,0.0546075845983314
1596.4727750138197,0.056099728338323274
1616.524483284783,0.05372439873603343
1636.5322806036893,0.05443820968749101
1656.439518948399,0.05501917835644417
1676.9565334409904,0.05312596659437965
1697.47778242095,0.053371149896335845
1717.544344653382,0.05225671485886517
1737.9457969065231,0.05126115752461111
1758.5713680045224,0.05296478267726221
1778.9912716530146,0.05280308203151548
1800.116195230172,0.05198924338554203
1820.4518444093585,0.05253933294456641
1840.9848628193,0.051323850253583894
1861.990263302249,0.051704992902718266
1882.5415419695025,0.05164107342983693
1902.9442916093535,0.050091131008065934
1923.9568037537952,0.04988144687532305
1944.9264665757162,0.04866491608743337
1965.5855957237304,0.049033928712860955
1986.107986348123,0.049342187182904305
2006.5884819681298,0.049850426303663015
2027.125440260092,0.04993830991621496
2047.5898242103758,0.05088600485346653
2067.9709254709255,0.05207280518497789
2089.080769751999,0.051117530271144594
2109.884977827051,0.050489160252854826
2130.4308233638285,0.048720375221021066
2151.0826457838066,0.050116885117950406
2171.993750867935,0.05032253515997603
2193.351063829787,0.04875240632420496
2214.930986113059,0.04933992363731326
2235.81875,0.04938508706337289
2256.97020743422,0.05104089140315952
2277.991692052063,0.05071744248885462
2298.969904240766,0.04959352840872485
2319.990379329302,0.04794044487178367
2341.0128585558855,0.049738077915250624
2362.0306471473527,0.04934110153611031
2382.9867429528326,0.050651045414103923
2403.847966919366,0.04825049748806024
2425.52189094816,0.05009703111127058
2447.120503848845,0.04877766958866455
2468.092197586304,0.04759910109859711
2489.4149095361176,0.04820468070076785
2511.0013919821827,0.048724393232743385
2532.0248846637774,0.04616541077757442
2553.0638830897706,0.047937448662045364
2574.5042280414623,0.049225202478158744
2596.4602787928,0.04913674946527651
2618.5150719026547,0.048027966308107226
2640.0103671706265,0.048362300715398605
2661.4693794229725,0.04744603620193823
2682.8549273932044,0.04923414421168151
2704.440005326941,0.04968110853745336
2725.925994318182,0.048279164236667484
2747.5817448170305,0.04816585104424571
2769.5475825553854,0.04729015346879256
2791.6486086839627,0.047693027731142576
2813.404334110547,0.047267956084780086
2834.9163503444397,0.047719746237235475
2856.358377569076,0.046887551825540136
2878.4259081562714,0.048225365635818286
2900.578969774372,0.04720425009255636
2922.3684356765766,0.04788036301661851
2944.4571627260084,0.04751954211937325
2966.4754189170476,0.046734394962976634
2988.466454997239,0.04770742248452585
3010.99331997328,0.04646482224303451
3033.5000707914483,0.04750110778904262
3055.961809317443,0.0483802210214888
3078.5463946734667,0.04632404054060879
3100.5582006920417,0.04619273461863344
3123.093557652852,0.04550857878252776
3146.0448190789475,0.04593748986255973
3168.4571267128126,0.04570779121505293
3190.4691133211936,0.04459499478025523
3212.98168800771,0.04684295912645836
3235.8564221434417,0.04565561355870521
3258.5007706319184,0.0450934143282567
3281.0016547159403,0.04569263806217988
3304.0171538355976,0.045119399992683586
3326.9091903719914,0.04512625462588227
3349.8726725082147,0.045350929361410226
3372.477478753541,0.046136520307082346
3394.8892999040963,0.04405472264625786
3417.9346761023407,0.04537120265840843
3441.061292564281,0.044796188940671305
3463.608732876712,0.04669576086961251
3486.045485496391,0.045857825804890395
3508.9936367409045,0.045481352794818804
3531.843673469388,0.04463560764157861
3554.5282073310423,0.04464180668150198
3576.8820346320344,0.044445257299212684
3599.434138077086,0.044555838893834916
3622.0489137860363,0.04619248939026366
3644.91422337379,0.04454020550871946
3668.0006863417984,0.04612315939982596
3690.572201651951,0.04571187226208601
3712.9781580411795,0.04574068034616659
3735.97813909004,0.043657819547268134
3758.9250482226507,0.045150767240115706
3782.074696802646,0.04460553691097582
3804.5731845154,0.045013831881654254
3827.513640639699,0.04448082449217815
3850.886808272778,0.045068978089586494
3874.2847138047136,0.04504687048307972
3898.171215531795,0.04515851885390255
3920.9965034965035,0.04499280503769292
3944.474941963676,0.04510121706536065
3968.0035797879664,0.04433284641857774
3990.89139146055,0.04319970646272199
4014.008237466269,0.04439349278358439
4037.4446089648673,0.042191394115092734
4061.0129725205747,0.04430289184362483
4084.152069839482,0.04418656529410028
4107.636212854181,0.04505801684482825
4131.509142624949,0.0451882273249028
4155.1894677396585,0.04256681105077244
4178.491400161247,0.043900493349554925
4202.00365014741,0.04319946328332678
4225.445247359644,0.043377387772776166
4249.484287851993,0.04352127010211773
4272.978239226283,0.04464842302155934
4296.512349066959,0.044119196855830975
4320.542813876652,0.042927193926710704
4344.846828609987,0.04334714290396757
4369.332225913621,0.044728153604457005
4393.108277532412,0.044673205564562786
4416.356264677442,0.04407232306089545
4440.46973200925,0.042160832556911006
4463.9533399517795,0.04331431277641655
4487.924903294651,0.04339546005704847
4512.491065244493,0.042784152462017916
4536.454633204633,0.043148253077888846
4560.455851583206,0.04261595647139529
4584.57537303026,0.045187780484540564
4608.451200674062,0.04295631759096375
4632.944154278827,0.04265647651406693
4657.525426096675,0.04298734308932058
4681.574888017917,0.04322806077366171
4706.071032336626,0.043507079940738706
4730.5399861399865,0.043223324912766536
4754.479478918616,0.04289742939065476
4778.912116627699,0.04293407998969229
4803.505471081427,0.043584278464505063
4827.462684527064,0.04319307791606145
4851.427423822714,0.04411248071457704
4875.410359116022,0.04292907117267883
4899.99293382253,0.04273887487560187
4924.6228178694155,0.04369973820855869
4948.442373363688,0.043529291581606774
4972.530034364261,0.04389987908652832
4996.77608874281,0.04347580565538154
5021.431607092598,0.04368725674062019
5045.951431284765,0.04319950248949362
5070.586978060864,0.04256782018207496
5095.459633150354,0.042722182998972555
5120.532157968971,0.042537108706630966
5145.087270705948,0.042812931619908075
5169.9092263920875,0.042688555471075085
5194.573696782352,0.042158028819267286
5218.9612833355895,0.04229854145306676
5243.490413293566,0.04326664013710088
5268.00217155266,0.04283775733269465
5292.402802830581,0.042931069160523944
5316.445668640683,0.042619498017880855
5340.464625568887,0.04352424862454992
5364.359676503973,0.04249766697636327
5388.952426003514,0.04203351559745398
5413.398670626502,0.042317875787792905
5438.131310382365,0.04294285101932574
5462.506449803702,0.04468219297426416
5487.1808539944905,0.04422515228647978
5511.421037985251,0.0414078481659999
5535.962861072902,0.04360192118009836
5561.035690052924,0.04362354709550814
5586.093385214008,0.04200208741074697
5610.979157982492,0.04249301404770688
5635.615853658536,0.04287500415772744
5660.442448436461,0.043867341863003964
5685.350049722972,0.04215008885431557
5710.535099515869,0.04168813960661864
5736.080223619846,0.04234454456499407
5760.577994625937,0.042958156606558204
5785.092770920928,0.04249956705237844
5809.9762070404895,0.044342050011126566
5835.021682448196,0.043537988788141975
5859.8774537296695,0.043378838210634825
5900.501001878522,0.043551632389315066
5956.770278599605,0.04245037302699582
6011.793552036199,0.042956280074472344
6067.430754950495,0.04426274085594464
6123.6487616195645,0.04302332667048184
6179.78205844035,0.04248344364068818
6235.891248672621,0.04200654730255902
6291.618978835647,0.04193370913890372
6347.501575922378,0.04256330725401792
6403.101657388664,0.0427638470695387
6458.985541567992,0.04260343377415951
6516.673294754986,0.04282731430716521
6573.7313038555885,0.0417340047824972
6629.377905165431,0.041668454497956475
6685.803001876173,0.04322092583376327
6743.251065143563,0.0422747694915367
6800.025247743483,0.04265177428706414
6857.501138671755,0.041901764248648485
6914.807864389691,0.04153704771546805
6972.526868437307,0.04314480459003219
7030.40838285893,0.04267440195607613
7088.380854509218,0.04370466450655847
7145.9252359817465,0.0436912843403131
7203.163205487995,0.042865307795484066
7260.5659102182535,0.04251196182813417
7318.033179493576,0.04288740883590005
7375.364563775191,0.04196743022749903
7433.639220615964,0.04162589363400359
7491.588099975131,0.04275396861676122
7549.546117867166,0.043378509494027204
7607.9391400763825,0.042592937439123534
7666.49528331355,0.043436570594189663
7725.409447837467,0.04322925608009476
7784.04416895091,0.042321905355336795
7842.741241241241,0.043159403597237016
7899.930717389935,0.04241152860743353
7957.406699162605,0.043776954018871286
8016.172550969667,0.0438762503586513
8074.8336426627075,0.04362749416686273
8134.038089894645,0.043629275730022544
8192.461044226811,0.04410071315784248
8250.302748309448,0.04365854911239142
8308.071518429992,0.0432982169983108
8366.005310176797,0.043376385840780296
8425.18338970312,0.04302349235432185
8483.805058414118,0.04341743463833174
8542.370749360454,0.043755530827124064
8600.736248845087,0.04196004321087088
8659.444153414406,0.04329613579908553
8717.079133064517,0.042426248145750196
8774.917766434262,0.04291951147706223
8834.599012040753,0.042238765948071036
8894.03465315569,0.043034979274049714
8953.708460627222,0.0436713153852136
9013.054185959205,0.04318722412661119
9072.030293624683,0.04255342157663585
9130.469961786632,0.04228679466612987
9188.499468251486,0.04320125798398978
9247.061649819045,0.04268862824305553
9306.059640778521,0.042974856549583995
9364.892960522264,0.04213928830292264
9423.990051930175,0.04325176619650284
9483.319504682884,0.04330470765615985
9541.99252394192,0.04307510336147851
9600.799406865219,0.04289990045230724
9660.324032738095,0.04170482120197916
9720.407172863503,0.04311978660564783
9780.464651419461,0.04270753934662736
9840.786084890917,0.04358061682966848
9901.051101321586,0.04268466433348823
9960.842137781898,0.043405365171241515
10021.781804595554,0.042994326459398394
10082.339989920625,0.04335943025857459
10142.887323943662,0.04328459303697598
10203.007589061715,0.042543199533842155
10262.51581782873,0.043158962132940536
10323.139912361909,0.042177826589974786
10383.53404522613,0.04282124108776336
10443.115346163459,0.04279926585474001
10502.698735123684,0.043588245057066675
10563.58640813253,0.04203855042998437
10623.12726709997,0.043009871452588846
10682.774324155973,0.04259376519801747
10742.831159103676,0.04316454173227728
10803.416051545102,0.04238495379452371
10863.96988138856,0.042632153952071795
10924.950624961135,0.041334343822193996
10986.04723864637,0.04256099779746906
11047.494594427628,0.04227718731356763
11109.032012480498,0.04217398057838295
11171.383956483682,0.04266918780633224
11233.941198385595,0.04296842113742936
11296.048048048047,0.04359499886474792
11357.483194323417,0.04109244245157105
11419.636115250869,0.04275147472018332
11481.249609789598,0.043264807240069425
11543.29663991976,0.04302283896019751
11605.130491518052,0.043022558558576944
11667.053002643837,0.04287570914785824
11728.887889614389,0.041136635248152004
11791.089979934788,0.04254494593755164
11852.403049570961,0.04207410134799738
11913.978226963629,0.04207619633617829
11975.74779453169,0.0429551361411061
12037.492753623188,0.04174788533085403
12099.477990549614,0.042625059795971795
12162.000746315069,0.041975175655815836
12224.448241456723,0.0422223095648329
12286.518962824117,0.042425077843571725
12347.989465103154,0.041558327041042745
12408.762585456805,0.04172849799821858
12469.47487089054,0.04312328238304422
12530.364692861096,0.04338975938464993
12592.010232908531,0.04301189101722292
12653.971426796696,0.04241055733458939
12717.250715797336,0.04157381889247937
12779.521909085177,0.04297471075205547
12841.911737437418,0.041669320662189153
12904.997017522059,0.041901097006062114
12967.616192560175,0.04171196804373308
13029.10530283991,0.04240258013534418
13091.679900590245,0.04167206590937017
13153.474259166249,0.042802856811589816
13216.08799063405,0.04142379665680893
13279.174104336895,0.04306646260676475
13341.919877980452,0.04342141626516492
13404.976408912189,0.04207849999315378
13467.50945515821,0.04209692590831278
13529.40179573513,0.041984896872705596
13591.976325110296,0.04308438582105985
13654.809659266588,0.04334403226643417
13718.011566507417,0.041630891009616276
13780.892013845963,0.041495562074009416
13843.996997936081,0.042422901092633636
13906.754427538039,0.04211177100615184
13970.007372235412,0.04216643594761182
14032.56073252772,0.041898874829253134
14094.558321255277,0.04202461299249705
14157.11618076708,0.04271558091368429
14219.469065106436,0.04229662324324673
14282.202628968254,0.04234792199788312
14344.81194105051,0.04243762721489738
14406.380632849052,0.04197277691894227
14468.688192228272,0.04142237280499223
14530.559737417943,0.04206400339962504
14592.713455409037,0.041349542781611966
14655.922317355165,0.04293053039472795
14719.32729986938,0.042865928876100585
14783.811673055521,0.041239938127998914
14847.07005485844,0.041986160417461574
14911.172788443731,0.04203095154248169
14975.477732793523,0.04278302582694746
15038.918859234022,0.04166541720339185
15102.323346206553,0.04225547613377547
15166.938489119684,0.04261062650464381
15231.632356639839,0.043487529104326475
15295.111638361639,0.04165497063783277
15358.274160511452,0.04182452203495032
15422.844611059045,0.04143105892034573
15486.25788717436,0.04322210300858327
15551.216336358584,0.04328956344975173
15615.03365687634,0.042397002852676564
15679.017862661474,0.04255367137098657
15743.858901044257,0.04329358030874218
15808.456520385933,0.04228346216618875
15872.949133383572,0.04213436603240289
15938.405825844438,0.04304314621247234
16003.897670914685,0.04305133829792983
16068.87456402591,0.04315637773079059
16133.438776147363,0.04276363574882994
16198.037902518481,0.04190817288841574
16264.016174836399,0.042380385693339365
16330.404667081519,0.04338080333340209
16396.32800805082,0.043661510771112994
16462.822072211555,0.04296181811973822
16530.03335214093,0.04279143436892926
16596.875944038627,0.04305092093335488
16663.546220601183,0.043846504437646004
16730.086753149557,0.042950574797426935
16796.456493222562,0.042105209434163286
16863.421791320405,0.042047977339131376
16929.95269168026,0.04289532528333742
16995.803668013676,0.042301459615550784
17063.737060041407,0.04263952263517107
17131.303556967545,0.04203882458411123
17199.4980151346,0.043347394619072874
17266.94730238394,0.04303052858850108
17333.908048841266,0.04301277625337837
17401.611956115197,0.043096129187525534
17469.30897794346,0.042044645550421124
17537.00056190298,0.04245332694212952
17604.12702397389,0.042672629156921625
17671.400061919503,0.04254900727010713
17739.607599652303,0.04294504032047068
17806.847692884832,0.04307305636163495
17874.3590194846,0.042892182263685866
17942.424059222703,0.042424131923275196
18010.180728969604,0.04229272208340685
18077.750716510902,0.04195849351882072
18144.472262090483,0.04213351160419476
18211.37227230339,0.04206707903067675
18278.252789726328,0.04190879184937724
18345.37099284158,0.04295155546068208
18413.686900357436,0.04256570869761001
18481.665658560672,0.04289883790886692
18549.29116528462,0.04285745583693935
18617.669232694956,0.04219463741992662
18686.179372197308,0.041644400963293006
18755.007023432157,0.04147734324784371
18823.405451022067,0.040974161776937926
18890.533445967085,0.04148122898497459
18958.533946561543,0.0429592061112566
19026.74016723444,0.04212047177398065
19095.591224885775,0.04284468495191877
19163.44803580308,0.04176345556748856
19231.93657871919,0.04261466758437838
19300.650069156294,0.04336650009796406
19368.948147227056,0.04296273928426126
19437.883616663552,0.04177228571787693
19505.583416645837,0.041409710059279306
19574.038552418853,0.04160311510679012
19642.38889237922,0.042152154523548084
19711.38007724894,0.04288699469140513
19781.2607800312,0.04189215735011204
19849.75332174345,0.042565669041147586
19918.73101049624,0.04223098547232615
19987.73966118585,0.043298147118541436
20055.88572327044,0.04255501416383853
20125.132738979693,0.04223760918334359
20194.456521739132,0.04162403447546239
20265.292428846034,0.0429012620054832
20335.53538905985,0.04320503005459491
20404.881834543536,0.04324814310936354
20474.25588253749,0.042510908272538755
20544.31781931464,0.0428876173559069
20614.422543135785,0.04319267653784609
20685.047020773727,0.04358540005866017
20756.17176119031,0.041955497782408535
20826.571962151393,0.04252104143251498
20897.435485877813,0.04264807149046704
20968.65303086649,0.041688032686853664
21039.52662203591,0.042590192720028605
21109.629854293038,0.04171120467455237
21179.574031608307,0.04265672751682159
21249.42390008159,0.04240506490157149
21319.45833851511,0.04190628565529182
21389.311817217054,0.04251365533404426
21459.540143257553,0.043652559473319294
21529.716413240723,0.04208401979580022
21599.95139363089,0.043205090772327995
21670.024501531345,0.04232962889191253
21738.929404388713,0.041913726572764216
21808.30942317255,0.041759791407044784
21878.91557795197,0.041859567454818114
21950.23614155966,0.04190576400888366
22020.929902451226,0.042828611991947575
22092.402770083103,0.041982746185831865
22163.2648989899,0.04245330511633075
22234.649370873303,0.042810531188469315
22306.60876573058,0.04202195294061081
22378.35668512412,0.04194365721338801
22450.247031621046,0.04262032048868669
22523.177014203313,0.041673934424002294
22595.936178177053,0.04289580448835499
22668.028180557307,0.04293433249239541
22739.940106422473,0.043241531568608015
22812.619943555972,0.04324165177648014
22885.01469402939,0.041875811002000954
22957.519202966872,0.04189815309782358
23029.95849570112,0.04364529695876705
23102.437585819498,0.04210986893851424
23174.508478787502,0.04264046205616495
23247.078220286247,0.04376205011802616
23320.098919054803,0.04335485427233826
23393.310306337593,0.04246588742428138
23467.072927695088,0.04298487648429987
23540.22459457767,0.04252609364500926
23612.841628397666,0.041995645533530676
23686.193808713197,0.041997853991946776
23759.71024208566,0.04258639339612263
23833.037499220067,0.04278715431134799
23905.98117996657,0.04288169181714753
23979.036340773342,0.04164792943107636
24052.97412613509,0.04243647275082084
24127.539298594704,0.0421566409021508
24201.320002507364,0.043424450033606274
24276.369188020995,0.04202657119562742
24350.45573566085,0.04124776695341405
24424.358016176564,0.040811930611185036
24497.88573926074,0.042021292870111374
24572.461596009976,0.04078454349671104
24646.950725176644,0.041650740852143174
24721.527130807,0.042063847358854434
24795.58140834575,0.04222192319817362
24869.427366974767,0.041857152241666376
24944.099733630675,0.04245209858780258
25018.33450527373,0.04175831357016662
25092.99546302051,0.042286176721325536
25168.170476487077,0.04177043201477685
25242.935264797507,0.04170955576960179
25317.923453996984,0.041790290938274875
25393.07388733271,0.04197887646049469
25467.857391954167,0.041484933471973094
25543.352893840914,0.04261045364476602
25618.951749701577,0.042291668282801224
25694.024108425456,0.04226598104281464
25769.310962667,0.041625051133029375
25845.10354609929,0.041551635200545584
25921.011394941146,0.04171116507352872
25996.047681621927,0.04281492487291416
26071.87569112257,0.041995938541538214
26148.917309606768,0.042526489701318365
26226.087534487084,0.04062754950157346
26302.82950860564,0.041908447807966896
26378.791898922333,0.041588771546045275
26455.515361558635,0.04274489003239128
26531.09666102863,0.042507202886582204
26605.91962382445,0.04195978596423318
26682.862774082285,0.04104358456527697
26760.972458026787,0.04175406530980821
26838.300619578687,0.040660066486555894
26916.018238406472,0.04206419815928285
26992.600276799196,0.042141495585457385
27069.506551574243,0.04286412200776793
27148.131299981404,0.04120316301563079
27227.10051611279,0.04224351628806995
27305.68147827699,0.041034293533013966
27383.786444056816,0.041494577996910066
27461.165041213113,0.04276252240854747
27539.114699331847,0.042252084249126826
27617.666293183942,0.041823519960043645
27694.908462649997,0.04113237181092538
27771.94205246433,0.04109174805190013
27849.648117024586,0.041222254016702105
27927.073993267673,0.04173604671487122
28004.155388159124,0.042280073866390204
28082.122477208424,0.04252684759157513
28159.564685314686,0.041661644079505684
28237.859490295778,0.04164668627338874
28316.123483806427,0.04163594300667723
28393.354542088375,0.04138657951179133
28470.924516413583,0.04211182680907325
28548.66060756972,0.04248482952739584
28626.399950021867,0.041851706641580264
28705.180446927374,0.04358044700243992
28785.81619744512,0.04148699012388418
28864.52314640572,0.04232916841023338
28942.833127011636,0.04198224197068439
29021.82058970515,0.04213267837571414
29101.058834562962,0.04223482694643933
29180.430057947535,0.04098831018610818
29260.29967487808,0.04257123184202548
29340.38263187256,0.0426473180553142
29420.5769885826,0.042580854457609285
29500.959508672306,0.04185329021843913
29582.52449350812,0.04198811890022983
29663.900155231295,0.04232158578229391
29744.18469938496,0.04064210454263564
29825.487390283102,0.0410194560730969
29906.581355932205,0.041672607761843845
29987.70729270729,0.0418084842365464
30068.885168061977,0.04207734884818594
30150.55995300229,0.04123768857483486
30231.146478521478,0.04163971939854499
30312.413456759445,0.040920507000007184
30391.534406843628,0.04127737190595671
30469.79242925854,0.04131347570124277
30549.212302328477,0.04166854719143931
30628.917068049894,0.04157999938197552
30707.96371170266,0.04230990684974722
30787.65997121582,0.041401433070358894
30868.543568208486,0.042028610791716006
30949.056466876973,0.04196338932526393
31027.975801948254,0.04289994430649566
31107.9781662105,0.041239532550509925
31189.540440037184,0.041990132517288024
31271.059678223995,0.04213852480340717
31350.90706576305,0.04161204612053916
31430.33808338519,0.04189148410453685
31510.003391533726,0.04157044433678974
31588.84795467281,0.04058252689651922
31669.340715925304,0.04225250259527407
31750.581771932,0.041918717278944265
31832.151871924252,0.04251361881482401
31911.810102782652,0.04257252852942017
31992.420056232426,0.04213710530340767
32073.00880644557,0.04148330211576304
32154.71683960495,0.041619934577521056
32236.547466583772,0.04119934891586525
32317.674238192765,0.041538471131910386
32399.691803892216,0.042167167831939974
32481.660154305624,0.04198076667189659
32564.16971703417,0.041687686661773964
32646.44839947173,0.041595047465236915
32729.079625147395,0.041219886622755726
32811.70835670219,0.04186115715706276
32894.39972578836,0.042277125886585845
32978.67887569181,0.04171839366765688
33061.67526679222,0.041962570611144
33144.834400447566,0.041748945394130835
33228.11753323762,0.04116056553921215
33312.160966797484,0.04149735183719954
33394.71803831035,0.041447208688560735
33477.91902281746,0.04134008630017749
33560.71373805933,0.04143482872619156
33642.59875466999,0.0407258733401905
33724.68203110361,0.041919758142445654
33808.36786443194,0.041022427535557245
33891.33137610094,0.04097316432621334
33973.815181932245,0.04185543314561329
34057.6735719159,0.041377036294824504
34140.91300549176,0.04088122884029527
34222.95244039446,0.04250716910989061
34306.97720515362,0.042395199857026535
34391.6916079995,0.041873171079806
34475.04317540006,0.042128664294400896
34558.05212295031,0.04213124298868112
34641.16130643852,0.04033253372043505
34723.85195720735,0.041230975173375185
34806.450151247795,0.04173997554307041
34889.74027820711,0.04207939001898806
34974.93742576733,0.042640745965380394
35060.31565876071,0.042451891809195744
35145.35471179667,0.04134207949903211
35230.771839477486,0.041367233026003154
35315.52171751693,0.04088474165735253
35402.07602047185,0.04154782554943027
35488.26727215784,0.04135451706840443
35574.593536782035,0.04131465296884233
35660.97645662899,0.039791122403074634
35748.157750171675,0.04045742508179614
35836.289411471946,0.041462900361149135
35923.67782400795,0.04162528713820095
36011.57032670722,0.04070333077335335
36099.57633231764,0.04178296386008949
36187.81108281046,0.041601946223533415
36277.915868077165,0.042007262213623435
36367.88694777855,0.0412173170003656
36458.28148516699,0.04140939814221918
36547.98822645291,0.041826570308234605
36638.301205564145,0.04142748801047789
36728.159845029055,0.04034979487292573
36818.91335966397,0.04177013983284927
36909.975807963994,0.042506909790822896
37000.45971036019,0.04021462245223606
37090.57714678842,0.04162066797397357
37180.76372940589,0.041003599113359095
37271.829772613695,0.042256455542769314
37363.50436613613,0.042217728453882206
37456.19749530369,0.04145561445321889
37548.86729147141,0.04135930526199297
37639.9099003736,0.04095003289082593
37730.39388276335,0.042381175949016164
37820.815691390235,0.042019998559817216
37910.77192326856,0.04102127838444037
38000.645193383905,0.04147087493076297
38091.06784421421,0.041813198755292616
38181.73006519559,0.042006036160948515
38272.33783279423,0.04159557501139091
38363.911310413554,0.041040272386150954
38454.620143884895,0.043007584228489625
38544.86476580942,0.04114509264300211
38635.116685456596,0.04191158036037308
38726.07576514679,0.04179038767611447
38817.57186373244,0.04351910723330913
38909.44243256743,0.04287730835978651
38999.77831564575,0.04329995935168536
39090.94827046976,0.042975836076349694
39182.66187095167,0.04205166057990314
39274.39079315708,0.042547250208738376
39366.47499532914,0.04259520464905571
39457.6408226862,0.04291890393523877
39549.96083567197,0.04226096682829647
39642.429788833884,0.042311611086144466
39736.10641336065,0.041885010469986834
39828.44346844021,0.04329881535324254
39921.987496905174,0.04256460413676153
40014.03504059963,0.042509626768156415
40106.04521987933,0.04263109770774498
40198.07344844845,0.04371719778617199
40290.23689661666,0.04274018215049539
40383.50812151271,0.04256887981589343
40476.4778340524,0.04283791958670099
40568.87315615859,0.04224031755231441
40662.36029776675,0.041176117758402894
40757.59968533669,0.04093734546337099
40850.67372749362,0.04193803917239978
40944.93453161081,0.04064268277596069
41040.170755886,0.04081417998560893
41136.07814942169,0.04269612652068521
41229.66274388356,0.04182708072916153
41322.95387592061,0.04198469135004871
41415.55423644089,0.04168814989705898
41508.06743185079,0.04163923978264616
41601.23566520924,0.0424811427452447
41694.15503489532,0.04204967713860064
41788.47105938302,0.04113786196107474
41883.07935918847,0.04212532796651594
41978.768006542115,0.04307377572950616
