D,r2
217.3605011450896,0.25362072401680336
296.8475777865301,0.24466514682163537
379.30652603823336,0.23832492750098122
463.16328708644613,0.23460891324667238
547.5902852529601,0.2347621128057197
633.0529765886288,0.22334133802944012
723.1084178632591,0.22333075846715705
814.5844919786097,0.21600994439317892
904.3640724946695,0.2175994927288227
995.445858184228,0.21383093513006615
1090.9064335290977,0.21018110146872757
1186.920320855615,0.20865040481836225
1283.9683426443203,0.20093641097933718
1382.9388440860216,0.20339162507873126
1483.4553642384105,0.20505426199446647
1584.8338024393513,0.19840067202442224
1686.8692235983488,0.1976908745514557
1789.520808243008,0.2023976253152024
1894.2885486018642,0.19509603168499007
1999.627669452182,0.19532360621237282
2106.8178666666668,0.19155627732950603
2213.4800053319113,0.1975937416726225
2318.019097222222,0.19292046349077416
2425.433088725817,0.19020368514323785
2531.4384318056323,0.18154722097860554
2635.5974676499236,0.18996884415463272
2741.5623535896375,0.18562972945976808
2849.311677517662,0.18318921806809293
2956.957674866016,0.18722786691837306
3064.99889135255,0.18276359582635568
3170.816751759349,0.18629719668428693
3279.41560421286,0.17997970665871896
3388.9849468305483,0.1812383246451172
3497.9160401002505,0.1788053774897098
3606.242086429948,0.18114453740877007
3718.2343901426,0.18387574363557616
3831.036673124827,0.17922186661419467
3942.2171436510143,0.17902983581386617
4054.558791057135,0.17941832731401164
4164.989528795812,0.176186617386128
4277.151271009862,0.17591182173621864
4389.690748655728,0.17735875749392965
4501.950796950797,0.17870280489618856
4615.229458223639,0.18093670974840223
4731.144626393285,0.1734565304052067
4846.263187195546,0.181571293418377
4963.066648306251,0.1766717258175852
5080.4461090303785,0.17809959507855502
5196.552033080634,0.18053799479923546
5314.128077455049,0.173457276462723
5430.398000277739,0.1765149968479534
5544.765128488532,0.1771337971725709
5661.507220216607,0.17596960869274722
5778.6612503442575,0.17336275557632994
5896.559895114546,0.1771597177656588
6014.602104388759,0.17597550920780805
6134.267975663717,0.17534463564188654
6250.140206473215,0.1733142005888346
6369.044087350639,0.1700768007537835
6489.352436323366,0.17284363126798796
6611.673469387755,0.17403041783731907
6734.831384953926,0.16907365055799045
6856.674060723693,0.16852560450654966
6975.284984113828,0.16973702855017495
7095.7757972427235,0.17162318265827983
7214.215272024303,0.1719017145969291
7332.320456420127,0.1720179292710641
7452.723215523216,0.1757830684086235
7570.942043085476,0.16841972706291686
7692.550131378785,0.17057831923551722
7812.860313497018,0.1738504063876102
7931.728669410151,0.1749346156216294
8052.581366287142,0.17253448262528054
8175.858846367166,0.1710326532208289
8299.499654648433,0.1681442634397871
8423.277140091273,0.17244567509242295
8547.131179232256,0.1722162029423265
8671.295678755037,0.1688303052762057
8798.812697975485,0.17276407035000377
8925.020971302429,0.17631236240248827
9049.197584004443,0.16887511397159663
9173.801496052085,0.16971630711303498
9301.368166758697,0.1712521457445482
9426.6495372289,0.1698007248575128
9552.2956053068,0.17032826003003038
9679.839490798395,0.17056526452321683
9805.182840483132,0.17245317964527765
9934.600717934558,0.17430157150297812
10062.629614267938,0.171611286535752
10191.28123264853,0.17019653330571116
10320.912494799612,0.1684093282423448
10449.344761382337,0.17164820953123955
10579.289732575862,0.1729706624653203
10706.749102457885,0.16840965186808526
10833.226449024762,0.17143266185793637
10963.197255336845,0.17283872551937354
11091.159150825586,0.1716399590811699
11219.676308539945,0.1733125868252344
11348.92039800995,0.17351547495785646
11477.050408530675,0.17025221956777822
11605.222406868856,0.1723155601336198
11735.265789473684,0.1718265147753394
11866.112892082354,0.1742820344401847
11994.938352351795,0.17382577596006749
12123.083768913342,0.17918692800164063
12251.82850041425,0.17507909052444426
12383.743817727147,0.17635577872285665
12513.773704520398,0.17342206671807722
12643.590511860175,0.17217215512941902
12772.896370185646,0.17203490148063957
12903.675757575758,0.1677792534847789
13037.250449702504,0.17123663770362807
13173.297552836484,0.1693640336006341
13308.530575786725,0.17165036600574776
13445.110433698213,0.16863341964563078
13580.717671517672,0.16598077863268887
13715.550415512465,0.17164795467732105
13852.673505921233,0.16460341886244254
13984.67233212594,0.16666186416612108
14116.79202988792,0.16772494062916263
14248.825655172413,0.16812590930737772
14382.079005524862,0.168653233214122
14512.25475862069,0.1693552746916385
14638.185190311418,0.1628996004478332
14765.672571270412,0.16872868958688803
14895.840668523677,0.16822577603265432
15026.226156168519,0.17059226856528967
15155.047480216577,0.1676001211274824
15283.990872631724,0.1708865939846864
15414.071556844869,0.1717066650588267
15543.798505397177,0.16947624986943088
15672.009468114731,0.1687127043334104
15803.565074135091,0.16766980746273594
15936.35464632455,0.16992025064092295
16068.671827481337,0.1716706040581656
16201.347301234911,0.1688978562525839
16334.798149937871,0.16918930030244742
16470.127512127514,0.16594216299377076
16604.03188405797,0.1696270775489464
16740.039635409474,0.16859863393778599
16875.90172532781,0.16489564845229146
17008.73973171069,0.16868630097106566
17142.92740371294,0.16870379163875154
17278.556653674834,0.16576369848122485
17416.11097376734,0.16465225561884791
17550.785536504423,0.16825441806622232
17685.352419243034,0.16431901100775553
17819.731710690085,0.16954125754885302
17955.253052164262,0.16886276167040484
18092.52530420354,0.16632455396476162
18228.664637520753,0.16827701016344995
18367.974390919157,0.16742370496437756
18506.678546760602,0.16449816485334243
18643.201432901627,0.1689522999936185
18782.22237665045,0.16444915263386797
18918.91219579646,0.16412714519883356
19055.022299168973,0.16088289790077764
19192.706378857063,0.16946063193319674
19329.730016538037,0.16477631729071077
19467.09755423518,0.16634928345206643
19602.38679245283,0.16223154553076446
19739.9393855903,0.16277905281926058
19877.589900110986,0.17165442203534664
20014.552220224097,0.16390317383832836
20152.33577246997,0.1642630687608068
20292.18975778547,0.16890010329084978
20429.549534528276,0.1716939155085955
20566.532635637566,0.16647814617816553
20703.990706061868,0.1706118800943038
20840.962396694216,0.16725496561076522
20979.973186996387,0.16948438388956677
21115.782854776367,0.16856129099518866
21251.668516719856,0.17097645672510625
21391.791011855526,0.17060781176184753
21530.13958968672,0.17002817127250464
21667.0231109881,0.1702871603739545
21805.518929413396,0.1690798609088608
21944.054337332782,0.16986436125438303
22082.630611962977,0.17022596390159725
22223.874948182947,0.17312101874260655
22364.89784871617,0.1670407859164679
22504.589697555588,0.17056968841257056
22644.633296460175,0.17077872993182697
22784.80966223699,0.16483943169571486
22927.50484764543,0.17069301614152657
23069.58953472318,0.1689447163419614
23210.826616812075,0.1729835390788529
23349.56496390894,0.17162787871208537
23491.26015700317,0.17290573131193976
23633.824148435335,0.1691218192388854
23777.981926048564,0.16977969273589263
23921.66458939205,0.16257009193770067
24066.389243138343,0.17215690424611776
24212.118078626798,0.16809729265701448
24355.769188217397,0.16366153157903418
24497.79091664359,0.1676880873879345
24643.425203364124,0.1722705450067217
24788.68556772494,0.1667637255245787
24930.962665929204,0.1665840225820782
25075.984840132303,0.16770176846998056
25221.08218797723,0.16757604288747677
25365.008597975317,0.16933111792734756
25511.432540228303,0.16904566461233084
25657.938322938324,0.16508425302485766
25805.08552449488,0.16464019483311595
25951.708689655174,0.16879834654766931
26099.379363092754,0.16439492862057106
26248.187042409172,0.16624879188054478
26398.52300677076,0.16962509630296657
26549.19210598951,0.16803173884785888
26701.534153761062,0.16986432327870932
26853.19924916574,0.16505743939344664
27002.887152537685,0.16681029020556606
27153.381737564087,0.1626196694307108
27306.43790578809,0.16663457997176823
27456.672599337748,0.16540639907625937
27606.880574347648,0.16748896446065914
27758.260736622655,0.1663803673574748
27910.694383259914,0.16897994884544515
28064.544710938582,0.17005201158199712
28214.776425013835,0.16842901356080747
28363.353907760287,0.16775854349117794
28514.02052989319,0.17147092465286806
28664.414563508482,0.17142987926299194
28816.495644960596,0.1682283995210131
28966.818068622026,0.16872202508707645
29117.85484764543,0.16828259758297962
29268.37543372658,0.1677625090178775
29418.97660657768,0.17109302202086354
29569.07768067693,0.164825858021827
29715.576268842484,0.16704110605236772
29863.42987804878,0.16339792502506306
30009.14528380058,0.16417371363016273
30156.312282654057,0.17048986583099768
30304.046191916415,0.17006086446106858
30450.274775397374,0.16646681334094318
30597.36186770428,0.16952931154680068
30743.164520149563,0.1688727306641329
30890.228125862544,0.17050106254016456
31039.60724617716,0.1725171435315099
31187.021460423635,0.1731554249387525
31336.661356770117,0.16903168220673365
31487.797477127806,0.1711327085059772
31640.342065142064,0.17044501121835903
31793.1064418026,0.16772749157481956
31947.305051903113,0.16821844521357382
32101.862116798446,0.16691593221889733
32257.570328612677,0.1686804857987404
32410.131994459833,0.1668264186863515
32561.182960508148,0.16955799156496926
32715.255778334726,0.16914323628216058
32869.95452660677,0.1690102361139127
33025.56072067116,0.16439869665242596
33182.67388588088,0.16398814656205335
33341.253996692394,0.16888216055127728
33496.98933518006,0.1645028750169244
33650.04038301415,0.16790909077673438
33804.105901820185,0.16390155986851607
33956.03521419659,0.17191801662525572
34109.13417335918,0.1663089820254482
34262.56914159536,0.16736970877670057
34416.01708333333,0.16743109964221586
34569.25302863436,0.16625287368771113
34723.27117005111,0.16523805069113567
34880.407089448905,0.16586693668499397
35036.8685192866,0.16442949295717996
35191.44902777778,0.1628156708726923
35345.58836503998,0.16179623052435796
35504.94305112928,0.17027608348485987
35663.82202570126,0.1649782779235945
35823.05138888889,0.169454043358362
35980.31439602868,0.16534464574474425
36138.51356238698,0.16525317990869007
36387.34284112848,0.16878961113285662
36735.677944940384,0.16484715366598104
37083.58520500218,0.16746555941176186
37438.61488511488,0.1676641394895192
37786.06153270095,0.16915583289984654
38128.29569557081,0.1689186732977472
38471.764159181635,0.1689200111797091
38815.28998253493,0.16776246309657408
39160.46415188609,0.16947538747861143
39501.30970474648,0.1673875619102854
39835.32478472482,0.1646632563959487
40170.13242890037,0.1710767255546576
40508.24545397738,0.16864566781999116
40844.845808942584,0.16668619778662586
41180.123602523265,0.16882561207860095
41518.898576956686,0.16820612661064663
41856.60829119061,0.16896654530691654
42197.12034901838,0.1669373510461682
42537.01289719626,0.16850319611945877
42875.43921911059,0.17033478432345367
43210.7769739304,0.16869880539630092
43555.03048475762,0.1692056836543432
43897.684105506014,0.17008322146021213
44240.751449410884,0.16813019729114062
44579.42218202233,0.17187392207587116
44915.18918075747,0.16990685263376556
45253.41676005479,0.16976803647708233
45588.440794404196,0.16843459116127196
45928.95501902801,0.1682193900621635
46270.202132967446,0.16793090435380575
46607.244777050204,0.16962756332379264
46950.9077258567,0.17003988212656795
47295.88286713287,0.17113283918548566
47635.41373502994,0.16949915549868322
47973.01732951004,0.17092362759714738
48312.185384134915,0.17149061736593998
48649.602555313184,0.16800431790375894
48990.0038046529,0.171050279628329
49329.34511123574,0.16985319981760927
49670.26129837703,0.1706709791570209
50010.98925671455,0.16798195417395087
50351.371090342676,0.16746138752235934
50687.909215442094,0.16752580949811047
51022.7913179263,0.16717449431222578
51357.39835319069,0.17170249751978153
51689.6398003743,0.17055707815873788
52026.708348909655,0.16756008690329185
52361.02212361727,0.16984257932298735
52696.507671198706,0.16553699867054747
53031.92253082576,0.1659287238725943
53368.32981711504,0.16888353220652272
53700.055950598806,0.17027181772770816
54035.364647790484,0.17051778281691915
54365.82103298071,0.16778408460241498
54701.92113150993,0.16475852561436413
55032.602306014334,0.16730690099911277
55363.11685561231,0.16664172600930452
55693.259418931586,0.1668138966569177
56020.470250717226,0.1692870734272663
56353.71132028425,0.17084579425347488
56687.99887787544,0.17081774870785457
57026.47389107243,0.17181131953811082
57371.97666437886,0.16948796424999163
57710.56844996566,0.16655925508033462
58047.633586834556,0.16701928336191277
58388.47129664296,0.16810725522049363
58723.01352361959,0.1674803655341984
59055.273486690356,0.1688153973094313
59389.980975548904,0.1684030275190279
59727.87144638404,0.16748975555573578
60059.984624039,0.1684409418269848
60396.899750934,0.16667757328682653
60732.358648733185,0.16583830585918474
61067.369368808024,0.1638780174882397
61407.254754037036,0.16616219131486623
61746.68754288566,0.16885222825937862
62082.494917368254,0.16476165813251792
62415.10443018257,0.16822705082776127
62753.30614155536,0.1639874921391467
63086.8707003988,0.16646926462442338
63425.227241529916,0.1673000911624044
63763.09202224027,0.16789080655217795
64108.95473276723,0.165251635374693
64449.28038140346,0.16510620780645038
64788.64867223538,0.16486626481091082
65128.54689060939,0.16771116654850482
65468.955465587045,0.16449116190961177
65811.70103607539,0.1629072591898156
66156.83615254977,0.16355709577994662
66502.82894491129,0.16460081751400044
66844.72563109222,0.1643803443643265
67191.92168224299,0.16516837139730411
67538.83165907531,0.16565706350082537
67884.94111034785,0.16492700440118271
68235.38835616439,0.16836093860598536
68595.05017764757,0.1649469185160535
68952.68072364316,0.16513682396106813
69307.53814960385,0.16491058270510756
69663.2574603571,0.16495513549654917
70018.0247830701,0.1655406295567078
70371.50077750825,0.16146452487455032
70725.84380666542,0.164678155070015
71076.98213841175,0.16221753528553917
71427.85840984323,0.16518236963369293
71779.72334311949,0.16360505328309896
72134.45101824749,0.16356360760075633
72492.63151658767,0.16344510301243054
72855.43086234869,0.16449005943046283
73219.47625881326,0.1632168988856727
73587.47226890756,0.1629860799157467
73948.15899163859,0.16095944006927027
74311.7971530249,0.16299396454543685
74665.3463122426,0.1657034998364153
75011.07942350885,0.1644885750274527
75363.90290415057,0.1630675296250014
75721.91858650184,0.16374376187428596
76081.06581899775,0.16515416300473962
76434.81662820432,0.16801860931194798
76792.57378992016,0.16688122963508806
77148.23849607183,0.16701442066162547
77494.67325246967,0.16406002752641385
77831.93125350271,0.16693892643493324
78175.55931675082,0.1649535815270641
78527.69926925239,0.16877417417679805
78883.56662717466,0.16803861031793313
79238.3494201272,0.1671684744384586
79593.44876985362,0.17072732183405337
79953.80182090297,0.16955618388500607
80321.37765857918,0.16816977476868172
80683.5665938183,0.16679007732541853
81039.9548797208,0.16367939033924436
81406.30445374477,0.16491466371296307
81780.3114590481,0.16508110302792914
82153.87871611094,0.16369922537615078
82525.04658268896,0.16290231065223543
82895.63652791626,0.16262363181973447
83261.9881212879,0.1611451554413714
83628.89144531738,0.15900414405731653
84000.1327091136,0.16248405165495555
84380.61168920182,0.16235992286821233
84758.75643984282,0.16209864090518789
85139.66402989723,0.16240386873606774
85514.60208411331,0.16439306851022417
85885.57451848158,0.16357122202588728
86260.47950845238,0.1595591881354915
86633.2299993745,0.1604347346266962
87003.82284077465,0.1670416426009813
87371.39862842893,0.16686808428725733
87736.9878886253,0.1661518449870698
88107.7499220844,0.16734566110902727
88489.40307903267,0.16773764526980617
88870.90128701738,0.16647695627045284
89251.48076803192,0.1655884814755883
89632.68489729663,0.16498595155331974
90013.51559872969,0.1663704072168887
90394.41444083874,0.1666862990447053
90775.40786439832,0.16515733864284407
91152.92051201998,0.16619186320615872
91531.92555908553,0.16616983108477215
91909.41210266658,0.16358063456479374
92287.25126191812,0.16829134616127195
92662.00661962156,0.16710262644650548
93040.94430585006,0.16647708912289733
93416.0050495605,0.16467697616512872
93793.23956578701,0.16589771417609597
94179.79286694102,0.16337605411329204
94572.37968915798,0.16707741351901184
94965.70415861339,0.16513452612319898
95351.32031444971,0.16418634499041762
95727.80689052552,0.16509206585180683
96100.12981757052,0.16408974735977847
96476.91684341858,0.16404749797828277
96853.36082667332,0.16464829872747483
97240.14459408904,0.16722032377613172
97622.3395696913,0.16704199765353153
97999.92418096724,0.16590632384703993
98379.33526551983,0.1655646566130318
98749.98485226282,0.16328041302535978
99126.44257790546,0.1650854236772324
99508.86074923642,0.1620685272827115
99888.31643673139,0.16152916231671105
100263.58559850373,0.16134382096381936
100638.35023702595,0.1618538878916537
101006.50534141313,0.1630284830962339
101377.58064918073,0.1621238685609154
101753.93663378699,0.16092995945702282
102135.48446160553,0.163992607126629
102522.63555832814,0.16298476758101638
102907.18258321905,0.1623685576083993
103286.10883546674,0.1610812773546484
103666.40613313389,0.1591423674644284
104051.97304059549,0.16038786727206394
104437.89843361512,0.1609599701077269
104822.6375,0.1588224445968514
105202.72397908366,0.16035235513835605
105585.79141142643,0.15831280428595684
105975.79600099663,0.1584265885658582
106372.45377994012,0.16102110971289263
106767.52002745196,0.1602812280040778
107162.51542207792,0.16269591299320246
107563.44770265222,0.16426877318466243
107956.86736223917,0.16029582492581435
108346.68001494675,0.16182147141482234
108739.60333208536,0.1619926513091442
109124.8151957118,0.16293404265337072
109516.43866658343,0.16506803287546565
109912.20562148657,0.16954786072321854
110303.54416344836,0.16920862529157216
110691.0186191815,0.16560840449781078
111075.7865385815,0.1664642904215872
111461.42681105302,0.16729564551082293
111846.81024904813,0.1657791144299162
112236.60320428901,0.1705611440013503
112625.560114921,0.16680757316745443
113014.18617850683,0.16768238043458827
113402.32265902436,0.16784233911960567
113797.13540690775,0.16471247157757934
114185.79992518236,0.16648621919483161
114575.539621231,0.16484785843826058
114970.39509485771,0.16100281996086158
115371.8573123517,0.15939625198984006
115775.44864528184,0.15954799820080098
116176.26139058794,0.1597311560251221
116586.84092186621,0.15771291157153952
116996.23827906109,0.15794852915804222
117407.85190268247,0.16055076106427052
117815.55371849264,0.16315368091401491
118230.76087498442,0.1626846669351099
118650.40399750156,0.16305232283317353
119077.3546298026,0.16426859034907498
119503.77579315513,0.16735920586003492
119923.53588158141,0.16533276163629676
120333.06955764325,0.16642685944190327
120740.37917681594,0.16807753966222222
121149.58588822979,0.170916387066752
121558.38865716242,0.16797751179341058
121965.31203992513,0.16944123589364585
122380.91351250233,0.17287395048325666
122797.4852244389,0.16658039913245873
123226.45778166375,0.16600929039001933
123654.96805789506,0.16524036658152647
124086.712637945,0.16986095779868737
124510.38311688312,0.16954088109019633
124942.33283451802,0.1668109362120805
125379.73364923,0.166354639721165
125819.34449223864,0.1672054112662365
126259.98209941994,0.16708820407994038
126701.34625468164,0.16910689613524724
127145.00118335824,0.16906152391278786
127581.14539095678,0.16401882198828543
128025.8534047723,0.16452559630009425
128468.68942937325,0.16445338694573808
128912.63770379161,0.16784280236795146
129350.7556690755,0.1643690450965288
129788.5772398303,0.16657343969117155
130226.53445262763,0.16699156159802317
130660.34225132523,0.16568440778412977
131093.38968570717,0.16982632084443083
131526.6716427233,0.17014908449658755
131957.53003797546,0.16941429411874664
132396.05241456864,0.16877252179232183
132834.8125233645,0.17004386935218566
133277.47742579196,0.1681637677086726
133722.96942468488,0.16884609964928723
134163.37627901172,0.16577415253617514
134598.49384797952,0.16697108244710954
135043.372237784,0.1663567105108904
135496.13046733636,0.1630240145342355
135953.6696584393,0.1626294961405337
136405.6341935887,0.16389325115172057
136852.1674978182,0.17030282656147952
137299.44282147315,0.16869514802218727
137751.85397181695,0.16304357679045287
138199.32416245554,0.16208269065983308
138645.06708608445,0.16477082880742672
139099.12820192426,0.16396615330698797
139552.4704012961,0.16234108728459062
140002.30655021835,0.1650513711056231
140455.83285500374,0.16755659248169844
140909.65155666252,0.16902668286750955
141355.63538807086,0.1711951366103416
141787.9744341211,0.16777167228578777
142213.8976200887,0.16508818850290027
142643.49103139012,0.16550481858624425
143079.48150924538,0.1662888170935689
143512.39281705947,0.16492114970663285
143940.99163702177,0.16240017645217178
144372.83781931465,0.16510928382926254
144811.0001873712,0.16548614864255926
145249.07217331586,0.16578356477511752
145680.45400722921,0.16403818873695003
146108.45611958893,0.16185419238595933
146532.717296421,0.1636364826082218
146954.83348930065,0.16133451789305933
147381.43949878437,0.1600612920785925
147811.62301636886,0.16054980067485375
148240.84485876412,0.16059053124947464
148671.03288899962,0.16293234613842592
149090.0308086489,0.16846706852080454
149510.42121646018,0.1680374306752422
149930.42972113044,0.16561406872362872
150351.8768875577,0.1658125561509169
150768.8472663799,0.16586882456871888
151190.62997628853,0.1628275740132841
151607.05366737474,0.16340839978053268
152012.6948201708,0.1639326427752384
152420.00798104503,0.1627551969194526
152833.7230260696,0.16576767893802014
153242.32134621378,0.1670654256126297
153655.54060977133,0.16433055583780956
154074.2067352666,0.1631975563022955
154493.1406103726,0.1624233134981926
154905.84292476333,0.1617919113388665
155313.26558113418,0.16337488862395597
155712.92000748176,0.1634646832348293
156108.5333166802,0.1608383803280394
156518.73646457086,0.15960729496682755
156933.65966988477,0.162960240591003
157350.13598600787,0.16309662452326937
157763.13966689538,0.16527975889724292
158181.22336448598,0.16409228582589638
158597.10888127142,0.16415876686583292
159014.54599925104,0.1598824729982394
159445.06005612723,0.16404027279300334
159872.50412139378,0.16429446477824505
160293.39912690988,0.16398215617332063
160713.63087290197,0.16328591304529227
161136.07479431565,0.1608422910422588
161560.0330568203,0.1629308581906613
161986.6238612255,0.1631816920972977
162414.7342016702,0.1591524272600259
162846.7388725888,0.16194368446673518
163282.5372678549,0.16316144827540202
163720.8207623682,0.1608071839916285
164162.91594383775,0.1626892987626245
164607.9391917176,0.15991003044469088
165055.31796918856,0.1620895658792674
165508.29734281436,0.1615264043616773
165952.99856527976,0.16021317481949765
166396.94245994638,0.16041764039317036
166831.78573211833,0.15957348845264985
167259.59793878827,0.16027283985904847
167691.70019932726,0.16320950441256957
168127.04859941357,0.16188640384037145
168563.89814121756,0.16163105787356957
169004.70363908276,0.16613785338000844
169440.6979426434,0.16561618908397768
169869.69123157632,0.1653558306326583
170296.65897179936,0.1637178848853811
170720.3382151315,0.16211640701995614
171142.2523877895,0.16303941534020197
171571.09453139614,0.16185242664178237
171999.45605286123,0.16507139909246007
172424.0332626061,0.16640082154024827
172849.9096179019,0.16328048971559703
173280.06514962594,0.16229646832393665
173708.84023742581,0.16457758953832796
174141.5294190975,0.1666635596444523
174581.82379705808,0.163576784269396
175020.62656766706,0.16733767062650065
175447.65496564648,0.16593873625568836
175869.88308287086,0.16560258538707898
176292.10204208692,0.16077291018031223
176714.67316098415,0.1604464182004167
177153.7619374143,0.1633713929493346
177610.85953302536,0.16452548377529208
178058.57994765704,0.16508199022426429
178503.0232587142,0.1620133485313163
178943.003375,0.16400472866759186
179385.31853834662,0.1723590913523276
179833.19707755712,0.16893935079002406
180277.0754329139,0.16912473751484292
180727.85779358543,0.17054120885893362
181182.57522013364,0.16972259956630628
181631.2482543641,0.16945670052925502
182081.86173533084,0.16774050717515102
182528.64708083833,0.16565172294594907
182971.60097202318,0.161933075820568
183417.99239638518,0.16210697588800832
183871.0954076851,0.1655903468038168
184323.00629401134,0.16748058926248005
184779.02835244266,0.16810914159282125
185237.06545204966,0.1703305071189845
185690.52201061504,0.169898245572604
186131.9890363172,0.17140528406157876
186572.238231989,0.16722524391828247
187011.48745474973,0.1692664734917145
187453.73228100824,0.16685552608992607
187889.77495327103,0.1686296046473875
188323.71972015742,0.17160370017287005
188752.26626813624,0.17405785705410792
189183.0957844849,0.17024245450334902
189613.3000499251,0.16759934437300306
190051.12501559575,0.16864570255419767
190493.2747396645,0.1695388418621716
190933.10819426214,0.17072334093800712
191368.98855365475,0.16650722146071817
191813.91641697878,0.16653203598196942
192257.35634048926,0.16644500429988077
192701.68352456973,0.1651825765663976
193134.67918408083,0.16265922822611284
193568.86210125475,0.1626737581465165
194010.31571739807,0.164423908133449
194449.3302104803,0.163757208643417
194891.3592426507,0.16525938955167882
195337.56831522417,0.16422165206081424
195782.83778888194,0.16322885334150114
196226.7907150414,0.16570752715417778
196659.17658433135,0.16972725750959458
197078.25897708113,0.16625044660691207
197494.49376791724,0.16456228260160694
197910.20795908183,0.16412003496836236
198313.05036240938,0.16587318641500948
198714.06269455858,0.16481542110552364
199122.35011227545,0.1617579236087177
199527.78017725627,0.16382517789377568
199934.54197091682,0.16386349180154272
200343.1199451679,0.16155762938844842
200751.17095726068,0.16526196279029676
201163.97971501463,0.1642851718554101
201578.40878188735,0.16374509177024374
201997.86939972546,0.16773949038538652
202413.73675,0.17013928752629154
202831.77296792276,0.16733146369595872
203261.1998502527,0.16554483010325818
203697.81038247957,0.16253094058448703
204140.69417626908,0.16116344091985993
204585.9441602196,0.16292853214216169
205031.4574759945,0.16232553896375762
205478.54533541342,0.16423605791516124
205924.71827997253,0.16508786122426505
206375.04237129484,0.16364892348450832
206819.94325622,0.16372080696721397
207270.69405452616,0.16738001261675467
207730.14222416375,0.16664485153091613
208195.68807682715,0.16357322240078648
208647.3934272886,0.1670340709775789
209090.3523690773,0.16910992087638513
209539.47011902535,0.16563840473613825
209998.81925907446,0.1633349701463071
210451.37015055912,0.16428195280985664
210907.8813189553,0.1673116889672651
211368.80326846306,0.16934332539503247
211825.20465319362,0.17075403115634555
212276.9075436409,0.1672030652312987
212727.43760907504,0.1632079233596852
213178.81806258197,0.16443741674024334
213629.33035881436,0.1635974297147138
214083.51738534396,0.16457811028608602
214538.06143856145,0.1707076722347931
214992.25461231614,0.16662355282807043
215437.80500124718,0.16770676002006513
215887.52067868505,0.16648252017360418
216335.9957619196,0.16642259396043854
216780.74033424794,0.16735585503394584
217227.6334145884,0.16691742109069874
217668.92717750484,0.1689838276956128
218110.09303051102,0.16137255390939198
218559.24186017556,0.16458797505995354
219012.29120089926,0.16482862995004247
219471.33574322218,0.16626163489859955
219933.04754467076,0.16218847974361572
220397.60032392698,0.16099676073851205
220847.9870859068,0.16222433699403194
221292.66358987152,0.16370091288212577
221738.28024961,0.16145330851708456
222182.13232266516,0.16009645831241737
222631.60771583745,0.16069446593603476
223090.69858663843,0.16026229778450415
223551.3470904096,0.1615622629610727
224011.00230457803,0.15927879632504224
224466.68447662442,0.1559508326665371
224915.156749002,0.16016195225021493
225365.46733636988,0.15914479548191948
225826.6786471983,0.15623301511102916
226288.3628478722,0.16065698154815483
226751.8868312757,0.1593614986721668
227219.20644517857,0.15895745760036997
227690.43167934174,0.15951797023199432
228155.59983781422,0.16075516756813674
228613.9098964183,0.16043352265212732
229075.11569422777,0.1630758491357032
229533.34146341463,0.16282314193274583
230000.20644517857,0.16393723198306254
230474.83840209397,0.16580722814539328
230950.08657630082,0.16730386710771586
231424.35133283507,0.16410648553026747
231901.27342482845,0.16543887641942187
232384.70007488766,0.16258843707951245
232862.44285625117,0.16358948441680166
233342.7590781688,0.16207170278773908
233823.8809761578,0.16557149545778216
234300.75552641437,0.16765272949052407
234780.6231152648,0.1632478780236045
235257.67145085803,0.1621527347073495
235727.80701097805,0.1670084021525331
236197.50708091585,0.1636769863492401
236670.08038885772,0.16378812855718736
237156.72127978047,0.16176250121031605
