D,r2
92.65357662303319,0.6910652904673017
127.35608465608466,0.6674005106401352
163.49932813759742,0.6491201243924575
199.54763527327245,0.6416394907689909
238.60548710783692,0.6304860229359336
279.2087286527514,0.6169756544877865
319.7960343688037,0.6164182126473966
361.5027873639501,0.6111506858182366
403.58002133902374,0.60636195811351
445.92254109779884,0.5989570389587082
489.3488612836439,0.5961385192829617
533.851548028579,0.6005115426417352
578.9931089318844,0.5827706909392188
624.7140336590662,0.5873947726857073
670.4936031331592,0.5813934455304297
717.3893391949443,0.5825847205337371
764.4874703244526,0.57976853738662
812.9145921610169,0.5789446207389178
861.9634648598379,0.5755199896263536
910.5076780513635,0.5784580221314326
959.0470588235294,0.574327948810832
1008.788164893617,0.566405271244558
1060.5642038719873,0.5752459389626975
1112.3512535192385,0.5706801925955506
1162.6779988944168,0.5710844180455029
1213.6067603282793,0.5701599845786263
1264.0840591732338,0.5693081955831004
1315.5044575504046,0.5618878254051456
1367.2211790694464,0.5588628872825795
1417.3811652927204,0.5575109233230434
1467.345024356298,0.5547407109485369
1518.2618657937808,0.555250654811647
1569.2748271092669,0.5566710554465324
1620.9907189361406,0.5523616528364477
1672.355266795687,0.5524331155785396
1725.1168776958398,0.5561589947403744
1777.307373653687,0.5461472228795107
1830.1031327973385,0.5454892818906915
1883.3761123470522,0.549092715647109
1937.8883669521967,0.5495204421422171
1993.6122477191043,0.5418273978485111
2049.149582592035,0.5401541016457299
2104.502030527937,0.5427166341741086
2160.368075502667,0.533244665727369
2216.154554331148,0.5457716694470472
2271.3873015873014,0.5381074749955412
2325.6882123992214,0.5298053746776789
2380.5508874098723,0.5235431593154044
2436.9025669334806,0.5275140439901124
2494.2789934354487,0.5254649926125049
2552.2184507042252,0.5392244348502494
2610.548387096774,0.5370291695649478
2668.580267328097,0.5239537150196294
2726.916161059018,0.528397461835793
2786.142500346885,0.5447855547799566
2845.4332688588006,0.5394107308132536
2903.8794896685617,0.5286478607012588
2963.0964300369305,0.5357980437619702
3023.052690270421,0.5379597901932173
3082.2228050800663,0.5312669523502374
3140.110698569857,0.534950256017266
3197.4861091721345,0.5371792799749021
3256.1383786769784,0.5306786595271034
3314.845170257123,0.5277828194246268
3372.875240450673,0.5296000471232523
3431.839105836898,0.5324462479904412
3491.173673328739,0.5328278916221834
3550.8377405510178,0.5258502243833264
3611.145396472712,0.5235031932780999
3671.4739924696696,0.511136592915416
3730.8961416125017,0.5162177754215594
3792.079561042524,0.5234053016533414
3852.6928948098807,0.5167010604528647
3912.5462744553906,0.5130599335846743
3973.244487320838,0.5155359847391211
4033.2852205170743,0.5091609154944131
4094.132002752925,0.5129631162891871
4155.224475524476,0.5068828399191636
4214.928688748973,0.5086498215118079
4275.420632698768,0.5058670417841176
4336.400109920308,0.5119439193424548
4398.277615673197,0.5185738923475056
4458.760022041603,0.5058210379619251
4519.872580420554,0.49954074869314624
4579.72583745195,0.5063767966899415
4640.98570040261,0.5023847075128182
4702.585712315543,0.5030824339857077
4764.266648168701,0.5097669875221821
4825.3811289658015,0.5031265761667635
4885.021217197097,0.49535207572454154
4944.627726073066,0.501645532919549
5004.885230222708,0.4922470211972484
5065.178576403398,0.4897360027219941
5126.625343218012,0.49123176399338414
5187.359988893517,0.4835053748824154
5247.367408628744,0.4853305937613148
5306.497907949791,0.4893524919226639
5365.72106131427,0.4821550953034573
5425.948735663949,0.490164980413426
5486.556379406827,0.49666222804459953
5546.77324543332,0.48625286105277055
5607.177022921845,0.4807756292627868
5667.871096988119,0.4802254545204992
5728.638339370298,0.48555003294573557
5789.287051052704,0.4850071095995843
5850.962062256809,0.49282057031096294
5913.218430505664,0.4841365616267126
5974.83023872679,0.48940498117809955
6036.416130357387,0.4826847304863864
6098.067465848899,0.4901434597538067
6159.261551269599,0.48383900048414574
6222.554451402124,0.4866915945198904
6286.033072843986,0.4780692724161306
6350.130500758725,0.4812479966053935
6414.577722013105,0.48896597232556765
6478.369391687311,0.48953096993431866
6542.47041012937,0.49321261943963857
6607.8371708258655,0.4854568523847326
6672.237167895396,0.487034877233795
6736.689064012166,0.4917757413489707
6802.942256852651,0.4943990811038939
6868.989374913757,0.48673642343999124
6933.759680308667,0.4898080538302613
6999.150457190358,0.4859076930372375
7064.832407664538,0.49280517985965205
7131.362909892532,0.48965489779547167
7199.614743856727,0.4905859125862843
7267.15169468173,0.4865910835541924
7332.716083916084,0.4873400604721937
7398.799208839176,0.48086317948504553
7465.026212503504,0.47186017644515327
7532.306189821183,0.4697466027533998
7599.260755653613,0.48168788102627735
7665.050467029137,0.4781049655267414
7729.563234277816,0.47716143889309465
7793.8512960436565,0.4734588325289892
7859.158069423316,0.47657168342740397
7923.094360692351,0.47899424342287905
7987.4911772815,0.48009653098014193
8053.343655381228,0.47756407459031947
8119.992248062015,0.47289020238244805
8187.06470424882,0.48093257776864223
8253.045700791776,0.4751367680072781
8318.554535336672,0.4757236048081157
8384.386313768513,0.4891541667726513
8450.956931172968,0.4816061821278444
8517.58343754342,0.4831639875349126
8583.700881785617,0.48252181382263654
8650.84222160818,0.47860218519030967
8717.461976131002,0.48031008012539256
8782.903100775195,0.47888517153979526
8849.204059243006,0.4742640820956451
8916.831415499792,0.47561729211366405
8983.719922469887,0.47562940422209604
9050.469561574979,0.4768976775833146
9117.679291889666,0.47240185344753094
9185.02754441537,0.46989345368929325
9252.742537313432,0.47256772669438035
9319.492873113471,0.4609359778192462
9384.501030927835,0.4675893935190669
9451.256940588562,0.466801376144621
9516.740484429065,0.46356267660568556
9581.97783012332,0.4609529184136801
9647.106525911708,0.47578522226756076
9713.413654060067,0.46768250295005825
9779.468676205028,0.46095784678526985
9845.41696551724,0.4680256572487832
9910.279008218415,0.4699073205759226
9973.848840419658,0.46109526100599746
10037.681718061674,0.46719197795862183
10102.417918676774,0.46451927646428837
10168.304959598774,0.4712125914216464
10234.601949745984,0.4624160795940889
10301.053884711779,0.46735316467522725
10367.426352288488,0.45619705156849727
10433.908468073445,0.4675790141560768
10500.947653429603,0.45813756849042886
10568.528883360972,0.46321258430723466
10635.250627965392,0.46059838743027315
10702.667859600826,0.45073757226428307
10771.53691460055,0.4615592894127844
10839.34479425573,0.46608416147842857
10906.642229965157,0.44719203421902326
10973.721131401895,0.44869882053069177
11041.536748329621,0.44168764154976176
11110.644142896705,0.4479465675582457
11179.2180523216,0.45304890386154234
11248.032714166899,0.45570623269888916
11315.665188470066,0.45277117316980053
11385.285594989562,0.4534524591804942
11457.170092426542,0.4475440077445412
11529.342880749105,0.4445212907329001
11600.743130724397,0.4397012415829594
11671.936728180935,0.42568002084252327
11744.166689569878,0.4253345314695176
11815.874388026297,0.43069312563646533
11887.808924171914,0.44251479460837045
11960.154921777656,0.4414416362600924
12032.25286721017,0.44101108144792606
12104.935590877678,0.44457362863582
12176.75925925926,0.43488295113548275
12247.20036051026,0.4396777720199235
12320.114597732927,0.4422249159445872
12392.491848576956,0.4463356258977622
12465.509423579584,0.4347259820662212
12540.00152059718,0.4444691467784915
12614.678841309824,0.4408011358968202
12689.180289775833,0.4300214139355468
12764.066982314442,0.4380213870897472
12838.479795890222,0.4408010037365283
12911.680233365745,0.4473988327099696
12985.18948824343,0.45245858277010914
13058.738160792951,0.45623624077978886
13133.735107556537,0.45808343136083063
13209.576505016723,0.4522949784035319
13285.631287238464,0.4388537413885874
13363.04883052934,0.4494915997094944
13440.885998041684,0.44462686939949386
13518.466251728907,0.4466834327634097
13596.760671991187,0.4471017971813003
13674.854010546767,0.44221147834609625
13754.765721331689,0.4483053424751701
13833.458782365291,0.4437070832883098
13910.78827092511,0.44083484193072925
13988.581131553465,0.4430290169568738
14065.764991671294,0.4527126882707279
14143.53830199115,0.44785426597465766
14222.16696440841,0.44222202372160335
14301.256109346956,0.4540207878956563
14380.355374187302,0.4464993203105566
14458.945502571945,0.44715023683513255
14539.333056017747,0.4443830269250692
14619.542461242969,0.442742760833319
14699.887643558877,0.4439802651670473
14784.428887965656,0.43664859867687184
14871.1761536336,0.43504389940197524
14956.386788533444,0.42074043318257487
15042.165049889136,0.42152801187094335
15128.408503543144,0.4175543254972657
15212.506938662225,0.4314598202510247
15297.294697903822,0.43979304792581103
15379.901161183301,0.43363297170736914
15462.672533259423,0.43634072979848804
15546.193084370678,0.4309495216019296
15628.944744495222,0.429837686377373
15713.45822363863,0.4314673330586811
15796.990481445717,0.43354647334961166
15880.518137595553,0.4234910701557561
15964.319210598951,0.41994145606886596
16047.167617192934,0.4192167002047825
16128.534582529623,0.4314336265194835
16211.076647860189,0.43180450932300063
16292.575508498188,0.42517969858353966
16373.21243235743,0.4254769247012956
16457.375258300042,0.4221868007257449
16542.559070279192,0.41531944527822817
16628.579180509412,0.4075606803618666
16713.459800388133,0.41113900233042155
16797.061862772112,0.40545486537262143
16882.688796102993,0.40112512781379384
16966.25162360094,0.41093506801271634
17050.486789320792,0.4186576021154679
17134.475865906246,0.41323943285735804
17218.03744855967,0.4261237803353827
17301.694140462667,0.42560564800896794
17385.07458563536,0.41486960939858475
17469.65218602061,0.4183611878590839
17554.356361622595,0.41240198972121805
17639.992015418502,0.4212610532852677
17725.123217499655,0.4124433986622398
17809.280769763256,0.40752186903644294
17892.229932534767,0.4120624700518093
17978.050887409874,0.4143299115317257
18115.526601384645,0.41134081756805246
18307.004751484837,0.4067762728931214
18501.965650280024,0.41163383464322195
18699.71572970612,0.41024910819119204
18897.469330507418,0.4124872149239437
19100.37147491889,0.4271332730752787
19305.087062196188,0.41532852987844127
19505.883938599774,0.42591432639865673
19716.765499157147,0.41757607091293314
19929.158996076476,0.41316131627869473
20143.705919119944,0.4067392133047333
20358.819465267366,0.415165628250058
20573.401505255955,0.4167985162137871
20785.600337373486,0.4153115514389336
20992.782204763687,0.4100461037935466
21201.73525377229,0.40184754324550737
21410.628869196207,0.3961071999621158
21621.771858858672,0.3908067752485783
21832.568363273454,0.39471671450614904
22040.40991807892,0.390298785571618
22248.923733565953,0.3910812018293611
22456.584222014342,0.3826578521741076
22665.932808792306,0.3944976583517128
22870.444326881185,0.3845985522704244
23076.088011001375,0.4047996851538382
23287.567056481712,0.3902430687007114
23499.814541820226,0.3957478928532365
23715.17457743404,0.39762999371219626
23929.74836132093,0.3931350043403651
24143.783496172757,0.4052947093455229
24361.436805295365,0.39216002146758683
24587.87878032051,0.39837817261991365
24815.428491236824,0.39124141879904717
25040.90341262922,0.39158385402778173
25261.170428258833,0.4011872711888266
25481.67057429694,0.40329393258662166
25705.699800324473,0.4023239044434432
25925.702746566792,0.39000619555755367
26141.712780548627,0.38637616192771085
26356.215288611544,0.37497095169476247
26565.754165630442,0.3725082177206381
26776.77212971078,0.38189468747868743
26982.42033940449,0.3849279102612217
27182.577099140904,0.38887515806360756
27381.364767355062,0.3914622649603944
27585.47776326429,0.4028488997060628
27794.082811717577,0.39493910224692613
28001.11412330564,0.39661337961840454
28208.390257524046,0.39081731449634705
28416.091954022988,0.3988616620587639
28627.146738114523,0.39618658824257774
28838.664791549472,0.3960625418685628
29054.031932144193,0.39906862226365764
29271.23678146603,0.39150519412971196
29482.332126357847,0.3906766105412963
29694.061966743477,0.3846432046540123
29914.06071026635,0.39695883962605394
30138.808320858283,0.40335545807969364
30368.209443023763,0.39703155226895054
30592.62429871587,0.3869341612834187
30816.739238927014,0.3882009725034624
31041.925141682754,0.39178365811128557
31266.644433362424,0.38313047320431337
31498.048519376447,0.373508118059855
31733.695245809708,0.3873096975095974
31968.194560538956,0.38946762151442427
32201.696858475894,0.3874331261703434
32438.452205422967,0.38211039898753685
32671.199100955237,0.37592767697441276
32900.83790011209,0.3893040140538362
33130.15491372843,0.3893093380300046
33357.580454403986,0.38488357727268324
33580.46288672655,0.37956016716829044
33805.02320359281,0.3721252118027222
34030.40969273045,0.38150356696183413
34257.51517232767,0.3846957815130277
34483.582384773275,0.3810974597541412
34711.36913672655,0.3722798052837821
34935.65266316579,0.36335836628056073
35162.43981078053,0.365727762716615
35381.45735707592,0.36823176568041077
35612.32609509547,0.3629752885440869
35850.43888612011,0.3645914977715997
36088.53343313373,0.3620921325735976
36321.00692624485,0.36021010263219855
36552.41508376409,0.3559769871991737
36782.74953189365,0.3526478769901209
37010.7,0.3582660001281681
37238.02227491109,0.35041573504639856
37467.080449017776,0.35112149761922623
37703.52044191998,0.3495958698178643
37942.23311126331,0.3569326865540222
38178.563478694865,0.36065990033865547
38417.18671992012,0.35899940270338043
38652.7858171121,0.35162737688799856
38886.212793733685,0.3466248568238755
39122.22058090252,0.3466500036892342
39353.755667978265,0.35268767780394367
39586.110965323336,0.34856233039912043
39820.93080468361,0.3621154574758767
40058.17733990148,0.35187145500067024
40302.45966029724,0.3519686592352607
40542.204795204794,0.3426854170322285
40790.6951628948,0.34098315228994097
41034.69851606036,0.3337989478405636
41273.46709050112,0.3357538573793937
41509.811990795446,0.3446558562881807
41745.06941580756,0.3413539299686022
41986.57286932703,0.34563394779896894
42236.30238378277,0.3295925111854153
42479.866745576874,0.3327296017742832
42724.30872986137,0.3411198500447348
42972.29660541887,0.3533204723888603
43220.51299146364,0.3605102704638944
43471.13638349666,0.36105243370505075
43723.57386646736,0.35564632871090057
43972.931875,0.35731809987188523
44221.40048589049,0.3570087713962592
44471.59986260305,0.35809815713986143
44719.246646284395,0.3582920277763521
44959.27589430388,0.3570423658158612
45200.765171833096,0.35758336704469745
45450.775441442565,0.36083290991770195
45710.63077306112,0.3578643327307935
45973.21039139677,0.35066658283488694
46233.737660877174,0.35649400888674043
46493.913646254274,0.3653166024883698
46747.25280758672,0.3620644353690277
47001.58047411104,0.3568335863090683
47255.8049419693,0.3543585408965773
47512.173230807704,0.35394147944189386
47757.28320178982,0.3563033315519823
48001.469066366706,0.36033048566812786
48247.267956318254,0.3480955385277857
48483.659703167876,0.34393163971319474
48724.715994020924,0.34205181363769555
48972.56869608701,0.3559756304530988
49219.64893218434,0.34909435612891887
49465.846201743465,0.36195203491404293
49717.67767050763,0.36250415957202536
49965.69021399074,0.3545521393161822
50213.58300124533,0.3503373308397162
50466.575627374055,0.34761083451814917
50715.8281083787,0.3463677879074302
50968.20838777923,0.35186033771499825
51220.35752688172,0.3502153337526566
51472.92346017314,0.3444135509480128
51718.08619080217,0.3430424636371275
51968.92394084982,0.3581763205910562
52215.617183116156,0.3662968976403219
52461.0534351145,0.37284061854504574
52713.415928651615,0.36741411771657617
52961.855552099536,0.3617956358559215
53199.894641631836,0.3495991707940539
53434.68787859864,0.34779122726100115
53678.00955772114,0.3506319729757284
53924.15426859711,0.35962926191711103
54174.54568718013,0.3615339022217247
54425.50684334951,0.3644480545704137
54679.52158475052,0.37469935476603544
54932.386260208215,0.3555391909557611
55188.31983729662,0.36221840923148846
55450.78225906994,0.3741616368352803
55716.50881784757,0.37612013314911125
55983.4192139738,0.37143653010674527
56252.76657096492,0.3808683459357807
56520.07710061756,0.38398335564530184
56790.94303324617,0.3851085103801691
57057.555687277716,0.38564805301814165
57333.383364485984,0.3789388684796971
57611.64492979719,0.3779589118260374
57879.96887694519,0.3697424685930807
58138.8355934312,0.363919494626979
58393.96351824088,0.36612478590550296
58645.55118698984,0.38143825604747034
58902.97961608203,0.37664356768277885
59164.506677483776,0.3750106121678783
59419.863147422744,0.3798992458390536
59671.48727249984,0.3704850492765866
59920.79800747198,0.3709956253253806
60168.73053817271,0.37564029286138906
60409.21197038512,0.3731963838337486
60651.04013711437,0.3848282143594073
60898.81488406881,0.3821123310987169
61148.89373671709,0.39072716215910025
61399.41608609107,0.3769908096807598
61645.75431789737,0.3793443041020571
61888.40614886731,0.3828869262632471
62128.37889013873,0.3882431101863015
62365.94910086491,0.38738787945355097
62609.14681129606,0.3827060360647147
62857.747081226196,0.39008535279596396
63109.404800498756,0.38713013221132775
63356.06217972753,0.3834678825724106
63606.964296840924,0.38820875420169587
63860.44204616344,0.38668003928784433
64115.976895216685,0.38223624130224937
64371.586361653055,0.37249470347665853
64621.407395859314,0.3774964897326258
64866.48850252383,0.36451443966820724
65117.028464419476,0.37150242857438287
65361.45800336721,0.3860278711140937
65607.839186576,0.3793400625215956
65860.41839855208,0.37167980088695446
66119.33196056409,0.3764951132759879
66377.39941345314,0.3733099403512827
66636.87120314351,0.37692347949589494
66895.49832047772,0.37809678395782204
67153.44482672338,0.37999460751310227
67418.56536090179,0.37284207457838053
67680.02116501218,0.37776478048170414
67939.0395392279,0.37374889439304937
68202.33531064627,0.36667141036688494
68466.58962999938,0.3741121599350888
68729.50433480946,0.3731408150472335
68991.49063670413,0.36922183329394787
69254.88686654616,0.3615704108672805
69515.5675692538,0.3696174332773868
69768.35251215559,0.3589326256882924
70014.01725534168,0.36358670597842524
70252.19729678993,0.3619275274809295
70488.99956432439,0.35437640928811037
70730.75982315213,0.3538834172419985
70978.18783184458,0.3654013260967116
71235.3769848683,0.3657157595146639
71490.91000562465,0.3633239377349083
71751.82170252572,0.3685788295673352
72022.11657014758,0.3662860595801673
72288.12556949386,0.3605042749290145
72555.95975541274,0.36072097533896713
72836.21553070532,0.3712915694165238
73117.843714962,0.36885041507385685
73403.69677901689,0.37505432552670176
73694.40755094387,0.366200552996602
73980.37376314643,0.3629932779980876
74253.09364861493,0.3493083993769291
74527.05490049286,0.35075834756273244
74803.00836193448,0.35067720963419785
75080.73223873143,0.35989348760107254
75360.38465859443,0.3533147964210927
75641.94942385549,0.36232620243161673
75920.50271620355,0.3726671665768608
76201.76726231244,0.3626361122882113
76489.49381713715,0.3577637315336157
76782.84265036187,0.3685924082159566
77079.38187138144,0.36232276898659344
77376.14471463399,0.36110820852100667
77671.35042362323,0.3670842587137397
77962.95509337331,0.37153757834672824
78259.87839860315,0.37325917898013145
78556.05606136193,0.38108142955652285
78846.76842039646,0.37401388086753834
79138.65137729028,0.3747388374677484
79422.4625501002,0.3641707773164112
79710.00093185065,0.3590573755799291
80004.11488005998,0.3748451596946076
80294.52351253586,0.3582164730098285
80582.72974151354,0.35760713729876664
80870.19000997755,0.37089061096819365
81150.61056971514,0.36664408726544323
81428.39113104135,0.36976233562976574
81704.27999251356,0.3592721598414652
81979.14342903609,0.3551353031478437
82259.20204221406,0.3656424486690949
82546.27564462759,0.35465420796723857
82832.70925960521,0.3386004765246018
83123.85007795447,0.3502236974783958
83416.24092842842,0.3513012579572647
83713.64167289952,0.3547935022420871
84009.46828903965,0.3679024975066955
84308.69971264368,0.36073462036616627
84605.10720956295,0.36550871381925226
84908.87457859908,0.3619868342408553
85218.07626483448,0.3547373354298946
85534.10362468027,0.3596285879082103
85849.72438690402,0.36950350328398773
86166.69210115516,0.3654849792975634
86483.09860209686,0.3645892904253083
86798.44404287139,0.36849096313266794
87117.37907354227,0.37311023313993924
87434.09475982533,0.38020228357618396
87745.90244814054,0.37649604381032303
88051.97063417682,0.38432458509247375
88360.28662024371,0.38919202511613865
88668.1599400225,0.38337144648859933
88972.67894769652,0.37186608817674377
89278.67034405385,0.3684517905090268
89591.97526236881,0.37841789199695586
89903.69317048854,0.3828145980889531
90223.11527413513,0.3720189146656401
90535.3787652477,0.3800695457147792
90843.07283280285,0.37680292955818795
91136.36415860131,0.36721711242701316
91424.2016985138,0.3818676087656254
91703.1274888004,0.3648658180775907
91982.27062932702,0.3704241762706939
92263.85360374415,0.38516379011729146
92555.0999563237,0.37526050547733725
92852.80982666167,0.37681905883408157
93151.24900049975,0.37496102909761186
93450.16045845272,0.3737053789927418
93758.07344597543,0.3691467243430198
94063.5670625,0.3678597303558966
94376.25755592946,0.3694365775716158
94698.51132605305,0.36629676198535654
95003.89138156665,0.37299724344886975
95310.3620657394,0.3698050154882387
95620.89894644973,0.36570345243575314
95931.37665666417,0.36152027015066074
96256.05226155664,0.36929136898324233
96574.4047321763,0.37110446507680755
96882.25540666874,0.3600052270715318
97188.27416531199,0.359330801782233
97487.1506200536,0.3676534509069639
97787.90097341819,0.37007492699835853
98097.781187749,0.3730691324678464
98405.35320556839,0.3748096324890747
98729.96042018384,0.3664214778833438
99060.73471418797,0.3622532863733625
99386.40331836327,0.36134642701292213
99714.79819089208,0.3540349534629365
100044.06066279723,0.3668035824918613
100375.41002121553,0.3565391010730325
100708.19318889304,0.3500083112964176
101026.7862266858,0.3547930509008296
101341.44081989751,0.3582106463366553
101639.48084601946,0.35381746773259914
101947.35415108452,0.36052709228669655
102265.31868611318,0.36196612493582164
102582.02310478331,0.35282383735187967
102892.10108505862,0.3605281248372001
103197.38988336555,0.362429569514687
103495.56301053813,0.3565620587326497
103798.8312780269,0.3517631494684141
104110.7251746507,0.356652295222899
104421.96218986313,0.35500396299930675
104726.94549423138,0.36021851892011214
105032.43581586826,0.3702241089920837
105345.56978193147,0.37355447040953754
105670.39926420154,0.3748023066128296
105997.40717365494,0.36866314411609663
106315.00970813367,0.3574410917792942
106620.40845158468,0.35828778896735214
106925.49722585874,0.36950821069468953
107233.42437838849,0.3615051195918216
107543.83597256857,0.36616584361181237
107852.44441667187,0.36637948625856154
108148.50402646857,0.3651728171169057
108440.0321537409,0.36158818149252747
108727.39079884985,0.357632786403384
109018.87121070651,0.3657911210019552
109309.44400099776,0.37450378116750194
109601.57464366092,0.3727476468516897
109893.1577373536,0.3740866236136129
110185.67997255661,0.3759057484165671
110470.91304076019,0.3714619740810627
110760.7827114428,0.3524494092142812
111054.68274698494,0.3608643428012431
111350.3819986268,0.375050064142518
111647.68988680185,0.36619316399157636
111940.82888569465,0.3609937099808149
112247.55055129882,0.36470215395738426
112555.74113320452,0.3639043027118489
112861.58821328344,0.36914361970168813
113169.06614153538,0.3683619592683472
113472.99987545924,0.3733867736909982
113779.88363817966,0.3681503985512678
114075.57126809785,0.36063647896204876
114369.08387942333,0.3651455427354989
114654.00917774864,0.3652549024578845
114931.11747119277,0.3618135517601686
115215.32758512965,0.3682351999216546
115499.03971860798,0.3708630566782534
115778.49271118864,0.367286429925612
116061.88398753894,0.37258246865950434
116341.67598602097,0.3816287461128193
116618.8468496569,0.3914237287643592
116894.00511700468,0.38081256973814376
117169.06395312598,0.3872353872640909
117441.23501124157,0.3865221698999703
117711.98408339055,0.38715817125121627
117972.4854689153,0.3847823721972368
118224.78954616588,0.3880998713117585
118472.30270438296,0.38030886860037844
118724.65726436925,0.3870055261979779
118983.98973242065,0.38234808186357006
119240.52141073658,0.3704670490791734
119501.26864369822,0.36873046786879504
119769.23528675965,0.36948379414676036
120042.06656684758,0.35718658273247833
120314.65971097545,0.3647543689903689
120588.11405587428,0.3651216037448175
120859.39145863164,0.3646797053928439
121128.71745932415,0.3626598916884458
121396.5998133748,0.3615547663251153
121670.70095619024,0.36616168341471744
121947.8954675632,0.3584563022387306
122221.57629971326,0.3560362694031164
122489.05303929531,0.3650779885884327
122761.40757141075,0.3630902900067896
123046.10031210986,0.3576666999123484
123330.75531715836,0.35663358832562836
123616.84767840449,0.34329181654843505
123894.1103697699,0.3485868694660705
124174.17093429927,0.35342362575555725
124460.86514406622,0.3510942203662546
124745.68339792475,0.3494947709024655
125027.57518375483,0.3502550430091296
125305.34518019704,0.3430428675000884
125583.64115190426,0.3566473673858665
125860.50551986528,0.3625724937204404
126139.52073300394,0.35782363063826544
126424.67896149286,0.3611053691654236
126714.9965670058,0.34761482149037737
127000.3299912816,0.34572180379880746
127288.25514275028,0.3524544936288517
127580.68114764345,0.3512004169088079
127869.01356733881,0.3501182095689325
128166.24140298321,0.35069081946494723
128457.22071370741,0.34683155999047405
128743.27317012241,0.337904846156977
129029.79417269777,0.34091914199820805
129314.35772155054,0.34560038797875076
129602.24204737204,0.3430970417635356
129900.03648816937,0.3367736687865808
130191.29313358302,0.3395492235418708
130474.74328953105,0.3285468409121325
130758.5344773791,0.33572878637639414
131045.89750467872,0.3448417455850941
131328.11378405397,0.3371897464116872
131611.14131043493,0.3415541319523226
131896.97171339564,0.3391291074160967
132184.71207856384,0.3463926011905248
132474.44314923327,0.35586536169268135
132760.4101204218,0.34763120078444915
133044.6661689685,0.3477893136316141
133334.58348440332,0.34049778638083433
133620.42271194907,0.34501825267878
133896.2434517514,0.34345060535294175
134166.42117117118,0.3388525861083406
134436.0486409156,0.33548570162190255
134696.5974025974,0.3342175881229136
134972.22261021388,0.34285914019503416
135248.665876925,0.34428926672148497
135522.24850112415,0.3464379645730528
135793.14650236495,0.34300513193417376
136066.11072988147,0.3384266616689798
136332.99474507352,0.3446001608012071
136592.58651992786,0.3373022801973212
136857.0111616886,0.3472431268673727
137119.5257107154,0.3413457749924427
137381.81421617573,0.34444181436503873
137650.51369051333,0.34319921674562637
137916.158436214,0.3511202426799439
138183.00542157414,0.3521741785067152
138445.9147911978,0.3541706734751057
138717.8785576384,0.35250186449014104
138981.86440149625,0.35745173798650065
139253.71353777114,0.3489063624300687
139537.7578046953,0.3496986169789546
139811.10843674003,0.34799782154169095
140083.64440152035,0.3412535200861559
140357.89196606787,0.3524003157933152
140629.0356294537,0.36263890541467114
140899.60718742202,0.35999109687886516
141175.52346525397,0.3610754873234296
141446.51139902827,0.3641523640646509
141716.96658755932,0.36915885745001
141985.08699987535,0.3612113372969978
142257.16459956372,0.374004604094952
142530.41790204542,0.365162468993885
142809.42782315894,0.36941094962286425
143085.18411867364,0.3661797191446877
143361.0642928411,0.36759120475590745
143636.48277365897,0.3724249067906948
143909.45683251138,0.3741466363257898
144176.98933715784,0.37092084959637706
144443.43442418188,0.3699123899557638
144710.64420619584,0.369006919443771
144973.6551080122,0.36237972628807646
145229.87981279253,0.3570074179512575
145480.74338111034,0.36781023448993655
145734.44194172334,0.37628855520189436
145988.71554946425,0.3869353297578279
146238.9914599177,0.37001221627804437
146487.7706462076,0.37398293324093373
146735.056893325,0.3744271874232419
146983.07803936224,0.3875772926343731
147235.70476368626,0.3787503945524629
147489.38716924613,0.3865714207013147
147742.11201450997,0.37839321090969713
147988.60676466924,0.37611274514913456
148239.54615768464,0.37694306658803917
148491.46318022965,0.37601374071795673
148740.700978864,0.374499962836397
148996.64188305623,0.3693559701643249
149255.4932900568,0.3842181243604105
149516.40114863598,0.3787901578702262
149777.90162809557,0.3802924614237914
