D,r2
130.32867263236392,0.17782075303838427
181.5265909500631,0.1663538830214247
234.3046783625731,0.15153954607083883
286.6610452186805,0.14953301217952367
341.77786018913406,0.14041745489052412
400.3173094498264,0.12715033307072643
459.01819560272935,0.11663186240893633
517.9896285121629,0.11438858092915373
579.137134339482,0.11576015058718073
642.5194129667472,0.10784281684300427
706.195648130928,0.10668408474948966
770.9449215832711,0.1020405293012591
837.0253731343283,0.09798517799894332
903.9139414802065,0.09479419048323404
972.9475051010944,0.09110578421354477
1042.7061769616028,0.08689126925938764
1114.0467166979363,0.08811492799259374
1186.65783087549,0.08086678402861411
1258.135346756152,0.08311640245121568
1330.9761372110365,0.08455460968068958
1404.690462700661,0.07801623659353298
1480.8993500464253,0.08330038673959224
1557.75734186747,0.08278912610151082
1636.1014925373133,0.07806967809555466
1714.4471687098658,0.08587366931287069
1796.4205553413035,0.08077990146828666
1879.0089494163424,0.08383187090096673
1958.8946352759551,0.08044521358480562
2041.7558685446008,0.07717928753437267
2125.7058141780954,0.07350563490742372
2209.80023364486,0.07491092404864931
2294.6099922540666,0.07470752218148019
2376.880701754386,0.07422932411054578
2460.152739992227,0.07539453964939807
2544.26643397324,0.07527434753322285
2627.8532376890266,0.07471246304104844
2713.2367913613575,0.07548826681135395
2799.807126258714,0.07378670889685081
2886.698552425665,0.07112792755355163
2977.9653779572996,0.06889955336438748
3066.419675971111,0.06730478503272519
3158.9116333268594,0.06769097215384277
3250.9691477053607,0.06643704663660603
3345.210587777345,0.06613798862669684
3441.356823048472,0.06512068577923172
3537.6744862349747,0.06501519227955967
3633.5543121744163,0.06429675919117862
3728.798793539599,0.06819203394654229
3821.927431906615,0.06541551116305286
3914.1882559500586,0.06946592476755692
4008.753226738586,0.06877486758157099
4104.061568247822,0.06977546346335169
4202.317039654496,0.07082087100608152
4299.720921305182,0.07204852081894268
4398.789105058366,0.06791518738081848
4498.2152562111805,0.06996604040327029
4598.472010922566,0.06796448240129463
4694.511448912835,0.06551304985639658
4789.908041479162,0.0678218508403236
4889.098001537279,0.06739182928484244
4989.053518917859,0.06917018318208294
5089.319008904375,0.06713467251115142
5191.067917956656,0.0683044059698567
5291.000778058743,0.06881367734586041
5387.4553727008715,0.06861512617542377
5485.58940397351,0.06710995734229147
5585.633243347474,0.06839982071443158
5687.333786936237,0.06303189952515006
5789.430284277702,0.06608748398193318
5890.8594783962635,0.06341744841875821
5991.060606060606,0.06274051704363998
6095.252372651559,0.06500952904969584
6199.239518633541,0.0663948656448448
6304.466146341463,0.06504619544206901
6412.61116476724,0.06700107593986648
6523.168052601044,0.06252792436421495
6632.121022838181,0.06487481507266213
6739.716351716159,0.06470744893200925
6845.63266497956,0.06426744228910898
6955.733722060253,0.061043532972712054
7068.121734081672,0.06413643147597636
7179.78231292517,0.059464130451562514
7289.149405110201,0.05702394674881415
7398.551537420228,0.0596538503301965
7509.467041488949,0.05887447507982531
7620.324113751461,0.05938948350054859
7732.836876691148,0.06439860577406444
7845.340011670881,0.06370062939611626
7957.429760061919,0.06061434135106168
8064.366595621003,0.05874439163272165
8173.062195359719,0.05894632639822801
8282.675670461123,0.05966430052901489
8393.534716834756,0.05982924709500814
8501.708762385855,0.060479341944620436
8605.947062245492,0.05831340641617941
8713.935502727982,0.056515967410985926
8825.694944799536,0.05945449985641562
8938.370212765958,0.05857446650658819
9047.89656518345,0.05913829846097897
9156.587326120556,0.05909183649548746
9265.17558139535,0.058024472723319453
9376.217973602485,0.057516929653168083
9487.338030925817,0.05929267679590109
9600.905905130687,0.05902146928244919
9717.729190863338,0.05653168826934687
9836.26237432328,0.060630468270802956
9949.613135840968,0.056797559243812315
10065.046258503402,0.06004590733938719
10180.924345295829,0.06104229590046943
10295.85219578255,0.06031137338502899
10411.4394234515,0.05965054738442374
10529.298859462595,0.06040924819439561
10645.798449612403,0.05830969445741186
10768.06487434249,0.05630150364164052
10891.39837398374,0.055530976772174334
11011.942012064605,0.05753694384357949
11132.788189738625,0.059504304444422416
11253.282923999226,0.059730640638364405
11372.26427184466,0.05538700662982613
11495.454140003878,0.057161474932983104
11618.253878975951,0.05411320722210868
11744.901616988116,0.05492226624038533
11871.36700271423,0.05560012825783848
11994.438483965014,0.05966170789080315
12118.159605339524,0.0564054435455885
12245.641369916326,0.05856214439675727
12370.908879410625,0.05626727095272569
12496.528728961115,0.056415964795613095
12625.236094904707,0.057855875262045296
12751.219236760124,0.057175339674672886
12874.4725062705,0.05418889521950297
12997.994349181605,0.05326392283652568
13122.149291399728,0.05213709315867983
13243.384199343249,0.05247998150652211
13360.523578497963,0.05167327399235458
13477.6453307393,0.052688197702198694
13598.748977604673,0.05252673255304468
13723.996510275301,0.051853769993588886
13850.747529548536,0.0508485422099508
13981.065268065267,0.05332135595760624
14109.630915438323,0.05578151390838591
14242.682879377431,0.05352383097661742
14374.783987623283,0.05327793109973302
14501.970955165692,0.05029118111539745
14632.123136495644,0.05700738333449982
14766.63118091914,0.0564425791405414
14897.292337536372,0.0540205283033133
15030.609708737864,0.05070196665535344
15166.93166375461,0.05594102998521791
15305.387814313346,0.04988247061027917
15444.91877186164,0.05304592282440082
15581.069889341876,0.05329697740009763
15713.49758173728,0.05361157008110692
15845.740431319215,0.05121625675856017
15980.18412391094,0.05057019720411008
16115.198252427184,0.05274203881399933
16251.201793721973,0.05286329316538386
16388.56751014101,0.05258824141649241
16521.541318296713,0.05136392946547004
16657.302416212002,0.04916756568666662
16797.40508768549,0.05601556887333834
16939.445350417394,0.051988107928698644
17081.416974888067,0.05096246796828988
17219.967158958414,0.051158942861988965
17362.41073512252,0.05376779829566798
17506.467103993826,0.05102129467071453
17649.68518158866,0.053728215869102314
17792.875705115737,0.04965832000454209
17938.410017472335,0.05392236532652667
18087.707340693396,0.05480794483406658
18233.83778552071,0.05165951856839146
18375.532659409022,0.0535728650177594
18521.435096623074,0.04942409448911349
18663.347017815646,0.046281681415439174
18807.59606860667,0.04765256368906494
18951.282867747606,0.05091354977126428
19094.62326388889,0.04823017644541335
19237.75034079844,0.04921779179048378
19378.146294140475,0.05123359258873153
19518.213441797405,0.051502132787738256
19661.084957131723,0.05268552819906813
19808.26507659492,0.05058583854001859
19954.766924564796,0.05177997678180094
20103.025815217392,0.05546706344148677
20253.95227008149,0.05409311110225424
20405.483126454616,0.051851047388148795
20557.0693957115,0.04975977016255076
20710.246034816246,0.05170068087478147
20868.81005802708,0.051934681015478865
21021.573824848838,0.05001023412064981
21172.173585634293,0.05319454873499576
21321.894092499027,0.054478964342667614
21468.08025650991,0.052986757124199965
21615.227951153323,0.05140258661320435
21766.54238603298,0.0507214042124322
21916.451487458682,0.05073033193080551
22069.582864896296,0.05272453278896033
22223.465319603652,0.05409507007602016
22375.94624490588,0.05410698760733331
22527.146143437076,0.05424719840396302
22678.504962054874,0.05265482157473729
22824.51021599533,0.05184551433987522
22973.024082346088,0.05093584091207401
23120.8279195669,0.044572597277267874
23272.45818815331,0.04561914624707016
23424.87334372564,0.04631711418205989
23577.762862669246,0.05062178183323732
23728.59565807327,0.04666152609188545
23877.53091476497,0.04747000869828837
24027.452500969368,0.04545342241804999
24177.55220688314,0.04761845289818562
24325.179046884045,0.048739484496063135
24474.698326196965,0.04586244400906138
24627.323466821435,0.04856921130348094
24784.477475728156,0.04974063122945609
24940.447245927076,0.046460672044948303
25098.543634596695,0.05109271770213893
25259.949475320638,0.049027349244374345
25422.98142055351,0.04877417879966603
25583.703523457272,0.048753121075216455
25746.081973581975,0.052166687415905896
25909.60073757764,0.05247882138048304
26071.359018926225,0.05383042818173023
26229.117715844866,0.056230798132346445
26386.01476875243,0.05503020701647098
26550.62425178606,0.05238249511569142
26716.343292325717,0.05241798383831928
26876.459438528556,0.05222467962828443
27038.59035444509,0.04841748659885779
27209.914020139426,0.05231106777481483
27380.33430742256,0.051354164898693926
27548.030402788536,0.05149040957904209
27720.020716360115,0.05014183505207321
27887.932645512945,0.05174528509244934
28051.356755710414,0.05015928468690789
28210.769872043427,0.051320840360484205
28369.432185250047,0.04950830379500844
28533.07364114553,0.05585216358832617
28692.573574730355,0.05493692962595857
28851.171239540767,0.05501965961713003
29003.093743947316,0.05165901062398853
29152.610808709174,0.05110779576828817
29304.651176356212,0.05652737150679504
29463.665829145728,0.055419208579209504
29622.01671525753,0.05121268674020765
29785.581517509727,0.048764893639451155
29945.417748498352,0.05273385014480623
30111.05203883495,0.051304797391011986
30278.76318851823,0.05561817807944467
30442.46923374613,0.05686413438552713
30599.049990274267,0.05455535753454852
30755.99535603715,0.05446468976068182
30916.014980544747,0.05505594722833217
31071.216063788408,0.05681021892874376
31222.44896378075,0.05623365710242965
31376.800387972842,0.058211869866079326
31531.16439688716,0.05709916709560025
31686.10631293571,0.0570875808046719
31838.919713677693,0.05148787261688739
31993.31514563107,0.05413006492766804
32150.581096849473,0.058110223187020756
32303.634671320535,0.06361326431865083
32463.063751214773,0.05349893620416254
32629.13920619555,0.050283692388870385
32786.740683229815,0.051156787817596465
32941.53678474115,0.052302840489248915
33099.10450067607,0.05265835612611153
33261.21230351252,0.04930627241071209
33427.93809431399,0.05181345181696036
33596.276190476194,0.05182534824934321
33759.8447204969,0.05383955148900682
33928.03968099591,0.051321485154016584
34096.080201472294,0.05277580937480648
34357.26564685315,0.05179680059086118
34713.26056461511,0.05472273411705914
35057.25212068212,0.056611629991283316
35404.53788342218,0.057474501132045996
35748.468949811686,0.05887586427831088
36090.370299107926,0.05535295370287644
36432.40568678915,0.062101676448848904
36778.25494313211,0.06130744138192791
37120.6599055779,0.06068129515579631
37461.02325377325,0.054036257311113584
37808.22303793043,0.05593891682346207
38161.99484491044,0.05673418306237999
38520.045398880335,0.061089691974229005
38878.75721174923,0.061132143674428756
39241.999737670514,0.05454226183302111
39607.116350275566,0.053033960925582116
39973.23061421186,0.048982932230028794
40335.52226685295,0.046276452264166705
40697.35670464505,0.04923943103647713
41045.33723367097,0.05017134269943708
41380.93535123786,0.058019693589246496
41713.655698868126,0.054192899505157044
42042.48381185094,0.05155719699801035
42363.939560920146,0.04652685062288242
42694.944799789715,0.04714831836037565
43047.906039681846,0.04687169894778134
43408.88308958753,0.04433452722157032
43765.71722027972,0.046652580213661345
44121.09912510936,0.04486273469230063
44485.228706624606,0.04351913451878506
44855.5278774617,0.03897474823229589
45228.35864240728,0.040584692318717336
45599.42394255189,0.04377210298281175
45969.17860579026,0.04176764706733049
46332.61832662349,0.04366754497210233
46706.16478811708,0.043475641785752424
47091.7534749541,0.04265992143944559
47483.035135371945,0.04382360834647127
47870.508262656294,0.04425522580924763
48260.15074848989,0.04451948056322371
48635.45357393132,0.04706912833378406
49014.60417941768,0.042745205422235484
49392.71772428884,0.04152145320455485
49755.978589530714,0.0419346881522679
50108.58598335523,0.04129056991990792
50454.266049436636,0.041263189259792325
50800.34505994574,0.043470801882946025
51155.8146914446,0.04359933227770321
51518.07161594963,0.04220768609401259
51896.9117621338,0.04248244572291772
52266.4501227209,0.04423276640454202
52632.06881495066,0.041395943807115684
52987.8043630629,0.04057447013993568
53345.45488688968,0.0446328947459938
53696.34440452195,0.046167779935193984
54052.92865885644,0.04920633679533456
54407.94122284513,0.04833641098708216
54762.75387308534,0.049398378665890176
55117.09063074097,0.04911183087086317
55472.387209505505,0.04545034499910716
55825.55869736496,0.0432297883147702
56198.92471802046,0.04281199806918546
56576.30407413883,0.04232445938519807
56966.270263157894,0.042203802326797976
57363.08731408574,0.041532914646690726
57763.732407892436,0.04100218092202524
58155.20238199492,0.04148220522032799
58543.696158221755,0.042018476022434706
58922.08238586671,0.04627728729058762
59297.3133310007,0.04357051693054128
59658.0456892779,0.04357872533050321
60013.50711150132,0.04279924366862554
60364.36927905152,0.041773837635987354
60723.057010246084,0.039153551867256026
61076.62949042916,0.042170438434371266
61445.71373544603,0.04082135242519709
61814.16760021005,0.042161126956044216
62189.2897065265,0.04140694748180565
62576.756395704186,0.0423805532329892
62965.68085106383,0.04096489094215652
63358.30968419211,0.04087478329928932
63746.67150476523,0.04320624838696055
64135.17939500219,0.04046191492804243
64519.612471576,0.04066156342128762
64899.503718610555,0.040037358851948535
65291.60688690788,0.03823082818601213
65681.23436678929,0.03799528735757669
66058.50729831308,0.03473001131556387
66440.6865201016,0.03757031858541563
66814.3987225479,0.04031554549994842
67195.49296513152,0.044161247339423025
67571.59162945452,0.04601845221821036
67936.60441099247,0.04538349626523272
68313.8464704852,0.04623061675941063
68693.11510854341,0.04412149786478648
69064.21632724412,0.0432558089506715
69429.36271334792,0.04157552470620069
69781.32045454545,0.042329599470614765
70132.54449894885,0.042706592705743875
70485.56271304956,0.04341808382353102
70847.345069189,0.044700929936187336
71231.05230015742,0.043486099378711646
71624.01731828916,0.04469137218583992
72016.8953722334,0.04612000056542251
72400.68200910045,0.04575155843659468
72797.31886594329,0.04982830573455155
73195.67016622922,0.04578756975271887
73591.30012267789,0.04535034889430279
73971.38568432092,0.04506097078435904
74353.54410220511,0.04684824296528625
74736.75383536424,0.04476368010816561
75116.59538985419,0.03989413343148175
75493.54873140858,0.03985910921425445
75873.91427571728,0.040625451589307526
76261.95388519426,0.03833670764738927
76642.50639005602,0.03947551328553561
77021.78493210688,0.03793069772800716
77393.74225992654,0.04121278259158708
77765.87552410901,0.0380581003736233
78133.80285264264,0.03954064599008556
78507.77288254358,0.040057623066857395
78888.7488632389,0.03812337970321476
79269.14393210254,0.03738038648594629
79647.54908485858,0.03878780843226501
80026.02891946367,0.03867881079470922
80406.55646781379,0.03926382633121233
80806.86386333771,0.04116660376372746
81193.69310736438,0.041491480918682745
81597.55671367259,0.0401732889449168
82022.0104821803,0.0408874116454374
82440.0521107024,0.03788940347166951
82842.63863636364,0.03899945899660772
83255.26510772464,0.038611089091643944
83668.8399334151,0.041554188034397414
84086.56110335195,0.039318478534487826
84501.50675438596,0.040967589496973024
84904.17583857442,0.043336367191029276
85311.01774785802,0.04556996779003098
85715.8141306251,0.04346224087379578
86107.28286364432,0.04376602571581174
86501.71948233648,0.043427007849488865
86910.50236385922,0.04145109818184592
87322.191476328,0.04307710164834897
87726.30852088625,0.04114978288234303
88134.07783018867,0.03976176135120853
88544.0166506003,0.03941444471780441
88942.78731963271,0.03814143993004011
89340.40982603375,0.04210250044130931
89737.47366579178,0.043764683475654195
90136.68831624156,0.04354087445381177
90549.6088209607,0.039593492014985486
90962.72823704743,0.04280855358085683
91370.82895311272,0.03813444216305659
91780.79339928215,0.038107476927028004
92195.31585856818,0.03960326568286564
92612.71286176445,0.04157758453594018
93031.80082297321,0.03798922735996046
93442.668648885,0.036387223110458604
93852.23324584427,0.03993098824457786
94268.14856341976,0.040307488628766035
94693.84166301969,0.04423889302042898
95116.5647994407,0.038973525650965644
95555.8614008942,0.04006614411764343
95992.130582991,0.03832710761376496
96429.06348511383,0.04035982475506653
96867.51347095871,0.03989623810967515
97302.28120077017,0.0380125790337316
97713.13736984863,0.037482818762556554
98121.05005688283,0.03702705061549872
98534.53079076277,0.03757322691513292
98973.68426112033,0.037859969934824364
99409.95433070866,0.039200340493675837
99847.87987041415,0.03822133394272902
100294.78273809524,0.037399586027445
100746.74816305109,0.03447506429397383
101178.21371038347,0.03999574868348703
101609.25705794948,0.04085899059341816
102049.84846894139,0.040752827513102045
102499.13528176409,0.042426194402995936
102970.08514175708,0.04291678267222845
103443.11254047432,0.043844680594032924
103906.0446155192,0.04227569887905281
104377.14453295982,0.046894815422353124
104862.05288503633,0.04216169569963884
105338.63710312254,0.04249404990279554
105810.82204944527,0.044799647546689865
106282.7232440007,0.04352645301255788
106736.06017141858,0.04262929245895551
107168.16065171688,0.04238799910987269
107593.42392922835,0.04560655971277011
108014.70781605176,0.04639009707746272
108431.40644935769,0.04315248964425339
108845.00525210085,0.04285222960964369
109254.39737302977,0.04784533382727823
109659.88594419662,0.05203086392078708
110079.57174103237,0.04742667109179669
110487.3809815951,0.04601435018032924
110900.07130968025,0.045967610627911035
111314.43087939918,0.04602848517854531
111719.81695063347,0.045710468385440864
112128.37238603552,0.04378341215306755
112535.39942150934,0.04319782238631667
112950.44924877708,0.04175389471899434
113368.67957252979,0.04039066626081516
113779.57182778796,0.04230076870091938
114180.70093703477,0.041539294988623875
114567.06370318517,0.043562798103887954
114956.79312756842,0.04266632311645556
115347.29871267187,0.04264774740093641
115748.54103662267,0.04302970499660064
116146.92703862661,0.04291315836161519
116544.59314325695,0.0474350022943636
116946.37859396914,0.044268345119200456
117349.94752033587,0.044088713589070086
117756.19022641839,0.043920885884590685
118177.51746476407,0.043083074173389205
118606.75026223777,0.041960544416487985
119039.86358057163,0.042761820052664365
119469.79079315164,0.03955323388174823
119881.0335288453,0.0406238350312341
120274.1133017876,0.042027680060502885
120666.4088325317,0.04247955709119089
121058.96733909703,0.04139566201856735
121451.97932363764,0.0418198725111926
121858.07616879705,0.042791685571337855
122253.48764515847,0.04290950356203588
122632.92546855842,0.04240769326942031
123009.49257122881,0.04583276090067346
123369.56894889103,0.04438280508746101
123721.78329255505,0.04307512510886808
124082.1478009462,0.04302971130175192
124450.81169570166,0.04098770585414436
124830.39760824022,0.04100865855764587
125194.923063442,0.038867872608548466
125547.69091544986,0.04199108742796902
125918.40493050092,0.04278612898877725
126300.23305567734,0.040375190600467986
126684.22327126497,0.04159161621310264
127063.52873663921,0.045658118968545505
127451.03242156777,0.04050502555576101
127839.10608315098,0.043135970583473175
128225.88837331465,0.04386004311950229
128624.82791754018,0.04321274896209794
129024.18387181508,0.04205762112503971
129417.9152586886,0.042994290011334826
129831.21999650105,0.04439238131599448
130242.88237350345,0.04252701675269688
130648.94867303144,0.04225032832481741
131047.85305443725,0.040835865877307295
131448.5660162744,0.0404572834821209
131855.8740267693,0.04124004784288645
132286.46243330708,0.041164066262335756
132723.58848744642,0.03843905859497567
133146.61820092844,0.03848808972891022
133563.79063673684,0.04404423276999131
133973.24024550637,0.04220776471587761
134379.57296306,0.04094494658811255
134778.40124375932,0.04302760410966769
135187.11240377885,0.04153277729892687
135582.98684095097,0.04142071619874088
135966.4031271838,0.04550554991857484
136327.6214442013,0.043701008406293554
136680.92573824918,0.041289533094553015
137048.8868635527,0.0411670201787406
137432.26243987758,0.038920752041316245
137828.17014951474,0.04139366546672797
138231.44727177336,0.041015677840512015
138633.3373694832,0.04003332657231681
139021.58989157047,0.04093359174765701
139402.00113725834,0.03778404000503929
139784.845595311,0.04016197445333503
140180.4413618064,0.041422818513686094
140574.9706962911,0.04159080194036887
140968.5646359584,0.04315286646312738
141375.64119601328,0.04541940826430337
141785.42890891593,0.04453535752424252
142194.79513433098,0.044331347568410784
142612.43597374178,0.04400679975198163
143015.3893076249,0.04529537827649446
143399.4577692375,0.04639445056527113
143769.69660066586,0.04524422861485068
144128.70349344978,0.044183961545223284
144487.5086811645,0.04430671653258469
144852.04219446142,0.04656299482841205
145228.56799649275,0.04704466294134824
145609.15790393014,0.0471807236424355
146001.54047660768,0.04382435232407196
146407.29988627418,0.04934089799929331
146805.0574129179,0.04989310325457067
147206.6302160791,0.04948803454453647
147615.169436669,0.04604094044049246
148012.7343763657,0.043803570410698385
148407.98860648554,0.044693544163806616
148799.6201346978,0.044874148743601815
149191.55244999562,0.047652663720154455
149581.60745287154,0.04882461089958674
149980.7436772556,0.04773901223817404
150373.58344272338,0.0438940382062096
150776.67624454148,0.0443038108688292
151180.28577676698,0.044870846880826966
151589.3402540517,0.050595128101524355
151984.86641588662,0.05175087959391273
152375.65489819105,0.04765347033253581
152776.17118614414,0.04959908041741174
153175.65773105563,0.04734513993491019
153583.97541772373,0.049095379057429674
153994.60804064115,0.04825180849076217
154413.07374037788,0.047514800462938385
154828.20008748907,0.04531954681171784
155254.51917016806,0.04473109463294623
155663.74261492747,0.04495167023440529
156060.331726978,0.044836817877449406
156453.66366576348,0.04469201356547039
156844.73495451364,0.04358123081608499
157238.1781614232,0.04887334883558366
157632.82505456134,0.048621740085936165
158028.65922619047,0.0468157943953632
158420.17046450483,0.0474600668640259
158820.71366215625,0.04694067887877322
159233.49342912214,0.04895345217728732
159647.33727240897,0.049400035980395364
160062.41665210554,0.05183732971798722
160480.92671809255,0.049238948443164295
160901.0011358672,0.04427930147066603
161325.55239429223,0.04455725498811301
161748.17697022768,0.04446286837952224
162160.95158042203,0.04600559893537035
162573.46748144916,0.05042463023048958
162995.41779022937,0.04789540834894404
163417.59078187862,0.044634989866676855
163830.87516402765,0.04458145313466598
164246.19994752033,0.047548821712086006
164655.1218977462,0.048589188732291275
165053.4741718381,0.0484245765202541
165455.32084063048,0.05205270199752912
165852.4647270178,0.04523995002471217
166238.24930216328,0.04508640393692635
166639.03583004817,0.045427603595794855
167042.37201365188,0.05008076634834943
167444.797847204,0.05109709152643487
167854.88703477196,0.044761439512085915
168267.50319363023,0.04243330439914983
168656.63661058535,0.04065419960040567
169041.40398740818,0.04106690476758447
169424.07355516637,0.04109014458450458
169797.91406113538,0.044359746768980565
170166.0933579012,0.04621301366625655
170549.7451906261,0.04596147822382505
170944.48885002185,0.04563519469124037
171340.5849353373,0.044406134922504066
171735.70607783122,0.04295079626044155
172135.66991570074,0.04546226878899849
172535.11484422724,0.04513277745767618
172934.99894884374,0.04492356962906082
173323.50826410143,0.042934232390543274
173706.8473716435,0.04280476186534992
174100.63521077487,0.04352975657196145
174504.33916695835,0.04501292385314102
174885.5188943317,0.045411179228490896
175258.87667278928,0.044640799356611534
175617.4133064516,0.05113473145614435
175979.47893724873,0.04463031318370094
176339.7266035752,0.0435185164666691
176720.0249169435,0.043091733699419835
177095.47797202796,0.04569691562767229
177478.1041338238,0.04548306986939796
177855.4438507358,0.04679365580993054
178241.3851132686,0.044811698998198625
178623.7277253669,0.04241778908751005
179004.03489592444,0.043743699973060025
179379.61526998598,0.04425541582444608
179746.49049829232,0.04624356555190533
180108.57010570454,0.04783799478533708
180472.68529206017,0.046724510957108854
180824.24147303813,0.04075096584327645
181167.64246982682,0.04265478647794411
181529.80298794337,0.04389992123879408
181883.92788377384,0.047957428707960034
182231.11142256483,0.05435125600013258
182583.8286138787,0.046873973202466605
182953.96386701663,0.045945872285530334
183322.17023329242,0.04531954175643957
183689.09575863575,0.04564380462782018
184047.42425037155,0.04747959935575436
184404.2503714061,0.047408436488673295
184761.31437073342,0.04430311693334469
185105.32983193276,0.04372164599837562
185469.6746017854,0.04480235794872704
185831.6253058371,0.04389996853408212
186190.2689244771,0.044715507084862716
186548.02143482064,0.04199095331121531
186909.88779717518,0.04278232692679739
187269.77211092642,0.041499367330368804
187635.2857142857,0.04303445916511432
187999.08875273523,0.04297241504632041
188361.07115907696,0.04299751617114344
188726.51789142957,0.04557723701195046
189074.9353085554,0.043734296324070526
189420.45089637078,0.04510565263049723
189753.35807439825,0.04259332086075157
190080.19694323145,0.04089632330265094
190411.60849387042,0.04262637055753781
190753.08408355914,0.04282093690393178
191094.41109070234,0.04372125245762502
191424.34011041978,0.042708325089005905
191758.26429445707,0.040868174777913546
192103.394265233,0.038693126774610564
192459.17635726795,0.04016436391699734
192808.0386498776,0.04066996284768473
193158.69079926464,0.04015220089333577
193514.21482390046,0.03991782707800226
193872.44732704404,0.03866653559313
194238.01111305566,0.040186123929899974
194592.7673401557,0.04292137180587641
194936.50710526315,0.04215570117506399
195274.6198289405,0.04237402095790606
195609.606976948,0.04521969327188275
195946.36824590593,0.04275595563894847
196291.72551760287,0.039864265501480825
196638.6487834763,0.039848000603681974
196987.28976130104,0.04180327057050958
197329.9676797758,0.0425265507623735
197668.53702082968,0.04088393450687181
198021.01408697173,0.041058282249907804
198360.05479332342,0.04291049419803352
198703.1302517323,0.04159223215295249
199056.7163931564,0.04480583900857116
199422.30856842475,0.0413933077849362
199781.32194354627,0.04053741754564295
200127.79064880483,0.040506996483032985
200475.9778322965,0.042260118491421694
200830.18448381184,0.04338820333746465
201182.10034995625,0.043135767366525746
201538.117003588,0.046090394034084534
201903.82832618026,0.04187809670139175
202271.32079762113,0.04279770731297421
202639.60376038478,0.041319431481398106
203036.28143607706,0.042657772546301743
203427.04176882663,0.04215998791574614
203807.1064612152,0.04627549464937122
204182.02685444365,0.04632611944373598
204559.9533520042,0.04259824812179117
204945.49537198743,0.04278766502428226
205329.59972008396,0.0399309600180134
205722.24551107996,0.03913462896406086
206108.8638394813,0.038795441043808165
206488.49331585845,0.0383960525179229
206851.76303358993,0.0412711415560346
207235.82122513364,0.03907233015407341
207622.12081475655,0.03699287176962608
208016.56302447553,0.036510657011425626
208413.04796498906,0.037758144276981306
208806.08215694872,0.040110036343827725
209196.80290057661,0.0399882010867817
209599.24396642184,0.03800452753290073
210020.68153590485,0.04030483071236335
210459.46219810992,0.03865018899007149
210895.5861011305,0.038941542966263454
211337.43005861255,0.03972650719912801
211774.56677439078,0.04456729758226248
212201.13003855592,0.040700594434084116
212644.0722902098,0.04539863817757229
213076.45026269704,0.04236781275544259
213504.2305001749,0.04046435143971472
213925.46278317153,0.044274862465258455
214343.49295774646,0.042290038803671264
214743.19267180926,0.03939106652583884
215146.0102183406,0.042090783253782765
215547.55940507437,0.043550090502109846
215941.22490803993,0.043248590419282494
216334.67480528573,0.04376698521463053
216738.06343087438,0.04379591032457372
217126.9770678337,0.04459313366763931
217513.75637665967,0.04280323140403909
217903.8521853147,0.04343783432349374
218292.41464695073,0.04281518906359291
218681.713635568,0.04538848134708014
219075.8421974941,0.04045291101105775
219480.1432694831,0.04164793483350987
219881.73797025371,0.039863271803168676
220279.49803270088,0.03954079067503222
220681.93635486983,0.04522966446516658
221085.56538865546,0.04703507110522561
221497.59802637325,0.0466173316028848
221913.8927072403,0.04516182530183608
222317.86974421865,0.04284662263979173
222733.89583697743,0.04256219274432119
223153.66182899108,0.04288461582244194
223580.2422490804,0.04474894122956835
224006.3897444872,0.04230485304152773
224430.12891102955,0.04202717988228888
224860.63884992988,0.03999782202684488
225285.12731562392,0.03945569485830591
225704.83874070836,0.039505201864139555
226125.48668768612,0.041173391794141846
226546.59349309077,0.040432797908230504
226962.1638165395,0.04080701823438055
227379.95058597167,0.04027757632779302
227802.30112791815,0.03981468964011563
