D,r2
130.39647336847847,0.17725426057432406
181.7528655783258,0.1654760065260856
234.1440790724197,0.14904133224129246
286.73953993841695,0.14895484986804053
341.9537655770273,0.14236028699397224
400.51946428571426,0.12724684017459
459.0662942271881,0.11355905147533658
517.9705720066213,0.11129117893745376
579.3231202676527,0.11579132395377159
640.8601424821898,0.10654895125659494
703.2777777777778,0.10326807859195991
768.0326086956521,0.09811538925621108
833.9383146686249,0.09423742385171101
902.1568095496473,0.09196552557523958
971.2067565072919,0.08734500814710608
1040.0295611171564,0.08407607502437846
1112.393856779353,0.08520334745070085
1185.4554110968686,0.0798668511947305
1256.904614262265,0.07958603373946586
1330.5972096394273,0.07915391214327269
1404.815090909091,0.07635895520575976
1480.9223995597138,0.07752107282412977
1557.5522280353598,0.07937783962408235
1635.3569202566453,0.0750377868508508
1713.1171256129762,0.08018525517948792
1794.0871629320168,0.07832030933033982
1874.449021820918,0.07799715474477427
1952.655107425556,0.0743232026034742
2034.6847929784392,0.0710536166661802
2117.076429515003,0.07171337000762444
2199.372813688213,0.06848199025826526
2282.7204968944097,0.07017234398318495
2365.418250235183,0.06824925474762472
2448.3637914691944,0.07298332852232141
2531.8510517339396,0.07006955844961425
2614.7794755706473,0.06803716018478101
2697.8572511848342,0.0713361355533733
2782.740740740741,0.06904091937485068
2868.570670708602,0.06614706607195872
2957.50707146898,0.06319111558076078
3046.558320668693,0.06478506659018525
3136.4001517162906,0.06503943751116933
3226.7741935483873,0.06509639869727792
3319.456595264938,0.06178645833367939
3413.9782196969695,0.06391523703436429
3508.8897951441577,0.061134537560120286
3602.0731060606063,0.06050691561830446
3695.5301593323215,0.06287704229539323
3788.0946224470676,0.06596946367221371
3880.388773388773,0.060812434548599414
3973.149523809524,0.06491714578673505
4065.5939679547596,0.06367477924600906
4163.1637293917,0.06388132451183426
4261.74706550549,0.06555314456662287
4357.96174863388,0.06229049467897742
4456.825587958608,0.06136495370692593
4555.531071292413,0.06144625166054392
4651.825197146076,0.061114931537258714
4745.799467275495,0.06111338058543291
4840.2873432155075,0.06139999272557463
4937.4223555888975,0.06003963038235147
5037.000378859632,0.06464979412655596
5137.220064114652,0.06030145039090101
5235.514036418816,0.0612109849204419
5333.140677966102,0.06106395007792878
5429.582562747688,0.06024699008247938
5528.293848790707,0.06246728685506706
5628.275541207748,0.05969756124085668
5729.272812793979,0.060081678931994766
5832.112184953572,0.05891990980432601
5934.8281044523765,0.05644092133566573
6037.978691019787,0.0602011192472578
6144.308502633559,0.05967641542278697
6251.048928503698,0.06130249428182713
6356.333521232619,0.061517231928884246
6464.923746452223,0.061668824377419995
6573.745499336745,0.05983412279915545
6682.268366958508,0.06099669859743345
6789.257030371204,0.06097549652922156
6896.524919461815,0.060005599287285424
7007.582985187999,0.05848489721751374
7117.717514124294,0.05914133003052809
7229.49838617809,0.05484519284359037
7338.839039152638,0.05526244579875306
7449.207522207522,0.05378945355510504
7560.2814269535675,0.05472218454790503
7670.256028636021,0.05849697212447831
7782.458885941644,0.0578614337841565
7893.7951349296845,0.057091047595517204
8004.115035889687,0.05382668832477657
8110.788647114475,0.05652514680192362
8222.40846660395,0.054774816860623604
8333.06960469075,0.05638525249230491
8443.101170252925,0.0568784408957451
8550.43101157715,0.05586988907526643
8657.704137540148,0.05093665949873588
8769.334086203651,0.053208639191444536
8884.368869532285,0.054861281186548184
8996.946502835539,0.05577260227918533
9108.641965973535,0.05537321836153916
9218.760113960114,0.056340774665798385
9330.606954887218,0.05305519084578031
9442.72612067335,0.052664415669205995
9556.452168971397,0.05349985609358571
9672.404892850369,0.05320121000457997
9790.937653504629,0.055658274979685826
9908.147602869007,0.05061875652174424
10024.363981042654,0.053790659198829596
10140.013854621371,0.053102912103231814
10254.710343532945,0.05506772502249123
10368.819898055503,0.054856928674125505
10486.29844224924,0.0544028661704197
10602.82910193255,0.05221064602776842
10722.521681499717,0.054133573817798
10845.126641651032,0.050228256305452496
10965.797384382107,0.05475291961634459
11085.274364808494,0.05454767944997005
11204.877970577141,0.060864660215447876
11322.920303605313,0.05550958724658943
11441.791092658992,0.053855971343092904
11564.797063253012,0.054492999520238165
11688.02524677297,0.0540285836102674
11813.186276373313,0.05330979070315555
11935.402631578947,0.05737634975887619
12058.1880083223,0.0560603972152094
12183.83424579951,0.05627522616063193
12311.004744733345,0.053101044944384265
12435.358683314416,0.05489688719844406
12559.89540143234,0.052035619060892845
12687.460136674259,0.05205522855887188
12812.350742062747,0.049502572545962145
12936.645569620254,0.048243383730491834
13059.480030285822,0.04908761104508284
13182.697056574923,0.048950099720310766
13303.292322097379,0.04748602373496557
13424.519150549868,0.04652727665890791
13548.054535125922,0.049354614534717324
13676.100903614459,0.046838134615773123
13804.903882755996,0.04801597332323192
13936.334655335222,0.04811532170921392
14067.957037874505,0.05149277204345846
14201.356319667486,0.05157103039494416
14334.460245514636,0.04879093892250982
14465.622512791359,0.051241692411947495
14599.44113744076,0.0496921351647562
14737.93597733711,0.050576529259059484
14874.045034859619,0.04776605165784661
15010.901626939085,0.0466473338279889
15148.820269500855,0.052928017687373166
15289.808806925104,0.048321381787867594
15432.58065734794,0.04707433029356144
15572.9077973819,0.046430452446409295
15709.04393107366,0.04919642382329636
15845.678023850085,0.047813235934369876
15984.287660862983,0.04694805299338393
16120.449830252735,0.046809990867750124
16257.723504920516,0.049707152715779745
16397.731974329934,0.04823120280911422
16532.632683941745,0.04875116259581912
16671.20752932274,0.046650467546998475
16815.18681526256,0.050455952443544276
16960.82760574018,0.04742470039681078
17103.886642735688,0.0486071527268078
17245.119363395224,0.05028949795520579
17391.914664143802,0.05032013379163791
17537.064119538492,0.05046262713825222
17680.20532175882,0.04809438657852552
17826.606858658582,0.04482090918812327
17976.184583412054,0.04787075833581622
18128.080590238365,0.04750148371940305
18274.79894279781,0.04787600390916967
18421.951698113207,0.04828818365138307
18571.108338060123,0.04484780343479043
18717.254098360656,0.04412986631069282
18864.82629107981,0.045837579226262026
19010.853621539627,0.04564107957541905
19157.31135461931,0.0472438645758798
19299.751368699264,0.04718666449958915
19441.138799469798,0.04910346110887656
19581.950605601818,0.05063275200351038
19728.341292400986,0.04706110744047822
19873.12372110648,0.04744198112807229
20022.047717452566,0.05107411046484533
20169.7763681121,0.05281108455893139
20322.389657132033,0.05048748291821458
20477.796777251184,0.04686569314021274
20634.35201963005,0.04509243647656984
20793.358366271408,0.04750124701557017
20951.466944497064,0.047093771310251276
21104.084694265097,0.04994520562844332
21256.007173872003,0.048663756752682634
21406.81596828992,0.047213378185194735
21556.885525070957,0.04722148261897774
21708.769012485813,0.04723624621790218
21865.827475434617,0.048057867116679864
22022.58623298033,0.0473643498809706
22177.4055692366,0.047139327563128615
22330.512434061795,0.049953095439173055
22482.40262207866,0.04990333876685356
22636.24164621484,0.050767399421957696
22786.35209671326,0.049253860045760454
22936.65478211658,0.048830792479363075
23086.54171406902,0.04620773217064231
23237.064820048992,0.044692778132553485
23390.08383915023,0.04494537780953599
23542.096536059056,0.04477820512208785
23692.22761474793,0.04172447908253019
23841.161418816388,0.04032699149140316
23990.434634974532,0.043194367886145064
24141.833839726547,0.04432887010281789
24289.711090225563,0.043750734919735544
24439.916619291263,0.044135568124050756
24594.388741972045,0.04446658374651071
24751.32225598177,0.04756863348138046
24906.554674220963,0.044130677606443534
25062.784554380665,0.04458092276318279
25225.390852390854,0.047087072231289044
25387.379969708443,0.04625355973772162
25552.217046954553,0.04546678773937521
25715.751137225172,0.04933752142713864
25881.397435897437,0.05327249821605549
26048.695998482835,0.04902724754800767
26209.44834749764,0.054030047318883556
26367.711963711965,0.051272573853525474
26530.66685563114,0.04861573404260808
26695.669507575756,0.046210397884326966
26857.24568393094,0.04687050431349434
27017.553255551375,0.044786365115838146
27186.084819734344,0.048796924310671334
27356.314135140223,0.049338630516223766
27526.729222011385,0.04857852205263135
27698.94911421033,0.04794799242516539
27872.93209759788,0.04778483139721829
28037.819541753455,0.047578124768784064
28200.9804331307,0.04868465523931796
28362.42768361582,0.049602312635832
28529.66339066339,0.05165858915308543
28692.34131508932,0.05144641656076897
28855.986494091165,0.0523620057532902
29011.236797274276,0.0469214666718812
29165.076543209878,0.05027628445381242
29324.221699887177,0.0482379224896287
29486.245161290324,0.05051218715062805
29645.387261387263,0.04634394068360129
29810.586037735848,0.04612397233399146
29970.51476713366,0.048722015088434927
30134.633882888003,0.04969064085124767
30300.46563735643,0.04997982842773534
30461.48445792267,0.05195561836767487
30616.685854951713,0.05169340941468679
30773.66716895837,0.049619408602857344
30934.520553135062,0.051383352718874994
31089.34571645186,0.05149412858529403
31245.009245283018,0.055251618092431065
31402.26067245939,0.05516459649078716
31558.770789922335,0.05703486152696297
31714.779587199395,0.05452246706177594
31870.401433691757,0.053059145338550794
32029.256201476994,0.05327266149672437
32187.5355656451,0.05786355915052819
32342.771644612476,0.05557628977969409
32504.2203357857,0.05008271935984727
32668.792926411865,0.04801365088090658
32826.324004507886,0.04735065314883751
32987.09971563981,0.048825719167360025
33147.86807786808,0.04717185236899851
33315.672221170236,0.04851276600969108
33487.41175362592,0.05039744800274566
33655.14304635762,0.04874839700336475
33817.737559129615,0.05015922704837555
33986.657056145676,0.0482350601108183
34153.01171579743,0.05056934602990098
34317.25386938467,0.046206388001874335
34582.46737273659,0.049692796958191614
34937.74614926389,0.05136762846647951
35293.192750533046,0.05423901676313456
35644.971112057945,0.05441995611914387
35990.48879802368,0.05384311584575569
36336.13490912194,0.05417166815835377
36680.81638924456,0.05720594800961535
37029.3825308905,0.05523106256609614
37373.345057196515,0.053766451985967585
37712.056918882074,0.05380155560475041
38063.3642784207,0.05200952616375654
38422.57932446264,0.05371638451468145
38781.2226305444,0.05615003012986262
39137.96583375829,0.05172452168413368
39494.781394156846,0.04880776786413371
39855.75238257318,0.04831505163953539
40210.119723124255,0.04512852069814972
40574.94381544224,0.04293526276545524
40928.11580474483,0.04732556654182733
41268.59555442003,0.05395170448057734
41595.80683367416,0.054863996986380045
41925.51997262852,0.052474481186848845
42252.38773600953,0.04561182588229837
42579.949351978175,0.04729696104029299
42920.612782275246,0.04548485796464309
43278.359836205425,0.04238843216305078
43629.92962678282,0.04394261850571361
43981.768065367265,0.04164995147229492
44333.83309131289,0.04185648183925184
44698.92768929393,0.041141777517285934
45074.64813235545,0.039265936654204484
45443.83654009876,0.039667320533256945
45810.42996075755,0.0411134302945801
46166.345221843,0.03936744307046958
46530.079724325704,0.04021489056869335
46903.57327990451,0.03944031075775598
47291.78184305009,0.03956546819305516
47673.011063829785,0.04244062690576611
48063.10628142845,0.03929748598920134
48446.80443118875,0.04035885930923887
48821.155079757744,0.03935761404751406
49203.539300937766,0.03739964913600001
49575.522560246114,0.03808311119999658
49931.14526710403,0.03789441164213738
50278.36553369112,0.03582470481772386
50628.42200818275,0.039158687926896425
50979.332140117614,0.03835303823533445
51336.76173408431,0.03859331917179786
51710.40456714383,0.037460754984265904
52085.01227203,0.03957011381640183
52456.60160587683,0.040773551540332215
52819.69557446808,0.03745228630009268
53181.824267782424,0.04152346947515129
53543.68113352055,0.04183316031065775
53897.9782107152,0.0434431951172917
54248.6702154842,0.04390124208020306
54604.64187633262,0.04191926298315668
54958.3968483816,0.045811499989940746
55319.041093549764,0.04171352146044549
55669.54199318569,0.039062318739248744
56038.85602383993,0.039028767388317676
56419.68305778081,0.03648749230787094
56810.20617852876,0.0378631784420708
57210.29899368924,0.03726949289187758
57617.089093701994,0.03729548817097863
58013.08914431673,0.03775352902166244
58404.871805792165,0.0387726540597531
58791.72475027747,0.040665422222280166
59176.57472733469,0.041078512043289564
59556.28828291436,0.03877250031268481
59921.468541631046,0.04251060956601688
60283.217788010574,0.03832524323201887
60642.550978723404,0.03759393602175367
61003.00894073569,0.03764388787359803
61372.09560458355,0.039149915753970456
61743.94733707674,0.04019888819429213
62115.6359832636,0.040584968505206896
62502.09213215259,0.04045405349506849
62900.3184686221,0.040729189849490234
63300.679010238906,0.03905595563833721
63694.42640803131,0.03918069510604251
64092.43182593857,0.03847898350812617
64482.61255115962,0.03671720030873071
64872.31856972179,0.036825093802757614
65268.77117561931,0.03631071705052665
65667.62626865672,0.034879965969790684
66047.81600955795,0.03456953591875421
66434.53982602763,0.03434075174709931
66808.47826086957,0.03750781826881148
67187.82606473594,0.03909203071325658
67560.58624221217,0.04121475990427357
67927.03969335604,0.04050789261116134
68302.14212591707,0.04065839819592945
68674.15225740377,0.03895959627092642
69040.77013451388,0.039675906207542765
69401.34084891963,0.03765090989055837
69746.65861541078,0.037646203223872
70096.84089162183,0.04034230388016827
70451.97086634296,0.039933541184525995
70809.10993603412,0.04249211548779916
71182.83844842284,0.040334390264037075
71569.00921973707,0.04173287391905645
71953.41641829174,0.04350816680022414
72335.20943701558,0.041377287851084396
72726.12951421498,0.04593549397035184
73120.15518417463,0.04561280360903641
73507.08796729967,0.04504050715738567
73881.47484411036,0.04471326035609419
74252.82306382978,0.04200064016960311
74624.47546300247,0.04356853118924765
74999.83640238704,0.037368830037891744
75373.04635705156,0.03698473121679372
75753.12529812606,0.03853242458004311
76135.26233566672,0.03868082487700875
76515.01048414593,0.03824752702214851
76897.84863481228,0.03682164859377769
77273.03224708585,0.04053296333990878
77652.60608131193,0.03641351997119981
78026.08461866212,0.040298679489712365
78409.6723712218,0.038862481659800996
78799.31490343531,0.037936028427280104
79181.45592989621,0.03897024540262
79558.5650243361,0.03858718856542757
79938.84027955339,0.038705007861308434
80319.25500383272,0.037817161067086776
80713.73224183508,0.0398124789841566
81101.84743447452,0.04173550085070245
81499.49263641781,0.04096786240207853
81915.17990275526,0.03887337542002028
82325.48900443233,0.03570175173260409
82719.0455010225,0.03594248653345918
83118.02376677781,0.036737670035364454
83516.60175184965,0.03665507245215644
83923.33262223739,0.03550330840349689
84331.72600051199,0.03738095867764385
84736.39338955618,0.03775984052502199
85135.59337940448,0.0383720578611731
85543.15779613386,0.03854423589195835
85938.18506825938,0.03751064178930938
86328.45815240528,0.03847927763508364
86737.88651512562,0.03870286288527903
87149.01167746335,0.03910427001368524
87558.0275674296,0.039388365370519346
87961.36989926583,0.03627288973905879
88367.53459602423,0.03828899195448867
88767.4391926418,0.035353239182585976
89175.44592289321,0.0391501492724413
89580.65879645414,0.03804596670346432
89982.34112030012,0.04229847368023696
90391.09728622632,0.03821110433850089
90813.6563538737,0.03919367340555023
91221.33228252534,0.03600446669624363
91631.14496335435,0.03558847785839035
92044.02322404372,0.03586810863136238
92463.76395982294,0.0358689559638437
92884.86580271123,0.03431598494938717
93294.66851535837,0.03307071178798042
93698.79570442342,0.03414466284246457
94110.80676287251,0.03467219080835149
94534.77465747597,0.03664234427859714
94962.7798618808,0.03772214506845938
95405.29816474605,0.035268451476080924
95852.08325521943,0.03584260556948545
96293.91707899676,0.0366011248381933
96729.42419080068,0.03722561308916187
97164.44565773758,0.03595835410805828
97569.57032181168,0.03725935522111096
97975.12473338452,0.03682403930539011
98372.54305484367,0.034169777543994584
98791.66757493188,0.0361083710839758
99219.934241908,0.037814056861877984
99651.10259695882,0.03883950038598556
100086.7091141397,0.03858388310571736
100533.24168514412,0.03525502894313507
100977.00878315,0.03538806908132818
101408.7837676716,0.038847659156371436
101844.95132139813,0.038668378634115375
102279.53532423209,0.03966221948541564
102736.0814012956,0.03774107016740311
103210.00119209809,0.038503161831394433
103664.94227156277,0.03760018633419092
104128.90048605781,0.04079920472744888
104607.45377792939,0.03978555170699471
105091.69889361702,0.03753919100300575
105562.0165401995,0.039504209957874126
106028.5795182781,0.042798031397071036
106485.8175313059,0.04149461272605345
106931.8375362072,0.04059165612080485
107364.39605734767,0.041475984036597524
107793.6130490405,0.042769400327426814
108216.40710452339,0.04251579184965433
108636.04711997273,0.04121508767262533
109049.73386753048,0.04241572986439713
109451.42218048322,0.04496810487468992
109859.98619161268,0.0464109510126144
110273.08646712714,0.0431734402471189
110683.1031543052,0.04226786538223607
111090.66996756018,0.040619463359459415
111492.07821942293,0.042218902504839825
111891.52834699454,0.042188175494503974
112289.5975319149,0.04156783419653272
112692.39177895275,0.03817334042658832
113104.30890632998,0.03828682442937966
113515.56849548475,0.04037909456520875
113923.32514080901,0.040052624784397355
114318.83665814152,0.04151055702747359
114706.07970027249,0.04159157067865861
115094.19935225432,0.03970011870549914
115475.6272128624,0.04036875101987139
115873.01841746249,0.04096481507351437
116267.9030199915,0.04085289653271129
116663.13347566183,0.04133454592068991
117063.74993614304,0.04130358239969586
117461.69901006998,0.042534466654264906
117870.90994291556,0.04181664130488576
118289.90435226982,0.04003602495307672
118716.50439982914,0.03975497166089922
119152.67880851064,0.03945638422152452
119576.72531311237,0.036778323322868824
119975.77451816476,0.03818089801179268
120368.72620878182,0.04101264549557197
120757.06993781413,0.03820949685582419
121149.76774908378,0.03887940241411514
121546.66811594203,0.03889576173020797
121954.76614623326,0.04007478459847704
122343.75604564033,0.039710560929734844
122725.5163326226,0.04042176940259627
123100.30492278816,0.042668554494730816
123452.31469485168,0.04031597925202596
123803.08620102215,0.039448853351007715
124160.45359064128,0.03802126463223546
124530.5769952251,0.038858965176248976
124897.61749936164,0.038716349053006326
125248.74462457337,0.03841293515046805
125595.44456753302,0.041055555689065895
125957.180568599,0.04021043218173769
126330.56826316686,0.03869592096218686
126716.83310568551,0.03975129615525501
127096.80610855878,0.04026740468353224
127480.03638537752,0.0384226941834638
127862.19226830517,0.03932787176377743
128243.11176370447,0.041347256008112426
128634.70827656676,0.04012196396851811
129031.3410912191,0.03966062474818271
129430.0687244202,0.03941325140553978
129840.51609322974,0.039853982776508846
130248.87735126393,0.039533549197519655
130654.37079706434,0.040649705885186446
131047.83421456593,0.03971579249086835
131451.55012787724,0.03857199065067657
131863.95277469952,0.039538403989384074
132300.96667802965,0.03966966778044259
132736.68544120158,0.036762022813548526
133161.173668513,0.03713771981559853
133581.88666382615,0.04233325795311454
133991.67061732605,0.04089602843668449
134398.99812446718,0.03948936810697472
134798.3052164262,0.041579558512026576
135210.12460634948,0.0411802557142708
135607.18025787722,0.039517823950614366
135988.20846822287,0.042769302091781945
136354.81470111708,0.04300649618751199
136719.032937964,0.03931555669995716
137100.81485899293,0.040685325986410927
137490.44903346675,0.038522199712665885
137891.44727644703,0.04020425200696349
138294.3146595963,0.038719227131229175
138691.3699829932,0.03962279132585823
139080.94699103714,0.03726233304664372
139461.5632830478,0.03714685578310688
139847.47784216807,0.03730101700501186
140253.58947458206,0.039712655839079666
140648.72372346773,0.03884818308266371
141047.74268407133,0.04017515157665389
141453.7149791365,0.04196627043118266
141857.4027268854,0.03926428347442571
142269.83840969202,0.04181384759905397
142688.54658703072,0.04298084938375574
143087.46621794326,0.04448343128916271
143463.43154127972,0.04399489641316322
143832.77161389435,0.04455837455926473
144196.39140811455,0.041439133322003975
144556.4240797546,0.04342826730725772
144919.02053860575,0.04239714145754459
145295.19500341063,0.04321824547195318
145680.77070172442,0.04031526807505586
146075.9411764706,0.04145075405649419
146484.8423746162,0.04389494777441755
146888.25100110762,0.044249921679570724
147296.9265232975,0.04471303765759374
147710.29386189257,0.04191500952743179
148119.32756268122,0.039563996121042486
148523.88956950826,0.040744205680114824
148921.40109187068,0.04361455319277671
149324.57358587152,0.045894534911542294
149736.76015671578,0.04652674487721527
150148.97936738,0.04413923722373756
150556.29331514324,0.04261788682328537
150977.06880068287,0.04185177955468635
151396.3993351517,0.04374095467067269
151811.18535586278,0.04716120694321022
152212.172404977,0.046537972482506365
152624.3192468263,0.045870844013038564
153034.93719064686,0.044791707485330026
153446.53484008528,0.04305679977162421
153853.57688707343,0.0431823556598475
154268.78603104214,0.041254915919309694
154692.32278427025,0.043186265424079925
155127.98152247956,0.041955196402744435
155552.9393939394,0.043575236521148385
155956.73572037512,0.04300382362637655
156358.61992840096,0.042427681821341615
156761.5385926052,0.040166682500523965
157161.91870196414,0.043462537136398076
157563.58971739872,0.04448903424808342
157961.12117074835,0.04437341380678811
158354.97921458387,0.044786948691575755
158759.74955216242,0.04576551536876431
159171.90936271998,0.04485134304712267
159588.23965605313,0.04635331859320979
160002.41803627694,0.05044194159830269
160425.62590664733,0.04674049029465572
160843.01979860044,0.04206496197132464
161272.56099018353,0.042364688462295845
161703.79243197278,0.044365588051422086
162126.01073894143,0.043609291450260566
162544.08524814213,0.04979404538465909
162972.39824516568,0.049125764943522825
163399.3262888794,0.04568557534125138
163816.13610022157,0.045959698272949885
164232.7094571526,0.04773043057458175
164642.71141396934,0.04473255426602541
165041.37416879795,0.04280859286610876
165444.03211205057,0.047124790592874034
165846.8659952202,0.04620889021508137
166244.7029694546,0.04324081499407296
166653.11339766032,0.04560056997425394
167062.73997104165,0.04666418602173619
167473.66516068537,0.04707264021010707
167890.88754162754,0.04245519612183748
168310.0158973051,0.041818508657051785
168708.59984645568,0.03877642592215718
169096.76762424345,0.039764342219027964
169479.56535863897,0.04115990403338545
169851.6683703893,0.04349652369345211
170221.96421877661,0.04741523106837644
170608.51026667803,0.04425304680355469
171000.3472624936,0.04613647284288572
171396.76290418906,0.039930942227733184
171792.70767004343,0.040616157584261625
172190.29918907385,0.042210190784424374
172594.17634536786,0.041372683677424485
172994.56433447098,0.04333649904461074
173382.48615489478,0.04047352333384344
173767.15404298875,0.041006694642138165
174164.01603001365,0.03770512759609074
174561.04391949513,0.039020577522980236
174941.95399948888,0.04194702759357712
175316.35896560553,0.04262197665703045
175681.75605182408,0.045362307801131735
176049.76934892056,0.04166012122287972
176420.5935847125,0.040216270175295554
176807.8461669361,0.04116505974352099
177182.34556001023,0.04223380239079006
177562.07178175618,0.04228204674924406
177943.68457405985,0.042993575323032336
178330.1630369801,0.04241435399444048
178722.36220539437,0.04100617643631121
179110.2190776575,0.04037460181137309
179486.34302028295,0.04334224829890105
179857.48731311405,0.04261676957885352
180218.59256106903,0.04398527031997261
180580.20216483422,0.04062403710273647
180930.15956992918,0.03955335311240387
181276.75416275297,0.04079137739286297
181636.7085358574,0.04250520354506025
181990.55349233391,0.045825798324821566
182349.48417100435,0.049099316348065476
182710.77759767958,0.040609941492096145
183084.95698376265,0.04173957227985818
183455.13913563374,0.03991258036252232
183827.54147131531,0.040365511455661675
184183.77688835902,0.04093472241343636
184543.2537287991,0.04172502169515302
184890.13489085948,0.03948256320487101
185242.3407578085,0.04027550558550075
185614.66430944877,0.04174874851176444
185977.82618702584,0.041727523491596634
186341.38466791873,0.04097494302696486
186702.53901918977,0.04072071827759354
187067.45737425404,0.0412601760228608
187434.65991489362,0.04039640939686563
187803.840443686,0.04233988955196015
188170.30747567845,0.041586836771843924
188548.46075927818,0.04316654802970957
188908.53822525596,0.043959292159691174
189260.30827645052,0.04400327431550995
189604.17891509837,0.043406861204740486
189943.45293967062,0.04026077930121065
190284.7781186094,0.04235340008050169
190637.2615882754,0.043324767187908717
190993.6026614348,0.04305281342261153
191333.9949615713,0.04057661345332025
191672.64240721826,0.03962011314474264
192020.66646778042,0.037809987926921175
192378.54652351738,0.03846914370266004
192740.29558836078,0.04002916667092949
193099.3879185482,0.039792922897091854
193458.4521753996,0.03893768713744843
193811.4521131561,0.03884596483757413
194172.28112210095,0.03992331226056338
194528.31305827308,0.03974383682353565
194872.7930534221,0.04069676104431508
195213.23383593152,0.04020351080434988
195548.77527514717,0.04033288789662873
195884.69645450663,0.040231753229952635
196228.47610936037,0.040142504004411696
196575.16453646898,0.03890561819129586
196926.40150286056,0.0409183893941935
197269.0094395782,0.041936077763741364
197605.83080204777,0.042194180786085014
197958.23225420687,0.04197547452276376
198303.26252232332,0.041231572850194395
198649.29480508404,0.042807238299405886
199003.69402030198,0.044585754651528545
199368.68147327137,0.04279202881956032
199728.25446009389,0.03974662970998974
200075.2072724176,0.037487355722873934
200422.58608932834,0.03966980493054437
200784.32306773588,0.042781191172830975
201135.27435286104,0.04348170317766974
201483.72531785988,0.04575759942765849
201849.23999317232,0.04030339645065628
202225.02742059098,0.04168065908848124
202599.34855338398,0.040897440215208865
202989.12848495183,0.04018926799019412
203381.55946199028,0.03924666547786073
203761.7501917668,0.0417924917026595
204135.60887372014,0.04408020079755285
204514.47207299396,0.04134015222173872
204900.4708737864,0.038817378997031596
205285.0097211563,0.038961446203926525
205672.5959552863,0.03914673858069855
206056.34753344127,0.03959361004424342
206435.37675093953,0.037775319722514814
206803.3641859673,0.03981543482593578
207185.16683734427,0.041675630811215746
207570.32449710194,0.03839413802913497
207957.09756305386,0.03588674409503802
208350.13756297497,0.03602357083832441
208740.99311165916,0.039449987407188365
209129.63830514267,0.03787958583739536
209525.04845439838,0.0359029687698611
209942.35173353777,0.039315577015811294
210378.59542701134,0.03776199411072403
210820.62577838436,0.0375560216500391
211263.4125862216,0.03781687467840313
211701.40419902705,0.04051367808660761
212124.39578713969,0.04014538191396849
212565.09544950054,0.04340088613314478
212998.421997278,0.03855118443792777
213423.4331769723,0.037088081790788874
213845.37909836066,0.03867514102839228
214269.2294383363,0.038012015364143524
214675.46544680852,0.03895190088055488
215080.62608769836,0.03878097069567006
215485.71312941978,0.04050447419645941
215885.52397231007,0.038326369099783764
216281.50323900444,0.04113534564557302
216690.78723585547,0.042130664031939685
217081.55811179278,0.041370770124209394
217469.3623274834,0.04051445336063561
217859.21543325926,0.043309188374109645
218253.30009359313,0.03979539936775215
218644.6388296511,0.0408385016579256
219035.67115581315,0.037125674881787425
219437.1777758812,0.03694296070444846
219828.83463963197,0.03868402467634431
220224.92723244717,0.03765626486134223
220625.93001024242,0.041963192070497556
221034.07388155092,0.04340418991791653
221451.09016533152,0.04144464153892762
221867.80757420676,0.04062217873320724
222267.09429301534,0.03809673866959769
222684.52081200955,0.03626458275333499
223106.08668941978,0.03799582091165911
223530.7371204367,0.03954734004098753
223953.01116033396,0.03867459008198403
224370.48866927926,0.03994333646132725
224800.32552773267,0.03791880749324745
225228.93338437978,0.03898578850056491
225650.05387435,0.0376942496310462
226074.55279767996,0.040411928857580694
226495.05073328785,0.03802239860260182
226913.04839809134,0.03931755679164687
227333.928973397,0.041944585413147766
227749.79491337374,0.03919936640968018
228163.61868234893,0.03959878496411437
228587.50029840565,0.03831599268309928
