D,r2
6.179035752979415,0.8220965979424476
9.173522595596756,0.8079910934773787
12.176607506546407,0.7923602210509066
15.195223880597014,0.773152519752629
18.17565112053301,0.7586551759265586
21.067374709591768,0.7574105748321335
23.0,0.7350487287909134
24.189470365699872,0.7327154948972209
27.174422388545395,0.7241769237827905
30.19088792816761,0.720111367488647
33.17118307997356,0.6996669918037497
36.17354533152909,0.6934954280629699
39.19283837056505,0.6855884842517957
42.20145883987496,0.6718862810119294
45.1852487135506,0.6639566272750087
48.19226713532513,0.6596549871268093
51.18188302425107,0.6452685786143842
54.1876151861408,0.6283068441024596
57.179618768328446,0.6365896855743898
60.19902731013842,0.6328199284441122
63.184240578606776,0.6269556328794823
66.18246802106847,0.6215567585735688
70.5068409230141,0.6045313917298719
74.98651047213347,0.6007911265758221
78.1779728651237,0.6025381726996369
81.19429947812124,0.5967135487492422
84.17926394934705,0.588770202005473
87.1847519160952,0.5875265469732063
90.17708333333333,0.5804190953101962
93.18311582381729,0.5773684445996905
97.47630866425993,0.5782035395072251
101.99087258123403,0.5579376336035484
105.20434961017645,0.5449947052459659
108.20657672849916,0.553746010649179
111.20263736263736,0.5456953560493583
114.18859837119588,0.5336125636328909
118.49653689992834,0.5383982394684174
122.99923195084486,0.5288370904814842
126.1869624264373,0.5266399097301898
129.21297539149887,0.5149771894072299
132.19165520403484,0.505478956169205
136.7010845006778,0.5129039028051721
141.21040299906278,0.5176947489664268
144.21608040201005,0.49463615898060176
148.50037230081907,0.49636050680529853
152.98559670781893,0.4799404845232364
156.2270577105014,0.49409535593139625
159.23246878001922,0.48844060792839694
163.73311289560698,0.47855047490604175
168.24167057719382,0.4764868540720049
171.24215033301618,0.4718626916728169
175.74650306748467,0.4724996479627011
180.22374429223746,0.47071676916053334
183.2301013024602,0.45675431833788077
187.75049115913555,0.4647487183518958
192.24669379450663,0.45058912871742574
196.5126096491228,0.45805324856028284
200.99361158432708,0.4412342194938158
204.23890063424946,0.4481262233906614
208.76452753916118,0.4349492845931821
213.2588294651867,0.42765904433415913
217.5037768739105,0.43568112062536707
221.9779756326148,0.42823989343414337
226.51673517322374,0.42852805374991604
230.9978041282389,0.42611709761481165
234.25879265091862,0.4229618103003043
238.77962466487935,0.42540782815432576
243.27903137039075,0.4179518062609515
247.76772616136918,0.41892693539205966
252.28764166216945,0.4076260388948625
256.8180574555404,0.4044884727158035
261.2857920522591,0.4000003319429067
265.8310903597913,0.40100918092920357
270.31795160382666,0.3918170021086685
274.82177939938254,0.39431699955637256
280.49719626168223,0.3831551492126112
285.0295220243674,0.39015062360508845
289.60269058295967,0.3920803438917651
294.20614732379437,0.38376525741679074
298.8362369337979,0.380051539738249
303.34757167934464,0.3776562055321864
307.84146702159126,0.3745661471213008
313.66371960846226,0.3709969501328355
318.18877005347593,0.3630574627737626
322.8765395013518,0.3699890653952994
328.62639894667547,0.3634681195194624
333.2107765451664,0.3535865085444423
337.8560250391236,0.3657248444505897
343.8694179242378,0.355258339262531
348.38994481912937,0.3571250575647858
352.8665835411471,0.3620664573865729
358.8949785670545,0.35415862760023853
363.4019024970273,0.3441023271038553
367.8768292682927,0.35161588949335987
373.9058163566578,0.3530035018536204
378.41524390243904,0.3570029271587279
382.8815136476427,0.34943381049165817
388.93138776777397,0.3474982717814855
394.47118521203333,0.34335409256640614
398.98871442590774,0.3370853998794078
403.9375600384246,0.3421579134937401
409.95490381583096,0.3329232663282629
415.45912187736565,0.3418663004694891
419.99131767109293,0.32814141547192155
424.99146421536443,0.33494940454910577
430.9547985587946,0.3358170449412991
437.00532091785834,0.332110306620191
442.51237721021613,0.3306023172745891
446.9931271477663,0.3146995735823661
451.9721037085658,0.31275036124785377
457.9806582965728,0.3250415410178448
464.00139275766014,0.3253114855128794
469.990906028966,0.3145942173714152
475.7762237762238,0.322122250700933
481.2633262260128,0.30791438707574187
486.02530413625306,0.2954893604026031
490.9896459585838,0.29844673945186895
497.04440734557596,0.30946367774030914
503.0167980802194,0.3027989394838565
508.68884688090736,0.3075642341188634
514.2548945783133,0.29667439545521246
519.9637054960249,0.29953549003506746
525.0129735339907,0.2925497207996519
530.0410292072322,0.2979365680834158
536.0510623714873,0.30469619186733105
542.0328786288912,0.29424050480763114
548.0916277398491,0.2942591680500026
554.0339157245633,0.2890840351368972
560.057152999645,0.2838309622642905
566.0548992355803,0.2866890770291699
571.7667731629393,0.2834195276066537
577.4947520810713,0.28373570251652913
583.5163663111438,0.2868471283825076
589.5398100803507,0.2754367629097353
595.793485560779,0.2782655132560683
601.7449145646867,0.27769190861013193
607.7716723549488,0.27850283594443315
614.119926199262,0.2738618420015386
620.0844911753661,0.283594989845543
626.1309567115314,0.27466751874948514
632.0892525102269,0.2704967112482302
638.1272522522522,0.2743711748948536
644.0650887573964,0.27101167179313757
650.0911808669656,0.2643829318366839
656.0785928143713,0.265193859888134
662.10286360211,0.2658147303905412
668.1089837997055,0.2739523405673653
674.1339183517741,0.26212685919978773
681.0038348082596,0.2670278163355492
688.1804670912951,0.2535143576886097
694.4904706339945,0.25801201781849803
700.8564373897707,0.25696444020208675
707.1187122736419,0.26146248359456936
713.146677471637,0.25633889780116587
719.9940975458217,0.2507844930046758
727.1294658648744,0.2479232039994671
733.8317046688383,0.24707399343556036
740.152528872959,0.25227451512583643
746.1415359871331,0.250101769413144
752.967972636816,0.25486267537361074
760.1752090149037,0.2493379830800717
766.5346764819838,0.24778616868573403
772.9350018677624,0.25309012350149296
779.0912092447379,0.2541556812598803
785.9658146964856,0.24978334720140008
793.1968704512373,0.2412129226381905
799.8858578607322,0.24026783359386522
806.1545972335232,0.2421728358428776
813.0052373158757,0.246913427451788
820.15733143061,0.23870973031792272
826.8183556405354,0.2483620426679734
833.1510152284264,0.23977091363855513
840.3312004875077,0.2429489724890903
847.8625,0.23667287198684556
854.211044520548,0.2407207067085778
861.3318978775761,0.2465964558506058
868.8922725542444,0.24743428607916987
876.0309939437121,0.24138730565454683
883.1479357798165,0.24025575596001952
889.843982751862,0.23980979528495397
897.3281053952321,0.24295904249553477
904.9293123319247,0.23741257634533505
911.2218309859155,0.23858973750057244
918.3348938826467,0.24432974348650338
925.8330011956955,0.24506173896957037
933.2940231362468,0.25157992865531
940.887396286053,0.25121560894103023
947.937030411449,0.22888601420356247
955.5366752672319,0.23861273235396424
963.0664488017429,0.23530918862038983
970.520942408377,0.24513934542452318
978.3907150118604,0.24100002420504837
985.8853002070393,0.24252945996090156
993.3851188425766,0.2378784043200822
1000.8677313677314,0.23088643277225313
1008.4088830829523,0.2374912250546194
1015.8726038338658,0.23294744937622394
1023.4022988505748,0.23826622990398008
1030.8999155405406,0.24130880606149252
1038.384792626728,0.2385044647120153
1046.6658587257618,0.22959601564013765
1054.497568275346,0.2390003159929546
1061.98834148176,0.23409213688389768
1069.4535809018569,0.24286619390612105
1077.3917987594762,0.2383092466694931
1085.6070528967255,0.23535837744604846
1093.4798464491362,0.23581797359285955
1101.395150273224,0.24147910326083205
1108.9550561797753,0.23780861320446595
1116.6824583866837,0.2313963652174498
1124.9930097087379,0.22121455032077564
1132.488416988417,0.2249488749582923
1140.7745358090185,0.2334203735263189
1149.3979447200568,0.2281121724369915
1157.605461731944,0.2292383664647702
1165.4901809780515,0.23938897503935536
1173.4560055865923,0.2276997573508866
1181.6129149945275,0.22300604284774775
1189.4994228549442,0.21924805984371853
1197.4300773014756,0.21615132288920505
1205.610864745011,0.22205493507904817
1213.5036637099884,0.22727584099249382
1221.4447622452628,0.22074095473231922
1229.5752508361204,0.21604929766249475
1238.0981245813798,0.2257673775925608
1246.4264648816454,0.22821205430038172
1254.4425392192632,0.2133198553222476
1262.5279733234531,0.21670518810629283
1270.4499229583976,0.20967453012867418
1278.8880217170004,0.2138374371532089
1287.425412293853,0.212572824011349
1295.5967800951335,0.21141817026174822
1304.1076015272474,0.21351437818224742
1312.4,0.2162478397211152
1320.8821721311476,0.2123266919821066
1329.4431072210066,0.21496114808349467
1338.0668044077136,0.2137053802271231
1346.5705521472394,0.20887493827049247
1355.1354353278396,0.21039398062896567
1363.4796325878594,0.2046497323687819
1371.8845191276368,0.2109823619501252
1380.8587570621469,0.20641138651212051
1389.8099547511313,0.2079589541352972
1398.5050860719875,0.20530902914829585
1407.052540013918,0.20907210392140896
1416.098452883263,0.20908798905729745
1424.510934393638,0.20804506642376736
1433.022865309039,0.20513336968733556
1442.1016513761467,0.20135935648639505
1451.101094890511,0.20233601001240045
1460.144318597004,0.20139351384213997
1469.0509936257968,0.20476378629764247
1478.533447098976,0.20087861148594566
1488.0826231937754,0.19872288839991836
1497.4556254367576,0.1869291122040962
1506.8479880774962,0.18609172701024543
1515.8575769084694,0.18518517472727078
1524.8315438726397,0.18358900932102915
1533.7422603506154,0.18315210916212407
1543.44612286002,0.1912272539721695
1553.0602996254681,0.19021904255189825
1562.0246628131022,0.1855768012486757
1571.6097053726169,0.19153285031484957
1581.0881470367592,0.18327212386114158
1590.492927864215,0.18863982486599357
1599.8722264728385,0.1828615914096077
1609.43908365151,0.18803508779774158
1619.5781471004243,0.177213571393635
1629.4201117318435,0.17947718322996742
1638.857801691007,0.1826528033967817
1648.5184155663655,0.17954137396644101
1658.5819878005022,0.17844341819884837
1668.4551049963795,0.17661343157208195
1683.8759944655828,0.17399938190926467
1705.4567134923227,0.18034345660148773
1727.9405972045743,0.18195773417463643
1750.5022325119894,0.1831394301812458
1772.621473614338,0.17409884206331175
1795.1531749878818,0.17454002453948447
1818.047877591313,0.1717484328614179
1840.4953255699525,0.17464379236214467
1862.5490698071344,0.17259365655349193
1884.9786140583553,0.16782555173497807
1908.606494132776,0.16690860835696997
1931.9501171744225,0.16684243781343053
1955.488068724149,0.1725653385532231
1978.9737058340181,0.1718650546314717
2002.0048268974701,0.17760002784314363
2025.4475524475524,0.1701929338559214
2050.042799023596,0.1705614356393088
2074.957259271578,0.17358000160489573
2099.9438545688545,0.1705349554527205
2124.4247936668353,0.16500449492582991
2149.0200361307275,0.15889057309558924
2173.927169936814,0.15531335254144907
2198.927025254182,0.15442275287743096
2224.5155748233783,0.1579590514300543
2250.5478117258463,0.15626114589899434
2277.036755181347,0.1520313166332977
2303.566535365645,0.1540176694263481
2330.4719278823345,0.14986906770576977
2357.5835897435895,0.1509898183423488
2383.8525126862005,0.1602251208532086
2412.0328630971467,0.15245333132007166
2439.916266754923,0.1469244812500669
2467.1006656924824,0.13925493730584185
2493.494382022472,0.1369526412983725
2518.9074515141206,0.13507898129470997
2544.9077045274025,0.12994574447305007
2571.3141697666556,0.13137101804175239
2599.0221360478267,0.12887438423560638
2626.8703672648,0.12939309196472512
2654.864704941628,0.13515558457917853
2683.3518052057093,0.1312920368469286
2711.895488105004,0.13040762747970075
2740.994325551232,0.12821020615784098
2769.479415224332,0.12974117051410217
2797.873338802297,0.12463865395753947
2826.8619577487502,0.1197996629750917
2856.106411103767,0.12312087121388499
2885.1565782891444,0.12487330609764243
2915.9235842985845,0.12565545610986611
2946.4796122994653,0.12572692270443978
2977.1516872160933,0.1267577735541738
3007.635067948293,0.1228011754670232
3037.4121485943774,0.1302901450973362
3068.287365678932,0.12325508305966103
3098.6554857898213,0.12073971210159823
3129.0435275080904,0.117665118493414
3160.1750741839764,0.118939122943259
3192.578381062738,0.11695482275492536
3224.8278769841268,0.1112318753532717
3257.7826014913007,0.11626938619661882
3291.347651222651,0.11529403973609843
3325.0339609952925,0.11538313971641355
3358.6900706940874,0.1104077162862621
3392.508429752066,0.11118836604353412
3425.9822339200527,0.11413469705834153
3458.8083136990913,0.10972744554514417
3492.3288480472597,0.10713232641638612
3526.5974740932643,0.10942892530276656
3560.1949333772004,0.10337138422684537
3592.925852036575,0.1032270171548316
3625.8410531448076,0.10179957867083138
3659.0455510204083,0.10213634712886277
3691.5268218623482,0.09755477369476168
3723.8838932806325,0.09617784990643088
3756.964543558479,0.0932802429181964
3789.8625210084033,0.09780173489895987
3823.5032658393206,0.09674308341520427
3857.7514965215983,0.09445339672656587
3891.9813115301185,0.09478885341582446
3925.3690841544176,0.09344711454989106
3959.513058129739,0.09068076085214329
3993.923561732385,0.09221332542230017
4028.923381770145,0.09940815692625218
4063.444166249374,0.09302384154823068
4098.7085995086,0.09786307493724257
4135.0961946758125,0.09433287406817532
4169.96538525545,0.09520790739284711
4206.505341534477,0.09580350907709527
4242.701352931351,0.09218409867423161
4278.87057467479,0.09462788147532719
4315.977611940299,0.09229179905607376
4353.068920249426,0.08913164590552038
4389.3728502254135,0.0888180250321807
4425.620226192427,0.09145101896816041
4463.0839218262445,0.0912160452593306
4500.294785326534,0.08589229454732418
4538.682737421129,0.08794503620870542
4577.867757555518,0.08476350369391686
4616.8741930144015,0.0868123666912462
4655.896174863388,0.08196393618768391
4695.413217623498,0.08433038969469052
4735.425,0.08599390291099805
4776.055822428359,0.08794322840906661
4817.680726800779,0.08623784983364746
4859.097597348798,0.08400186087651414
4900.322648534888,0.08057238221958714
4940.553237650201,0.08126237727404177
4979.925415282392,0.08200974170748972
5018.943686828173,0.07787867540404078
5058.223270440251,0.07999772896833407
5098.700965700966,0.0773554523402101
5140.368361029651,0.07846055820182178
5181.987769080235,0.07676606273727465
5222.48865355522,0.079710543409782
5262.580167735569,0.075655403193723
5302.515380898695,0.07319071222394719
5343.322322322322,0.07225440269035965
5384.7558809014645,0.07010568697843506
5425.385767790262,0.07011586316559604
5465.523880597015,0.06817067309559395
5505.302575806977,0.06636013609568435
5545.128454195277,0.06715808756191272
5584.95861061516,0.06426930508332135
5626.381705527474,0.06370202090693468
5667.754757929883,0.06623547897040556
5709.573466710397,0.06811432807660663
5752.1053146397135,0.06594594637894143
5794.4667998003,0.06628542943900394
5836.659841479524,0.06858987747070333
5878.3696999347685,0.06944869501892839
5919.713236521449,0.06515241942157253
5960.1533742331285,0.06744289576428363
6000.495778844562,0.06869597768695898
6040.983292383293,0.06935790829181421
6081.120904706469,0.0718883126212192
6120.3030650713,0.07426046231843565
6160.577654903236,0.07127916347331992
6199.8996860023135,0.06852910309429874
6239.23117482287,0.0685081281977749
6278.125574523966,0.06093556350230294
6316.960098522168,0.061846093251050886
6356.554009277667,0.06012744840577198
6396.400653594771,0.05745748943733917
6436.491196313971,0.05522085015171495
6476.200132318889,0.05898410287278413
6515.105263157895,0.058983497930718234
6553.692473474801,0.05987290652561018
6591.362844940867,0.062122016263713366
6628.892921662014,0.06387889626715787
6665.525092004014,0.06271973813337672
6702.023304741868,0.05876018043722853
6739.622384428224,0.05865306979467442
6776.383695469092,0.058883836474183146
6813.86963562753,0.05751725509395711
6852.456475928027,0.05852804193764129
6889.992357534474,0.05844070028819442
6926.240152900116,0.0571195460688161
6963.034834737524,0.05824904499112543
7000.11751922434,0.059426303280437076
7037.65257531584,0.059398703837076766
7075.400708621562,0.05896164471986906
7114.693245628108,0.05836933642560663
7153.3632934229945,0.056458735374889685
7190.086761778368,0.057621203065274906
7225.557759048092,0.057728042541729585
7261.571218315617,0.05594447136188484
7297.985719030223,0.05371804353481728
7335.393269548004,0.05635120070370434
7374.396113360324,0.05753573182673375
7413.579122340426,0.05720985668649842
7454.110675808031,0.057873286546972005
7495.545188080117,0.056181313356914765
7536.722323651452,0.058956088063348816
7578.758268882672,0.060942990051382616
7622.4978505291,0.061999524536883774
7665.8780566801615,0.06327144890297634
7709.466077679614,0.06185722380438134
7753.926028288083,0.05875384750130947
7798.980346435709,0.05926643769883566
7844.023588742476,0.05833121291109536
7888.559502074689,0.05846398386581982
7931.788094843309,0.05854802575552226
7973.986126794644,0.059880683029324186
8016.4414777497905,0.057977008698957715
8058.547903225806,0.059196495212598454
8099.419528619529,0.05920317916158539
8139.449003130664,0.05603131895779272
8179.655244530244,0.05840113007339881
8220.508021390375,0.0569292739667145
8261.628421570234,0.05582623716871764
8303.54951069829,0.057288863769498655
8345.258485639686,0.05628259167025444
8387.560831832323,0.054059120775352215
8428.937015663643,0.055633438399248926
8470.427709861451,0.05251721537056827
8512.836816585856,0.05390965801930951
8555.96105365223,0.05311202862058854
8598.76875,0.04997763859204227
8641.419790104948,0.0504538435052251
8682.987192118226,0.05330940754285057
8726.708963722142,0.054449113953250076
8770.572472189939,0.05440976061173202
8814.376216394525,0.054692222750759224
8858.94056634837,0.05419584469795494
8904.186245475485,0.05318741769940904
8950.045738729845,0.05100149721910893
8996.483198707592,0.05167162249808308
9042.128533859302,0.050929175947316704
9087.618208758644,0.05533239147933737
9133.631473102061,0.05526532923130861
9180.46080682191,0.05457858983497793
9228.46263754311,0.053394591961423106
9276.168643379366,0.054115838146460336
9322.363681102363,0.05091478978480359
9366.925228975853,0.05180725900455433
9411.324730480235,0.05205137114489498
9457.357353422864,0.05153274771458858
9504.151229981839,0.05305505790359916
9551.901004776808,0.05140270203649885
9599.952341414812,0.05356034479352784
9648.340383989587,0.05362318468981027
9694.956405990017,0.05364777819329476
9740.899658481054,0.05188120075894004
9787.720442536327,0.04922061734641177
9834.962301262089,0.04666112521313201
9882.513455858221,0.04654154753860835
9930.18826446281,0.04630854582124791
9977.147293258055,0.046997299733736064
10024.168112620724,0.04587729311296884
10070.556957875759,0.04775044067505504
10117.549966688874,0.04535825361461924
10164.541802743304,0.05011206858124688
10212.43441282303,0.04687028590999424
10260.034544859202,0.04893485070988785
10308.409672594316,0.04656293591734925
10357.653858625163,0.04396219378570296
10408.406395736176,0.04048722084161803
10459.05960591133,0.039130329414938325
10510.337624246375,0.038782540253985455
10561.436988816558,0.041965364921343506
10611.3320729903,0.040898946932378596
10662.987985516787,0.04130963833442545
10715.001301659617,0.04404037909827998
10765.964516663904,0.044892610950729966
10817.78985035784,0.04740172435630287
10870.54530395892,0.04464896503160384
10922.635321100917,0.04352573577433935
10974.57945451576,0.043010251920205224
11026.132784184514,0.04617993333650315
11077.557501652347,0.043851010926241524
11129.157390586292,0.04488744152597137
11179.257863695937,0.04483261320105392
11227.662211221123,0.046066809682262
11276.426186579378,0.04399251001910445
11326.284872298625,0.0434339060766439
11375.505777926646,0.04247925419278683
11424.623592755752,0.04476759412982853
11473.533816027646,0.046980947458959886
11521.048305223514,0.04900964562382878
11567.801098535287,0.0508987184923325
11613.851112943115,0.04682741375905767
11662.337162271477,0.046881176455789556
11709.566323138299,0.04409882898628663
11756.482724902216,0.04560261365112495
11803.795364238411,0.042398973931081024
11849.023706896553,0.04413641735221165
11894.619008935824,0.04343759379068044
11939.88602329451,0.043418117651965474
11985.027542372882,0.04409944216416376
12030.959421718417,0.04099357870951498
12078.11856932876,0.04007825315798214
12124.791074380166,0.03774598525279377
12170.130977814297,0.04060842850092244
12215.424909628657,0.0387073254900735
12261.495111847556,0.03994816842596839
12307.417343293277,0.04130067467663659
12352.920019953443,0.04231659591354209
12398.473388429753,0.04110323576421049
12444.607698607699,0.04255083039539772
12490.113576594345,0.04111088584277529
12534.639171869865,0.03967920972703516
12578.40509449466,0.03916764591656955
12621.806258322236,0.03868722350738381
12665.515249314185,0.040934547502290475
12708.986910555463,0.03905939336682097
12753.891798985103,0.04077599344797173
12801.249262053132,0.04017539432960092
12848.206941502363,0.040673128413043165
12897.043056696795,0.03969522854073989
12946.001830587453,0.04130313467655287
12995.680591677503,0.03928195388013954
13046.798739007798,0.039881345559213105
13097.94569105691,0.03992345069624114
13149.226168841897,0.04145469677108723
13199.737677803507,0.0425938736973597
13249.699004975124,0.04275761150031139
13300.127698138078,0.04028758481546553
13351.369522882182,0.040902726989309184
13403.892715231788,0.0416935441838799
13456.012749264466,0.04248416776545525
13510.000498007968,0.0405827471521751
13562.022926829268,0.03849527533665287
13611.724577674726,0.04018580187698523
13658.899004975125,0.04247097936133854
13706.109403107113,0.04116679079511988
13752.369735553379,0.042029121764027226
13798.648136036625,0.039986855482467866
13845.081385711917,0.03983761904900377
13893.231345715216,0.04183581434856668
13940.933288970222,0.0362870640497429
13989.07310231023,0.03520444514462233
14038.530102790015,0.034446969013306294
14088.633376920563,0.033208861707564596
14138.136618325643,0.03558934739332062
14186.307705026455,0.035579663518429054
14235.50082808877,0.03531668842214622
14285.402675803556,0.038705666161590276
14335.16253122398,0.0380541288348586
14384.509464751958,0.03890996922614177
14435.395080072643,0.0358663704750579
14487.900552486188,0.03369529067393314
14540.184897554527,0.03627977017077479
14591.49174161897,0.036642748100755296
14646.652860944778,0.03615781193696339
14702.394984326018,0.03826721576894534
14758.94403654756,0.03739896227901159
14815.150952693824,0.039876594819170164
14868.982803799541,0.04142109311579395
14921.245844414894,0.04322153900252946
14972.808275634685,0.042537851721856895
15024.923762376238,0.040857212936626655
15078.562712964465,0.04131022987559073
15132.009166803078,0.041502471463120645
15183.878495339548,0.03994834197610214
15233.155257936507,0.03862714754647201
15283.588863337714,0.03792628113957999
15334.07835759856,0.04044389573419977
15384.160846040335,0.041757127333086036
15433.840451644575,0.04082734645948189
15485.446941118584,0.040424014734831704
15536.550049718264,0.03861658352585062
15587.558445834706,0.03853459938743142
15640.547681683656,0.03798917034803329
15694.629945821704,0.03435935148235536
15747.56106106106,0.03578156058850927
15799.05063913471,0.035608903850470684
15851.256647211414,0.035651741016855046
15904.495526838966,0.034849446592056965
15957.307149885208,0.03760683237973028
16011.56938976378,0.03794733343661739
16065.085875331564,0.036454900358526894
16118.554271765663,0.03412841303596045
16171.838709677419,0.040362401700782286
16225.508817343472,0.04284301585018798
16278.442726517042,0.04278115481426845
16331.556426588273,0.04125757284216651
16384.86359110521,0.041327901881057096
16438.881800197825,0.04212898836961239
16494.573348631373,0.038223863370507524
16550.692104829406,0.04179322638106977
16607.944951140063,0.04267157435738226
16663.50822097994,0.04460343424453043
16718.293892494592,0.04175105104351081
16771.606020942407,0.043427341841500974
16826.11227324726,0.04249311317831073
16882.378517047335,0.04160909051433721
16939.923228670064,0.04646151310313502
16998.457823354285,0.04652621056331179
17055.84463185209,0.04112871256281732
17112.632693911593,0.039506393916882224
17169.237448896158,0.04093953544816285
17224.925804870076,0.03879090724356128
17280.82199301281,0.039776518101511955
17338.310423452767,0.04472741620946413
17394.879089852184,0.04621041589682885
17451.197814742336,0.04637876705151045
17506.32775198939,0.04018648055793262
17562.80511551155,0.03656809231664273
17621.18548782481,0.036087568389481996
17682.563375692407,0.03418143654149823
17743.89174403183,0.03534491863420851
17805.962497961846,0.035195190710873764
17868.462,0.03322524812079305
17930.787359137677,0.03462832763072782
17994.55705360079,0.03873046874393472
18061.30857517626,0.03596801499925665
18128.805309734515,0.0368738053603347
18198.893497013934,0.03891001131263545
18273.503034279154,0.04016058627353982
18359.188508396444,0.0365549532494452
18449.097138184792,0.03218204130625265
18541.526027851458,0.03081485846953879
18633.828017099637,0.030799761387984334
18721.01149802891,0.028241439363488684
18807.44270403957,0.03311679931166919
18896.112276675954,0.037339819122193516
18981.455792431003,0.038261059321793967
19064.902982628646,0.03845834996374995
19143.403029305235,0.0389639264563019
19216.562233868328,0.041178271718623816
19289.645806028835,0.041484460033249876
19358.894354572465,0.04160139204317505
19429.945541296478,0.04256985171134236
19505.819298820446,0.04370766786807308
19586.568276090926,0.04150324752856872
19672.412510288064,0.03669601567395538
19758.12305423562,0.03452429959646007
19843.008525987865,0.03689556679212518
19924.769053117783,0.03874404179474735
20005.44327176781,0.04106323762603106
20089.756481785364,0.03984650260383716
20173.085747202105,0.04163852125618458
20255.473008558263,0.042829539111034334
20336.322005938633,0.04442929722377692
20416.70743720243,0.04410559205029443
20499.819878827573,0.04174118478355524
20585.315919172004,0.03539414144107476
20670.0665783372,0.03248793477411783
20754.238306982872,0.02948778617850004
20838.208899067562,0.02969734163514323
20923.948034862686,0.02900702561654688
21012.225593667546,0.03038110288643522
21103.905035263244,0.03362317833376453
21193.308224822813,0.03701577293718976
21280.90622940013,0.033281712834082385
21364.910024449877,0.033145097981546356
21447.174277266753,0.02997989226219437
21529.620803704318,0.031402785960744896
21607.44819119332,0.030128410117492666
21680.878097125867,0.030785073258718213
21749.704507789196,0.028960088386336763
21817.068441685722,0.029463940995544884
21884.27754967975,0.029736547488290768
21948.240959894807,0.028766918849304227
22013.16119900083,0.030015297367109655
22078.976630963974,0.029127833422607323
22146.69090909091,0.028258959419070806
22214.62607260726,0.027377377401989887
22286.16034651847,0.029181481354327132
22363.51692408807,0.030897740043741323
22436.383211678833,0.03136495634167918
22507.256809977025,0.032025031999124216
22578.146194054232,0.030480311411810918
22649.988799209357,0.03058694497402281
22723.780203545633,0.030562760870549488
22798.855498931447,0.03294154628905834
22872.283371977475,0.03091273465918945
22943.702317880794,0.033703720959066596
23015.433214169647,0.03622372947320496
23086.848891095662,0.037511904671743056
23156.000988305055,0.03399399011402744
23223.8014369693,0.03655391755543821
23294.593965234504,0.038553426421209014
23365.157038512618,0.036326412516443245
23435.556435643564,0.04009005898699464
23506.019327594608,0.042886710064085204
23576.123740294068,0.04221978149830216
23645.43513468848,0.037620782768293164
23710.52855727963,0.03590366426051504
23775.420966954258,0.036907533591006805
23841.810324921655,0.034909021220506216
23910.521596858638,0.03710055474126889
23979.968293492697,0.03915791674998077
24053.472926549977,0.03831478421677462
24127.478849966952,0.036340065062366964
24201.106023305434,0.03280958943545224
24275.21291905151,0.03001577408600824
24349.42700365813,0.03417510943787929
24424.113940797088,0.037469453180903826
24497.33420664811,0.03280477085691008
24570.212001967535,0.03288516255565972
24645.026479241584,0.03197879601831516
24718.119861317486,0.03189608616004736
24791.716546997388,0.03438364408595445
24870.344965104687,0.03183949691949516
24949.529565929566,0.03222623213730961
25029.278943022295,0.030488253589117473
25114.346430910282,0.031607279066446795
25202.780343007915,0.032107147855845806
25290.37555084054,0.037103371722442983
25377.00576511283,0.0426086680986636
25459.045131426683,0.03887577175343503
25541.081642670157,0.035726009883210716
25626.634231536926,0.03575607734856651
25709.69782644223,0.028537689269000497
25790.14792415822,0.029594726069752567
25868.174867899605,0.02993416789841513
25942.498435698995,0.030564040909713736
26017.832155186585,0.03062299759850566
26094.789187407285,0.02754757400148583
26169.180177223498,0.025487823473342955
26238.754238683126,0.02417889161902256
26307.866633696012,0.02484939849541632
26378.91012345679,0.02459855396915945
26448.674102017387,0.024302072224659882
26518.793840039743,0.024127896355415405
26591.974584555228,0.0232417997036616
26671.227640932386,0.02543585928277665
26749.644907331476,0.023742120631657725
