D,r2
46.730373083085375,0.13806454870823162
64.68890955591723,0.12708037352010912
82.61134610599652,0.11805217124887243
102.2340848806366,0.10967863005647126
121.68852034205753,0.1059723903877325
141.21655328798187,0.10385491293765774
162.1789159393661,0.10132989917659474
183.1951724137931,0.09973977059264623
203.92904603701945,0.10271877199214685
224.49254079254078,0.10110355518781784
244.55980366830278,0.10530746485718571
265.55823117338,0.09900777289882215
287.97404172731683,0.09567522270425345
309.3205224817885,0.09775886380006324
331.7749778956676,0.09707972493469508
354.40339915021246,0.09445208591704682
376.8368667708101,0.0949054091276667
400.5241574357766,0.09352730332935245
423.02972027972027,0.09128911550549605
446.06427136799823,0.09292347864814864
469.5576652601969,0.09061033893812866
491.92904986355745,0.09232570558849813
514.9719370294318,0.08943405638582498
539.0987888862503,0.08828821314090354
562.8184480234261,0.08867254667050133
586.3045476536042,0.08667366729477938
608.866531337224,0.08527080096127192
632.0382075471698,0.0831076124625644
655.3925702811244,0.08254132257276749
677.8656297807241,0.08585774998359742
701.3140515786937,0.0799329844896848
724.8583353207728,0.0801378939383462
748.2128174123337,0.080986746750922
771.944665012407,0.0796475619529253
795.0777664456909,0.08117458816002555
818.1490653071133,0.08080726483666702
842.2986360373295,0.08074030647812794
865.7982413287738,0.08270094093398496
889.4018714602315,0.07824562834666152
913.3236924560135,0.08081477924731417
937.1363977017237,0.07463657419838686
960.6624310716854,0.07925679180329412
983.9625352835515,0.0789854384008563
1007.8516355140187,0.07639402353612428
1032.7082104228123,0.07921570657089246
1056.9670275590552,0.07797027229137563
1081.4139476961395,0.07454226201153304
1105.8412162162163,0.07299495432467049
1130.2111305215872,0.07640297897664176
1154.4312360109425,0.07740748893004552
1178.9271570014143,0.07441187692922753
1203.6526109340525,0.0747267379201468
1226.846332046332,0.07372354907919193
1250.5404028148507,0.0740382030829752
1274.491943359375,0.0741456732491982
1298.9816625916872,0.07259914066363951
1324.1054659282447,0.07712349620876342
1348.2961622013033,0.07437990340522302
1372.4648554336989,0.07481070580019779
1396.9245419479266,0.0755384161674601
1421.4866666666667,0.07594968260838654
1445.229015041242,0.07275124689318628
1469.4282833375346,0.07354999817973448
1494.214848412509,0.06802851837851448
1517.882277507053,0.07246141820243905
1542.075399665951,0.073423089170061
1566.8843486874691,0.0701265955093521
1591.8170611439841,0.07204632183311924
1617.1811079545455,0.06968566720321674
1641.6366543665436,0.07294591747317604
1666.036431226766,0.07308110534391603
1690.8088779284833,0.07184707458488689
1716.0623925325474,0.07361156609881682
1741.2847188851513,0.07205447224118594
1766.4717363751583,0.07440611537954865
1791.7017335549751,0.07142840363573096
1816.5877388930255,0.07242133355866379
1841.0770171149145,0.0704831844079411
1865.3350837709427,0.07038071164279791
1890.5100095328885,0.06769473058523315
1916.1180384425825,0.06847950343913917
1941.4823729637735,0.07128043150462483
1966.968130489335,0.06854527829245413
1992.6364728495917,0.07020446185505952
2018.0353803386404,0.06733020547233048
2043.3398081534772,0.0705619883158336
2069.5465370595384,0.06891528203831174
2094.930403860808,0.07008499066059021
2119.920019389239,0.06872175031705718
2145.629647283127,0.07134563105770805
2171.0870983935743,0.0675671884911471
2195.995874787673,0.0686342890567888
2220.8856718634,0.07008051266905464
2245.9017326732674,0.07053452603135463
2271.758333333333,0.06656427471955724
2297.6945836315913,0.06935556988118095
2322.811761749183,0.06852910647769228
2347.959349593496,0.06697641105854914
2373.738483345145,0.06830799466036301
2400.02615694165,0.06911023514703626
2425.529298287919,0.06443266770279583
2450.8872573419612,0.06429767082653248
2476.918996415771,0.06987055309265335
2503.014350453172,0.06891315068492877
2527.952041318249,0.0679155930872108
2553.550780312125,0.06747682934612755
2578.8446459201177,0.06525431315967214
2604.069338578805,0.06554176792029827
2629.629120879121,0.0677660724225979
2655.1047081902893,0.06653175040942275
2679.858282950423,0.06339809086049436
2705.2244897959185,0.06520287640680884
2729.9970930232557,0.06666781756271639
2755.3739216169583,0.06342113451816854
2781.420166015625,0.06627717345560531
2806.918598914652,0.06833699802440714
2832.4436433549627,0.06445613539271226
2857.8374717832958,0.06517105595822398
2883.579217603912,0.06588369260034597
2909.4979523006505,0.06496062739376578
2935.182975536695,0.0645349528853632
2959.8486382260785,0.06171809511163056
2984.774987690793,0.06673002092759706
3010.4669073405535,0.06526249774305487
3036.0087631447172,0.061797345342086106
3061.598575988215,0.06323345332036154
3087.901273120346,0.06406839270791653
3114.400803616273,0.06853974253506573
3141.178169358786,0.06422643747564742
3168.1032622026,0.06634938942781164
3194.5855214723924,0.06344740451756731
3220.234876316434,0.06410829571604645
3247.008,0.06515465756392896
3274.2209728672697,0.0658666423736848
3300.3610099538723,0.06328994285624527
3326.463843486875,0.06365514823051896
3352.34927184466,0.06372095507504527
3378.5109649122805,0.06297649234417357
3404.5359703337454,0.06271100660058504
3430.877886977887,0.0646587626250198
3457.889970788705,0.06364783311189301
3484.9269202087994,0.06549818661630048
3512.1665043816943,0.06344238780771251
3538.447802197802,0.06497261830130187
3565.160115746323,0.06342590528864656
3591.5776902240827,0.060220930669113534
3617.5908750934927,0.06571068188488145
3643.4363103953146,0.06301259046632961
3670.0215580597746,0.06404551977644571
3697.1529103053435,0.061476116952688085
3723.514256876104,0.06485675872879026
3750.170187229957,0.06314970509178805
3778.318724129535,0.06191242776871643
3803.867702330243,0.06540658024832192
3829.946872736054,0.062402326065960634
3856.5108886107632,0.061328314223426134
3883.1215351812366,0.06136355361422462
3909.466211085801,0.062344174570076426
3936.0393137955684,0.064346236549184
3962.5267562769463,0.062101762809107286
3989.0405307599517,0.0618637725385912
4016.0297297297298,0.06269112819593078
4042.9075258239054,0.06181818014402793
4069.9978213507625,0.06126448129042393
4097.029433406917,0.06141542822101814
4123.3774718398,0.06140356618643358
4150.039130434782,0.061551763377074666
4176.9826302729525,0.06304138236740098
4204.6806864877935,0.06363969764078478
4231.942185203332,0.061495857473006774
4258.252532740302,0.06262380151106609
4285.441106342394,0.06186522777282187
4312.307498741822,0.06077534908956431
4339.234954260954,0.059575062844312215
4366.255230125523,0.06468300602763853
4392.976934523809,0.059533087573103875
4420.145502645502,0.060831356467658526
4446.911627906977,0.05955202193880108
4473.833044339856,0.061757109219512836
4501.272837119382,0.06027611048722016
4528.953346855984,0.06285703643674169
4556.630445189086,0.06015810559257442
4584.453769212003,0.06077251787358837
4612.042084658674,0.06064845258521101
4638.947091273822,0.059966571720454685
4666.13455069678,0.06387086818518
4692.49624436655,0.05739181682813794
4720.0521338506305,0.058849540683597074
4748.572053462941,0.060590962616772395
4776.175546280383,0.060544247946204596
4803.621371066114,0.05870353906632268
4831.078140703517,0.05975385204440796
4858.657080715321,0.06189144187390305
4886.294680068644,0.05971946090121231
4913.186378165724,0.05783589859787445
4940.44406531806,0.05776748999352002
4968.274816625917,0.06010346069970079
4996.01458230351,0.06031379019217643
5023.480347238968,0.06090647784014501
5051.657361660079,0.057672740421240584
5079.566699850672,0.05912686651392267
5107.2665522314865,0.06270588404546727
5134.270102600812,0.06074022224360471
5161.774819606868,0.05888939431256458
5189.175672341476,0.058637811423712334
5216.168444013572,0.0578003905216198
5243.549288744697,0.059420018027428086
5269.949581839905,0.057928129278659216
5297.074553898802,0.057757136407543104
5323.936324893457,0.060264761249361046
5350.977300463754,0.057563448411523284
5377.989985344407,0.058999311176884624
5405.205602923264,0.05815390989790088
5431.93668012109,0.05823537301275971
5459.289896128423,0.06008551381208096
5487.445351137488,0.05918656381438288
5514.996036660887,0.06010914321297238
5542.504364694471,0.05849548421487798
5570.547735021919,0.06016956634867533
5597.843313373253,0.05980878604563769
5625.024938875305,0.05891858508740243
5652.024628139478,0.05901198988264124
5679.022896963664,0.05998329805046905
5706.524176088526,0.058340890422793605
5734.0467032967035,0.05992921306891651
5761.526848061642,0.05986892066178594
5789.629122892744,0.05953370417316186
5817.236336779912,0.05833242179321309
5844.017121588089,0.05877847196192864
5871.0481437125745,0.05934956082319038
5897.462096572429,0.0580059802458517
5924.083002973241,0.05996360299816768
5951.132121212121,0.058693096765782646
5977.879225869672,0.05954654575841404
6005.169230769231,0.05815381665358022
6031.978354978355,0.058209593779109926
6058.932564982835,0.059812568865854454
6086.136341100644,0.05810508618680908
6113.60650251016,0.05847154452169455
6141.141526063963,0.0581688797856058
6168.869835204204,0.05827417181081337
6195.860718711277,0.05615570350307423
6223.100737100737,0.0565047727869147
6249.805808515875,0.055271728038800344
6277.470398810999,0.05700734098214002
6305.486719134285,0.05928855105076334
6333.142684401451,0.059453796810220984
6360.507877892664,0.0582874469465587
6389.076149425287,0.05906466146822672
6416.964393939394,0.05839814723345626
6444.464138098711,0.05577474347340665
6472.086569379174,0.05843228150885317
6499.2679691268695,0.05866874082704923
6527.079960755457,0.05926490284018633
6554.048546081814,0.05672849984504092
6581.987305389222,0.05797523483784044
6609.915555555555,0.05712297498628031
6637.142215568862,0.057228306636351436
6663.931773879142,0.05823112461524754
6690.768025857782,0.06022112287451896
6718.492457420924,0.05787994093569573
6746.489628557646,0.057207599714440276
6774.469428500125,0.058085894000740115
6802.96064703042,0.05679621203471285
6831.557616221563,0.05809910933583063
6859.865927176272,0.05746582655824499
6888.233521195785,0.057769169351673255
6916.711885347171,0.059112527195426375
6944.720245398773,0.056820586052174105
6972.482492151654,0.057193595001081864
7000.626623376624,0.05696256948658112
7028.149447852761,0.05715237708294134
7056.132657983599,0.058649973360143895
7101.522219765642,0.05763818055611694
7163.000557786702,0.057779830669371805
7223.768940654465,0.05850457672536318
7285.017004936917,0.05741223307050834
7346.425600177011,0.058654324813147495
7408.993554123139,0.05990979793050183
7472.117000219925,0.05747619760842616
7534.710964187328,0.057936549499695414
7597.042891619131,0.05844396552372515
7659.658740790355,0.05741572498679316
7721.581695738573,0.057018273654693905
7784.01532524807,0.056968185487317906
7847.835972975966,0.05734052056571297
7910.442501383509,0.05759039200685086
7973.243633183954,0.05878602946513165
8036.072486535009,0.05772398508044117
8097.480873112116,0.05827721491122541
8160.404215814766,0.05776106548333586
8222.34537927948,0.0567074542704204
8283.848023650498,0.05661788933725593
8347.018308921439,0.05794069473853184
8409.856178033659,0.05618716636918722
8472.8503729706,0.055683369647254004
8535.015306122448,0.05633468675365301
8596.839474845543,0.05699380419143059
8660.42385199868,0.057824283771306745
8722.197802197803,0.056796543691327576
8784.776286601596,0.059043709616213996
8847.735807620511,0.056500816788233287
8910.922473771398,0.05873146873234892
8973.046284881766,0.0574624607549526
9034.111342465754,0.056242857948984634
9096.439881083461,0.05685597454068491
9159.039884135473,0.05533862757584461
9221.910773298083,0.05467704462907177
9285.533921676779,0.05545222965160361
9348.762676366843,0.05581359808765758
9412.542863431276,0.05645603182554515
9475.622794362445,0.05608295158970176
9539.502951330884,0.05627939240366224
9603.214671814672,0.0570699962668888
9668.143796580447,0.05734584748794051
9732.408422459894,0.05738667006764595
9796.33413884007,0.05691725115759741
9858.772727272728,0.0563920818356566
9922.250661667402,0.05737589186092106
9986.736381753764,0.05637174982899057
10050.634462151394,0.05580364128047986
10114.845466578425,0.05795137614969325
10179.644468904788,0.05827048204279117
10243.31402034498,0.05709802897883835
10309.51527136893,0.056953829006321996
10374.611381215469,0.0561785231650573
10438.95472330911,0.05631005780959224
10503.259546209187,0.05669159140595264
10567.132635253054,0.05624337042718933
10631.107146814404,0.05704074155295232
10695.399465597862,0.05519056551545021
10760.22371731758,0.05690502306919793
10825.919433920213,0.05722333640371377
10890.964918105356,0.057854200651937034
10955.651763922786,0.056357470484157186
11019.73638368247,0.05649972526186071
11084.047144754317,0.057221525330070015
11149.038681948425,0.05686815297776187
11213.455425930002,0.055926778236737903
11278.153363426181,0.05598025354289335
11343.740002215576,0.05710988627781804
11409.474875207987,0.05752164663851243
11475.043866416841,0.05703020422977306
11542.549884501155,0.05832149663711191
11609.701545253864,0.05915484262440941
11675.735714285714,0.056665447393769365
11742.599365634913,0.058141810301751654
11810.893074792244,0.05617281029911231
11877.181044957473,0.057299537837499
11943.313429547206,0.05470335903357825
12008.483548243665,0.05641932934047081
12075.271838259532,0.05765224576305301
12142.595312850415,0.05849020400911432
12209.427880918378,0.05689421540032927
12277.87753981329,0.05742760696165848
12345.784272404613,0.056857647129465644
12413.604381015599,0.056851486001538935
12482.294994438265,0.05842110550895725
12549.74800043826,0.05741423933471389
12619.070664755815,0.05587581715635239
12687.223072656683,0.058476421811385265
12755.247885777046,0.05807373965288635
12824.197496367498,0.055683164787163696
12893.34234631939,0.0603523508110793
12963.043434903047,0.058096822320068284
13031.752523036419,0.057333513908065216
13101.019728865866,0.05862455957829106
13170.074900574458,0.056959790573398936
13238.890597345133,0.05737050078579329
13307.558839748539,0.05861765808983933
13376.534200867534,0.05876132792491688
13445.716697730511,0.0585186867079498
13514.55932955933,0.05742975879582237
13582.037127884936,0.058316243500834225
13650.502821732876,0.05770495902437603
13720.71315131078,0.057871541113302456
13791.31039091213,0.05715330007184128
13863.391601454867,0.05674165656144598
13933.716897506925,0.05951045222947938
14004.463931171409,0.057198914230242925
14074.261735261402,0.05920745240199659
14144.610309505451,0.05926971054920399
14215.420203359858,0.0571646969762044
14285.572088928022,0.058887659924600926
14355.733652135232,0.05974704449826913
14425.819225251076,0.05796778847951848
14495.304911852756,0.05791452905284956
14565.385436145638,0.057160194533837805
14634.9858007705,0.05822830075442316
14705.525539409951,0.05685419084400898
14777.259279964223,0.05698283594748774
14846.746860541969,0.05632792868457074
14917.206365047683,0.05627356028725999
14988.604807586284,0.05717693393524001
15060.841437865256,0.05616168826300282
15132.07311992984,0.054405358613328486
15202.134615384615,0.055853499349995644
15270.095846290538,0.057764258422229174
15340.122537082134,0.05685966219939729
15409.608518150722,0.05708259523362981
15479.913527208637,0.05511476184587456
15550.20518215037,0.05743831034896649
15619.959469906129,0.056581474324567956
15689.676838032063,0.054794652943787124
15759.365051330169,0.05617551138353267
15828.606033717835,0.05487600679317815
15897.240365558248,0.05679076551778334
15966.841090425532,0.055324835775945165
16035.373973818505,0.05370626801498245
16104.226216814159,0.0562934596340137
16174.86835443038,0.05702760678968451
16243.697046506502,0.05735791407605334
16313.340866080374,0.05703220338468565
16384.162657250054,0.055762137610581235
16454.67324223055,0.056643702122593925
16525.14585623214,0.05706471665817836
16595.97971110376,0.05597906158237393
16665.778023435774,0.056928657438340295
16735.267333333333,0.05637495157213779
16806.12230930566,0.05647761467153695
16876.45700461843,0.05742957394761127
16946.8784456991,0.056727388162465066
17017.839618456077,0.054862104533571085
17088.767851212222,0.05564254751111706
17160.782847718525,0.05847479922156233
17232.366013071896,0.05510011998287422
17302.97207756233,0.057261517611367385
17373.938177394382,0.05778621367345612
17445.955596974018,0.05607439699365052
17517.44692239072,0.05432177652666017
17588.855966626412,0.05534900983927743
17662.09552238806,0.05637625194885468
17733.72613009923,0.05704190374074384
17805.92334997227,0.057291700046677774
17878.44765824897,0.05693842858363378
17949.99901499398,0.05673014088299454
18021.64871766404,0.05684111618974368
18094.492131616596,0.05677440458551752
18166.417333333335,0.056839456919888884
18239.203964757708,0.056644126296908674
18312.459339192344,0.05522828212244624
18386.086932750135,0.05546843105944297
18459.676444345303,0.05583153862728909
18531.57610981955,0.05542503800441996
18604.331969479153,0.05636780946427589
18676.439196645333,0.05661510729149188
18748.34373962139,0.05596910371207111
18820.36824733194,0.056266872356547946
18891.911982330203,0.05528045939534784
18964.356586596467,0.05728256224247914
19036.365908326796,0.05753973558206879
19108.793749319393,0.058395701393725824
19181.67739082366,0.05651627209574825
19253.522800399423,0.05551903033679555
19326.012933893435,0.05397578270097949
19399.34058941728,0.055893796208884544
19472.824196185287,0.056407259554982984
19546.297212931997,0.05504533919381364
19618.6392648839,0.055172979107833704
19691.580785538943,0.05657044081226046
19763.38924259056,0.057478762764195925
19836.097555604494,0.056002968448289454
19910.40785997358,0.05740181568092831
19984.48714524207,0.05639295814899204
20059.106013363027,0.05683862215267852
20131.372136155358,0.057011467986769024
20205.71997774068,0.056655783614361556
20278.311761457757,0.05569892243888176
20351.346696279845,0.05798610801141035
20425.746146277466,0.05775352726433758
20500.556627842485,0.05680222341056948
20575.609900990097,0.05377612610691636
20651.420852868945,0.054582943455784336
20725.443324937027,0.05683951851000044
20798.771094954835,0.0563072768158136
20871.18378438332,0.055340200427376945
20945.104896650824,0.05575936475148646
21018.197336293008,0.05570345386141778
21090.549004424778,0.05515144776287496
21162.480159168786,0.056874101044123514
21236.62251216276,0.056820955056906916
21311.995626981523,0.0560988323894571
21389.478549314463,0.05545995233888951
21464.454606215884,0.058414741268182996
21537.908155361292,0.056266736624166674
21611.809455110422,0.0559070245382214
21685.688284747244,0.0557720516347335
21762.168122995245,0.05684774389395264
21839.05990477245,0.055462713182074276
21915.915115248226,0.05848406443176512
21990.60092348285,0.056706969154757085
22065.710517529216,0.05653779843993255
22141.553909100963,0.05743170742505847
22216.911079358102,0.055067950964232636
22292.90611209179,0.0568763905983705
22369.44052520307,0.056034043231566105
22445.61940956158,0.05610675947887082
22523.04623572458,0.05601349947872659
22600.198594796355,0.05463695924053736
22675.773262856514,0.05654111549759151
22753.3376580173,0.05718545394109769
22830.16099447514,0.05864447408688999
22905.680652680654,0.05655329499364461
22980.228662560494,0.05646674232199728
23056.191373160946,0.056777989377990445
23130.87903402854,0.05643523625774674
23206.16453869213,0.055908570092485815
23280.501315500987,0.05723939967670559
23356.30642650656,0.05852263590376658
23432.443368189324,0.057893032881578016
23508.469943540353,0.05521804353884141
23584.837772397095,0.05781966807622592
23662.508363797497,0.0559535285787228
23740.71881536937,0.05681211654942489
23818.37639765305,0.05656462832954588
23896.77449575664,0.056165632686503264
23976.266355140186,0.05750325568827417
24055.567977157916,0.05527508154422585
24133.74445558899,0.0563185723780137
24211.983851477537,0.054688016726557084
24290.85267562211,0.05599622417924307
24370.12511052166,0.05513358795909523
24447.968634892288,0.057722494768396665
24523.736685739437,0.05682442330827353
24601.917317207255,0.05534228417377882
24678.093819723337,0.056471758508366124
24755.555885588557,0.056007561620436935
24833.48548404901,0.05713532811021826
24911.80266518601,0.057283548568677345
24990.972675187306,0.057365238789061315
25069.23881922095,0.05649156942748176
25148.69025088028,0.05605778406943284
25229.58200883002,0.05693743557177202
25310.386303191488,0.056016795013928325
25390.468926553673,0.05550694316282818
25470.600022007042,0.05787698229410936
25551.080435739437,0.05779026916808574
25631.045950155763,0.05740828369705443
25710.29241560719,0.057126584070179294
25788.6564758199,0.056179775608922414
25867.312189192176,0.05755129366476991
25947.93769915394,0.05807316367097361
26025.591908920083,0.05867813353706225
26103.524327927127,0.05747346408670241
26181.465486920202,0.05613943216302566
26258.99532554257,0.0559599431523332
26337.716874792794,0.05719948252896137
26416.204196576477,0.05694952882425874
26493.62855876814,0.05716129637246564
26573.733245585172,0.058137966843520565
26652.756594990024,0.05599345374443677
26732.609559554036,0.05694314788364036
26811.36733333333,0.057031845924904526
26889.88961110499,0.05548802664488836
26969.341360559316,0.058105265734348474
27049.816114573085,0.05639052831768931
27130.59815882875,0.05518352240870111
27210.354681440444,0.05558038739265453
27288.54280004441,0.05584753425343344
27367.93616555349,0.05530632106362546
27448.818171757415,0.05645395891015689
27528.16065282558,0.0587852772082595
27607.742543859647,0.05614487189274896
27687.186883793067,0.05540868772698659
27767.69002335669,0.05568328053086802
27848.869828345072,0.056546630148976415
27930.535389394274,0.05772264660469379
28011.713231243804,0.056537925294529494
28094.65013804528,0.057274983881389956
28177.597405452947,0.05660032400125862
28258.729175946548,0.05696196489661381
28339.01475933473,0.05720580548732529
28419.637311446317,0.05898451701692833
28500.706024096384,0.058498786750119235
28581.35136636303,0.05677058080040964
28659.852197070573,0.05793756237102039
28739.63152698552,0.057438656184666564
28819.494967568775,0.05778283585872171
28899.4905329977,0.05631820004783738
28979.159045504995,0.05945520899713796
29059.06979051819,0.06040757148351806
29140.013783217553,0.05698013348277298
29220.85780576732,0.057723290813682916
29302.353442550364,0.05907242162557768
29384.83628710678,0.058731150397721255
29466.93786557775,0.05786936945029333
29548.85368802902,0.057905244389911285
29630.877379371403,0.0580477702256118
29713.103238642645,0.05650998890889515
29793.623488965288,0.05919138936586884
29875.64340828924,0.05810783095613757
29957.853314056938,0.05688455688528463
30039.646728354262,0.058137904642951654
30123.754775311914,0.05765945082836424
30205.31650570676,0.057722082642831955
30285.976377952757,0.056736372767890654
30367.97091151327,0.05822317732756028
30450.03432951894,0.05756203801372046
30532.13819978046,0.05688819280969423
30615.60921330811,0.057139833755136156
30698.402574540654,0.05684723394471349
30782.606745288216,0.057300310025658246
30867.54046881911,0.056532399774529736
30953.08622979854,0.05841515482679895
31038.032127192982,0.05858283724513581
31123.0777385159,0.05729338495320987
31207.69272808387,0.057997223438335174
31292.56241064555,0.056532169017085
31378.991189427314,0.056613663238642045
31464.684263058665,0.05586420942523728
31549.13339964633,0.057624718279610354
31632.03217276333,0.05706444764036216
31715.1075604053,0.056574375558398476
31799.283645936164,0.05650245462203748
31882.82980854853,0.055739807073081675
31966.99823943662,0.057413625616481445
32050.284001332297,0.05959229002696746
32134.380518339556,0.05839594425867134
32219.589743589742,0.05658863477868704
32303.154658453415,0.0567647162818546
32386.064612656544,0.057446099548754105
32471.557829866844,0.05583709000319634
32557.48391020679,0.05791287747853007
32642.41900623886,0.058696329744344855
32727.008420822396,0.05731164787215338
32812.89585891282,0.05617218870115466
32897.72102957284,0.058192110786185025
32983.384700542454,0.05734992067613095
33068.811249861865,0.05829162097693139
33155.101950843164,0.05689274212731913
33239.39036783387,0.05726797135176191
33325.93175502945,0.05508636739240824
33412.19916556873,0.05839751164787382
33497.4068627451,0.05742897393263654
33583.53639467019,0.056645714176352724
33669.132876409465,0.056194039932232
33756.099147003435,0.05725712716309601
33843.39134753338,0.05595221782687937
33932.923400022104,0.05848433861979255
34021.74861695065,0.05780254398684753
34108.14680521777,0.05777496631577348
34194.63553983866,0.059557096186235434
34281.36078604549,0.05713609440400042
34367.2569635583,0.058009182959957196
34451.83692647872,0.05920055458418304
34537.72594072594,0.05771547116375092
34622.9756825467,0.056089366843886046
34710.303076923075,0.05711055983625751
34799.81700717835,0.0577304036386133
34887.4618705036,0.059336656854600475
34975.769980075274,0.058889874232698466
35066.12756113681,0.05656791211293786
35155.25155624722,0.057654993396639896
35243.20747025121,0.05792427027857112
35331.704565602835,0.05609953490747331
35418.40605462323,0.05651954610923559
35506.299456943365,0.056733358273527525
35594.72032484147,0.05663626629418412
35683.55299691494,0.0572069049980042
35770.692358657245,0.057919931342193386
35856.974474639675,0.05614686820575991
35943.77870932157,0.05740037295495408
36032.286719535354,0.05851095037995684
36120.33818502591,0.05855537645992073
36208.21049144119,0.0583633997490905
36295.972823072654,0.0579160772465384
36383.57235255426,0.0575018542649373
36472.73539823009,0.05850395829137241
36560.71836869298,0.06055673870859048
36649.779950827,0.059800184916411085
36738.18231126854,0.05763884938524579
36826.47702407002,0.05806229151097023
36917.66981446506,0.05855799095076996
37008.02285714286,0.057976067921740024
37096.60227523746,0.05843981574511489
37186.19201773836,0.05893271990218528
37273.72570861365,0.05804551447181831
37361.13263834979,0.05816136509620046
37449.719995607775,0.059333000273336364
37537.423741964085,0.0592708815652481
37625.741721854305,0.05772914459507449
37715.02742616034,0.058499194120448565
37801.59267050487,0.058003502193379956
37891.01342577308,0.056617553485016535
37983.54592568089,0.05650667487877615
38075.68091451292,0.05813205874711768
38166.14465547703,0.05627239248527408
38254.95354006891,0.05664083701803186
38346.77461850917,0.058154890194638244
38436.20002221235,0.05959037751607918
38523.71210782148,0.058490610260871455
38613.10065186167,0.05995030010323518
38704.45462545375,0.056675272490644274
38793.778136121,0.05690674899408288
38883.71188673033,0.058972726846785097
38972.22179117712,0.058510759991051646
39061.799537393985,0.05942454920326636
39152.844437041975,0.05890994914143922
39244.04596935376,0.05699612560978207
39336.154471544716,0.05841403387601971
39429.72912985866,0.05949495619778019
39520.66153164136,0.05944899197107729
39611.049933862436,0.05502937338399311
39701.94956676294,0.05723037467440084
39794.21786420567,0.057430236168807235
39886.50348027842,0.057502352946846254
39978.94325612324,0.05857924935339038
40072.06459092415,0.058021929303880865
40164.83775162249,0.05578822959779305
40257.697419426295,0.05703818885577693
40349.95586927523,0.05647055728123634
40443.450176366845,0.057801352990429836
40537.89779403614,0.05719731939938988
40633.930222368275,0.05936833774381057
40730.281263809105,0.05835920633622878
40824.1303915063,0.05639569177824002
40917.82058399023,0.058959448187319886
41012.08247650636,0.057531965397519265
41107.672964956604,0.05783025334221926
41202.350267379676,0.05791857549091242
41296.5088354736,0.05705274710423558
41391.16001334371,0.05854035833221983
41486.07693154303,0.058959452428437434
41583.28517532179,0.05842188471597124
41678.36417976533,0.057142361414392225
41775.390490865066,0.05837974740402195
41872.161354361975,0.05800207679829877
41965.65569592199,0.056999133870277836
42060.4710625138,0.05822162133358173
42157.06972639012,0.055122522922663196
42255.45461546925,0.05689635944338834
42352.68756949077,0.05863647579743142
42449.281304920914,0.05772219926531192
42547.910176299934,0.05815545943406662
42644.8132398071,0.05734854106123771
42742.60696848646,0.05564562128859762
42839.55016002649,0.05860848628469127
42935.65398610652,0.058312190324861
43035.04208416834,0.057178689252898575
43134.292919282016,0.05843529828219236
43235.77291851196,0.05754988419514174
43335.529586123615,0.058089037767311676
43435.308839779005,0.057598725392676166
43533.99223946785,0.05677851457289115
43633.805213533,0.05637812696465635
43736.899505766065,0.05770009694282081
43839.36754893239,0.057736900811711574
43939.66439635285,0.057896826071246375
44044.2399911524,0.05648384948155893
44146.37326677759,0.05572907278510336
44247.78608332417,0.05534171386704059
44349.34857396515,0.05609535379298796
44451.851085031,0.056106034970286586
44557.42978395062,0.05757457697814169
44660.52197802198,0.05537372031835693
44764.11260912808,0.056975370761375134
44867.436442084305,0.05731923737354053
44971.04298567144,0.05742641864542665
45076.0775947828,0.058384176775647556
45181.67519663233,0.0558322612967981
45283.9861878453,0.056401053102111603
45386.02094068633,0.055192661881719285
45487.17666556182,0.05569394134618463
45588.989354624086,0.056129618665091974
45691.72730284957,0.05665422496506733
45791.701129067966,0.056862304277728454
45894.107237131546,0.05656878009238608
45997.849861495844,0.05723739827375486
46102.84807883955,0.056139988475574935
46205.98653421633,0.057211648283804914
46311.63586054234,0.058034004472261626
46417.33708236851,0.055057779363909536
