D,r2
201.76866936009384,0.17664856032560636
281.90819584885577,0.1643789022836351
364.9268062120189,0.16159335868270946
451.54111755403267,0.14316517950590155
541.9610337439743,0.130740370491453
631.4093480603449,0.12553416682111462
723.7223029182622,0.11898815749487256
817.2638093970451,0.11579733662545837
913.5614199598125,0.10564270742149431
1012.1877480815031,0.11224708800356262
1109.5833333333333,0.11471638317335735
1206.2340987067828,0.11154997687809863
1304.4558981233245,0.11047851952130815
1400.8897731794668,0.10965562679812375
1500.3086073242448,0.11208802602329102
1599.3516892790635,0.10235177120617725
1699.3952304394427,0.10070494343436098
1800.8457645178476,0.09095697306272858
1906.457824933687,0.08900595929775315
2014.1740928495196,0.07922747314008838
2120.998927038627,0.07379117025577103
2227.9026232114466,0.0701374623193923
2334.367834608672,0.06683891378245319
2439.49265491453,0.06850586441048118
2543.6814159292035,0.0692890959603218
2646.500207440188,0.07256474299015525
2751.537377366312,0.06822541602641619
2858.3583206318417,0.06694986808400644
2967.151058237654,0.06563560680458902
3075.7463837994214,0.06350804837290681
3185.2008594399776,0.059834989864721216
3292.7740955537142,0.061887210538818196
3399.0058187863674,0.05877932279223251
3507.9798426066545,0.05489869146669593
3617.0016664352174,0.05018197206875807
3726.9213020189536,0.050100228281884464
3840.096716087017,0.047734558592526524
3953.1102068965515,0.04878290615648065
4066.025812752895,0.04950828917629642
4176.920652474426,0.049662191635173165
4288.62034875738,0.05157843239763315
4402.815650236703,0.04945125988799567
4516.217517241379,0.049018966302051395
4628.009374138406,0.051368538144025054
4738.122208350673,0.05260935227154397
4848.06893699159,0.050331488441599924
4957.807376478775,0.04913442160284902
5067.5486101507395,0.046557964867130756
5180.580301563148,0.04542837793639253
5294.920593126386,0.045482916051744676
5410.881933003844,0.04625432029345589
5526.11338057524,0.04401725869213189
5643.6063461272,0.04277083773548653
5758.67867494824,0.046053285906419925
5874.284434027299,0.045473885772412084
5989.888766063286,0.04427491196813824
6103.9266527487825,0.042801364508297544
6221.048264417093,0.04298232418904516
6339.372089819534,0.04117850234633343
6456.796565572636,0.04098057505607604
6572.535822540644,0.04159897501022247
6685.311795014622,0.04103052557523808
6798.01638215859,0.04224736963973803
6913.3987823439875,0.04171998617276437
7029.219869932199,0.03967197362186297
7145.919388464211,0.03938341821241936
7260.428374845191,0.04195922352077804
7375.0464923204645,0.04264523107627724
7488.603592314119,0.04100767085406268
7603.491427787683,0.039578951191949915
7718.319255348708,0.039181291701224356
7834.40581107133,0.0383280711894953
7953.671096345515,0.037756236976072374
8072.925474442443,0.037363247249929406
8190.92715231788,0.03919239090002669
8306.437222222223,0.037985414381545
8422.974638180565,0.03792254295636871
8539.285296167247,0.03755982572571938
8655.581382462946,0.038061850233286926
8772.243441038387,0.03775516434737428
8889.264625102993,0.038054638690087315
9007.033559839134,0.0366040851637229
9124.372429127294,0.03625317376093491
9242.3656613171,0.03619399881828615
9360.902033525694,0.03603031677023659
9479.777069180645,0.036102855034022524
9597.360612751863,0.03534808542766162
9717.268635920302,0.03670971259278286
9838.122744179638,0.03824834856036975
9955.396880176699,0.03716974218561583
10073.885004855043,0.03761571983325561
10194.453049370764,0.03721660433268035
10318.553265080243,0.03692755108883154
10442.967692944912,0.03748262323882652
10565.788862788448,0.03669127213311366
10685.153675450763,0.03647293697488041
10805.216604503385,0.036904200507440435
10926.479624257494,0.037304611180142014
11047.900969529086,0.03687241856187554
11169.722068965517,0.03617508679103934
11292.862308762169,0.03701414019541712
11416.258509025769,0.036794225022219955
11540.258167220376,0.03749636014930064
11664.60251450677,0.037500699874898506
11788.838871124704,0.03592619681375133
11914.916792946688,0.036368132103201896
12041.402631578947,0.036154036834942595
12167.484134682001,0.036171312389247534
12291.055861309851,0.037133511922575496
12412.899223731632,0.037821182238238146
12533.637518994336,0.035765012439466094
12654.2295059151,0.03807195327185892
12774.906598705056,0.03751440903126711
12896.624340094471,0.03666149903118323
13018.61013215859,0.037324242498517374
13143.815472064329,0.0367101010876576
13266.246957964602,0.03760227433970878
13386.862823888043,0.03718331132403263
13508.739803677588,0.03603350328176835
13629.69107266436,0.035340099316875345
13751.803224472922,0.03676765474178672
13872.448561946903,0.03677968487129258
13989.792012161415,0.037066141093442674
14107.44401114206,0.03667943354493514
14225.837837837838,0.03754380993761006
14345.920650227305,0.037445255431665575
14466.002500694638,0.036981716862126944
14586.730881332409,0.03664537386911031
14709.13524646437,0.03702810711929053
14833.227700831025,0.03553011041096766
14955.850367494106,0.036643610737170616
15073.20379343763,0.036698390198293726
15194.724917309813,0.03638663471524466
15313.330826020338,0.03621098676523458
15432.188163884673,0.036631784353243824
15553.417358803987,0.03760180073247674
15672.095421421696,0.03801838277162056
15794.782644857221,0.037031808190266496
15917.347717842324,0.03630280654137378
16040.8745141588,0.03676669312439262
16163.149214659687,0.03635296535288469
16287.530578283178,0.03709280068108221
16407.992808740146,0.03705751163379658
16528.910350561175,0.03607832462527533
16651.499793814433,0.03704258326782314
16775.56486111111,0.03647376911980142
16901.19540865717,0.0366678557705647
17025.873229658428,0.036545028887607446
17149.204202958663,0.03579923573542585
17273.774818069476,0.037465232139057655
17398.23209328151,0.037230286391881605
17519.496819690266,0.03641328800789703
17640.635112593827,0.036997493750857285
17763.017753922377,0.036261149764916116
17885.830576789438,0.03690694177811648
18007.059352517987,0.03631857787121731
18127.828630419823,0.03752979589168907
18252.41276005548,0.036494632627611774
18376.41392194852,0.03772868069464684
18503.74104797456,0.036556654784810315
18634.094536947847,0.037068365765907475
18761.301428769595,0.03719376841602208
18886.617030143076,0.03643472025841402
19014.498963945298,0.03696617988923874
19142.863479818156,0.03745990146391413
19270.04268545379,0.03757420162499491
19397.93806541406,0.037810643748670054
19526.261750516886,0.03578152795405397
19655.840603794488,0.0387765553977206
19786.249931034483,0.03767243121281991
19916.822690123285,0.03833028533019883
20044.68552850028,0.03688705385740256
20172.428156949434,0.03665408808200215
20299.40163706992,0.0374078274964324
20429.145732130466,0.03837069524736531
20559.07440966502,0.03836274812535424
20685.69615864651,0.03766564056753819
20813.801418439718,0.03707916288789016
20943.966767788195,0.03828740037268337
21076.272098492183,0.03583729755016239
21207.120969964177,0.03518476434433277
21335.890909090907,0.03657481318135992
21465.423151214127,0.03669957430242768
21594.631440077766,0.03693870386612063
21726.465433972677,0.0361187586159529
21861.30166204986,0.0351151117917621
21995.076062948647,0.03673865367172795
22128.44275862069,0.036221382062457376
22262.225416666668,0.03656608284247682
22396.414677886605,0.03749056446463189
22533.924410540916,0.037003391511314015
22673.435526134326,0.03773018341512748
22808.435776638493,0.037749196806652785
22941.554419889504,0.03731821277542625
23075.630011135858,0.038548716103080756
23209.66137273857,0.03931356963758274
23343.054400220357,0.03879894746275855
23477.554302422723,0.037403379713861144
23611.428334714168,0.03730487224397082
23743.984109437613,0.036919074622454064
23879.777088502895,0.037744457374798195
24014.40436705362,0.03733018397277568
24144.128013300084,0.03698526168754449
24271.9544005544,0.037368821259426574
24403.020410977795,0.037741973475415254
24534.682421227197,0.03747018574940871
24663.083448657624,0.03737456665565287
24792.171297582663,0.036340358537585764
24921.92590027701,0.03726993220265751
25052.07021188201,0.03612582957519632
25185.565685868212,0.03826755721079373
25318.25397483755,0.038196551252648446
25453.113186661132,0.03721238631816487
25589.63416988417,0.03896065854743285
25727.635847750866,0.03744337121848426
25864.290282392027,0.03759732632576704
26002.074955054624,0.03723155431450075
26139.329335539012,0.036799729948094835
26275.28867689755,0.037927604551521506
26411.55567897806,0.037528660237940215
26548.10626212247,0.0364580303713048
26684.12740085671,0.037519618672199516
26820.302197042973,0.03728845442506648
26959.09535655058,0.0367761515028201
27097.077146011594,0.03703144957514444
27233.1712821933,0.036325361454483285
27370.720044481513,0.036865204258810735
27506.952164948452,0.03653152161544145
27641.77003338898,0.03607891270996765
27778.96076001652,0.036104099512552494
27916.02714305498,0.03560390429751473
28054.06167888259,0.03791267633826215
28190.64265927978,0.03875697305134099
28328.100069204153,0.03772656922469607
28465.073716178907,0.03754764620522119
28598.78948824343,0.03705230206484985
28734.160105350707,0.0363517272275688
28872.926623286723,0.03629513243437233
29014.21810642709,0.03626709225745705
29157.74113573407,0.03652973901569955
29299.343081804385,0.03733937170683703
29441.53441854049,0.03655366486351424
29580.549874616885,0.037945155317275873
29718.459515285045,0.03652490104225483
29859.082361111112,0.0378022441957345
30002.96846598733,0.03787492371435654
30145.942095080154,0.037421995928095926
30287.808993456772,0.037259025744226404
30429.02519273128,0.038095207025477855
30569.799306037476,0.03829184840366802
30711.56002202643,0.03945999882367754
30856.028061929777,0.0379415641183873
30998.33287120477,0.03641659494950806
31137.289116588203,0.0380421319538598
31271.311147857243,0.03737336496650206
31405.24309315563,0.0367427925144692
31542.556185210782,0.03680274918895911
31680.11728991307,0.03796213822062588
31819.446190211347,0.03764164191964814
31961.27838322527,0.03811106501241004
32102.71746031746,0.036782191009681685
32240.135334167015,0.03628396547611745
32379.32675862069,0.03575935004451268
32519.864437352575,0.03609775344494592
32657.556121045393,0.03787870372399955
32792.7692733564,0.03594253907341806
32932.078259660826,0.03725650926589029
33070.05575489926,0.03747908432649134
33209.76222038111,0.03694284784066561
33347.38503118503,0.03532246105497494
33482.871908249275,0.03617485389786234
33623.05728949924,0.03600545710924756
33761.032119617885,0.03810282612473747
33974.78224549592,0.036818284234762626
34274.41082802548,0.03668725996974167
34574.70150553689,0.03593943219192876
34876.91406834622,0.03565407146015007
35181.06811512768,0.036671307898208536
35490.02022724435,0.036489146797585886
35803.82068364361,0.036013849738787074
36120.96360452755,0.03687520807948126
36432.1414806987,0.036615397112734364
36745.28730901154,0.0373956934167922
37047.85203953954,0.036081285895961324
37352.38088106827,0.0364771372911119
37658.205884182375,0.036574849202784865
37966.579296532735,0.03681746864035718
38272.00055893678,0.03642915321034537
38579.92272642157,0.0366780625184409
38892.487190702326,0.03806781192206187
39203.46168689698,0.03701287825834224
39515.42729766804,0.03702964530267793
39827.479216077896,0.03743656922576777
40137.87908517153,0.036512251755106244
40450.05781824986,0.03637732345571773
40768.4142866032,0.036585052820341385
41088.297897560675,0.03711364836980957
41402.91366413165,0.03693740444343579
41719.57849327915,0.03728786285927587
42032.018222666,0.03676539517634243
42348.53317579752,0.03683997023482722
42666.44459012299,0.03626722227222433
42979.472837273126,0.03642326054810928
43293.321553446556,0.0368776407097979
43608.00511828226,0.03669857358408274
43917.25664322609,0.03671043282848493
44225.42663332292,0.036763869638594834
44538.64596157433,0.03628988968844392
44854.5214375,0.0360655175582094
45172.74372267333,0.03703556602549166
45496.15555693994,0.03636452135887949
45828.28934073474,0.03649043304418769
46162.45633609674,0.03666997052698032
46490.36146457086,0.03678673270688688
46815.18381112985,0.037167606430111785
47144.492551268464,0.037629584957735995
47467.43024853253,0.039072297404662955
47785.004858299595,0.037317471349622246
48111.43661270237,0.03710638190566785
48442.740401396164,0.037479151961031285
48768.05257564391,0.03743939159728109
49100.48365768463,0.03800327859547882
49437.177990907396,0.03708333040307149
49772.34898073686,0.03654473095331482
50095.730068621335,0.036670633569472505
50410.01230173598,0.037082581856930974
50736.47729540918,0.03699867935025329
51059.72260999626,0.03774900495140003
51374.659936238044,0.037924651078053505
51692.32811915742,0.0370317906381664
52006.76337589536,0.036745255101364144
52332.889463517975,0.03659296606908389
52652.90893781575,0.03673758280226269
52974.921167791945,0.03599681040124389
53310.52395807337,0.03560641356243463
53646.78347436536,0.03660577106496652
53984.97664543524,0.03558227570427489
54325.045644447215,0.03681999178358576
54663.406828235,0.03693334686283879
55002.123477609144,0.03712875573869586
55344.788079057296,0.03664342593508598
55682.315051417885,0.03680212997771941
56027.71883388476,0.03614406392272086
56365.978110383534,0.038422849417899196
56706.96022195897,0.03650051183355719
57051.95290081098,0.03668944130359138
57395.81215227855,0.03699170752394538
57737.897764771806,0.03767722182811592
58072.72053137084,0.037811662676213845
58411.38495575221,0.03764339559208393
58750.53277562742,0.03664742034145673
59082.890310900235,0.03724357734000487
59416.09743174168,0.03706156146490485
59745.513261113185,0.036811870687868294
60083.72171578422,0.03698184737216923
60426.28727318077,0.037220775394509756
60775.424478841596,0.03618998285192682
61119.69320097397,0.03662914678682866
61462.71919770774,0.03797629862606355
61806.9035656402,0.0373694680760967
62152.18496099844,0.03813176295839433
62492.26416505641,0.03687624768177806
62831.49841012532,0.03590227525113495
63167.396805590215,0.035472359785240444
63509.466462653014,0.03650912044162921
63850.78510956175,0.03682907070151123
64187.18758577667,0.03756389058274257
64530.12142232221,0.036575754933571784
64880.97495639173,0.036833216645973235
65218.03807027398,0.037651352004516546
65551.29749953233,0.0369437819655065
65884.44852344385,0.035759378722892365
66219.59117811975,0.03721731876424086
66564.01235338158,0.03868170488169653
66906.66704035875,0.03698702345242094
67250.99775084344,0.03762536151453891
67591.58774390625,0.03673161653973916
67928.88259892647,0.03720531268743071
68272.11118039534,0.03837770697447811
68608.79704082907,0.03805209203104929
68944.38346942591,0.03717300390835722
69287.30505831722,0.03677824222379928
69635.39097650652,0.036541993856609334
69984.7216957606,0.036438872865533205
70327.79842784953,0.037239254898794406
70669.44332666833,0.03757732879572546
71023.01623841224,0.03659625123809898
71372.78979579092,0.03654598453551084
71716.29314214464,0.036539036860904255
72052.19046132718,0.03655269355202053
72391.89902767389,0.035396396107958326
72732.91356101209,0.03557276470229674
73077.77567702484,0.036664882967351715
73417.35634048926,0.037393231047100815
73755.81028778326,0.036880547488444895
74100.09424541256,0.0360751125736543
74443.48575880336,0.0379116538620391
74790.6608176218,0.03651537311341877
75139.6610740348,0.03691222874024277
75489.71012863744,0.036647967799350166
75842.67868729723,0.03713850798765955
76182.99481574017,0.038635963015206415
76521.2849297972,0.038020523889422765
76855.50965852443,0.03722835687761825
77185.04830075937,0.036084143756606374
77512.07427536232,0.03705478072955398
77838.26721505578,0.035997711371616184
78165.33659600998,0.036707635543901496
78498.17291354323,0.03674369817815863
78832.90346287993,0.036808801175450885
79155.56967315369,0.037455740882576735
79473.14425,0.03675507065833319
79805.06315002803,0.03735368928264764
80130.51589379208,0.03720546753927226
80459.08681551703,0.03730903247258918
80786.85599099944,0.03698403991912114
81112.54230745284,0.037348650441644114
81445.63619333084,0.037049071284433424
81770.55632355688,0.03701631821143922
82101.01552756298,0.03709806636978403
82430.65180692759,0.0369828779351599
82759.62761114922,0.03695090989702191
83087.15089641434,0.03675966975272987
83411.13874851831,0.03724345381014556
83743.64319131682,0.03687609148867606
84078.23963593293,0.035955707920469565
84408.5129679395,0.03633811848915649
84733.9604607721,0.03673674743336818
85057.54895716248,0.036557934119836155
85390.93263538356,0.03710556510252602
85730.51016336202,0.037557729148507885
86064.64340117369,0.03652650226880983
86398.48893736367,0.03693626559448594
86728.88402448164,0.03709709227754273
87058.43696328563,0.03709648025157901
87384.13942007249,0.03708957887277993
87710.54574348747,0.03697501991460065
88053.21618252089,0.0369417252166707
88389.10205099433,0.03659165505265816
88726.07766323024,0.037388033890608935
89070.42049139437,0.03737043939457175
89404.93832241971,0.036116168238525745
89743.87149722275,0.03607207733420809
90083.76922116824,0.03770592038219573
90427.85042016806,0.036864298586950645
90764.21867015642,0.03714985248644353
91101.97141073657,0.03805332888599278
91446.09645018404,0.03732209120028042
91782.03914235851,0.0383596674606819
92116.70633085431,0.03795631721687801
92454.25727097216,0.03762359762992278
92793.00998190779,0.03659600906097906
93134.19319244436,0.03744871567416178
93475.36739021956,0.036259970357638685
93815.44430592781,0.03685464772919888
94154.80296305557,0.0375133525678425
94490.76988176726,0.03818157596805793
94819.8789316026,0.038787253132814045
95155.94472550122,0.03797865737310126
95486.40259093174,0.03813084272365091
95827.78922394956,0.03848217812699044
96167.95712059832,0.03738980436932128
96505.94190612728,0.0373913716019476
96838.84310420179,0.037549696681439496
97177.03426791278,0.03748179188871418
97520.45700905401,0.03690046493631926
97867.34166146159,0.03791543072264801
98213.28132593932,0.037723752046425925
98558.41210536148,0.038188976820124614
98898.36638497653,0.03770699358272752
99229.00372948781,0.0370113619259332
99559.83837689133,0.03669068832381879
99894.16587854654,0.03737110328732706
100231.38026142973,0.0371086528425969
100566.18331777156,0.03661484053868605
100910.02816199377,0.03719745020502515
101245.92214597629,0.037229016654718616
101570.9021101261,0.03818255979104517
101888.18472967911,0.03745238746094165
102218.8303237858,0.03657086374171427
102562.97872340426,0.03788028638308773
102899.77191123301,0.037329463096690454
103240.11779761533,0.036700225692858
103578.62676056338,0.036535183852361354
103913.50165325348,0.03603765017861461
104249.87024091874,0.037040039692622144
104585.32411338661,0.037597468991231876
104918.20993889512,0.03777434214423529
105250.52228863155,0.03857261090908339
105579.6794135995,0.03742544420004053
105909.22873204248,0.03757656519950482
106248.51800398705,0.03828282099193797
106592.3752341701,0.038311606064377925
106939.45553686048,0.03776415165471947
107276.63421036185,0.03806440028035631
107620.57795197213,0.039139161840947755
107976.17762377474,0.03963323223505722
108332.32138620043,0.039370030338037494
108690.62072184194,0.03753858836093804
109051.33441457177,0.03848942671240447
109419.06384043019,0.03757046904048922
109785.27365601445,0.038571378411315665
110148.80709520544,0.03778458058490083
110500.08096484667,0.038481057314138326
110855.3920124805,0.03679216254880169
111217.7857855984,0.037109068536000565
111573.65744203441,0.03709302339238461
111922.93213261872,0.03829355681810616
112278.39666479295,0.03723946451202187
112636.6114470977,0.036548344525214584
112997.02643226732,0.03667954497517283
113345.9841012532,0.036575859970641916
113697.9567851121,0.03813905580038507
114052.86754884214,0.0383880925475389
114402.94093432296,0.038633163655586965
114749.80603152844,0.0372095635930623
115098.53850947159,0.03716524403992261
115442.23293824079,0.037356119731581976
115785.97664980957,0.03722899270193858
116138.75209244223,0.03824722657876026
116489.26065318818,0.03750797793862466
116833.93842980372,0.037679388729847496
117179.69202041578,0.036875229003538436
117520.32304809494,0.03577803505063768
117871.8823749299,0.03661238429001244
118221.6300293182,0.037698806159061536
118567.19475491726,0.03810907641835475
118903.70239651416,0.036106476792343786
119241.63262375929,0.036530100167203663
119581.08908602486,0.036568601007674256
119925.81575999004,0.03722286052260642
120266.15680029974,0.03688464238189775
120605.2068427296,0.03644989439535509
120947.32335889284,0.03695723511978813
121287.80957725403,0.03779975551756341
121628.03200848568,0.03656658258036537
121975.73331670201,0.03716227996116237
122323.27006115063,0.03554296607447421
122682.2569703759,0.03586676922927226
123040.91402009109,0.03663199497240767
123399.22713661884,0.03671444601831816
123752.689257435,0.03613094732420699
124111.93249656551,0.0369632581718007
124475.40041131746,0.03714462166646948
124832.28973128,0.03564671687054532
125186.49236427102,0.036050175705858944
125540.48281025769,0.03554759729541725
125902.58386411889,0.03596764335945904
126266.11233287517,0.03598390619377966
126629.92025915773,0.03612459868750037
126991.7461227032,0.03497614961830795
127365.805375,0.03573768687635326
127726.2174671401,0.03626088743290919
128080.62574047515,0.03751251800035848
128446.63691962056,0.03727673300149909
128811.98153001373,0.0387207019006686
129172.59990031774,0.038592757597570464
129531.54739010989,0.03703032555611933
129888.74781795511,0.03706309219754765
130255.1164123326,0.03879963624585995
130628.66201134735,0.03890473674892241
131006.07400699475,0.037503321215006206
131375.39913948992,0.037204241285121
131738.2833998006,0.03635098189004585
132107.96088583904,0.03742978875806421
132482.47257489525,0.03700442311268648
132855.21040189127,0.03733709737569912
133226.3344773791,0.03791619367202128
133602.6158646945,0.03652948768435655
133983.9868494858,0.036403117163626784
134377.3004182011,0.03613441605663973
134759.24716510903,0.03613660323014491
135129.6911461908,0.03624439343748707
135498.95350581178,0.03603592496504055
135860.85699165732,0.036469385530433135
136222.6090648021,0.03765472160124315
136582.23222748816,0.03655872135895383
136947.9422357926,0.03698053298789005
137313.81643596457,0.03726411218761807
137676.53214842532,0.03773906069655538
138039.12906650014,0.037568104848075
138404.16530319117,0.03701181488090279
138769.20790163527,0.03752142378603507
139134.71272953626,0.03803769993996817
139504.6498691915,0.03740955923134189
139874.94840402273,0.03890787801771998
140244.76893373195,0.038650585701949
140609.28426966292,0.03796312304921202
140988.67181948514,0.0364820321522732
141374.3749609546,0.03850781111022814
141748.12878267924,0.03805691367899697
142124.35764559326,0.03765525090647471
142499.6164682416,0.037226153135848185
142867.10783456205,0.03711966262996104
143231.32509186026,0.03636327918764385
143609.3159110778,0.0363364083353672
143984.0999127943,0.036799956498872764
144363.34950668164,0.03582777481297861
144740.22665751886,0.03672099615150781
145111.41009031454,0.03764676561699971
145480.1581875,0.03711915998712849
145843.92088390913,0.03707285121686803
146218.57847729686,0.035903879638577905
146596.46423676013,0.03715507706729365
146982.09505395123,0.037003612606171125
147365.85813256772,0.0368106677410106
147752.68619872833,0.03592650179451927
148140.76714722585,0.03631420096164423
148540.73437207853,0.036766246335740806
148929.05421272875,0.03561158369534295
149309.8052020958,0.0353212747534489
149689.13873660602,0.035536613804115595
150069.06730289423,0.035960500351453345
150451.91027478347,0.03522334169929826
150833.56362841258,0.03513351693774253
151216.83314641746,0.03579563763921943
151589.70291213598,0.03553264996493672
151969.86639298376,0.035469868969903826
152349.15287141074,0.035980772722407704
152728.35549584453,0.035470390578998263
153119.6694096378,0.03413218708253773
153509.047936251,0.0349327046298172
153888.3529962547,0.036076824040682305
154270.6297821881,0.03484589458359463
154660.32310087173,0.035398505075496266
155043.1092841513,0.035150277659727454
155428.22461461648,0.03605068880123892
155805.3952140587,0.03771125871264274
156187.83657974983,0.036389475991194825
156569.45737694664,0.03498993229141803
156955.62304055734,0.03576974183648204
157344.71148196762,0.03498854896820121
157728.0326426164,0.03505028528211406
158108.22420239283,0.036520504731360474
158481.02017560246,0.03554878830112929
158863.99925037482,0.03558471099249978
159234.23587791025,0.035769317480232474
159600.65716774514,0.03648814739765436
159970.00249719067,0.03668257608262262
160345.16194281433,0.03677141975685512
160720.58080808082,0.036562962035899364
161096.373393236,0.03754942480893196
161471.18463746412,0.03600998043898954
161846.40440259417,0.036211510944045136
162228.74534238892,0.03608971350120268
162606.03481407536,0.035728789546423285
162983.20290759343,0.03670426856197349
163359.17415940223,0.03633937287223
163736.59753055626,0.036558139236113334
164107.8891942536,0.03617811636933554
164482.15223080758,0.036185102512479736
164854.32801197306,0.03655526891856403
165239.0229583879,0.036458713952263515
165624.8813918683,0.03639218963738367
166001.41934274646,0.0354702628545193
166377.97778748363,0.03570228276342405
166746.6823412328,0.03623408033287996
167113.6168031506,0.03661759194691284
167489.11942347288,0.03551159526253389
167871.428304705,0.036072526263138144
168248.46572945954,0.03629414136885276
168627.64283042395,0.035653973714717846
168998.75816911948,0.03470957123564265
169356.81460008727,0.03486185125190661
169717.0045494204,0.03566832760771669
170081.87165875593,0.03534134806344826
170442.23317322688,0.035601026419572454
170805.4474111042,0.03536131552138851
171180.91297034637,0.03566950883725377
171549.4326839016,0.03493085999033107
171912.84636488341,0.0367646176482231
172271.70771818352,0.03696782808232385
172639.64427519043,0.03647272327947688
173003.91913645723,0.03658255995621145
173365.3195734863,0.036028041362237855
173728.01361138863,0.03642329788203825
174094.34337011407,0.03554921070841693
174451.5256330298,0.03601486274587152
174821.84472010972,0.036215593213034275
175189.4152685087,0.03563358212298665
175549.29149494192,0.03707506045104029
175909.5288179949,0.03667034424855494
176278.47415407666,0.03632770421676924
176639.506793817,0.03555564490962406
177004.7893128819,0.03627187166932811
177373.54182521364,0.036233612987389495
177745.80296702613,0.03642886718079297
178108.49584971604,0.03500633392631439
178476.4151992007,0.0354715133663437
178848.53311320167,0.03627446481982547
179206.31547767523,0.03564015221866966
179564.75250856965,0.036077373364489684
179926.62665418227,0.03520873203460075
180283.5816402842,0.03593971169291114
180640.18033707867,0.035342393512311165
181008.6514773719,0.03665538660070572
181387.3173245066,0.036755805858887464
181760.38051000686,0.03725708449982987
182128.79978793737,0.0362751724242698
182499.15136043832,0.0357652668109679
182861.21394275737,0.03655829816156338
183222.35351391835,0.035697198346859464
183585.11492890996,0.03488148075622311
183940.89933890483,0.035696166320585275
184296.9350340774,0.035665088620941
184652.08766253965,0.03474033435743441
185014.8252433242,0.035717612462743076
185373.51527240992,0.036155388352213214
185743.4782364329,0.03632167686806937
186111.6840758767,0.03540820076561699
186479.8379978807,0.035473244382265866
186843.6977932926,0.03675739091025551
187208.37054602185,0.03583370163508033
187572.1479031453,0.036516096093746765
187935.42432179608,0.03746965909093146
188302.39858917534,0.03578351153471083
188669.9515687251,0.036276329624635985
189045.5750577367,0.03579628814492325
189419.00736119776,0.03610505519873923
189801.66127824242,0.0373864492299874
190184.79849258752,0.03740152682078956
190563.05240474702,0.03703806776904772
190939.32424015945,0.03633300453287897
191322.69681846537,0.036714523332249734
191709.8576603585,0.0361880745628762
192090.03218376494,0.036124718142700386
192472.0295532646,0.035593261565939616
192852.12219730942,0.037646694878463
193230.2246882793,0.037355829661927895
193610.5735853765,0.03521397724908871
194001.6067443745,0.03595805217490233
194400.1343125,0.03740295537443522
194791.43257552164,0.03581408996240253
195178.01053878773,0.03709955574371492
195562.11032849218,0.037760198453256656
195948.70676832699,0.03814491812139447
196335.36241652624,0.037701597029947805
196713.1938394524,0.04184491316262691
197094.0468321277,0.038996093383883
197466.96302542003,0.036244373968988886
197841.2476618032,0.039496887468451196
198203.97000685913,0.040670173831679444
198568.7823290665,0.038516106183413445
198939.67928051285,0.03664567228666109
199313.22801648764,0.03978488373219403
199679.33975678205,0.03999335790244078
200052.09529749284,0.0387945112753021
200429.67984016982,0.03615265485455933
200795.77620414275,0.036918269231403004
201159.01862464185,0.03721598923634895
201522.1607109448,0.03672338021728046
201895.81319847662,0.03517656405156169
202278.582508559,0.03516291614530721
202656.13676121456,0.03636324367456041
203036.11481643084,0.036584130179903494
203424.10724764343,0.036582435288823496
203805.39244366987,0.03700093665793564
204176.78618318224,0.03973060635744287
204554.03202691756,0.03823162683402449
204945.04010978728,0.03645863598093916
205342.74528125583,0.03697261980213867
205737.50456135967,0.03704872428098821
206129.40028685456,0.036813168825526134
206522.54592504833,0.037195105769257025
206911.8149650524,0.03649689965699875
207307.97365142644,0.03665268507575864
207705.55586052025,0.03623353145538271
208108.11854672577,0.036831540556356124
208507.01983038164,0.037627897477300644
208901.86114744906,0.0368422838963898
209289.4910078681,0.03746803214268781
209683.78104513953,0.035727355200536964
