D,r2
71.99962917181706,0.5611214886832451
99.11350188273265,0.5369319875296212
125.93829728230726,0.5135912584902613
154.6118556701031,0.49959778407949623
184.3343669947418,0.4704229521965603
214.6312037290924,0.4718742806274174
245.80053262316912,0.44776956333748097
280.67997977755306,0.44136879871425844
316.56113018220225,0.4296847719706505
350.88445588445586,0.4214801826164341
387.1180991417958,0.4080181381836752
426.38062827225133,0.4078660120955502
465.20378320364904,0.38948416032804223
504.35762501722,0.3783586979841396
544.849713295106,0.375249276170497
588.0947179025832,0.3689788300645474
632.7279723991508,0.3595629646130747
678.0407312810862,0.3519423425038203
723.4062542121579,0.34044615910508275
769.9673571054011,0.333790048314015
817.9266838324976,0.3208830357080116
867.4413994944791,0.31287332307915056
918.6715486845674,0.3067932391713453
970.2407238640802,0.30530900865825
1022.5769283651863,0.2960821561417309
1074.2328181065416,0.2886910470724954
1127.1492825607063,0.280026766485823
1181.218009478673,0.2829124813699005
1234.6029916289283,0.27575482470160634
1289.67918753478,0.27327607376403246
1346.0288768568653,0.25601872642226237
1403.7732100979445,0.24571022913950546
1463.334670170101,0.23760766961021604
1524.6269622693474,0.23317897264472418
1587.2833681280445,0.2180038272944258
1651.4226091763405,0.21766853003108988
1716.5292405764967,0.21865823571253634
1783.948661330389,0.20414543018116532
1851.3007466814158,0.2009842266775765
1918.6032495486738,0.19641097161620247
1987.8522460262611,0.1996991778835575
2058.9410139522033,0.19734740627048744
2129.3593663911847,0.18733056520394772
2200.7592308764106,0.18408178793000504
2275.254483230664,0.18091018191126942
2351.443721445383,0.18578111245772516
2427.667177486765,0.1795676172252428
2505.3798024149287,0.17801683221576692
2585.106471816284,0.17052417687987595
2665.0075726283903,0.1723466632268288
2745.028155339806,0.17230229240855743
2824.5952413888504,0.1709108200458431
2907.3893584591938,0.16672398317607748
2989.6974951830443,0.17058191008158266
3072.306000278435,0.16657582410102964
3156.65544717681,0.1617546216116579
3241.5134303301625,0.16770041852181697
3328.924322080797,0.16384293806739583
3416.0448233191255,0.15797525970301265
3502.6392053348154,0.1527361598472813
3591.613674033149,0.15166930865050873
3681.376455906822,0.14946417444803584
3772.6818932306,0.14330720628912325
3864.41320937977,0.14623040738777218
3957.1007826445148,0.14454541260815051
4051.3197990791127,0.13890248283144316
4146.90104885454,0.13579774897368108
4243.504290063659,0.13442020158143528
4339.41433494142,0.1339381331029795
4435.943091693335,0.12992208221337145
4530.954875874366,0.11992029448748835
4628.022079373952,0.12347469036692685
4721.194099807003,0.11809938207597977
4814.839878318584,0.11703560395784306
4909.774157923799,0.11829806086618619
5005.665879410947,0.12055301103157617
5100.613717913331,0.11410068512999268
5197.1177937915745,0.10959866925434009
5293.179217907973,0.11135493508864995
5389.480641592921,0.11577630653702632
5486.641433711597,0.11439504051710976
5584.441025641026,0.11182581073863784
5683.395278199641,0.10829371939211135
5785.755333887503,0.10836108817939163
5888.381750207699,0.1080071789215435
5989.673212557046,0.10523435917432529
6091.931186347371,0.10271532211123528
6196.851995029684,0.10112676472647596
6302.065283540802,0.10192046628493992
6408.506327353636,0.10200642466629174
6517.220077220078,0.10148871980268119
6628.185632902599,0.10077338260792801
6739.585160667494,0.09916059509963669
6849.622628444814,0.09977830841224979
6961.576070494286,0.09516852820384455
7073.687508684174,0.09115105116989586
7185.613174975832,0.09139244513266619
7297.285359116022,0.08677807971866076
7406.4878421564545,0.08666835487791093
7517.867060764366,0.08281633788361843
7629.954193191254,0.0829577464015044
7741.053178230162,0.08519741860834948
7852.503055555556,0.08528794697647457
7963.634082085413,0.08580541748249634
8076.327979132345,0.08101356224673475
8189.471705963939,0.0802579897329839
8304.653628196269,0.08081978631010805
8420.480354178197,0.07978253565504628
8534.219644345652,0.07869024461507458
8651.455573951434,0.0807589439596111
8770.190099833611,0.07985438114389692
8891.109366391185,0.07856352752467494
9012.68588055979,0.08025472551900735
9130.960427658983,0.07644992608276124
9249.874602076125,0.07617961631348061
9368.458660063283,0.07243523044080974
9489.39858490566,0.07368771254401131
9611.846260196322,0.07045572004278566
9736.82905629139,0.0711027763564395
9863.170489085383,0.07171432453970122
9989.85767842266,0.07450866746012003
10113.024240735582,0.0699704942966076
10232.534624896949,0.07141473431009357
10353.622249896223,0.06879282166496642
10475.438841944868,0.06955372242299424
10599.410638004685,0.07000428987402722
10723.607924632863,0.07214587712446087
10844.823872310895,0.07091339833860602
10970.364011555923,0.07148052131657963
11094.259556786703,0.07126522047281594
11216.94631710362,0.06994284426917266
11343.209815274331,0.071954752190674
11471.964162169641,0.07054368709014479
11602.395688456189,0.0687178530184787
11731.603929111141,0.0715179193999748
11860.004158580537,0.07166368774941673
11989.005111203205,0.07280872157320863
12121.722384326802,0.07142155990048436
12253.907726208512,0.07371282730704692
12382.360610263522,0.0707670652564282
12507.246639878065,0.06926693028581998
12634.811224489797,0.07237113122078481
12758.65700348432,0.07125613253892081
12886.98023878139,0.07196118529627765
13013.097029428096,0.06939852586035475
13138.920333102013,0.06914273441481615
13268.549295774648,0.06821037766161264
13401.785753727223,0.06722890848346291
13534.208165532566,0.06787266571638502
13660.827866593165,0.06703079781713497
13790.996826710816,0.0691459692998159
13921.246449456976,0.06820017145799095
14047.628099173553,0.06605175116300602
14177.270893769857,0.06634093137081513
14308.962190714485,0.06516016223082832
14442.757609144746,0.0630498799879364
14578.44124965441,0.06503282618207258
14713.785170839674,0.06210332352646012
14847.089643652562,0.06373775196322308
14980.216133942162,0.06449283316631059
15117.063876651982,0.06439928320002229
15255.230386740332,0.06397827036568254
15391.7665786181,0.062203570891031734
15529.357958453707,0.0617275873255273
15668.6212647672,0.06145001063468706
15807.8386429458,0.06256752407440246
15950.688796680497,0.06357571957598934
16095.152486187846,0.06606298728847586
16236.716991643454,0.06483373136461713
16375.763016897925,0.0641569297784415
16517.118782995276,0.06474441337114623
16659.51213458356,0.06606614207502405
16806.95285773884,0.06493138438307874
16951.64883816857,0.06590911919002113
17096.01385233412,0.06313615916729909
17239.61293889964,0.06516791702278599
17388.5567913249,0.06523589805011307
17539.89225682006,0.06270525084132017
17690.230192868046,0.062019455544600983
17835.232439159292,0.06298580348211547
17984.836240310076,0.06383223463236669
18138.42078317421,0.06692070703812404
18287.525503170666,0.0629848994688718
18436.353030722392,0.06437714942225112
18587.14841038456,0.06464027013352859
18739.165216190082,0.06454795157813308
18889.63853261619,0.06369210451510465
19043.113241628456,0.062031352788390504
19198.629573381197,0.06401453084266219
19352.73156873614,0.06580203656678194
19503.650110375274,0.062211710961486325
19659.210816777042,0.06295735894044527
19817.50312978161,0.06329855718667884
19977.24246594193,0.06420842669973238
20140.423674715516,0.06510074766174098
20298.74327122153,0.06252022188832845
20455.81031383935,0.0651050538121191
20611.880787357914,0.06383393680367436
20769.814024390245,0.06422833035079617
20926.43587270974,0.06465926742494177
21083.894153505127,0.06649436654916897
21240.188890424208,0.06471065412525764
21396.77648363838,0.06376565136408535
21555.257489990334,0.06355438629521454
21715.379713371363,0.06460666608222508
21873.760722658943,0.06475550949277481
22033.178413488116,0.06595008755805574
22196.11807964479,0.06445058391621873
22358.352081610145,0.06218255241447757
22517.798783017563,0.06183147938818923
22674.52985899917,0.062184489341857704
22829.62420116699,0.06397701948759482
22985.260436826098,0.0649832770801339
23144.58925117436,0.06401397266097304
23300.31057878704,0.06380446631507446
23457.638635735984,0.0628113631726901
23612.73882254929,0.06197710952223762
23767.53288294499,0.06182264313940446
23921.7123079053,0.06282582121383842
24074.255392699117,0.06215096669878522
24227.78177790086,0.06218077564904989
24379.447707438703,0.06168533828678115
24531.41820435142,0.06302748784244004
24684.541464092235,0.06143947127960094
24839.85171890101,0.06108074956339661
24999.706085753805,0.0609907502383412
25162.24525426077,0.060618072531388935
25324.163217439294,0.059640169251529325
25490.09146426093,0.05910467773396552
25655.917971456285,0.057271916015716365
25812.63540802213,0.05928706569105809
25967.478916079082,0.06176218502091051
26124.419986216402,0.06189862206963552
26280.71691329,0.0655979340603623
26436.700124774714,0.06267826146734057
26589.98489677151,0.06257929095272781
26743.117153083702,0.060400750677728356
26893.97824279379,0.06055501209622747
27046.198615916954,0.06138630076922733
27196.54857539958,0.061083244527249426
27345.425323780655,0.061355089586900426
27493.897843516726,0.06196664653948399
27647.888766215845,0.06295923576627463
27803.46939905843,0.06278275337372617
27954.605914052783,0.06412827086183193
28105.58034473172,0.06461213802848062
28258.968093922653,0.06515240342833911
28410.41675884956,0.06610953376649595
28559.576704151048,0.06780386391907833
28708.98068166138,0.07045593267626625
28861.698019116222,0.07140742809063762
29013.583241455348,0.07258420798691173
29165.56499374392,0.07553459423834455
29317.396947614463,0.07750852550317605
29467.249234196603,0.07483739070687814
29617.34079978013,0.07537519244306683
29767.45010380623,0.07762695593064216
29918.460152460153,0.07592380689613536
30066.33471416736,0.0749362352237867
30212.186963742042,0.07439153840318155
30351.4580850769,0.07001479346872998
30489.789648033126,0.06951241892129166
30627.180935201886,0.06617486231660771
30764.583957812934,0.06488760292602493
30905.655277355097,0.06224660064675406
31054.619460500962,0.06555246819414728
31206.504027777777,0.0636822624035437
31351.436680016574,0.06588567427329065
31496.672679339532,0.06887442025289459
31639.772746099683,0.0657778682918319
31786.33351731751,0.06436773279662918
31934.74043376157,0.06156438337797492
32085.88628808864,0.06100594865222524
32345.057610597352,0.060069093553360514
32707.3316729967,0.061029355457421386
33058.79607892108,0.05993431661536326
33387.9129350131,0.06039778640372326
33715.15871433911,0.061385265513058056
34043.73470661673,0.06260946085857388
34376.51353886561,0.06344508760007417
34715.1616412807,0.06331740015568176
35053.27132412673,0.06143438427138074
35383.03727289755,0.061275287832645735
35721.28414618935,0.061688655235683766
36068.64297283828,0.06352692483726775
36415.954123293646,0.06424691229291413
36773.33368663882,0.06053648438733706
37135.860866853756,0.05865182206838598
37510.114217950315,0.057711777676191185
37894.49194253592,0.05651589617501443
38273.705438913465,0.05639771139958361
38652.893360788716,0.05559847368381368
39040.15235957858,0.056852425214351916
39418.5217608492,0.05504503819654074
39797.66874726921,0.05522109641808849
40173.919910319484,0.054557964715727
40541.48840842342,0.05559003521563288
40909.96582902039,0.05642052437568926
41273.96192434723,0.05736706847355227
41630.295454545456,0.05795836474704614
41994.755479452055,0.058989990577890804
42357.53358745235,0.0582348463024747
42728.64184684404,0.05657476702561969
43100.214963777165,0.057035217201785476
43464.977618453864,0.05811153030636633
43830.763716759044,0.055571244810292846
44201.784650988244,0.05663793514486415
44575.034047055895,0.055311311392347136
44944.01698195667,0.056898234248471756
45311.62531977288,0.059223029133218766
45676.478949666314,0.058108248392199295
46027.984345765246,0.05739646972122911
46375.99694761104,0.05704228135219567
46715.427214200885,0.05601553365308622
47058.342899925134,0.057180395266360796
47426.35757877694,0.056529106003270886
47794.50625078135,0.05776134900879691
48152.15741662519,0.05795734220798721
48507.25670450293,0.055456547323002245
48848.00149915672,0.055319477763934484
49185.20684069528,0.05548063922044267
49524.4130312324,0.05882744795501016
49866.55982348188,0.056488277091573176
50207.45375632299,0.055256482505244515
50552.41777750094,0.05475389986701223
50893.91317906817,0.05341772604954317
51220.80805998125,0.05514825530557977
51535.284903660286,0.05587546745723854
51854.974175035866,0.05497939470959904
52192.801334830336,0.05494798185269285
52536.56903322321,0.05372256531626493
52892.70846062722,0.05607105008531017
53254.853815411516,0.055855175533035394
53626.04660884757,0.05634741897671009
53988.301538844935,0.05496045547467602
54358.4656335916,0.05627503129094751
54729.92088390912,0.056177431023318784
55102.87514833552,0.054700206679005305
55472.54050340391,0.05590988129606847
55852.761252568016,0.0548925473753484
56239.651717676454,0.056826613998174146
56631.12147262194,0.05656463392961103
57014.853295845045,0.056995740758984864
57393.07107200799,0.055024490253986987
57771.764713209195,0.05500580119966848
58152.224371373304,0.05500893129591909
58533.903372607696,0.0539672365052657
58922.70593368237,0.05475819603187186
59305.406849571904,0.05442836474209774
59665.00093562874,0.05515408627612372
60027.99145885287,0.053575266998925265
60401.28595505618,0.053658172533965605
60775.371806057585,0.05527504686721207
61158.92587743906,0.05426855705654469
61555.23928638263,0.05292460388995215
61965.49787818272,0.05292131007156814
62371.08125663606,0.05285281780897595
62776.588883356155,0.054579479683322565
63181.81735330836,0.05723347376466962
63585.43317310693,0.054243073209247206
63988.363845818545,0.055342183920568236
64387.5330338761,0.056969806616783955
64776.604092582194,0.05496250015979835
65154.370275504465,0.05561378484869194
65519.43796030458,0.056599750861280516
65883.08855789604,0.0560893770973166
66250.07827226765,0.055383376979926374
66634.99457233764,0.05909512792753706
67028.91566040085,0.056779472538863125
67423.26351267008,0.05534450467443783
67829.97682698314,0.051721326369712016
68231.48718268571,0.05136878498031364
68613.08798604188,0.051248062268429526
68982.0724556139,0.05036563650941875
69346.10490208307,0.051685946969279827
69696.59487051793,0.052004247279062395
70029.77424790912,0.05379679524442182
70359.62383031816,0.05679987921425822
70700.5960591133,0.055567079101439626
71039.3883452789,0.05787217953793161
71377.3397487971,0.05673797502080919
71736.50700978254,0.056729759790325684
72119.93490054249,0.05797028671431499
72519.90433968155,0.05535457124943962
72920.24515244093,0.053435575227997134
73304.66980602508,0.05182729148070619
73680.29557356608,0.05353939945109469
74048.86250311643,0.054309355616183067
74421.0845774252,0.0559148381232204
74785.60419780767,0.05595961623428261
75149.89148883065,0.05563239337289992
75503.37864199074,0.05581999670828841
75844.61461897356,0.05751684111504183
76177.46524131033,0.05644703340280261
76513.47635683094,0.055230228591695574
76862.42764632628,0.057747413018872706
77233.2601011678,0.058103349690997605
77599.61284095155,0.05942345929158473
77954.91865252651,0.05663445618871168
78312.91965010934,0.05350351146350144
78669.92295214922,0.05334624423442011
79031.97925621379,0.05386133716526324
79397.38508656791,0.05392764342366622
79753.42898152772,0.053786893752852526
80107.4271741839,0.0526923030486288
80469.19258797882,0.05206508017859163
80845.18228321896,0.05230073652919411
81224.13604295436,0.05111506512895763
81609.45343978045,0.05238887985789996
82008.86891689543,0.05122747222609627
82404.85263682832,0.051582939159616675
82791.33818113725,0.05192311340424022
83175.02354406727,0.052129945150624545
83551.6638393414,0.05437317425839632
83948.71809274168,0.054809210327004865
84359.1511802173,0.05306347918909166
84762.45249094769,0.05526179939053614
85144.66076879945,0.05343828550705784
85518.66791370495,0.0542271055367106
85902.47706708268,0.053518480970607726
86290.92173479561,0.053662126604138286
86681.88786971172,0.05307559857676146
87074.4644549763,0.05342018229072854
87452.10544387564,0.053351725630819566
87813.57002871053,0.05257698681468743
88172.9301933874,0.052273389624008994
88536.05376947041,0.05189774320810275
88912.12557704304,0.05104060217223972
89294.18601747815,0.05140113957453062
89663.89265430943,0.051810814323824395
90034.1025928696,0.05218967247399393
90421.40749283132,0.051835459097017166
90813.49731987035,0.05177656514089971
91198.26220919353,0.050519956640824884
91589.32813377425,0.052494725343983896
91984.37884939721,0.05202193576366387
92381.56743431317,0.05340626239829907
92783.11388854258,0.052432872108055195
93183.66731068869,0.052688088484283815
93578.57175,0.05608873160530309
93986.66805780491,0.05514911015531286
94392.22843051566,0.05453249920311974
94793.78327825924,0.05527471610294393
95193.48512814117,0.054501704262183655
95595.19742837526,0.053504318324300235
95988.84652847153,0.05442254112934762
96357.85158438647,0.05257649143035121
96707.45929253228,0.055226538589230496
97054.58289137081,0.05717789073124095
97403.72469282105,0.05611881593093782
97765.88429597253,0.0545467536109967
98119.30450776232,0.055453741758655736
98471.77824893988,0.05739559047282733
98814.13601496725,0.055834505173944046
99149.98640304372,0.056887744379146656
99483.2415193353,0.056877328676396215
99803.75048199514,0.058188062319183005
100104.83597751406,0.05824678702842262
100399.31481365878,0.05780710026672819
100700.44278048172,0.05781430348599621
101006.23181988276,0.056522465335618034
101307.00547911089,0.05689608186497903
101601.21902143348,0.05625465995774789
101899.87527229726,0.05529817307136813
102205.30195271071,0.054117524962984595
102507.97006624172,0.05475790240987499
102812.07884411783,0.05659113281822786
103116.99819044053,0.058113957200116764
103419.61500561307,0.05566495661297694
103715.03930866663,0.055881377943961315
104005.34490076145,0.05654411874933331
104300.34268048963,0.05599865701649842
104600.1955953714,0.05431619341012554
104900.20489908142,0.05673681369351336
105193.95965777806,0.057783064975024896
105494.72777604977,0.05905054014831367
105820.07793262921,0.059972341933056915
106163.63840399003,0.05787164089182018
106511.31747021768,0.05734164445621986
106857.39592421787,0.056835127363093554
107204.30815842078,0.054365424294593304
107557.06987906745,0.056189253149863956
107929.16797605687,0.05676979816852085
108304.09269540265,0.05700086942311714
108684.24865909941,0.05653883400584865
109059.54761607588,0.057381126096155845
109428.76857445351,0.0546250206320222
109787.05686641698,0.054093349028280835
110138.84339905166,0.05523597418424338
110480.46609693719,0.05428647098726242
110834.89538365565,0.05684544492835019
111199.66128025955,0.05641406331500885
111560.32699264064,0.05660457492623816
111920.93736743605,0.061102448518797134
112294.05216848674,0.0608632327051187
112672.14450686642,0.06119970937760834
113054.00784460217,0.05993280496144722
113434.92678816627,0.05853626243855069
113825.54556242583,0.05659351836585049
114224.61324866144,0.05649501724844923
114634.75721063804,0.05528523166188467
115024.05303219367,0.05590121813043218
115413.29278492073,0.05555943866537438
115814.39329970733,0.0546886740204971
116221.74903282167,0.05705371210075079
116625.37507015027,0.05696090101832731
117027.4016224649,0.055940190082696246
117426.807812305,0.056342825160555825
117825.04338070306,0.054422088982075345
118210.72415513157,0.05469601431271972
118598.74633568265,0.054695050932082497
119005.41212083385,0.05436982527817095
119415.57767656601,0.05347831651006118
119824.45071740486,0.053344805550869685
120229.31482638021,0.05518653421099636
120626.95365229867,0.054550872636337885
121022.51521576454,0.05358638558195293
121417.5322973226,0.053354919458660555
121803.18339359183,0.053504193777208046
122184.74391079549,0.05606333146765366
122570.53514795855,0.05703527312617796
122945.24592925323,0.05573448296901551
123322.23811007917,0.05223248142578091
123699.70830730793,0.052774386238537786
124076.87969315205,0.053602129773671174
124458.56552670994,0.05418019464583636
124839.52995764824,0.05357632793903626
125206.60278332501,0.056284415880545106
125571.3945663011,0.05455888803266607
125957.00237322008,0.054886422809679244
126355.7462882096,0.05473145481679447
126747.677026774,0.05543562733302299
127143.35330797531,0.05559790963844494
127547.05978057599,0.05484671825456835
127945.19588528678,0.054722410052455116
128344.30626638372,0.05572303269616358
128735.08144400724,0.05491238173323947
129124.47277258566,0.05647004685693129
129522.64995322732,0.05458376943122601
129924.28081892517,0.055284040686611045
130336.09813695557,0.05838347137210626
130748.96035901271,0.059025478389135015
131154.0772063413,0.058281972362316366
131563.2282928049,0.0580720035491713
131969.8581304104,0.057002401618678505
132380.34533673915,0.057429908759340516
132801.17684486308,0.056608567290625314
133214.2813066017,0.057847021807837386
133620.02766502218,0.05801796157194399
134011.98984360395,0.058253915957042594
134401.8927814487,0.05767669833712726
134782.97480197094,0.05653397542647273
135166.79623844038,0.059099688339614785
135538.75874104083,0.05728995309708817
135891.6225710015,0.05786366414790577
136252.1984871218,0.0575221477267166
136616.98099214758,0.05817257842576607
136988.9475095069,0.0596489008028564
137375.10405996253,0.05965214685482059
137751.93934671488,0.05864079204593873
138123.0362503893,0.0595365443489432
138503.2282092907,0.05767153273239088
138873.3369986255,0.059645377473628934
139249.18045769157,0.05893216863875035
139636.17608180572,0.05673299531164043
140021.1706542056,0.057692744446539275
140411.29313462618,0.05911226288696561
140807.08866933465,0.060290481956909024
141201.38861201095,0.060128966847495365
141588.73429710866,0.059702112573950736
141961.9966281611,0.059656622237030145
142329.40263552335,0.058775313969725844
142704.00242960377,0.05899491511181391
143081.39329553244,0.061026106629812754
143471.14521863888,0.05915659844059619
143870.55522965553,0.059052791645505635
144280.61286695814,0.059495514379296253
144689.65378391836,0.05913450444334141
145078.71551831937,0.0563654487632865
145452.9431754528,0.057863941241000624
145834.6193242146,0.060008884502687605
146219.66866192792,0.05769454021478649
146613.3893877042,0.05930970388572353
147006.6247036806,0.05963272978291923
147399.3655310121,0.05786535941974124
147782.28446608002,0.05706239463687258
148153.80134680134,0.05694972865368084
148516.44616151546,0.05765305432349897
148881.79382407985,0.05413990940950152
149254.56519568068,0.053119792287795085
149629.75379711232,0.05285530437575476
149997.6386172532,0.05248221874210147
150351.69604046966,0.05430730293706748
150692.26373215287,0.05290338382682855
151032.22465394688,0.05305537352432007
151384.09318281047,0.05166969029526506
151736.18815461345,0.05343667828342699
152091.87959260185,0.053851799981662084
152434.21363948338,0.05417749672756825
152757.47164755734,0.05662089866041021
153076.49260899395,0.05758051437448247
153388.572864008,0.05705438324571048
153692.13021255375,0.056047103469910896
154004.06492048645,0.05466065001147909
154319.29834633385,0.053756864926985594
154648.7746584316,0.05414237009240787
154987.4656954302,0.053355725811967576
155319.98336668333,0.05287368045516892
155656.8090756093,0.053113970456283945
156000.05014344517,0.05250594542270557
156356.25965611762,0.05169815580887831
156728.36697018836,0.05193589772355607
157116.9377575228,0.052265213137583505
157529.60208346328,0.05147787716437756
157933.23961123917,0.05158576830879168
158342.67726649207,0.05182004863770889
158753.91779194798,0.05062245254506422
159159.5725675844,0.05072492186193453
159583.10814861069,0.04979722253781301
160022.34059282372,0.05156621156122515
160454.43647681296,0.050531081575110284
160875.18368111958,0.05229058086521707
161282.73789618167,0.052094180342465005
161690.61875973822,0.05242724037213653
162101.44039445763,0.05215594974537205
162496.19667020015,0.05156451382229389
162885.2127433849,0.051614799613415696
163275.02311094498,0.05216035976499682
163664.82743335207,0.0523858254767087
164047.74662584355,0.05673989037201881
164412.38188266035,0.055549299981135135
164766.87749500998,0.05688021506476604
165121.58374937595,0.05527239275634483
165491.56077158375,0.05505631484667991
165865.33680209372,0.053425984908280134
166225.53564956572,0.05578096253390961
166586.42366745725,0.05742562211972718
166960.6831942195,0.05447299376684056
167361.09961948724,0.05500124001886478
167776.34097278444,0.056313528228936045
168213.6551379698,0.05588013217713898
168658.95443779606,0.05442957901514514
169084.6429150808,0.05644301852465662
169496.93089253415,0.05594191938172811
169882.75568996696,0.054922861003407125
170260.10359460808,0.05439707244853201
170628.90570626754,0.05475707312830903
171003.38225746035,0.05234894342061577
171386.2775247957,0.05305569249913816
171762.30630967984,0.051804604991693794
172132.62883512097,0.05207862976244037
172495.8145402442,0.052894361275890756
172848.11960588675,0.05526998588020089
173202.64191676545,0.05597508604943454
173566.29882617382,0.05710904442629226
173942.41417421168,0.05723449967705625
174307.68854296388,0.054935889795206395
174676.1223331254,0.05638380532400186
175046.8439822622,0.05700128709620358
175417.4747072016,0.05476551182691025
175792.57315704128,0.055838906708905324
176181.2492346142,0.05456896488963371
176570.96872469006,0.05462965202230213
176955.01175587793,0.05617565808537719
177344.8521074226,0.05839640303045948
177738.48575534174,0.05653099658975792
178130.2778712532,0.05567586199638022
178527.20193327096,0.056503768238708924
178933.7427841157,0.053962943753530834
179346.43281718282,0.052977557630625866
179759.07342766316,0.05466362310339249
180157.75232623494,0.05450838649768406
180543.47034267912,0.05196367511459559
180928.59886264216,0.050752912710193276
181318.53445587776,0.05042675125655786
181690.46451532363,0.050975769110632264
182057.55461399464,0.05184159657015046
182441.32160209294,0.051570894159602504
182839.00367991018,0.05226984358558251
183236.51974792537,0.050986881694781244
183631.4579013117,0.05107905523093045
184037.05668016194,0.05165630125478085
184445.18797227254,0.052648622918193444
184857.27995758218,0.05210441491534694
185275.7424005992,0.05300973102309212
185716.91134663342,0.0501714108460944
186164.2546657512,0.05208317312202776
186588.88117947758,0.05024660554251354
187016.09135725428,0.0518019443595662
187437.7982155113,0.050673161462854076
187850.45793868395,0.05003420739280274
188255.63623884696,0.050170964302285244
188650.65634732778,0.051021427540790726
189034.29919440454,0.049049765716365164
189428.6523934181,0.05020772766823885
189813.7415127309,0.04979493138761462
190199.45042457542,0.04961082693836757
190599.7188358731,0.0504752925150209
191006.06809544578,0.051996157348037315
191410.62639695324,0.05233441123970361
191804.3857649916,0.051283455318490205
192207.2904333708,0.05333718365344703
192608.4375584513,0.052855563063021846
193022.79037180045,0.0522836706559593
193436.94231971004,0.05193326014771818
193844.57950860565,0.051837320020581064
194273.54192382022,0.05267443798213979
194692.14040668664,0.04995263734302083
195108.3245231268,0.051576856415173206
195525.22749110876,0.049955447265469154
195923.22706278868,0.05135924310054493
196300.50302387928,0.050234471631372436
196670.90415654017,0.049314951595199
197050.81888583562,0.050224338148774354
197416.972625,0.05210725016137801
197778.2487865588,0.05255712212913682
198151.0407462873,0.05519793520016192
198512.95024968788,0.05467861574995602
198869.81340308918,0.05392591094223476
199225.42924970324,0.0539005677936227
199579.66770709783,0.05398738095305659
199929.48189241413,0.05260915633994708
200267.6324280553,0.05372164582924732
200602.7141610027,0.05408079732749368
200942.38628407102,0.05531540777696754
201294.5132357521,0.05388754439349051
201662.08030473336,0.05443529022476417
202025.84383954154,0.05370684830913083
202400.476,0.053976144977904206
202778.65713573786,0.05614707598185314
203176.04288474724,0.055136289563307926
203580.61808071972,0.0560466634548734
203983.04425494833,0.05607781617745362
204389.50801471964,0.05444304618588489
204769.5438421184,0.05253631358249371
205148.7868504772,0.05207454304459957
205546.23788738542,0.05044613840973015
205939.68979719188,0.05123942949332573
206332.44892993075,0.05211590195233884
206745.67634958235,0.05259869996639171
207168.73525557012,0.05282832723138729
207593.0766687461,0.05203703764937602
208011.99139972578,0.05268728441488624
208443.63022327554,0.05224362529585599
208891.20205051263,0.05282650078967056
209317.14939593972,0.05202350178754446
209754.2531345518,0.054189366616502276
210195.50059238012,0.0546492347121117
210626.2603841836,0.050417641437415936
211051.1641939908,0.05262801814450834
211460.83737348494,0.054055384019225876
211855.46474658686,0.052603538243701904
212242.57851085058,0.05355372285779434
212622.0673076923,0.05609897706271223
212996.8510585305,0.05732116041272591
213376.79449059904,0.055618616610883125
213773.4230529595,0.055507681017685384
214184.6440741434,0.05524442958465174
214601.31183734565,0.05456404082901555
215031.51484345764,0.05295830679585685
215457.8827676566,0.052615797133046927
215884.6281275348,0.05066838991940466
216313.14171556997,0.050522518313409565
216742.184272886,0.05048629244341728
217186.45269595608,0.05302064616275018
217643.76958037604,0.053776170981237
218083.69261526928,0.05247539549422432
218513.00224550898,0.05354416186524789
218957.99557246195,0.0523797132853099
219402.42589129892,0.05170642441664744
219847.62929689937,0.0507222013809155
220262.45521503026,0.051186884938317655
