D,r2
33.02946613025987,0.2690627530594963
46.47248416608023,0.2254882708057828
58.621970686402555,0.20343090781822554
72.13281628696073,0.18833595737312697
85.60283148119957,0.1781364611507699
99.12970346374284,0.16311361173706684
114.17037225257273,0.1602113775212689
129.1233381597999,0.1536583308193358
144.04190425672988,0.14426242943327372
159.23257676902537,0.14208186854448238
174.10040760869566,0.13891368039535634
189.2436641653688,0.13426652925854463
205.48462006079026,0.13209962407453973
222.04154549231407,0.1305953675491563
237.20944858856222,0.1236716500385361
253.65419875320865,0.12597336310275573
271.64814340588987,0.12458023135965558
288.1274699153172,0.12097321265278778
304.8628235588346,0.11906068408305556
322.55735580038885,0.12096042742570673
339.1180701228648,0.11440251580450601
355.8123002173635,0.11234258454063241
373.8822081119606,0.11093137470545049
391.860518584749,0.1101634350958795
408.4253800806702,0.11097171491315398
424.860296027006,0.10369785118714406
442.6349586997069,0.1050225899379454
459.1151881096145,0.10475631451708972
475.9504443845947,0.10246356212925557
493.95144870790915,0.10165045678859727
511.7439293598234,0.10332675228735437
529.2506819421714,0.10120969046257729
545.9083805730045,0.1015510837061178
563.0530557421088,0.10197180080536022
581.07151630954,0.09962550838383215
599.111837529559,0.09791982734961265
617.1655395886165,0.10083287772927152
635.1266757865938,0.09918184708138257
653.090883862911,0.0983140118969998
671.2255065223425,0.09659888018565704
689.9826861871419,0.09852872324861978
708.8207654955727,0.0980983204850235
727.1878310471275,0.09842225618380057
745.4879943502825,0.09697766140403997
763.7620198764437,0.09459879175291788
782.184472934473,0.09204182863417282
800.346432118031,0.09540065140491301
819.0174112565799,0.09647056369771377
838.4927536231884,0.09202382567153025
857.3744601209329,0.09281113219249147
876.3060958099464,0.09264399271340899
895.737637750777,0.09472271243965574
915.0995038588754,0.09628002947672624
933.9353617498598,0.09300307286541855
952.8801577242642,0.09114738279418969
972.4373902471971,0.09485020969660414
991.9984299172138,0.09044839357605694
1011.403963011889,0.09221028607357348
1030.8080864804156,0.0879066300413706
1049.9788781647783,0.09143402289450929
1069.5116761088848,0.09038482960325844
1089.3114798694232,0.08909119798309476
1108.920664206642,0.08938320490494027
1128.3258060127873,0.08782834877832554
1148.5586727812247,0.08604431684400299
1168.1476412347117,0.08803629438169606
1187.4763136400763,0.08704304328417645
1207.5361232857344,0.08731890369202032
1227.3461538461538,0.08551795433817824
1247.9521613073273,0.08431993156089075
1267.9389204545455,0.08472711447116134
1286.914846250174,0.08645246247704218
1306.403766840803,0.08719922498331632
1326.3477965179543,0.08825377646012737
1345.9794279272933,0.08758794428887068
1365.353852538387,0.08401799185168447
1385.5030253025302,0.08320901074654799
1406.0299635578351,0.08406514499769202
1426.472893258427,0.08677864501889648
1446.449328621908,0.08458176641982332
1466.955786026201,0.08620123993986661
1488.0079867805011,0.08281002549019041
1508.5659448818897,0.08175797864622086
1529.1098812095033,0.07963267702197453
1549.586728919072,0.0793219895658363
1569.9854975157782,0.08556521408012904
1590.45814415437,0.08335619571140765
1610.964680212737,0.08139981860045822
1631.6505973295855,0.08311348053692123
1651.995711123409,0.08170974804248864
1673.4788124156546,0.08250361965693002
1694.8992108542157,0.08284322079281821
1715.8637007650893,0.07863072899790985
1737.3444063143445,0.07919539377639014
1759.4712362301102,0.08046803821636582
1781.1675683371298,0.07949546387427923
1802.4707550992841,0.0820025554606837
1824.34448437932,0.07961358068287223
1845.8209185102212,0.07967054362613642
1867.56672091131,0.07939682332008016
1889.4071898167576,0.08123101389846953
1911.5282364367977,0.07982156032890986
1933.6151950718686,0.07665337010070411
1955.5888873298723,0.07907643508441897
1977.416963551658,0.07786595022286823
1999.6656576774903,0.0797565750697945
2021.5098174778761,0.07688047491410736
2043.0354710556187,0.07751112523620717
2064.437543038149,0.07879691400055883
2086.561432058584,0.08056599397236848
2108.542636746143,0.07649553601637167
2130.472049689441,0.07760304562540198
2152.5202470830473,0.07481664709970862
2174.5080745341616,0.07833821844966389
2195.8654644339485,0.07641278027852295
2217.490378053774,0.07768482571231594
2239.45847585169,0.07605716600126457
2261.478525007064,0.07667949954013505
2283.4341958820255,0.07915360262649171
2305.557543716958,0.07628280640608597
2327.533727973568,0.07407866431306415
2349.501321463347,0.07508826006193989
2371.3572892471648,0.0753484715774867
2393.4832644922376,0.07586656758228259
2416.0344183564566,0.07473426272578233
2438.479845626072,0.07540151810431793
2460.928197557375,0.07658238565357699
2483.559649865876,0.07890297319943909
2505.521317011397,0.07587783755223206
2527.938445068915,0.07563888628425303
2550.404825361201,0.07511748450247874
2572.9795337489836,0.07362069011051106
2595.453450474706,0.0733388605687034
2617.5754150969724,0.07297705050838187
2639.9785137539347,0.07385406383923071
2662.5946287964002,0.0728426565415088
2685.062645647704,0.07204421775509065
2707.9248468345813,0.07208596313114239
2730.998212321232,0.0735866283088326
2754.108021687752,0.07013268809270722
2776.8866007688084,0.0700262728338357
2799.990361782372,0.07134620910775569
2823.007346825617,0.07265583261162038
2846.4312064489686,0.06944311839129642
2870.010513210679,0.07099248761207201
2893.077851967609,0.07170706740661852
2915.9476622470343,0.0709545565736408
2939.591516952587,0.07090177998169413
2962.8878673910017,0.06986743652354259
2986.064403464655,0.06960619819518093
3009.628633523499,0.06989308300437123
3033.4478938730854,0.07207648730447808
3057.08547008547,0.07122873544040843
3080.399591002045,0.07021098859020047
3104.579076754985,0.06888834747186008
3128.489060134856,0.06934779520777365
3152.0105278133447,0.06995750433196947
3175.56158976453,0.06800854885253152
3199.492266591676,0.06798786216823695
3223.422717770035,0.0677415530051763
3247.532455315146,0.06757643143093847
3271.0975372199805,0.06951694840330358
3294.5073237508554,0.06812522426857227
3317.9840277777776,0.06849904367897597
3340.879949452401,0.06651248214477191
3364.15103294249,0.06650201621878832
3387.5591574340037,0.0685052741328345
3411.472987721692,0.06709672748616152
3435.0540615856207,0.06620696810760959
3458.349793672627,0.06935876001883383
3482.4367495113097,0.06919680708120263
3506.554641761918,0.0672632847379041
3530.463574351978,0.0654181955545865
3554.6086539778175,0.06710172860019911
3578.155952724128,0.06738815860775262
3601.555631868132,0.06640295833134906
3625.8716873985936,0.06879682551896953
3650.49837822592,0.06904509107193436
3674.3657587548637,0.06849675418882974
3698.4767295597485,0.06978447422375987
3722.472861952862,0.06626693215893294
3746.3860987791345,0.06874969789964247
3770.4878082764385,0.06767068886515264
3794.5953636868408,0.06757798896593557
3818.501169993118,0.06691103198455031
3842.4023920813856,0.06948792768082529
3866.6559065934066,0.06888443028892852
3890.52654494382,0.07099310007538362
3914.4783558650824,0.06980651077628693
3938.5456406058124,0.07089335433077167
3962.6118842193155,0.06928569404252231
3986.56896791221,0.07270089888725832
4010.471532017606,0.06873318928325566
4034.389115092291,0.06961667230472256
4058.5016456390563,0.070372405495098
4082.531738348776,0.06927889115860411
4106.5428411945295,0.0698190962321805
4130.485178546808,0.06914085965580766
4154.524107872514,0.06756534531347533
4178.549496644296,0.07001646888748012
4202.703290651246,0.06657184884906536
4225.954190894909,0.06902228287535375
4249.8707675704845,0.06913302451584388
4274.529354479689,0.06627890553935277
4298.68121968122,0.06926397936472942
4322.6209765411895,0.06765813669231896
4346.499570692616,0.0700698768918121
4371.0535836645195,0.07174410724873788
4396.035214140041,0.07089765536032601
4420.4725756290645,0.06745841952217466
4444.425851285615,0.07052548090227746
4469.339807125636,0.06840027282090938
4494.416222446333,0.0686486064443972
4518.829949584412,0.06762237823472239
4544.060519125683,0.06849928637511571
4569.012909494725,0.06875161856503532
4593.937089715536,0.06695340116058111
4619.202667037089,0.0715551342022869
4643.887608479158,0.06981820653187766
4669.428552152206,0.06953628173510254
4695.0684210526315,0.06868593685465489
4720.049779977998,0.07022297561700315
4745.496706915477,0.06963504659839867
4771.026470186928,0.06976864710312843
4795.526585157805,0.07122806492514219
4819.958587088916,0.06946561429383674
4845.019143990155,0.06986306085568228
4869.538030194105,0.07054267755859997
4893.971803996715,0.06866613810068471
4919.0847457627115,0.06905971316973812
4943.632332105412,0.06835289856756029
4967.850537784607,0.06933554395029894
4993.37075292199,0.07004795887839058
5019.094717668489,0.07134480130859407
5044.087264150943,0.0707975125330128
5069.5095677773315,0.06757686089490952
5095.012854547995,0.07214878981636721
5120.473048964477,0.0711729474255855
5146.069504155918,0.07175664105693541
5171.5625,0.07090788612199427
5197.0315004144795,0.07071901938618423
5222.0886734120295,0.07164479241942064
5247.47517344579,0.07202267097524216
5273.001231864221,0.07110441909971353
5297.57106017192,0.07194270477668542
5322.539964954845,0.07051920136033443
5348.072563633807,0.06977916712280395
5373.51006076975,0.06899191672598887
5399.034956304619,0.06982748107454584
5424.431994459834,0.06930057648067081
5450.032519190509,0.07010046066395935
5474.897253589851,0.0697965821912335
5500.051514728466,0.07082401863818549
5525.612118769313,0.06913630188172486
5551.436854758875,0.06923949453545117
5577.568822786586,0.07008300839282157
5603.601403412218,0.06763970391338019
5629.524110454733,0.06738425677019656
5655.3991718426505,0.06916661983109498
5681.491887394259,0.06953051808275192
5707.488943155609,0.06920928967988742
5733.420022062879,0.06633011687909567
5759.078571428571,0.06616921654317792
5784.470734058669,0.06591925332010665
5810.467783680698,0.06539731138275137
5836.388302306196,0.0669600750301771
5862.476013234078,0.06481425889731939
5888.647889292703,0.06730058178532061
5915.011992368492,0.06765195844823015
5942.100234385772,0.0674452018583395
5968.585690744301,0.06949126643289946
5993.969594594595,0.06749431408516778
6019.5223319883125,0.06885635064615586
6061.0553101474525,0.0689465045929983
6118.36618584783,0.06839057810824001
6176.378300226301,0.06895897441591141
6234.618582209576,0.07076866044717606
6292.023180899444,0.068864700769507
6349.458134490239,0.06838328445102505
6407.436695413074,0.06941549100921582
6465.539660763283,0.06902647270636737
6523.951499720549,0.0688792296123032
6582.858890752127,0.06544938549596298
6641.134340572868,0.06709826265337139
6698.86776344488,0.06593940833658704
6757.539472860452,0.06629865964906467
6815.831882074885,0.06636142829872269
6875.39940368967,0.06587345476916984
6934.9992478375325,0.06623771108617664
6994.424301290888,0.06736859549022436
7052.970485365405,0.06631858836752084
7112.014584773999,0.06650244291988458
7170.427056535107,0.06798467387498387
7229.304151457031,0.06828978060038941
7289.001691199499,0.06616693758882135
7348.565206601315,0.0641809665625274
7408.1313074116015,0.06481783771301765
7468.07923110098,0.06564190991111316
7528.978845668098,0.06558250854319922
7589.822857851957,0.06494972426445185
7650.9734983436465,0.0650427562829442
7711.575742419506,0.06540683025355827
7772.557382114826,0.06646258226325108
7834.891302998324,0.06626587204877465
7896.9423829357565,0.06530567126645019
7958.117063120435,0.0659341035648941
8021.0577516985795,0.06717912156115236
8083.999625444784,0.06541154611517351
8146.662052117264,0.06688866078526415
8208.240648688952,0.06752952097025666
8270.695258889582,0.06665839558521379
8332.604472003006,0.06612165304067333
8394.450392621215,0.06623951111416758
8456.656980377453,0.06398174854529085
8518.934415061622,0.06533823504278954
8581.663781831767,0.06688946657687715
8642.761140256622,0.06630294960269553
8704.97582199018,0.06569466741978124
8768.027732463295,0.0666760852225835
8830.968800497203,0.06609172003398166
8894.619296841327,0.06603040223876258
8957.357865452706,0.06511443652423758
9020.046713441654,0.06411154488041429
9082.80173716012,0.06489843958260735
9146.111448583648,0.06555468663010665
9208.742821473159,0.0663648157848212
9271.832257660255,0.06478936147890575
9335.729610260241,0.0666226278695249
9399.798868792343,0.06581659112295958
9462.838440977186,0.06404389184602749
9525.90111752888,0.0660093954872468
9588.802091159529,0.06572593169412583
9651.970237355536,0.06697359681935819
9714.87289299538,0.06395961408130597
9777.460498442368,0.06622842385041763
9841.188633389418,0.06541587429902034
9905.52092504185,0.06487979411274135
9967.244680179327,0.06514204093400591
10030.71485419387,0.06445738243128497
10094.529080907349,0.06399538210245448
10158.14406039431,0.0636973644076988
10220.951915805395,0.06466925869164385
10284.827232614505,0.06515458055428743
10347.905251284623,0.0663272510143915
10411.158568249259,0.06573001282006631
10474.694588676884,0.06627999514089115
10538.181801007557,0.06451960018447134
10601.107987891517,0.06298985941391401
10664.086590086154,0.06485608154131454
10727.074981254686,0.06311916959712309
10790.700261129072,0.06502249172447044
10854.325713927856,0.06583013426383102
10916.892539909311,0.06794467810908005
10980.870355437008,0.06428315458167724
11045.254688291941,0.06526230454149114
11108.904826732673,0.06555983528515905
11173.582959641255,0.0649526644425295
11237.00669712712,0.06577985405690794
11299.9318238679,0.06553445853252805
11362.999010635667,0.06434018042141972
11425.491025079742,0.06415388491642068
11487.927671980646,0.06408229919547741
11550.52387218045,0.0642986891096646
11612.529385937401,0.06519880179994586
11677.031280848963,0.06654274805127126
11741.295002183815,0.06506981706408138
11803.814539029469,0.06520370839074593
11868.126884499416,0.06702575878121424
11932.663567255137,0.06601147326865613
11996.430606098633,0.06767699243766813
12060.569573512215,0.06699678473246776
12123.987059488662,0.06572602124445172
12187.661166322896,0.06339964348604432
12251.34338317064,0.0657042223245823
12314.91316172285,0.06633632621315563
12378.235541795666,0.06442242403684083
12440.921331597545,0.06462636682886434
12503.807663269157,0.06416649880732433
12567.217396707052,0.06375113805232752
12630.506273291925,0.06521928900213901
12694.89353660073,0.0673190084243046
12760.171654711849,0.06684201034706681
12824.455825545172,0.06609257948981222
12888.711607423718,0.06395312438100192
12952.584906832299,0.06703330365097118
13016.446107040854,0.06590909302339622
13080.686719140429,0.0644143374485695
13143.83054654355,0.06722415431575472
13207.509387755103,0.06735466673739202
13272.424005945744,0.06814408606736004
13338.031856738926,0.06576650704370911
13402.946060947375,0.06604539399474418
13468.254344982246,0.06756302415386665
13534.762839222505,0.06685055555849212
13599.989603436468,0.06635220282620596
13665.291941460964,0.06617780136371922
13731.924921407877,0.06650956745402924
13798.800504891133,0.0664941793907239
13865.194152410575,0.0669404936821142
13931.555978532202,0.06778640880426486
13998.528154263184,0.06899010617047557
14065.254278728606,0.06567537419754943
14130.00490226887,0.06562626834784402
14195.921203881095,0.06749636638062796
14261.702537623576,0.06620071009308104
14328.087935192629,0.06637251050717882
14394.001890716581,0.06760683814509218
14459.734690113133,0.06576940292032317
14526.961598893848,0.06607299429833809
14594.01697761194,0.06626001760279536
14660.916770109236,0.06512519463581518
14728.462034832728,0.06705230210242785
14796.069008782935,0.06532979074100027
14863.13026365113,0.06700058404041606
14930.843687996032,0.06723929304393335
14999.84600062247,0.06570080275260658
15069.693596425912,0.06740673970814734
15139.099054820415,0.06884147390016947
15208.489619377162,0.06901019223563071
15277.67117032589,0.06862595820003534
15346.121115087588,0.06862354335375817
15415.184989429175,0.06880570843184351
15483.699559088369,0.06791845514524067
15552.057231726283,0.06639412283089986
15620.361663196416,0.06539800880897009
15689.160184492644,0.06547385782863324
15758.53518507037,0.06826516677019008
15827.912006527333,0.06802594535007424
15897.377581303326,0.06690597137475493
15967.725958242443,0.06583486596278067
16038.724523092369,0.06601944909420411
16108.408644278607,0.06465336489669997
16179.155401215428,0.06544330704045331
16249.133077213755,0.06603428662361026
16319.48764669549,0.06554622922047523
16390.91325226068,0.065675247776543
16461.84931506849,0.06602072748136896
16534.34067446662,0.06611886641390394
16606.395591357563,0.0646202928187398
16678.626171104537,0.0648779702414283
16749.37487481222,0.06389982650682179
16819.429155656224,0.06550795420098204
16889.77965677064,0.06520792024393389
16960.882480217606,0.06497712593730008
17031.187507799827,0.06641741986726221
17102.07057940183,0.06512790479159587
17174.082967813676,0.06696313491224012
17245.730822609134,0.06323245518257155
17318.448016289258,0.06326776351061199
17391.350662334415,0.0654876920153563
17463.356213017752,0.06604316654272889
17535.26148031496,0.06531698803784573
17606.728235807317,0.0652701232314417
17679.012339554785,0.06425194479764684
17752.139556665625,0.06486561317787312
17824.542549885,0.0639323906459534
17896.366635543105,0.06338240816413818
17966.769939804362,0.06554649460597013
18037.518672714847,0.06360341238461091
18108.49398716431,0.06371323892578383
18179.976795233615,0.0651720282350924
18251.83230817024,0.06533326774819198
18323.49141858578,0.06336564604502533
18394.084289992512,0.06524561592357056
18465.897798840182,0.06572025657906763
18538.823422062804,0.0626217906798534
18611.18944519621,0.0628529702780135
18681.572018004503,0.06404634739998737
18751.680805672335,0.06459064549642102
18823.090993500464,0.06618126488326358
18893.933666458463,0.06496617332452284
18964.33606403602,0.06293851587980534
19034.251411012166,0.06374518793427707
19105.665571942,0.0643833142849657
19177.345599204375,0.06478324589476547
19247.476300505838,0.06412414033051862
19317.926029962546,0.06641841268602726
19386.974090029344,0.06543174367449812
19457.396024657188,0.06505787631511538
19527.473844244494,0.06349210817754243
19597.33532078753,0.06496952249398581
19667.234659304806,0.06571918231702398
19736.398966633467,0.06406921331245442
19807.585462058603,0.06526915478259927
19878.86241443684,0.06447688333978485
19950.62498440035,0.06529401211605697
20022.27371559918,0.06583782534166498
20094.723264949804,0.06563826145788587
20166.186069901934,0.06432879860350108
20239.479987608425,0.06522442316953896
20313.618390804597,0.06577842148818587
20387.465986394556,0.06782675624362346
20463.418798665185,0.06693419953442507
20539.221786736343,0.06620971782196124
20614.084823677582,0.06762530547142462
20688.53495985176,0.06437254283385589
20764.430420105025,0.06364376321434913
20839.843499499,0.06633578541869735
20914.544331440695,0.06569886209900154
20989.06679507891,0.0645902023387936
21063.6038017145,0.06753414877440375
21137.108445839873,0.06608630239589038
21210.980772832263,0.06589368381770588
21285.0223843372,0.06747746927889106
21359.80785457253,0.06501555218455574
21434.595101681043,0.0667555869345163
21509.39324591786,0.06872100963709699
21584.88698630137,0.06701483163158643
21658.898092744952,0.06526557676082337
21732.227196209238,0.06660188518389873
21806.416271871643,0.06583972867154542
21881.36886160714,0.06439515855908454
21956.466303394714,0.06369735764768356
22030.850507440384,0.06373947758818006
22105.52010991756,0.06457619256756834
22179.298606379685,0.06337324109958586
22253.83502315684,0.06501116385203692
22327.24233567564,0.06384531598566286
22400.6855,0.06566588074355373
22474.13740079365,0.06624432388465991
22547.106456911803,0.06560713134557061
22621.107833986684,0.06352886490042292
22696.989322964884,0.06499646482529453
22772.61219097943,0.06608078318391365
22846.488715760835,0.06611127569107217
22920.20606326889,0.06575527378771036
22993.098447865814,0.06556541724521228
23066.571428571428,0.06759861169651409
23141.648488993906,0.06871941840937155
23216.9948578155,0.06750000778731448
23291.740994100666,0.06835308568415879
23365.07642276423,0.06661031135081352
23439.015568563955,0.0656641352660665
23514.301578389168,0.06704220746263488
23588.378835978838,0.06516701009549229
23663.293177974065,0.06563431522514533
23739.483304369413,0.06396915932475397
23815.08640581891,0.06753692669180625
23890.492984733297,0.06806680455950657
23966.08369462771,0.06614094751734978
24040.934739454093,0.06594927769606009
24116.490928495197,0.06721986362206107
24193.049544807083,0.06763765887732606
24269.669189392043,0.06921772014724732
24344.87666977322,0.06583900280955403
24419.84610532955,0.06456636716868758
24493.71929715247,0.06611104633999378
24569.80226303098,0.06557685763423288
24645.351781605623,0.0681300163752442
24719.971009915997,0.06856884160647604
24794.751236093944,0.0658317533505443
24869.962872983244,0.06334963556531574
24944.44559813731,0.06473133768591781
25020.11224426726,0.06545981838723854
25097.639086390234,0.06483102061052065
25173.00728608793,0.06250714481714187
25249.189262909924,0.06540023053667943
25324.01272040302,0.06564534469920187
25399.370377253297,0.0669985400737058
25476.403768422362,0.06605401334717809
25552.39681651433,0.06604326373834683
25627.783916127817,0.06523541814658448
25703.25028121485,0.06622826941012565
25779.820016092097,0.0657227484830689
25856.91562129439,0.0655268438296756
25933.304130475535,0.06616801121293558
26010.529474276427,0.06497763368115729
26088.634943358644,0.0654370066567432
26166.810219890056,0.06624477191188889
26246.711558723273,0.0663161198754586
26326.368351978002,0.0666054054952404
26404.99490181269,0.06487779829909168
26484.181096455584,0.06551645226590265
26562.685701803657,0.06623416621918478
26642.413950055357,0.06569145105614883
26722.650859625923,0.06606975125923116
26803.4075310703,0.06603655999301421
26883.952121326063,0.06580573745996517
26962.697155744892,0.06622110418416025
27041.40655534941,0.066267383316031
27121.470041452078,0.06507887549634503
27202.686880648176,0.06524822940759416
27283.733325052788,0.06442445047359086
27363.33146626836,0.06533612178176383
27442.963970726214,0.06435314466533334
27522.898381070983,0.06271329892083548
27603.73773691833,0.06470277116164475
27683.6737829333,0.06466889299382537
27763.389467773133,0.06433463146208643
27843.080733598035,0.06249019843389508
27921.30018529957,0.06334832259608637
28000.151511358657,0.06332074465343893
28079.159853379722,0.0637295486940531
28158.52980835258,0.06533970714162265
28237.655762455965,0.06397698386042225
28316.862137613538,0.06283728578418653
28397.585033170068,0.06454046670615075
28477.247181157603,0.06278748894184827
28558.26527201832,0.0650226577802186
28637.53000126056,0.06386162956478912
28718.18648716031,0.06462533116612879
28798.643993042613,0.06468166285387698
28878.51970566226,0.06741357704456846
28958.905866217818,0.06545807987694911
29039.595087013884,0.06435215463719683
29120.7676981508,0.06476574199655827
29202.320044848635,0.06596776368920715
29282.711810532877,0.06359469485963719
29365.459358687545,0.06507239992918505
29449.130669479433,0.06467023497077033
29532.817725017274,0.06398870915614688
29613.993989105253,0.06541874384646552
29696.223745137988,0.06602370932271465
29780.152477842967,0.06556839510669271
29862.656130208004,0.06391648300202546
29946.460988053757,0.06598650267688404
30030.788081936684,0.06481255326111283
30114.70043777361,0.06728005817158442
30197.418584292147,0.06556502094914482
30280.1288243759,0.0673625329200885
30363.444892139847,0.06657712055750845
30444.9777486911,0.06335328406715052
30526.197526260177,0.0646692740546176
30607.27967743952,0.06527589729538559
30689.4004733433,0.06501622965289587
30771.10810981382,0.06471325903246967
30853.35711176068,0.06712011429306286
30936.48977173506,0.06501048175342714
31018.90307797114,0.06515559945114575
31101.274743172136,0.06504520886018784
31183.45143963525,0.06384504944325618
31265.78043301928,0.06496257053406745
31349.036917740337,0.06631967466755269
31432.305555555555,0.06591421975185355
31515.91443119722,0.06469144571707797
31601.35088264545,0.06497242386016387
31685.633314525734,0.06566136285877071
31770.296404215747,0.06680249711541089
31856.42422140966,0.06498239847593418
31939.9931871671,0.06597466944319387
32022.023733283106,0.06608745161077875
32105.79330476368,0.06515904712200116
32190.411474282857,0.06715587411854534
32272.626669139467,0.0675880190278599
32354.518177808583,0.0671006410137598
32437.736354594057,0.06634408998639016
32521.389033780426,0.06620020999400784
32604.29440419685,0.06692845289601662
32687.605133636534,0.06393801381614801
32772.741191904046,0.06542759419370943
32857.278199260145,0.06570581970979504
32943.7124914506,0.06666684825238765
33031.09781997626,0.06583007296349741
33117.161552795034,0.06354341966721731
33203.74965723545,0.06534050553411448
33290.11554281441,0.06525742290753189
33376.14919203307,0.06770150368354665
33460.937503906,0.06533097301030484
33545.54190393662,0.06508620737466733
33630.91561578518,0.06388307176367668
33715.7289276808,0.06465138786329906
33801.15799256506,0.06609214911186405
33884.58661812704,0.06602675139258443
33967.31425891182,0.06522912420233157
34051.786631749594,0.0646230070507791
34137.74655493482,0.06408309572653526
34222.87874074535,0.0640571670071933
34307.96131868132,0.06302311892462696
34393.51902899361,0.06398509740871358
34479.022382491916,0.06370682197347995
34564.63852623651,0.06378703887530843
34650.47427432416,0.0645471604093031
34736.78110412647,0.06369379276567082
34822.53063389069,0.06353910039966466
34911.05238809702,0.06295398235367268
34999.647807373214,0.06341909967349449
35086.97407801641,0.06471776078195028
35174.4286419144,0.06437973177594913
35260.972392254844,0.06446247766595158
35346.731012460084,0.06506066689596926
35433.47716084003,0.066347288720513
35521.588426853705,0.06469287984617228
35609.931748895666,0.06443433280759979
35698.86724170261,0.06290720900389528
35789.614204404854,0.06485346468633539
35880.98482103817,0.06510590857452556
35971.971094633656,0.06415191125035209
36064.18742622849,0.06542379020825535
36157.060413947416,0.0647680533811091
36250.14392044033,0.06470725167381362
36343.742977877206,0.06560942673758673
36434.93797144816,0.06291180993756285
36527.53964965154,0.0648332101858408
36619.1671641791,0.06439444175196073
36711.3287705326,0.06736983381183448
36803.68672599415,0.06596002581623506
36896.64852352352,0.06454169229669912
36990.63996241779,0.06587718413085239
37084.017884866174,0.06577019062518845
37179.55408623715,0.06595426863564496
37275.19674380887,0.06539137584147756
37370.96317685047,0.06569197037765158
37465.74314167606,0.06550283437162967
37560.55733100306,0.06450975916994382
37655.792690493916,0.06765167519100576
37748.41729135432,0.06595929549073799
37841.64166873603,0.06663204456949852
37934.23557000813,0.06604712229541063
38025.968716894124,0.06590224652143059
38119.96417019159,0.06603228661483469
38213.19410103546,0.06672551925510356
38306.71951219512,0.06456341955886354
38400.72423208191,0.06274110718494874
38495.54631191056,0.06519490398956011
38589.79121289439,0.06347734470588004
38682.88587400289,0.06583699822374588
38776.03864372974,0.06456858417876304
38869.43431901308,0.06844736217343397
38962.93640529851,0.06534078619309805
39056.94154955851,0.06554016465551733
39151.640453639084,0.06551323380372362
39245.32578343159,0.06479529492133025
39338.56664366807,0.06618458990731291
39431.78130841121,0.063500250169666
39525.264382877824,0.06589217990912798
39619.918021510755,0.0631432920596116
39716.12480557457,0.06409012007687837
39812.73345724907,0.06340201473804417
39910.05110132159,0.0646306774040181
40006.93159730874,0.06450154602101288
40105.21637936399,0.06490280596140012
40200.64662637842,0.06413325653660176
40296.14098728497,0.06282165204542028
40391.099625,0.06457988641915671
40486.42742237187,0.06574374097685827
40582.66869906054,0.0668620203645846
40677.40099533437,0.06579943115167673
40773.71620434291,0.06648588830976769
40871.33281298782,0.06685792141969306
40970.09776484428,0.06634159753416033
41067.79691693191,0.06450427017536367
41164.31296945418,0.06582367520629093
41260.101120781415,0.06439649516861234
41356.55427611104,0.06464338921311881
41451.71327323593,0.06635886845257005
41545.865335413415,0.06600026218356488
41642.28174701789,0.06592609330584377
41738.27159877737,0.06535783518788042
41834.227782624956,0.06505482097627938
41930.1389934739,0.06380884016233032
42027.56309050224,0.06438306557347917
42125.65250653066,0.06496891286178438
42222.79150506693,0.06457146907605942
42320.80159223784,0.06242281409597171
42419.61321940186,0.0653599583635485
42519.67664968311,0.06408480999136486
42619.345547105775,0.06477662215893551
42718.21747992588,0.06449538194510768
42816.92268105937,0.06529986688716752
42913.9319267763,0.06526452125766385
43012.20301602262,0.06558886169594323
43111.75803659743,0.06463981616790404
43212.30532876286,0.06389799725990586
43311.72678694914,0.06478072176312791
43410.47071233557,0.06427838740783352
43510.472522690536,0.06468858422939412
43610.17072712469,0.06421123488596521
43710.84149242519,0.0668705772715995
43813.47966070213,0.06764444808089422
43914.650610667995,0.0655540667506599
44015.77295262002,0.06582621892162917
44117.96802036761,0.06675675240203212
